xv,yv,rho
490,148,118
491,148,50
492,148,45
493,148,46
494,148,34
495,148,6
496,148,387
497,148,629
498,148,575
499,148,907
500,148,483
501,148,123
502,148,140
503,148,139
504,148,82
505,148,73
506,148,94
507,148,92
508,148,85
509,148,72
510,148,45
511,148,32
512,148,67
513,148,286
514,148,743
515,148,654
516,148,2460
517,148,1422
518,148,165
519,148,506
520,148,188
521,148,48
522,148,111
523,148,153
524,148,347
525,148,3458
526,148,2149
527,148,656
528,148,837
529,148,203
530,148,241
531,148,106
532,148,54
533,148,26
534,148,65
535,148,180
536,148,763
537,148,79
538,148,55
539,148,87
540,148,125
541,148,43
542,148,183
543,148,387
544,148,440
545,148,248
546,148,149
547,148,108
548,148,67
549,148,37
550,148,37
551,148,37
552,148,76
553,148,79
554,148,78
555,148,171
556,148,607
557,148,1074
558,148,1362
559,148,4596
560,148,3139
561,148,608
562,148,55
563,148,39
564,148,64
565,148,85
566,148,1295
567,148,424
568,148,51
569,148,273
570,148,85
571,148,87
572,148,69
573,148,61
490,149,479
491,149,233
492,149,178
493,149,40
494,149,46
495,149,61
496,149,103
497,149,1332
498,149,3580
499,149,3817
500,149,3778
501,149,672
502,149,392
503,149,195
504,149,90
505,149,73
506,149,106
507,149,101
508,149,81
509,149,73
510,149,52
511,149,39
512,149,57
513,149,181
514,149,206
515,149,571
516,149,3533
517,149,894
518,149,137
519,149,500
520,149,436
521,149,119
522,149,244
523,149,187
524,149,460
525,149,2458
526,149,3284
527,149,2085
528,149,1854
529,149,341
530,149,333
531,149,215
532,149,26
533,149,26
534,149,81
535,149,202
536,149,145
537,149,76
538,149,99
539,149,124
540,149,120
541,149,43
542,149,74
543,149,137
544,149,108
545,149,69
546,149,57
547,149,60
548,149,48
549,149,56
550,149,44
551,149,56
552,149,172
553,149,112
554,149,75
555,149,89
556,149,300
557,149,261
558,149,848
559,149,1607
560,149,1046
561,149,352
562,149,102
563,149,472
564,149,64
565,149,67
566,149,306
567,149,385
568,149,111
569,149,249
570,149,271
571,149,88
572,149,87
573,149,63
490,150,540
491,150,277
492,150,322
493,150,339
494,150,164
495,150,752
496,150,1982
497,150,4239
498,150,2363
499,150,2771
500,150,1209
501,150,3257
502,150,1845
503,150,261
504,150,149
505,150,101
506,150,67
507,150,79
508,150,72
509,150,213
510,150,80
511,150,47
512,150,26
513,150,27
514,150,40
515,150,75
516,150,823
517,150,937
518,150,226
519,150,399
520,150,202
521,150,187
522,150,180
523,150,254
524,150,550
525,150,2011
526,150,3354
527,150,4023
528,150,1368
529,150,298
530,150,208
531,150,192
532,150,512
533,150,436
534,150,263
535,150,298
536,150,119
537,150,69
538,150,102
539,150,177
540,150,1319
541,150,43
542,150,45
543,150,94
544,150,73
545,150,53
546,150,51
547,150,48
548,150,60
549,150,61
550,150,47
551,150,94
552,150,169
553,150,176
554,150,102
555,150,95
556,150,85
557,150,72
558,150,74
559,150,123
560,150,184
561,150,131
562,150,192
563,150,1056
564,150,67
565,150,67
566,150,69
567,150,72
568,150,73
569,150,118
570,150,361
571,150,60
572,150,56
573,150,426
490,151,404
491,151,160
492,151,261
493,151,260
494,151,144
495,151,365
496,151,640
497,151,2895
498,151,5210
499,151,3224
500,151,564
501,151,2397
502,151,1791
503,151,128
504,151,116
505,151,64
506,151,79
507,151,81
508,151,74
509,151,282
510,151,61
511,151,63
512,151,33
513,151,30
514,151,32
515,151,117
516,151,237
517,151,74
518,151,50
519,151,581
520,151,372
521,151,89
522,151,75
523,151,144
524,151,294
525,151,1222
526,151,1252
527,151,3788
528,151,2063
529,151,510
530,151,181
531,151,253
532,151,129
533,151,112
534,151,341
535,151,586
536,151,63
537,151,32
538,151,330
539,151,994
540,151,2342
541,151,182
542,151,151
543,151,62
544,151,57
545,151,56
546,151,72
547,151,49
548,151,64
549,151,63
550,151,46
551,151,143
552,151,161
553,151,166
554,151,78
555,151,73
556,151,61
557,151,55
558,151,58
559,151,68
560,151,85
561,151,62
562,151,109
563,151,158
564,151,59
565,151,67
566,151,71
567,151,73
568,151,85
569,151,114
570,151,108
571,151,74
572,151,118
573,151,1009
490,152,150
491,152,76
492,152,134
493,152,113
494,152,139
495,152,394
496,152,1006
497,152,527
498,152,2560
499,152,1836
500,152,691
501,152,915
502,152,853
503,152,114
504,152,306
505,152,84
506,152,56
507,152,349
508,152,134
509,152,607
510,152,57
511,152,82
512,152,414
513,152,115
514,152,126
515,152,171
516,152,108
517,152,50
518,152,40
519,152,368
520,152,230
521,152,80
522,152,72
523,152,114
524,152,268
525,152,296
526,152,172
527,152,111
528,152,1128
529,152,3313
530,152,881
531,152,76
532,152,92
533,152,102
534,152,349
535,152,867
536,152,60
537,152,58
538,152,751
539,152,1260
540,152,459
541,152,513
542,152,195
543,152,63
544,152,72
545,152,123
546,152,75
547,152,80
548,152,82
549,152,76
550,152,41
551,152,126
552,152,355
553,152,413
554,152,29
555,152,53
556,152,61
557,152,55
558,152,55
559,152,54
560,152,67
561,152,58
562,152,46
563,152,46
564,152,46
565,152,57
566,152,79
567,152,151
568,152,476
569,152,135
570,152,75
571,152,131
572,152,210
573,152,158
490,153,129
491,153,65
492,153,37
493,153,46
494,153,135
495,153,182
496,153,139
497,153,208
498,153,312
499,153,439
500,153,287
501,153,124
502,153,231
503,153,107
504,153,213
505,153,83
506,153,30
507,153,385
508,153,227
509,153,913
510,153,69
511,153,456
512,153,1104
513,153,538
514,153,397
515,153,97
516,153,53
517,153,118
518,153,87
519,153,74
520,153,152
521,153,68
522,153,64
523,153,64
524,153,609
525,153,335
526,153,105
527,153,43
528,153,251
529,153,1291
530,153,567
531,153,85
532,153,178
533,153,273
534,153,563
535,153,207
536,153,74
537,153,47
538,153,1364
539,153,772
540,153,446
541,153,129
542,153,101
543,153,161
544,153,211
545,153,289
546,153,88
547,153,124
548,153,135
549,153,78
550,153,47
551,153,149
552,153,742
553,153,760
554,153,9
555,153,53
556,153,64
557,153,75
558,153,138
559,153,194
560,153,258
561,153,117
562,153,48
563,153,46
564,153,64
565,153,91
566,153,94
567,153,86
568,153,585
569,153,445
570,153,241
571,153,127
572,153,259
573,153,335
490,154,103
491,154,41
492,154,26
493,154,26
494,154,133
495,154,250
496,154,203
497,154,162
498,154,151
499,154,114
500,154,118
501,154,239
502,154,609
503,154,350
504,154,316
505,154,40
506,154,39
507,154,315
508,154,684
509,154,1240
510,154,93
511,154,299
512,154,1435
513,154,2813
514,154,1402
515,154,224
516,154,172
517,154,182
518,154,133
519,154,88
520,154,157
521,154,66
522,154,758
523,154,220
524,154,511
525,154,451
526,154,60
527,154,70
528,154,118
529,154,128
530,154,148
531,154,327
532,154,486
533,154,870
534,154,749
535,154,157
536,154,67
537,154,63
538,154,209
539,154,274
540,154,107
541,154,12
542,154,132
543,154,383
544,154,1168
545,154,310
546,154,116
547,154,193
548,154,315
549,154,75
550,154,41
551,154,584
552,154,1791
553,154,534
554,154,86
555,154,82
556,154,79
557,154,81
558,154,157
559,154,82
560,154,48
561,154,48
562,154,46
563,154,62
564,154,73
565,154,76
566,154,133
567,154,112
568,154,162
569,154,206
570,154,242
571,154,155
572,154,1640
573,154,2726
490,155,155
491,155,26
492,155,26
493,155,65
494,155,335
495,155,277
496,155,87
497,155,95
498,155,174
499,155,223
500,155,466
501,155,424
502,155,561
503,155,872
504,155,698
505,155,108
506,155,45
507,155,130
508,155,313
509,155,318
510,155,139
511,155,136
512,155,897
513,155,1922
514,155,2022
515,155,667
516,155,631
517,155,379
518,155,171
519,155,474
520,155,177
521,155,110
522,155,550
523,155,676
524,155,561
525,155,382
526,155,112
527,155,61
528,155,129
529,155,119
530,155,153
531,155,217
532,155,2097
533,155,2092
534,155,1503
535,155,51
536,155,161
537,155,240
538,155,119
539,155,137
540,155,12
541,155,14
542,155,136
543,155,132
544,155,131
545,155,130
546,155,124
547,155,350
548,155,204
549,155,204
550,155,672
551,155,1345
552,155,2384
553,155,1485
554,155,658
555,155,95
556,155,88
557,155,102
558,155,166
559,155,224
560,155,48
561,155,47
562,155,43
563,155,54
564,155,72
565,155,74
566,155,300
567,155,131
568,155,102
569,155,146
570,155,141
571,155,498
572,155,733
573,155,2072
490,156,365
491,156,68
492,156,51
493,156,727
494,156,444
495,156,104
496,156,248
497,156,364
498,156,515
499,156,1310
500,156,1950
501,156,973
502,156,290
503,156,254
504,156,472
505,156,270
506,156,37
507,156,32
508,156,30
509,156,40
510,156,317
511,156,153
512,156,103
513,156,421
514,156,2247
515,156,1395
516,156,1732
517,156,1691
518,156,447
519,156,201
520,156,242
521,156,127
522,156,845
523,156,1729
524,156,624
525,156,567
526,156,251
527,156,136
528,156,915
529,156,649
530,156,290
531,156,577
532,156,4765
533,156,2923
534,156,2159
535,156,81
536,156,446
537,156,299
538,156,21
539,156,13
540,156,142
541,156,290
542,156,209
543,156,175
544,156,125
545,156,125
546,156,123
547,156,75
548,156,55
549,156,211
550,156,1030
551,156,1773
552,156,1890
553,156,3071
554,156,658
555,156,118
556,156,81
557,156,82
558,156,99
559,156,349
560,156,498
561,156,553
562,156,218
563,156,60
564,156,72
565,156,106
566,156,195
567,156,86
568,156,107
569,156,280
570,156,303
571,156,485
572,156,286
573,156,1509
490,157,313
491,157,252
492,157,74
493,157,794
494,157,544
495,157,1299
496,157,1425
497,157,2090
498,157,1199
499,157,2040
500,157,2679
501,157,2951
502,157,319
503,157,212
504,157,233
505,157,207
506,157,40
507,157,39
508,157,42
509,157,50
510,157,91
511,157,119
512,157,104
513,157,130
514,157,149
515,157,320
516,157,2804
517,157,1808
518,157,1433
519,157,278
520,157,458
521,157,357
522,157,1524
523,157,3822
524,157,869
525,157,77
526,157,98
527,157,452
528,157,532
529,157,699
530,157,1073
531,157,2644
532,157,1345
533,157,910
534,157,1084
535,157,693
536,157,498
537,157,298
538,157,21
539,157,20
540,157,581
541,157,665
542,157,812
543,157,256
544,157,113
545,157,119
546,157,96
547,157,59
548,157,40
549,157,35
550,157,354
551,157,836
552,157,282
553,157,1020
554,157,588
555,157,554
556,157,115
557,157,112
558,157,65
559,157,140
560,157,1196
561,157,1528
562,157,395
563,157,70
564,157,117
565,157,256
566,157,162
567,157,1360
568,157,531
569,157,1363
570,157,1196
571,157,935
572,157,631
573,157,734
490,158,108
491,158,192
492,158,56
493,158,55
494,158,363
495,158,1027
496,158,3773
497,158,3981
498,158,3587
499,158,3907
500,158,3034
501,158,1813
502,158,713
503,158,667
504,158,218
505,158,121
506,158,71
507,158,46
508,158,49
509,158,58
510,158,64
511,158,197
512,158,164
513,158,22
514,158,41
515,158,106
516,158,1115
517,158,2519
518,158,2897
519,158,739
520,158,430
521,158,442
522,158,1465
523,158,2382
524,158,1363
525,158,601
526,158,405
527,158,1087
528,158,1102
529,158,2154
530,158,2723
531,158,1184
532,158,1090
533,158,1491
534,158,1719
535,158,1678
536,158,1880
537,158,43
538,158,21
539,158,21
540,158,697
541,158,3017
542,158,1443
543,158,261
544,158,114
545,158,125
546,158,159
547,158,94
548,158,35
549,158,40
550,158,133
551,158,650
552,158,250
553,158,629
554,158,1684
555,158,459
556,158,220
557,158,165
558,158,25
559,158,26
560,158,64
561,158,231
562,158,96
563,158,170
564,158,116
565,158,188
566,158,187
567,158,289
568,158,682
569,158,3055
570,158,3764
571,158,2074
572,158,2150
573,158,294
490,159,2721
491,159,97
492,159,55
493,159,36
494,159,915
495,159,915
496,159,655
497,159,969
498,159,1271
499,159,3639
500,159,2297
501,159,3734
502,159,2682
503,159,1612
504,159,1039
505,159,160
506,159,334
507,159,54
508,159,58
509,159,55
510,159,303
511,159,778
512,159,1080
513,159,461
514,159,428
515,159,184
516,159,172
517,159,223
518,159,1691
519,159,1358
520,159,1326
521,159,1377
522,159,897
523,159,2412
524,159,2197
525,159,2210
526,159,657
527,159,1542
528,159,3802
529,159,3039
530,159,2606
531,159,2677
532,159,1483
533,159,1342
534,159,1792
535,159,1440
536,159,472
537,159,444
538,159,21
539,159,40
540,159,220
541,159,2175
542,159,661
543,159,190
544,159,117
545,159,122
546,159,132
547,159,172
548,159,203
549,159,210
550,159,186
551,159,524
552,159,509
553,159,573
554,159,508
555,159,152
556,159,159
557,159,152
558,159,31
559,159,25
560,159,695
561,159,113
562,159,56
563,159,96
564,159,114
565,159,149
566,159,138
567,159,216
568,159,409
569,159,1616
570,159,1074
571,159,282
572,159,207
573,159,437
490,160,2117
491,160,63
492,160,60
493,160,201
494,160,667
495,160,430
496,160,334
497,160,222
498,160,191
499,160,447
500,160,384
501,160,707
502,160,2884
503,160,2115
504,160,1109
505,160,805
506,160,3083
507,160,452
508,160,214
509,160,235
510,160,2782
511,160,1681
512,160,1132
513,160,1103
514,160,1014
515,160,139
516,160,170
517,160,193
518,160,329
519,160,2117
520,160,2722
521,160,3695
522,160,1092
523,160,1054
524,160,1369
525,160,2180
526,160,878
527,160,394
528,160,1007
529,160,1749
530,160,3055
531,160,3528
532,160,2372
533,160,1068
534,160,2244
535,160,1085
536,160,33
537,160,21
538,160,25
539,160,84
540,160,395
541,160,590
542,160,196
543,160,150
544,160,110
545,160,108
546,160,115
547,160,205
548,160,232
549,160,207
550,160,154
551,160,167
552,160,365
553,160,283
554,160,40
555,160,43
556,160,130
557,160,114
558,160,87
559,160,38
560,160,254
561,160,55
562,160,55
563,160,105
564,160,114
565,160,140
566,160,145
567,160,82
568,160,84
569,160,470
570,160,730
571,160,241
572,160,222
573,160,186
490,161,874
491,161,806
492,161,1487
493,161,862
494,161,728
495,161,213
496,161,467
497,161,357
498,161,120
499,161,110
500,161,155
501,161,224
502,161,369
503,161,1721
504,161,2971
505,161,1789
506,161,2022
507,161,306
508,161,217
509,161,163
510,161,183
511,161,329
512,161,723
513,161,490
514,161,381
515,161,198
516,161,170
517,161,165
518,161,900
519,161,2127
520,161,5115
521,161,2706
522,161,742
523,161,660
524,161,1193
525,161,905
526,161,1091
527,161,125
528,161,177
529,161,976
530,161,1963
531,161,3173
532,161,1990
533,161,2970
534,161,1242
535,161,1464
536,161,558
537,161,202
538,161,2871
539,161,2052
540,161,144
541,161,311
542,161,173
543,161,130
544,161,100
545,161,137
546,161,133
547,161,390
548,161,494
549,161,225
550,161,142
551,161,204
552,161,69
553,161,30
554,161,30
555,161,47
556,161,154
557,161,172
558,161,101
559,161,88
560,161,62
561,161,52
562,161,48
563,161,531
564,161,1434
565,161,99
566,161,86
567,161,65
568,161,172
569,161,2459
570,161,2885
571,161,94
572,161,454
573,161,279
490,162,840
491,162,655
492,162,1651
493,162,802
494,162,386
495,162,236
496,162,280
497,162,1292
498,162,103
499,162,81
500,162,82
501,162,308
502,162,363
503,162,1256
504,162,2855
505,162,1398
506,162,298
507,162,241
508,162,348
509,162,219
510,162,140
511,162,289
512,162,133
513,162,157
514,162,304
515,162,770
516,162,499
517,162,139
518,162,359
519,162,712
520,162,3790
521,162,3385
522,162,1663
523,162,1915
524,162,2569
525,162,3839
526,162,2481
527,162,2687
528,162,1793
529,162,3066
530,162,1954
531,162,2255
532,162,4089
533,162,2482
534,162,2867
535,162,4961
536,162,4659
537,162,1605
538,162,6063
539,162,792
540,162,94
541,162,114
542,162,160
543,162,199
544,162,148
545,162,212
546,162,259
547,162,559
548,162,235
549,162,135
550,162,108
551,162,210
552,162,154
553,162,32
554,162,60
555,162,102
556,162,119
557,162,547
558,162,140
559,162,98
560,162,64
561,162,40
562,162,30
563,162,594
564,162,440
565,162,101
566,162,52
567,162,58
568,162,58
569,162,251
570,162,515
571,162,90
572,162,300
573,162,211
490,163,438
491,163,1582
492,163,336
493,163,752
494,163,427
495,163,175
496,163,143
497,163,146
498,163,94
499,163,86
500,163,162
501,163,295
502,163,1271
503,163,1494
504,163,2090
505,163,1109
506,163,855
507,163,1246
508,163,1652
509,163,945
510,163,626
511,163,1190
512,163,344
513,163,401
514,163,611
515,163,2120
516,163,1566
517,163,1390
518,163,3281
519,163,2374
520,163,3374
521,163,3036
522,163,2412
523,163,545
524,163,3664
525,163,5666
526,163,5233
527,163,4232
528,163,4512
529,163,6207
530,163,4565
531,163,1598
532,163,4765
533,163,2675
534,163,1513
535,163,1750
536,163,1509
537,163,4684
538,163,6697
539,163,279
540,163,261
541,163,391
542,163,262
543,163,178
544,163,214
545,163,1683
546,163,2273
547,163,500
548,163,106
549,163,82
550,163,66
551,163,65
552,163,61
553,163,82
554,163,100
555,163,108
556,163,364
557,163,1607
558,163,176
559,163,119
560,163,74
561,163,32
562,163,29
563,163,340
564,163,255
565,163,101
566,163,37
567,163,70
568,163,67
569,163,75
570,163,371
571,163,270
572,163,67
573,163,84
490,164,85
491,164,181
492,164,718
493,164,593
494,164,308
495,164,75
496,164,76
497,164,91
498,164,92
499,164,81
500,164,98
501,164,257
502,164,722
503,164,1179
504,164,3685
505,164,3201
506,164,1004
507,164,2825
508,164,2384
509,164,1509
510,164,2283
511,164,3977
512,164,1302
513,164,1354
514,164,1274
515,164,1477
516,164,886
517,164,3840
518,164,5536
519,164,2830
520,164,4282
521,164,4319
522,164,5128
523,164,4007
524,164,5426
525,164,6742
526,164,7207
527,164,4556
528,164,5322
529,164,5601
530,164,4484
531,164,5093
532,164,5623
533,164,2934
534,164,774
535,164,437
536,164,466
537,164,2461
538,164,849
539,164,1853
540,164,645
541,164,663
542,164,516
543,164,1280
544,164,2154
545,164,4186
546,164,3874
547,164,1237
548,164,117
549,164,93
550,164,53
551,164,51
552,164,51
553,164,84
554,164,117
555,164,115
556,164,266
557,164,754
558,164,97
559,164,143
560,164,560
561,164,86
562,164,36
563,164,94
564,164,92
565,164,92
566,164,56
567,164,66
568,164,91
569,164,278
570,164,698
571,164,213
572,164,48
573,164,50
490,165,30
491,165,78
492,165,246
493,165,287
494,165,231
495,165,72
496,165,72
497,165,99
498,165,130
499,165,77
500,165,77
501,165,263
502,165,702
503,165,1196
504,165,2061
505,165,836
506,165,564
507,165,2934
508,165,983
509,165,2543
510,165,2863
511,165,3087
512,165,958
513,165,730
514,165,852
515,165,1529
516,165,1453
517,165,1347
518,165,6000
519,165,3339
520,165,1604
521,165,3018
522,165,5579
523,165,5103
524,165,5528
525,165,4915
526,165,6049
527,165,5971
528,165,3923
529,165,1398
530,165,2330
531,165,4826
532,165,2775
533,165,6003
534,165,2358
535,165,1983
536,165,4354
537,165,5295
538,165,2861
539,165,2782
540,165,863
541,165,386
542,165,2456
543,165,1896
544,165,3846
545,165,4262
546,165,3802
547,165,2686
548,165,91
549,165,72
550,165,86
551,165,51
552,165,64
553,165,437
554,165,215
555,165,105
556,165,98
557,165,108
558,165,91
559,165,317
560,165,3587
561,165,1099
562,165,57
563,165,111
564,165,791
565,165,129
566,165,58
567,165,33
568,165,95
569,165,122
570,165,149
571,165,57
572,165,71
573,165,408
490,166,40
491,166,69
492,166,254
493,166,330
494,166,432
495,166,404
496,166,206
497,166,159
498,166,173
499,166,240
500,166,122
501,166,253
502,166,356
503,166,1909
504,166,3550
505,166,861
506,166,316
507,166,386
508,166,879
509,166,2033
510,166,4895
511,166,2072
512,166,1514
513,166,759
514,166,2167
515,166,1840
516,166,3179
517,166,3079
518,166,4622
519,166,4828
520,166,4241
521,166,4328
522,166,4099
523,166,4659
524,166,5647
525,166,4766
526,166,5491
527,166,6944
528,166,2003
529,166,178
530,166,2542
531,166,8817
532,166,6369
533,166,8498
534,166,7063
535,166,2888
536,166,2413
537,166,2532
538,166,2539
539,166,4556
540,166,2587
541,166,325
542,166,2112
543,166,1987
544,166,3431
545,166,4051
546,166,4172
547,166,5940
548,166,95
549,166,92
550,166,549
551,166,79
552,166,138
553,166,132
554,166,147
555,166,102
556,166,126
557,166,144
558,166,85
559,166,223
560,166,682
561,166,426
562,166,256
563,166,112
564,166,395
565,166,161
566,166,30
567,166,28
568,166,82
569,166,124
570,166,1017
571,166,360
572,166,848
573,166,2056
490,167,44
491,167,387
492,167,1443
493,167,2359
494,167,945
495,167,695
496,167,260
497,167,173
498,167,299
499,167,1237
500,167,339
501,167,222
502,167,378
503,167,1126
504,167,888
505,167,208
506,167,811
507,167,2268
508,167,3248
509,167,488
510,167,2109
511,167,361
512,167,1188
513,167,2913
514,167,1578
515,167,2630
516,167,756
517,167,3872
518,167,6502
519,167,4182
520,167,3358
521,167,4998
522,167,3960
523,167,3633
524,167,2814
525,167,3960
526,167,6171
527,167,2633
528,167,349
529,167,370
530,167,5121
531,167,8755
532,167,7414
533,167,3941
534,167,7369
535,167,4845
536,167,4791
537,167,2014
538,167,1894
539,167,4071
540,167,2772
541,167,2148
542,167,4026
543,167,2897
544,167,3912
545,167,4002
546,167,4180
547,167,3375
548,167,229
549,167,69
550,167,359
551,167,1272
552,167,283
553,167,174
554,167,142
555,167,223
556,167,194
557,167,114
558,167,84
559,167,135
560,167,2123
561,167,1121
562,167,456
563,167,387
564,167,1737
565,167,724
566,167,63
567,167,47
568,167,51
569,167,398
570,167,622
571,167,606
572,167,874
573,167,1445
490,168,1016
491,168,781
492,168,486
493,168,736
494,168,92
495,168,155
496,168,223
497,168,125
498,168,190
499,168,513
500,168,465
501,168,508
502,168,348
503,168,304
504,168,695
505,168,178
506,168,747
507,168,1533
508,168,1430
509,168,1870
510,168,1985
511,168,898
512,168,1335
513,168,4848
514,168,2887
515,168,990
516,168,38
517,168,1269
518,168,5182
519,168,3347
520,168,5528
521,168,5611
522,168,4014
523,168,3552
524,168,5988
525,168,4705
526,168,4131
527,168,4523
528,168,2329
529,168,6290
530,168,8335
531,168,9598
532,168,8423
533,168,6815
534,168,7640
535,168,2299
536,168,5170
537,168,2292
538,168,2754
539,168,4452
540,168,3530
541,168,4906
542,168,3695
543,168,1345
544,168,1234
545,168,2340
546,168,4624
547,168,4707
548,168,572
549,168,161
550,168,3625
551,168,4196
552,168,1575
553,168,199
554,168,159
555,168,232
556,168,151
557,168,82
558,168,84
559,168,145
560,168,1776
561,168,1006
562,168,733
563,168,262
564,168,260
565,168,193
566,168,92
567,168,49
568,168,49
569,168,69
570,168,96
571,168,5099
572,168,4727
573,168,466
490,169,2540
491,169,1541
492,169,279
493,169,166
494,169,594
495,169,68
496,169,77
497,169,148
498,169,280
499,169,270
500,169,321
501,169,331
502,169,475
503,169,1032
504,169,1904
505,169,805
506,169,271
507,169,108
508,169,887
509,169,2300
510,169,2641
511,169,1891
512,169,1306
513,169,2771
514,169,952
515,169,183
516,169,60
517,169,1866
518,169,4638
519,169,7634
520,169,4139
521,169,1613
522,169,4102
523,169,7092
524,169,5947
525,169,4766
526,169,4102
527,169,5385
528,169,6586
529,169,6862
530,169,7280
531,169,5998
532,169,7498
533,169,4689
534,169,5521
535,169,8058
536,169,5253
537,169,4429
538,169,4156
539,169,4316
540,169,4549
541,169,3590
542,169,2258
543,169,1536
544,169,659
545,169,1672
546,169,4041
547,169,1184
548,169,127
549,169,100
550,169,3382
551,169,2538
552,169,976
553,169,275
554,169,297
555,169,574
556,169,1935
557,169,115
558,169,183
559,169,451
560,169,462
561,169,730
562,169,476
563,169,1383
564,169,337
565,169,220
566,169,96
567,169,44
568,169,67
569,169,98
570,169,500
571,169,1927
572,169,4320
573,169,6246
490,170,387
491,170,1537
492,170,388
493,170,99
494,170,66
495,170,74
496,170,74
497,170,335
498,170,1669
499,170,994
500,170,1822
501,170,964
502,170,3715
503,170,2524
504,170,3696
505,170,4285
506,170,688
507,170,1670
508,170,4632
509,170,4666
510,170,2563
511,170,679
512,170,2829
513,170,4469
514,170,1905
515,170,1687
516,170,4431
517,170,3644
518,170,7142
519,170,4207
520,170,1176
521,170,873
522,170,1422
523,170,3632
524,170,5843
525,170,7562
526,170,6525
527,170,9168
528,170,10690
529,170,9330
530,170,6122
531,170,3724
532,170,5592
533,170,7364
534,170,4352
535,170,7465
536,170,2038
537,170,3284
538,170,1609
539,170,5175
540,170,4625
541,170,807
542,170,1877
543,170,1837
544,170,1560
545,170,364
546,170,1763
547,170,1473
548,170,537
549,170,211
550,170,492
551,170,1389
552,170,1488
553,170,330
554,170,309
555,170,765
556,170,193
557,170,99
558,170,121
559,170,130
560,170,125
561,170,317
562,170,407
563,170,1114
564,170,417
565,170,2241
566,170,1239
567,170,3
568,170,19
569,170,152
570,170,262
571,170,432
572,170,1353
573,170,2624
490,171,155
491,171,79
492,171,111
493,171,95
494,171,65
495,171,59
496,171,62
497,171,114
498,171,762
499,171,1386
500,171,1408
501,171,1525
502,171,2635
503,171,1808
504,171,2971
505,171,2844
506,171,4545
507,171,5903
508,171,2990
509,171,2607
510,171,1335
511,171,2485
512,171,5144
513,171,2654
514,171,3364
515,171,6119
516,171,3191
517,171,3103
518,171,2407
519,171,299
520,171,807
521,171,911
522,171,181
523,171,1015
524,171,3257
525,171,5290
526,171,5059
527,171,10665
528,171,8982
529,171,7611
530,171,7371
531,171,7343
532,171,6335
533,171,5244
534,171,5941
535,171,7558
536,171,5300
537,171,5312
538,171,5553
539,171,6557
540,171,5946
541,171,3727
542,171,5214
543,171,5584
544,171,1779
545,171,2689
546,171,3504
547,171,1879
548,171,1364
549,171,204
550,171,1877
551,171,1493
552,171,392
553,171,894
554,171,847
555,171,349
556,171,1050
557,171,1247
558,171,208
559,171,343
560,171,100
561,171,162
562,171,365
563,171,1659
564,171,943
565,171,5334
566,171,6169
567,171,684
568,171,66
569,171,556
570,171,1514
571,171,691
572,171,244
573,171,208
490,172,91
491,172,66
492,172,149
493,172,107
494,172,44
495,172,23
496,172,20
497,172,22
498,172,249
499,172,137
500,172,360
501,172,231
502,172,580
503,172,722
504,172,398
505,172,1545
506,172,2104
507,172,632
508,172,465
509,172,2841
510,172,4075
511,172,1897
512,172,5022
513,172,3357
514,172,5271
515,172,4660
516,172,2161
517,172,3250
518,172,204
519,172,87
520,172,111
521,172,637
522,172,452
523,172,2657
524,172,4121
525,172,6567
526,172,6096
527,172,8201
528,172,11240
529,172,4554
530,172,9976
531,172,7333
532,172,6357
533,172,1852
534,172,4735
535,172,7478
536,172,7121
537,172,4897
538,172,5960
539,172,7043
540,172,5265
541,172,3592
542,172,5645
543,172,5044
544,172,4213
545,172,4631
546,172,4306
547,172,4467
548,172,1700
549,172,292
550,172,1165
551,172,2209
552,172,1121
553,172,1662
554,172,1320
555,172,481
556,172,628
557,172,342
558,172,349
559,172,956
560,172,124
561,172,192
562,172,3978
563,172,4979
564,172,4328
565,172,6560
566,172,5844
567,172,1335
568,172,229
569,172,69
570,172,246
571,172,283
572,172,54
573,172,475
490,173,65
491,173,60
492,173,323
493,173,331
494,173,111
495,173,35
496,173,24
497,173,86
498,173,832
499,173,640
500,173,314
501,173,221
502,173,172
503,173,240
504,173,155
505,173,3531
506,173,3303
507,173,324
508,173,3010
509,173,3875
510,173,5771
511,173,4027
512,173,3735
513,173,4924
514,173,5476
515,173,5275
516,173,4355
517,173,972
518,173,760
519,173,136
520,173,108
521,173,1307
522,173,5157
523,173,3867
524,173,9588
525,173,7897
526,173,7548
527,173,5496
528,173,11308
529,173,10491
530,173,11192
531,173,8769
532,173,3279
533,173,1141
534,173,5187
535,173,7066
536,173,8867
537,173,4968
538,173,8096
539,173,6326
540,173,5808
541,173,3627
542,173,2442
543,173,1951
544,173,3651
545,173,6000
546,173,3322
547,173,5321
548,173,3669
549,173,2097
550,173,1182
551,173,816
552,173,2887
553,173,4520
554,173,2514
555,173,4072
556,173,4889
557,173,887
558,173,370
559,173,267
560,173,814
561,173,280
562,173,1908
563,173,6872
564,173,6412
565,173,3382
566,173,3671
567,173,632
568,173,144
569,173,69
570,173,61
571,173,54
572,173,57
573,173,1107
490,174,63
491,174,60
492,174,61
493,174,159
494,174,117
495,174,51
496,174,215
497,174,515
498,174,2251
499,174,1119
500,174,427
501,174,219
502,174,194
503,174,523
504,174,243
505,174,1280
506,174,598
507,174,206
508,174,1941
509,174,2575
510,174,2826
511,174,1767
512,174,1365
513,174,7020
514,174,5839
515,174,4405
516,174,6228
517,174,4787
518,174,6656
519,174,566
520,174,1766
521,174,3386
522,174,5325
523,174,7667
524,174,7906
525,174,7273
526,174,7751
527,174,8104
528,174,6748
529,174,10592
530,174,11983
531,174,8547
532,174,6602
533,174,8471
534,174,6906
535,174,4228
536,174,7150
537,174,6054
538,174,8938
539,174,6921
540,174,4900
541,174,4066
542,174,4565
543,174,3120
544,174,2217
545,174,6185
546,174,5376
547,174,3766
548,174,4619
549,174,2892
550,174,1664
551,174,3087
552,174,5137
553,174,4525
554,174,2434
555,174,3487
556,174,1199
557,174,953
558,174,1264
559,174,1755
560,174,3393
561,174,1645
562,174,870
563,174,1097
564,174,1408
565,174,1172
566,174,231
567,174,102
568,174,122
569,174,62
570,174,57
571,174,54
572,174,82
573,174,396
490,175,62
491,175,62
492,175,62
493,175,1886
494,175,2696
495,175,2006
496,175,1541
497,175,202
498,175,414
499,175,510
500,175,301
501,175,125
502,175,324
503,175,374
504,175,255
505,175,90
506,175,48
507,175,44
508,175,44
509,175,143
510,175,751
511,175,5115
512,175,6753
513,175,5620
514,175,4982
515,175,2987
516,175,3927
517,175,595
518,175,5756
519,175,6407
520,175,7279
521,175,6625
522,175,4351
523,175,8441
524,175,3774
525,175,3156
526,175,7497
527,175,11145
528,175,10566
529,175,9389
530,175,12436
531,175,8125
532,175,7244
533,175,9282
534,175,9323
535,175,6368
536,175,8703
537,175,7376
538,175,5461
539,175,6586
540,175,5820
541,175,6973
542,175,6449
543,175,4101
544,175,2187
545,175,6314
546,175,4528
547,175,4053
548,175,4818
549,175,4218
550,175,4352
551,175,1923
552,175,2681
553,175,610
554,175,1672
555,175,2012
556,175,186
557,175,323
558,175,189
559,175,235
560,175,184
561,175,207
562,175,29
563,175,60
564,175,361
565,175,92
566,175,149
567,175,46
568,175,7
569,175,6
570,175,30
571,175,59
572,175,65
573,175,214
490,176,195
491,176,227
492,176,388
493,176,3923
494,176,4838
495,176,3501
496,176,4768
497,176,148
498,176,352
499,176,686
500,176,157
501,176,97
502,176,788
503,176,542
504,176,80
505,176,61
506,176,94
507,176,144
508,176,230
509,176,246
510,176,4647
511,176,5583
512,176,5840
513,176,4416
514,176,5781
515,176,5096
516,176,2158
517,176,223
518,176,1806
519,176,4037
520,176,1705
521,176,4516
522,176,2953
523,176,3816
524,176,12196
525,176,10284
526,176,4831
527,176,10635
528,176,9775
529,176,9386
530,176,12810
531,176,12713
532,176,8752
533,176,11219
534,176,9275
535,176,9067
536,176,7612
537,176,7247
538,176,5408
539,176,2404
540,176,4232
541,176,4866
542,176,2802
543,176,2517
544,176,1503
545,176,4691
546,176,5866
547,176,7477
548,176,5954
549,176,4318
550,176,5745
551,176,5366
552,176,2603
553,176,338
554,176,196
555,176,125
556,176,54
557,176,30
558,176,54
559,176,3
560,176,84
561,176,43
562,176,176
563,176,1262
564,176,5635
565,176,1256
566,176,247
567,176,130
568,176,132
569,176,22
570,176,17
571,176,62
572,176,65
573,176,544
490,177,615
491,177,293
492,177,265
493,177,374
494,177,941
495,177,1045
496,177,1112
497,177,210
498,177,646
499,177,638
500,177,212
501,177,1557
502,177,789
503,177,213
504,177,290
505,177,394
506,177,703
507,177,1244
508,177,2155
509,177,771
510,177,1307
511,177,3674
512,177,4909
513,177,3161
514,177,1403
515,177,2157
516,177,2647
517,177,3987
518,177,2384
519,177,5394
520,177,4310
521,177,2264
522,177,4049
523,177,6760
524,177,15170
525,177,9489
526,177,11050
527,177,4835
528,177,1043
529,177,4120
530,177,11336
531,177,10455
532,177,12547
533,177,12079
534,177,8714
535,177,5376
536,177,7367
537,177,5303
538,177,3994
539,177,4789
540,177,6490
541,177,7343
542,177,1992
543,177,9003
544,177,6785
545,177,5760
546,177,2931
547,177,5259
548,177,6216
549,177,4906
550,177,5594
551,177,5447
552,177,1284
553,177,243
554,177,83
555,177,41
556,177,150
557,177,132
558,177,1095
559,177,541
560,177,725
561,177,3226
562,177,1627
563,177,814
564,177,1246
565,177,487
566,177,179
567,177,204
568,177,188
569,177,52
570,177,6
571,177,65
572,177,58
573,177,46
490,178,979
491,178,428
492,178,132
493,178,175
494,178,1346
495,178,756
496,178,1081
497,178,687
498,178,667
499,178,1929
500,178,4284
501,178,5408
502,178,383
503,178,83
504,178,127
505,178,1237
506,178,2991
507,178,1320
508,178,1592
509,178,5048
510,178,1902
511,178,3563
512,178,6042
513,178,2307
514,178,176
515,178,512
516,178,2082
517,178,7362
518,178,3313
519,178,3502
520,178,6914
521,178,8343
522,178,5831
523,178,7127
524,178,13204
525,178,14847
526,178,10437
527,178,10797
528,178,10982
529,178,16043
530,178,4756
531,178,12349
532,178,14247
533,178,10927
534,178,9282
535,178,6784
536,178,5807
537,178,1710
538,178,2759
539,178,4682
540,178,3382
541,178,4729
542,178,7089
543,178,6691
544,178,10319
545,178,8707
546,178,7325
547,178,3163
548,178,3556
549,178,5409
550,178,3601
551,178,460
552,178,11
553,178,40
554,178,966
555,178,656
556,178,138
557,178,90
558,178,101
559,178,777
560,178,960
561,178,2677
562,178,3551
563,178,1584
564,178,3819
565,178,1223
566,178,303
567,178,642
568,178,1500
569,178,68
570,178,0
571,178,39
572,178,46
573,178,46
490,179,639
491,179,204
492,179,176
493,179,282
494,179,386
495,179,1606
496,179,4994
497,179,3669
498,179,3666
499,179,4059
500,179,3813
501,179,2607
502,179,502
503,179,882
504,179,480
505,179,2231
506,179,4247
507,179,1983
508,179,3355
509,179,2840
510,179,1928
511,179,5482
512,179,7682
513,179,2544
514,179,1458
515,179,4368
516,179,10063
517,179,7598
518,179,3469
519,179,5149
520,179,9987
521,179,9084
522,179,12607
523,179,13149
524,179,7247
525,179,10147
526,179,4749
527,179,6089
528,179,3360
529,179,3661
530,179,1512
531,179,7794
532,179,10411
533,179,6657
534,179,6157
535,179,2704
536,179,1036
537,179,2751
538,179,3401
539,179,158
540,179,237
541,179,75
542,179,1621
543,179,1473
544,179,135
545,179,452
546,179,4627
547,179,9216
548,179,2706
549,179,1861
550,179,371
551,179,28
552,179,84
553,179,107
554,179,184
555,179,186
556,179,1388
557,179,267
558,179,92
559,179,203
560,179,202
561,179,3826
562,179,4249
563,179,1458
564,179,3703
565,179,1436
566,179,414
567,179,427
568,179,689
569,179,109
570,179,0
571,179,1
572,179,16
573,179,15
490,180,438
491,180,181
492,180,259
493,180,2907
494,180,3481
495,180,1370
496,180,3111
497,180,4417
498,180,4015
499,180,3301
500,180,126
501,180,185
502,180,292
503,180,300
504,180,258
505,180,1219
506,180,3935
507,180,733
508,180,1627
509,180,4179
510,180,4698
511,180,4073
512,180,12460
513,180,5694
514,180,1931
515,180,5916
516,180,7782
517,180,4350
518,180,5213
519,180,6261
520,180,8133
521,180,6806
522,180,13303
523,180,7527
524,180,11211
525,180,11403
526,180,3940
527,180,1092
528,180,2471
529,180,1803
530,180,1744
531,180,2213
532,180,1041
533,180,929
534,180,5377
535,180,3839
536,180,2742
537,180,4082
538,180,1126
539,180,439
540,180,1613
541,180,593
542,180,1111
543,180,798
544,180,120
545,180,598
546,180,2773
547,180,2779
548,180,176
549,180,259
550,180,151
551,180,55
552,180,84
553,180,90
554,180,128
555,180,192
556,180,3631
557,180,720
558,180,3106
559,180,1435
560,180,298
561,180,3653
562,180,2254
563,180,426
564,180,284
565,180,398
566,180,194
567,180,188
568,180,436
569,180,184
570,180,5
571,180,0
572,180,0
573,180,0
490,181,689
491,181,618
492,181,3725
493,181,4108
494,181,1414
495,181,2447
496,181,6836
497,181,3486
498,181,2231
499,181,1843
500,181,245
501,181,151
502,181,490
503,181,1767
504,181,336
505,181,4286
506,181,4236
507,181,3278
508,181,5983
509,181,4301
510,181,6141
511,181,3080
512,181,4151
513,181,7932
514,181,4610
515,181,7875
516,181,6654
517,181,6351
518,181,3858
519,181,2771
520,181,4201
521,181,4525
522,181,2344
523,181,9476
524,181,14024
525,181,14708
526,181,9419
527,181,11112
528,181,6219
529,181,5761
530,181,5515
531,181,2444
532,181,2949
533,181,3413
534,181,10530
535,181,12148
536,181,8583
537,181,8789
538,181,5406
539,181,5790
540,181,11888
541,181,5555
542,181,175
543,181,124
544,181,108
545,181,53
546,181,59
547,181,123
548,181,60
549,181,142
550,181,156
551,181,107
552,181,1403
553,181,544
554,181,152
555,181,190
556,181,1649
557,181,823
558,181,4762
559,181,1195
560,181,281
561,181,199
562,181,72
563,181,48
564,181,400
565,181,284
566,181,246
567,181,513
568,181,672
569,181,330
570,181,102
571,181,19
572,181,16
573,181,13
490,182,953
491,182,196
492,182,2278
493,182,2804
494,182,4386
495,182,4191
496,182,2658
497,182,210
498,182,340
499,182,267
500,182,88
501,182,88
502,182,977
503,182,260
504,182,261
505,182,2878
506,182,1597
507,182,4255
508,182,2868
509,182,5339
510,182,4567
511,182,6101
512,182,4162
513,182,6601
514,182,4371
515,182,2924
516,182,2613
517,182,4187
518,182,3352
519,182,822
520,182,1355
521,182,859
522,182,2403
523,182,7103
524,182,17378
525,182,14062
526,182,12068
527,182,8012
528,182,4820
529,182,7980
530,182,10745
531,182,8192
532,182,9505
533,182,6564
534,182,10151
535,182,9425
536,182,7543
537,182,7768
538,182,1791
539,182,5791
540,182,9447
541,182,7875
542,182,7568
543,182,3364
544,182,171
545,182,481
546,182,590
547,182,78
548,182,277
549,182,290
550,182,396
551,182,1814
552,182,3511
553,182,3123
554,182,264
555,182,208
556,182,167
557,182,198
558,182,693
559,182,3245
560,182,148
561,182,117
562,182,45
563,182,70
564,182,139
565,182,196
566,182,331
567,182,950
568,182,3011
569,182,2838
570,182,132
571,182,56
572,182,29
573,182,28
490,183,593
491,183,118
492,183,850
493,183,523
494,183,138
495,183,763
496,183,525
497,183,324
498,183,930
499,183,278
500,183,74
501,183,99
502,183,2424
503,183,189
504,183,1077
505,183,4695
506,183,2509
507,183,4444
508,183,2750
509,183,1834
510,183,1064
511,183,3688
512,183,3390
513,183,3772
514,183,4349
515,183,3609
516,183,3374
517,183,4057
518,183,4670
519,183,1022
520,183,3649
521,183,10430
522,183,7453
523,183,9108
524,183,9363
525,183,13511
526,183,9860
527,183,4619
528,183,5394
529,183,8767
530,183,8263
531,183,8947
532,183,11233
533,183,12714
534,183,7960
535,183,8343
536,183,10999
537,183,2808
538,183,2388
539,183,10261
540,183,12412
541,183,12239
542,183,10812
543,183,4850
544,183,7860
545,183,6615
546,183,4911
547,183,2399
548,183,2005
549,183,5024
550,183,3644
551,183,5026
552,183,1811
553,183,2296
554,183,279
555,183,228
556,183,107
557,183,116
558,183,142
559,183,292
560,183,63
561,183,63
562,183,45
563,183,59
564,183,102
565,183,68
566,183,146
567,183,101
568,183,3529
569,183,7762
570,183,3363
571,183,549
572,183,61
573,183,28
490,184,239
491,184,88
492,184,84
493,184,143
494,184,61
495,184,329
496,184,574
497,184,897
498,184,884
499,184,144
500,184,48
501,184,81
502,184,138
503,184,212
504,184,571
505,184,2476
506,184,1529
507,184,3778
508,184,2235
509,184,258
510,184,455
511,184,1219
512,184,4372
513,184,4596
514,184,3684
515,184,2653
516,184,2452
517,184,5374
518,184,7719
519,184,5689
520,184,8125
521,184,9233
522,184,9138
523,184,6421
524,184,9444
525,184,10141
526,184,9510
527,184,11393
528,184,10304
529,184,9562
530,184,9090
531,184,10758
532,184,13227
533,184,9266
534,184,8509
535,184,12518
536,184,5214
537,184,708
538,184,2096
539,184,9024
540,184,10694
541,184,13920
542,184,13222
543,184,5866
544,184,6625
545,184,6516
546,184,4997
547,184,7323
548,184,6611
549,184,6943
550,184,4172
551,184,2300
552,184,7030
553,184,662
554,184,232
555,184,392
556,184,84
557,184,98
558,184,82
559,184,79
560,184,65
561,184,55
562,184,67
563,184,88
564,184,94
565,184,66
566,184,67
567,184,92
568,184,309
569,184,3093
570,184,2788
571,184,368
572,184,161
573,184,92
490,185,215
491,185,61
492,185,86
493,185,81
494,185,70
495,185,432
496,185,1600
497,185,387
498,185,315
499,185,136
500,185,102
501,185,107
502,185,109
503,185,167
504,185,428
505,185,763
506,185,1725
507,185,2234
508,185,1587
509,185,1142
510,185,2669
511,185,3106
512,185,5015
513,185,6326
514,185,5630
515,185,5687
516,185,6243
517,185,5099
518,185,5490
519,185,3189
520,185,2757
521,185,4359
522,185,5406
523,185,9668
524,185,6743
525,185,7997
526,185,7659
527,185,8911
528,185,8773
529,185,13460
530,185,10713
531,185,8607
532,185,12536
533,185,12956
534,185,12361
535,185,11655
536,185,7201
537,185,724
538,185,7079
539,185,9934
540,185,9717
541,185,6408
542,185,10093
543,185,8665
544,185,7999
545,185,6037
546,185,5412
547,185,7214
548,185,7347
549,185,6635
550,185,1889
551,185,1629
552,185,7487
553,185,4320
554,185,1716
555,185,2562
556,185,2121
557,185,350
558,185,76
559,185,65
560,185,64
561,185,67
562,185,78
563,185,92
564,185,63
565,185,66
566,185,64
567,185,80
568,185,83
569,185,276
570,185,335
571,185,246
572,185,206
573,185,59
490,186,393
491,186,72
492,186,92
493,186,83
494,186,71
495,186,265
496,186,417
497,186,150
498,186,109
499,186,480
500,186,692
501,186,177
502,186,125
503,186,487
504,186,463
505,186,220
506,186,1148
507,186,3009
508,186,1365
509,186,3591
510,186,6041
511,186,5464
512,186,7054
513,186,5737
514,186,4312
515,186,1507
516,186,4211
517,186,4341
518,186,3868
519,186,5941
520,186,5423
521,186,5799
522,186,5234
523,186,3370
524,186,5741
525,186,3173
526,186,1805
527,186,471
528,186,6788
529,186,9928
530,186,12497
531,186,9559
532,186,8035
533,186,10716
534,186,13430
535,186,4494
536,186,1175
537,186,4671
538,186,10213
539,186,9777
540,186,1656
541,186,2351
542,186,2087
543,186,5840
544,186,6836
545,186,6331
546,186,4929
547,186,8123
548,186,8018
549,186,5785
550,186,2876
551,186,2450
552,186,4124
553,186,5371
554,186,4729
555,186,3935
556,186,2876
557,186,1218
558,186,122
559,186,36
560,186,39
561,186,57
562,186,60
563,186,53
564,186,58
565,186,62
566,186,61
567,186,82
568,186,87
569,186,218
570,186,238
571,186,536
572,186,503
573,186,36
490,187,1197
491,187,296
492,187,127
493,187,85
494,187,74
495,187,95
496,187,159
497,187,141
498,187,119
499,187,1236
500,187,1004
501,187,426
502,187,724
503,187,930
504,187,1012
505,187,168
506,187,270
507,187,372
508,187,2834
509,187,3454
510,187,4244
511,187,4629
512,187,4817
513,187,5713
514,187,5491
515,187,1206
516,187,1137
517,187,3975
518,187,4285
519,187,2077
520,187,5883
521,187,1583
522,187,2707
523,187,2416
524,187,5958
525,187,3466
526,187,1022
527,187,1114
528,187,4640
529,187,11388
530,187,9779
531,187,5111
532,187,9476
533,187,10924
534,187,8197
535,187,906
536,187,4451
537,187,10674
538,187,10591
539,187,7899
540,187,2537
541,187,1233
542,187,5124
543,187,4400
544,187,6697
545,187,8098
546,187,5594
547,187,4913
548,187,4801
549,187,2685
550,187,3682
551,187,4659
552,187,4895
553,187,4782
554,187,3834
555,187,2431
556,187,2154
557,187,4681
558,187,782
559,187,36
560,187,47
561,187,59
562,187,60
563,187,61
564,187,64
565,187,69
566,187,161
567,187,1271
568,187,1656
569,187,2475
570,187,2719
571,187,1625
572,187,4569
573,187,1324
490,188,775
491,188,895
492,188,216
493,188,90
494,188,82
495,188,36
496,188,75
497,188,33
498,188,97
499,188,781
500,188,1071
501,188,309
502,188,221
503,188,815
504,188,272
505,188,592
506,188,122
507,188,342
508,188,2244
509,188,1940
510,188,3742
511,188,4513
512,188,5421
513,188,5637
514,188,5998
515,188,5917
516,188,4826
517,188,4435
518,188,5963
519,188,3615
520,188,4552
521,188,4675
522,188,6150
523,188,4539
524,188,6825
525,188,3620
526,188,2748
527,188,2610
528,188,3769
529,188,5049
530,188,9866
531,188,10881
532,188,8215
533,188,11199
534,188,3581
535,188,1304
536,188,8543
537,188,10152
538,188,8593
539,188,2286
540,188,5778
541,188,3274
542,188,6211
543,188,6021
544,188,6480
545,188,4249
546,188,2963
547,188,5757
548,188,4983
549,188,1722
550,188,5061
551,188,3790
552,188,5081
553,188,4462
554,188,2476
555,188,1182
556,188,2037
557,188,2799
558,188,304
559,188,36
560,188,41
561,188,42
562,188,637
563,188,100
564,188,100
565,188,84
566,188,696
567,188,2445
568,188,6154
569,188,7214
570,188,3648
571,188,6833
572,188,5712
573,188,6963
490,189,1809
491,189,1189
492,189,885
493,189,416
494,189,429
495,189,97
496,189,44
497,189,88
498,189,222
499,189,1134
500,189,1052
501,189,223
502,189,130
503,189,150
504,189,477
505,189,429
506,189,210
507,189,309
508,189,463
509,189,1255
510,189,2723
511,189,3484
512,189,3156
513,189,3701
514,189,4504
515,189,6435
516,189,5058
517,189,6929
518,189,7011
519,189,5698
520,189,5220
521,189,4236
522,189,3032
523,189,6809
524,189,4257
525,189,3732
526,189,6053
527,189,6521
528,189,7402
529,189,5034
530,189,5915
531,189,11293
532,189,9339
533,189,9667
534,189,4257
535,189,1132
536,189,11177
537,189,8953
538,189,8002
539,189,2664
540,189,5580
541,189,1817
542,189,4462
543,189,6805
544,189,4409
545,189,1364
546,189,714
547,189,3329
548,189,2155
549,189,2905
550,189,5152
551,189,3682
552,189,4227
553,189,4682
554,189,3601
555,189,1192
556,189,163
557,189,73
558,189,48
559,189,60
560,189,42
561,189,42
562,189,306
563,189,203
564,189,100
565,189,83
566,189,234
567,189,3241
568,189,3947
569,189,1734
570,189,2733
571,189,5441
572,189,5952
573,189,4521
490,190,1595
491,190,302
492,190,1647
493,190,1466
494,190,2053
495,190,270
496,190,159
497,190,178
498,190,602
499,190,2479
500,190,1157
501,190,167
502,190,106
503,190,75
504,190,700
505,190,2028
506,190,402
507,190,304
508,190,797
509,190,1755
510,190,4050
511,190,4332
512,190,2560
513,190,1281
514,190,6505
515,190,7393
516,190,6723
517,190,5477
518,190,5005
519,190,7096
520,190,5483
521,190,6892
522,190,1747
523,190,2211
524,190,4213
525,190,5879
526,190,5486
527,190,1938
528,190,7033
529,190,5691
530,190,4801
531,190,10453
532,190,8372
533,190,9141
534,190,7798
535,190,2461
536,190,8792
537,190,5571
538,190,6813
539,190,3908
540,190,5182
541,190,3079
542,190,3928
543,190,5131
544,190,2953
545,190,134
546,190,86
547,190,154
548,190,801
549,190,3808
550,190,6241
551,190,3675
552,190,1583
553,190,4092
554,190,3391
555,190,761
556,190,114
557,190,104
558,190,87
559,190,49
560,190,42
561,190,58
562,190,216
563,190,111
564,190,90
565,190,76
566,190,71
567,190,374
568,190,790
569,190,528
570,190,125
571,190,187
572,190,1043
573,190,279
490,191,730
491,191,216
492,191,283
493,191,2036
494,191,648
495,191,201
496,191,934
497,191,366
498,191,310
499,191,1353
500,191,2114
501,191,334
502,191,85
503,191,73
504,191,398
505,191,351
506,191,145
507,191,630
508,191,2166
509,191,3783
510,191,1411
511,191,1280
512,191,2960
513,191,2712
514,191,2439
515,191,3681
516,191,2381
517,191,4164
518,191,3669
519,191,4821
520,191,6565
521,191,5076
522,191,2529
523,191,2814
524,191,3376
525,191,5858
526,191,5247
527,191,2445
528,191,3546
529,191,4392
530,191,9904
531,191,5809
532,191,6004
533,191,6037
534,191,7009
535,191,295
536,191,3419
537,191,3853
538,191,6005
539,191,2859
540,191,5906
541,191,5902
542,191,2824
543,191,2965
544,191,6766
545,191,3026
546,191,1011
547,191,138
548,191,307
549,191,5608
550,191,6626
551,191,1992
552,191,2586
553,191,6430
554,191,5492
555,191,3590
556,191,628
557,191,121
558,191,157
559,191,775
560,191,42
561,191,169
562,191,376
563,191,232
564,191,92
565,191,67
566,191,64
567,191,123
568,191,313
569,191,147
570,191,224
571,191,341
572,191,167
573,191,172
490,192,501
491,192,144
492,192,177
493,192,1111
494,192,350
495,192,121
496,192,661
497,192,209
498,192,1029
499,192,701
500,192,1177
501,192,384
502,192,1304
503,192,895
504,192,133
505,192,214
506,192,149
507,192,533
508,192,1704
509,192,2336
510,192,1254
511,192,4528
512,192,2111
513,192,540
514,192,310
515,192,1130
516,192,2954
517,192,3349
518,192,4437
519,192,5098
520,192,5006
521,192,3063
522,192,1284
523,192,934
524,192,1606
525,192,4711
526,192,5744
527,192,4284
528,192,5786
529,192,5282
530,192,5049
531,192,6230
532,192,5380
533,192,5563
534,192,8603
535,192,440
536,192,3543
537,192,6375
538,192,4170
539,192,3125
540,192,3245
541,192,3940
542,192,750
543,192,923
544,192,2892
545,192,4212
546,192,4645
547,192,387
548,192,148
549,192,1590
550,192,2607
551,192,90
552,192,357
553,192,6370
554,192,3317
555,192,1809
556,192,376
557,192,769
558,192,1798
559,192,4254
560,192,766
561,192,745
562,192,186
563,192,191
564,192,96
565,192,74
566,192,101
567,192,225
568,192,1724
569,192,164
570,192,198
571,192,219
572,192,218
573,192,1709
490,193,986
491,193,149
492,193,165
493,193,166
494,193,126
495,193,109
496,193,123
497,193,191
498,193,1348
499,193,1171
500,193,258
501,193,129
502,193,66
503,193,768
504,193,1067
505,193,308
506,193,235
507,193,346
508,193,567
509,193,538
510,193,3173
511,193,3648
512,193,2132
513,193,447
514,193,402
515,193,311
516,193,513
517,193,350
518,193,271
519,193,4256
520,193,3326
521,193,1999
522,193,276
523,193,159
524,193,520
525,193,3341
526,193,4127
527,193,4837
528,193,3016
529,193,3572
530,193,5561
531,193,6607
532,193,5219
533,193,6909
534,193,8829
535,193,2902
536,193,1285
537,193,4709
538,193,5663
539,193,3598
540,193,2088
541,193,3564
542,193,818
543,193,1414
544,193,469
545,193,520
546,193,745
547,193,222
548,193,200
549,193,470
550,193,202
551,193,127
552,193,187
553,193,1095
554,193,123
555,193,92
556,193,59
557,193,675
558,193,2288
559,193,3025
560,193,2159
561,193,2284
562,193,560
563,193,265
564,193,175
565,193,160
566,193,796
567,193,1372
568,193,2579
569,193,164
570,193,192
571,193,209
572,193,193
573,193,2064
490,194,1765
491,194,148
492,194,77
493,194,210
494,194,123
495,194,91
496,194,42
497,194,120
498,194,276
499,194,232
500,194,276
501,194,473
502,194,162
503,194,1023
504,194,4167
505,194,2169
506,194,969
507,194,582
508,194,430
509,194,773
510,194,1319
511,194,3583
512,194,1424
513,194,1503
514,194,3624
515,194,1388
516,194,219
517,194,364
518,194,223
519,194,202
520,194,135
521,194,330
522,194,223
523,194,165
524,194,327
525,194,1115
526,194,3514
527,194,3944
528,194,4956
529,194,4526
530,194,2652
531,194,4692
532,194,4571
533,194,5116
534,194,7956
535,194,6184
536,194,569
537,194,2011
538,194,5068
539,194,2462
540,194,1486
541,194,2010
542,194,3021
543,194,367
544,194,60
545,194,154
546,194,289
547,194,128
548,194,65
549,194,109
550,194,103
551,194,88
552,194,55
553,194,73
554,194,112
555,194,63
556,194,60
557,194,90
558,194,2581
559,194,2889
560,194,1695
561,194,2273
562,194,2517
563,194,1224
564,194,224
565,194,190
566,194,1569
567,194,3106
568,194,3930
569,194,806
570,194,249
571,194,233
572,194,255
573,194,498
490,195,399
491,195,82
492,195,63
493,195,246
494,195,200
495,195,59
496,195,79
497,195,97
498,195,147
499,195,157
500,195,329
501,195,615
502,195,2014
503,195,675
504,195,1715
505,195,726
506,195,920
507,195,3756
508,195,2650
509,195,3275
510,195,5096
511,195,2200
512,195,2421
513,195,4384
514,195,2146
515,195,543
516,195,278
517,195,770
518,195,926
519,195,1909
520,195,3169
521,195,134
522,195,804
523,195,4054
524,195,5198
525,195,4125
526,195,4904
527,195,5064
528,195,3529
529,195,4473
530,195,3547
531,195,3142
532,195,3076
533,195,6925
534,195,6688
535,195,6217
536,195,1438
537,195,1883
538,195,1349
539,195,244
540,195,282
541,195,2264
542,195,3295
543,195,2365
544,195,184
545,195,55
546,195,101
547,195,135
548,195,64
549,195,106
550,195,80
551,195,74
552,195,33
553,195,30
554,195,64
555,195,112
556,195,129
557,195,474
558,195,3979
559,195,1014
560,195,423
561,195,2684
562,195,3723
563,195,1480
564,195,227
565,195,238
566,195,2359
567,195,3513
568,195,1158
569,195,206
570,195,116
571,195,558
572,195,185
573,195,189
490,196,1674
491,196,240
492,196,70
493,196,49
494,196,63
495,196,114
496,196,98
497,196,189
498,196,348
499,196,292
500,196,334
501,196,630
502,196,972
503,196,260
504,196,649
505,196,703
506,196,423
507,196,1644
508,196,2143
509,196,2334
510,196,4997
511,196,2732
512,196,1408
513,196,655
514,196,734
515,196,181
516,196,78
517,196,220
518,196,1303
519,196,3281
520,196,4152
521,196,212
522,196,368
523,196,2711
524,196,4263
525,196,3465
526,196,2840
527,196,3580
528,196,992
529,196,1080
530,196,2403
531,196,2354
532,196,2557
533,196,5034
534,196,2489
535,196,5120
536,196,780
537,196,235
538,196,122
539,196,105
540,196,172
541,196,491
542,196,3277
543,196,4726
544,196,1968
545,196,114
546,196,763
547,196,345
548,196,60
549,196,81
550,196,75
551,196,46
552,196,30
553,196,30
554,196,30
555,196,69
556,196,119
557,196,243
558,196,227
559,196,390
560,196,156
561,196,134
562,196,696
563,196,345
564,196,103
565,196,171
566,196,484
567,196,1259
568,196,2644
569,196,498
570,196,393
571,196,199
572,196,110
573,196,84
490,197,1123
491,197,216
492,197,135
493,197,51
494,197,57
495,197,601
496,197,2355
497,197,1724
498,197,966
499,197,1891
500,197,660
501,197,79
502,197,251
503,197,273
504,197,276
505,197,63
506,197,47
507,197,47
508,197,421
509,197,2792
510,197,4170
511,197,1513
512,197,2232
513,197,285
514,197,221
515,197,81
516,197,78
517,197,306
518,197,3733
519,197,4935
520,197,648
521,197,243
522,197,221
523,197,548
524,197,1007
525,197,674
526,197,1014
527,197,327
528,197,146
529,197,155
530,197,180
531,197,4520
532,197,6603
533,197,5960
534,197,4262
535,197,8595
536,197,2338
537,197,273
538,197,81
539,197,75
540,197,112
541,197,71
542,197,1254
543,197,3692
544,197,2269
545,197,258
546,197,148
547,197,55
548,197,45
549,197,63
550,197,38
551,197,23
552,197,30
553,197,30
554,197,30
555,197,30
556,197,139
557,197,371
558,197,137
559,197,102
560,197,119
561,197,113
562,197,85
563,197,248
564,197,58
565,197,58
566,197,122
567,197,304
568,197,376
569,197,182
570,197,234
571,197,115
572,197,95
573,197,76
490,198,147
491,198,152
492,198,136
493,198,103
494,198,150
495,198,396
496,198,2085
497,198,3214
498,198,294
499,198,546
500,198,302
501,198,51
502,198,56
503,198,313
504,198,179
505,198,48
506,198,47
507,198,50
508,198,320
509,198,2413
510,198,6947
511,198,4295
512,198,1562
513,198,116
514,198,108
515,198,710
516,198,188
517,198,622
518,198,1966
519,198,1850
520,198,90
521,198,77
522,198,80
523,198,71
524,198,66
525,198,132
526,198,900
527,198,323
528,198,57
529,198,45
530,198,91
531,198,627
532,198,3378
533,198,2283
534,198,3452
535,198,7154
536,198,4797
537,198,425
538,198,102
539,198,59
540,198,59
541,198,60
542,198,86
543,198,355
544,198,783
545,198,817
546,198,80
547,198,17
548,198,22
549,198,22
550,198,19
551,198,18
552,198,19
553,198,29
554,198,30
555,198,30
556,198,138
557,198,1736
558,198,636
559,198,1049
560,198,440
561,198,100
562,198,83
563,198,402
564,198,557
565,198,355
566,198,117
567,198,74
568,198,108
569,198,171
570,198,165
571,198,163
572,198,83
573,198,60
490,199,236
491,199,153
492,199,209
493,199,599
494,199,279
495,199,747
496,199,1222
497,199,1093
498,199,141
499,199,83
500,199,60
501,199,42
502,199,84
503,199,185
504,199,214
505,199,48
506,199,70
507,199,79
508,199,603
509,199,3036
510,199,4421
511,199,3743
512,199,2209
513,199,124
514,199,135
515,199,1739
516,199,1948
517,199,359
518,199,90
519,199,247
520,199,57
521,199,92
522,199,198
523,199,27
524,199,61
525,199,66
526,199,278
527,199,205
528,199,43
529,199,33
530,199,33
531,199,237
532,199,177
533,199,267
534,199,1142
535,199,5785
536,199,3692
537,199,418
538,199,428
539,199,711
540,199,504
541,199,191
542,199,53
543,199,134
544,199,296
545,199,1223
546,199,46
547,199,16
548,199,19
549,199,21
550,199,19
551,199,18
552,199,17
553,199,77
554,199,102
555,199,55
556,199,64
557,199,250
558,199,556
559,199,757
560,199,476
561,199,230
562,199,114
563,199,99
564,199,1551
565,199,879
566,199,305
567,199,74
568,199,81
569,199,121
570,199,114
571,199,106
572,199,89
573,199,67
490,200,110
491,200,161
492,200,200
493,200,184
494,200,91
495,200,414
496,200,1649
497,200,477
498,200,95
499,200,81
500,200,73
501,200,42
502,200,79
503,200,92
504,200,90
505,200,75
506,200,105
507,200,79
508,200,1231
509,200,996
510,200,4985
511,200,3238
512,200,1393
513,200,162
514,200,173
515,200,331
516,200,1310
517,200,701
518,200,895
519,200,540
520,200,43
521,200,86
522,200,301
523,200,639
524,200,1918
525,200,2562
526,200,2675
527,200,98
528,200,44
529,200,34
530,200,87
531,200,266
532,200,187
533,200,179
534,200,207
535,200,3168
536,200,3576
537,200,1420
538,200,3838
539,200,4435
540,200,3126
541,200,141
542,200,50
543,200,44
544,200,116
545,200,584
546,200,318
547,200,19
548,200,20
549,200,21
550,200,19
551,200,17
552,200,17
553,200,31
554,200,94
555,200,62
556,200,64
557,200,121
558,200,202
559,200,364
560,200,479
561,200,205
562,200,99
563,200,95
564,200,89
565,200,177
566,200,124
567,200,43
568,200,82
569,200,100
570,200,191
571,200,153
572,200,63
573,200,49
490,201,180
491,201,200
492,201,116
493,201,73
494,201,194
495,201,1521
496,201,1975
497,201,625
498,201,125
499,201,81
500,201,79
501,201,128
502,201,120
503,201,140
504,201,417
505,201,222
506,201,261
507,201,255
508,201,2646
509,201,2691
510,201,3545
511,201,1348
512,201,599
513,201,328
514,201,180
515,201,394
516,201,317
517,201,217
518,201,169
519,201,100
520,201,54
521,201,32
522,201,119
523,201,1892
524,201,3742
525,201,2663
526,201,3808
527,201,207
528,201,127
529,201,82
530,201,211
531,201,190
532,201,71
533,201,143
534,201,1164
535,201,2840
536,201,3055
537,201,171
538,201,1040
539,201,820
540,201,1336
541,201,50
542,201,49
543,201,26
544,201,50
545,201,2226
546,201,1472
547,201,277
548,201,16
549,201,20
550,201,27
551,201,37
552,201,39
553,201,25
554,201,62
555,201,374
556,201,74
557,201,74
558,201,113
559,201,105
560,201,314
561,201,88
562,201,87
563,201,81
564,201,84
565,201,65
566,201,119
567,201,275
568,201,48
569,201,106
570,201,218
571,201,218
572,201,114
573,201,69
490,202,218
491,202,205
492,202,91
493,202,77
494,202,917
495,202,4129
496,202,4012
497,202,937
498,202,311
499,202,145
500,202,74
501,202,194
502,202,97
503,202,198
504,202,565
505,202,358
506,202,701
507,202,1301
508,202,256
509,202,1158
510,202,658
511,202,102
512,202,2257
513,202,1394
514,202,290
515,202,172
516,202,357
517,202,362
518,202,125
519,202,100
520,202,46
521,202,32
522,202,41
523,202,41
524,202,711
525,202,1028
526,202,816
527,202,117
528,202,122
529,202,441
530,202,1295
531,202,404
532,202,450
533,202,1225
534,202,4402
535,202,5176
536,202,2108
537,202,353
538,202,43
539,202,53
540,202,76
541,202,68
542,202,49
543,202,26
544,202,78
545,202,2717
546,202,2315
547,202,895
548,202,15
549,202,27
550,202,55
551,202,63
552,202,86
553,202,82
554,202,455
555,202,1757
556,202,196
557,202,86
558,202,86
559,202,95
560,202,132
561,202,115
562,202,58
563,202,60
564,202,62
565,202,40
566,202,45
567,202,150
568,202,50
569,202,215
570,202,1784
571,202,1222
572,202,113
573,202,104
490,203,118
491,203,191
492,203,73
493,203,70
494,203,477
495,203,2292
496,203,1136
497,203,458
498,203,133
499,203,80
500,203,740
501,203,2137
502,203,311
503,203,103
504,203,330
505,203,435
506,203,472
507,203,697
508,203,453
509,203,784
510,203,323
511,203,75
512,203,138
513,203,1535
514,203,1777
515,203,177
516,203,482
517,203,1988
518,203,1017
519,203,84
520,203,25
521,203,44
522,203,63
523,203,106
524,203,812
525,203,739
526,203,228
527,203,112
528,203,107
529,203,1094
530,203,1260
531,203,837
532,203,744
533,203,1543
534,203,3780
535,203,3163
536,203,3050
537,203,179
538,203,34
539,203,45
540,203,76
541,203,76
542,203,41
543,203,26
544,203,99
545,203,315
546,203,321
547,203,342
548,203,96
549,203,209
550,203,208
551,203,66
552,203,74
553,203,58
554,203,493
555,203,593
556,203,275
557,203,64
558,203,43
559,203,56
560,203,92
561,203,96
562,203,40
563,203,56
564,203,60
565,203,58
566,203,44
567,203,49
568,203,49
569,203,170
570,203,1544
571,203,1991
572,203,104
573,203,104
490,204,84
491,204,155
492,204,68
493,204,65
494,204,67
495,204,251
496,204,164
497,204,52
498,204,51
499,204,51
500,204,69
501,204,116
502,204,79
503,204,216
504,204,424
505,204,463
506,204,811
507,204,613
508,204,226
509,204,396
510,204,99
511,204,65
512,204,69
513,204,2233
514,204,878
515,204,267
516,204,498
517,204,3518
518,204,504
519,204,23
520,204,42
521,204,67
522,204,159
523,204,273
524,204,1274
525,204,533
526,204,128
527,204,99
528,204,93
529,204,321
530,204,210
531,204,246
532,204,612
533,204,1265
534,204,700
535,204,466
536,204,2294
537,204,261
538,204,83
539,204,119
540,204,179
541,204,74
542,204,30
543,204,26
544,204,47
545,204,58
546,204,179
547,204,180
548,204,31
549,204,1083
550,204,1363
551,204,77
552,204,32
553,204,30
554,204,1152
555,204,525
556,204,105
557,204,42
558,204,42
559,204,42
560,204,55
561,204,61
562,204,39
563,204,39
564,204,45
565,204,53
566,204,57
567,204,57
568,204,56
569,204,309
570,204,5333
571,204,4012
572,204,3518
573,204,1320
490,205,46
491,205,72
492,205,73
493,205,65
494,205,72
495,205,108
496,205,135
497,205,137
498,205,70
499,205,51
500,205,50
501,205,23
502,205,43
503,205,391
504,205,639
505,205,1642
506,205,4252
507,205,3111
508,205,284
509,205,83
510,205,38
511,205,38
512,205,302
513,205,1614
514,205,3273
515,205,661
516,205,1684
517,205,672
518,205,120
519,205,76
520,205,361
521,205,298
522,205,437
523,205,1844
524,205,322
525,205,175
526,205,58
527,205,54
528,205,57
529,205,76
530,205,82
531,205,67
532,205,58
533,205,58
534,205,209
535,205,115
536,205,2688
537,205,507
538,205,141
539,205,427
540,205,277
541,205,83
542,205,62
543,205,53
544,205,58
545,205,58
546,205,152
547,205,42
548,205,31
549,205,133
550,205,444
551,205,172
552,205,30
553,205,30
554,205,115
555,205,136
556,205,82
557,205,64
558,205,45
559,205,36
560,205,36
561,205,33
562,205,37
563,205,38
564,205,44
565,205,55
566,205,246
567,205,1125
568,205,265
569,205,1302
570,205,3546
571,205,4141
572,205,3804
573,205,1585
490,206,81
491,206,96
492,206,90
493,206,79
494,206,92
495,206,102
496,206,102
497,206,143
498,206,81
499,206,252
500,206,159
501,206,154
502,206,220
503,206,2259
504,206,3880
505,206,3316
506,206,3318
507,206,4954
508,206,2178
509,206,45
510,206,18
511,206,21
512,206,690
513,206,1435
514,206,2596
515,206,3575
516,206,5299
517,206,1681
518,206,182
519,206,247
520,206,610
521,206,2093
522,206,2839
523,206,296
524,206,44
525,206,51
526,206,51
527,206,38
528,206,49
529,206,72
530,206,68
531,206,61
532,206,31
533,206,31
534,206,138
535,206,341
536,206,2743
537,206,1675
538,206,340
539,206,1237
540,206,180
541,206,65
542,206,93
543,206,201
544,206,506
545,206,61
546,206,35
547,206,33
548,206,68
549,206,79
550,206,63
551,206,43
552,206,39
553,206,44
554,206,63
555,206,45
556,206,50
557,206,77
558,206,52
559,206,35
560,206,33
561,206,33
562,206,33
563,206,33
564,206,51
565,206,57
566,206,834
567,206,1734
568,206,801
569,206,3961
570,206,2688
571,206,2411
572,206,1074
573,206,301
490,207,87
491,207,96
492,207,97
493,207,26
494,207,52
495,207,129
496,207,32
497,207,961
498,207,2435
499,207,3854
500,207,686
501,207,77
502,207,51
503,207,4086
504,207,4136
505,207,2522
506,207,3888
507,207,3286
508,207,1748
509,207,18
510,207,18
511,207,18
512,207,18
513,207,954
514,207,4065
515,207,3924
516,207,3931
517,207,2862
518,207,356
519,207,329
520,207,816
521,207,1983
522,207,3886
523,207,39
524,207,39
525,207,39
526,207,36
527,207,112
528,207,101
529,207,68
530,207,56
531,207,49
532,207,32
533,207,31
534,207,120
535,207,308
536,207,1779
537,207,1366
538,207,328
539,207,335
540,207,206
541,207,143
542,207,1064
543,207,4389
544,207,5081
545,207,3413
546,207,1190
547,207,37
548,207,79
549,207,73
550,207,39
551,207,39
552,207,40
553,207,61
554,207,63
555,207,67
556,207,69
557,207,67
558,207,37
559,207,35
560,207,33
561,207,33
562,207,33
563,207,114
564,207,126
565,207,43
566,207,89
567,207,173
568,207,1105
569,207,3514
570,207,2258
571,207,2302
572,207,1569
573,207,795
490,208,53
491,208,53
492,208,11
493,208,0
494,208,65
495,208,105
496,208,547
497,208,2676
498,208,2616
499,208,805
500,208,386
501,208,227
502,208,218
503,208,1275
504,208,3054
505,208,2270
506,208,4798
507,208,1695
508,208,912
509,208,42
510,208,31
511,208,25
512,208,19
513,208,394
514,208,2736
515,208,3450
516,208,2986
517,208,2356
518,208,518
519,208,194
520,208,237
521,208,2624
522,208,4673
523,208,1055
524,208,39
525,208,37
526,208,36
527,208,132
528,208,105
529,208,68
530,208,58
531,208,48
532,208,31
533,208,31
534,208,77
535,208,200
536,208,720
537,208,2201
538,208,341
539,208,189
540,208,256
541,208,135
542,208,1992
543,208,4918
544,208,6147
545,208,4939
546,208,6117
547,208,3120
548,208,55
549,208,58
550,208,45
551,208,48
552,208,55
553,208,48
554,208,41
555,208,64
556,208,74
557,208,48
558,208,32
559,208,32
560,208,31
561,208,33
562,208,33
563,208,191
564,208,164
565,208,33
566,208,48
567,208,56
568,208,3318
569,208,3602
570,208,4328
571,208,4029
572,208,3868
573,208,634
490,209,51
491,209,28
492,209,0
493,209,54
494,209,246
495,209,114
496,209,197
497,209,414
498,209,127
499,209,143
500,209,171
501,209,303
502,209,204
503,209,110
504,209,234
505,209,1110
506,209,6026
507,209,2935
508,209,563
509,209,80
510,209,39
511,209,39
512,209,39
513,209,40
514,209,1927
515,209,842
516,209,1825
517,209,1323
518,209,331
519,209,135
520,209,73
521,209,385
522,209,4198
523,209,1731
524,209,39
525,209,37
526,209,36
527,209,113
528,209,99
529,209,64
530,209,60
531,209,54
532,209,32
533,209,32
534,209,128
535,209,160
536,209,1360
537,209,5943
538,209,1444
539,209,254
540,209,582
541,209,118
542,209,321
543,209,2445
544,209,2777
545,209,4690
546,209,2961
547,209,931
548,209,32
549,209,54
550,209,58
551,209,59
552,209,59
553,209,42
554,209,19
555,209,48
556,209,51
557,209,27
558,209,24
559,209,24
560,209,24
561,209,26
562,209,33
563,209,33
564,209,33
565,209,33
566,209,35
567,209,37
568,209,348
569,209,934
570,209,2950
571,209,1156
572,209,2030
573,209,86
490,210,48
491,210,337
492,210,48
493,210,100
494,210,225
495,210,279
496,210,48
497,210,38
498,210,38
499,210,37
500,210,40
501,210,81
502,210,81
503,210,68
504,210,50
505,210,19
506,210,458
507,210,2135
508,210,213
509,210,89
510,210,39
511,210,39
512,210,39
513,210,40
514,210,67
515,210,110
516,210,77
517,210,817
518,210,181
519,210,73
520,210,70
521,210,87
522,210,237
523,210,418
524,210,1262
525,210,284
526,210,140
527,210,43
528,210,53
529,210,53
530,210,57
531,210,108
532,210,309
533,210,34
534,210,302
535,210,587
536,210,1055
537,210,4904
538,210,1092
539,210,105
540,210,169
541,210,107
542,210,169
543,210,2892
544,210,3086
545,210,4198
546,210,3832
547,210,274
548,210,52
549,210,52
550,210,53
551,210,54
552,210,52
553,210,48
554,210,21
555,210,28
556,210,29
557,210,28
558,210,25
559,210,29
560,210,29
561,210,31
562,210,34
563,210,33
564,210,34
565,210,32
566,210,37
567,210,37
568,210,49
569,210,333
570,210,961
571,210,337
572,210,212
573,210,102
490,211,68
491,211,2575
492,211,3852
493,211,572
494,211,120
495,211,120
496,211,103
497,211,69
498,211,47
499,211,41
500,211,17
501,211,13
502,211,41
503,211,77
504,211,51
505,211,19
506,211,19
507,211,43
508,211,89
509,211,96
510,211,535
511,211,40
512,211,339
513,211,224
514,211,181
515,211,64
516,211,47
517,211,65
518,211,105
519,211,79
520,211,70
521,211,101
522,211,802
523,211,1847
524,211,3710
525,211,4180
526,211,1043
527,211,52
528,211,57
529,211,62
530,211,315
531,211,631
532,211,1574
533,211,364
534,211,308
535,211,841
536,211,192
537,211,398
538,211,771
539,211,244
540,211,52
541,211,89
542,211,56
543,211,83
544,211,226
545,211,547
546,211,1114
547,211,2833
548,211,884
549,211,53
550,211,52
551,211,46
552,211,40
553,211,40
554,211,33
555,211,28
556,211,29
557,211,29
558,211,27
559,211,33
560,211,34
561,211,53
562,211,54
563,211,51
564,211,49
565,211,24
566,211,37
567,211,40
568,211,157
569,211,223
570,211,282
571,211,156
572,211,112
573,211,32
490,212,93
491,212,392
492,212,1455
493,212,694
494,212,122
495,212,101
496,212,102
497,212,102
498,212,101
499,212,92
500,212,154
501,212,112
502,212,79
503,212,90
504,212,83
505,212,19
506,212,37
507,212,70
508,212,95
509,212,402
510,212,2048
511,212,279
512,212,216
513,212,787
514,212,1600
515,212,236
516,212,91
517,212,488
518,212,147
519,212,58
520,212,81
521,212,127
522,212,1564
523,212,2623
524,212,3339
525,212,3270
526,212,1295
527,212,134
528,212,67
529,212,64
530,212,959
531,212,2670
532,212,1734
533,212,1247
534,212,659
535,212,306
536,212,220
537,212,523
538,212,207
539,212,288
540,212,75
541,212,94
542,212,73
543,212,43
544,212,26
545,212,112
546,212,220
547,212,1725
548,212,438
549,212,86
550,212,62
551,212,53
552,212,43
553,212,40
554,212,48
555,212,27
556,212,28
557,212,40
558,212,49
559,212,49
560,212,42
561,212,49
562,212,56
563,212,56
564,212,35
565,212,24
566,212,53
567,212,91
568,212,111
569,212,113
570,212,184
571,212,368
572,212,74
573,212,41
490,213,78
491,213,115
492,213,243
493,213,198
494,213,120
495,213,97
496,213,97
497,213,82
498,213,87
499,213,126
500,213,117
501,213,29
502,213,32
503,213,89
504,213,74
505,213,22
506,213,52
507,213,75
508,213,229
509,213,357
510,213,260
511,213,57
512,213,130
513,213,1378
514,213,4434
515,213,727
516,213,236
517,213,1750
518,213,1005
519,213,18
520,213,39
521,213,105
522,213,531
523,213,1506
524,213,1337
525,213,2045
526,213,1487
527,213,158
528,213,86
529,213,87
530,213,1878
531,213,1656
532,213,2578
533,213,1100
534,213,1154
535,213,1085
536,213,1235
537,213,320
538,213,128
539,213,53
540,213,74
541,213,131
542,213,136
543,213,49
544,213,42
545,213,157
546,213,251
547,213,592
548,213,377
549,213,124
550,213,186
551,213,76
552,213,63
553,213,60
554,213,62
555,213,28
556,213,27
557,213,39
558,213,114
559,213,96
560,213,44
561,213,36
562,213,41
563,213,54
564,213,30
565,213,37
566,213,78
567,213,111
568,213,242
569,213,235
570,213,139
571,213,158
572,213,49
573,213,52
