xv,yv,rho
490,148,178
491,148,102
492,148,102
493,148,61
494,148,45
495,148,143
496,148,159
497,148,325
498,148,1198
499,148,1297
500,148,674
501,148,346
502,148,171
503,148,54
504,148,78
505,148,110
506,148,67
507,148,91
508,148,132
509,148,99
510,148,47
511,148,47
512,148,292
513,148,330
514,148,253
515,148,792
516,148,2641
517,148,1126
518,148,436
519,148,228
520,148,236
521,148,78
522,148,78
523,148,173
524,148,597
525,148,3450
526,148,2331
527,148,828
528,148,355
529,148,279
530,148,513
531,148,161
532,148,55
533,148,55
534,148,101
535,148,133
536,148,496
537,148,129
538,148,47
539,148,41
540,148,75
541,148,105
542,148,100
543,148,123
544,148,255
545,148,161
546,148,70
547,148,70
548,148,57
549,148,52
550,148,55
551,148,46
552,148,24
553,148,19
554,148,81
555,148,184
556,148,710
557,148,1049
558,148,1724
559,148,4204
560,148,3138
561,148,311
562,148,102
563,148,30
564,148,44
565,148,385
566,148,715
567,148,228
568,148,156
569,148,146
570,148,127
571,148,95
572,148,100
573,148,101
490,149,210
491,149,242
492,149,249
493,149,124
494,149,105
495,149,199
496,149,548
497,149,1445
498,149,3551
499,149,3273
500,149,3263
501,149,633
502,149,502
503,149,120
504,149,67
505,149,90
506,149,63
507,149,73
508,149,90
509,149,76
510,149,47
511,149,46
512,149,123
513,149,263
514,149,236
515,149,675
516,149,3324
517,149,709
518,149,391
519,149,430
520,149,305
521,149,108
522,149,90
523,149,229
524,149,522
525,149,3111
526,149,2982
527,149,2804
528,149,1889
529,149,381
530,149,617
531,149,266
532,149,102
533,149,98
534,149,165
535,149,155
536,149,140
537,149,129
538,149,181
539,149,285
540,149,122
541,149,125
542,149,116
543,149,93
544,149,123
545,149,103
546,149,74
547,149,73
548,149,70
549,149,68
550,149,68
551,149,74
552,149,97
553,149,48
554,149,97
555,149,129
556,149,350
557,149,371
558,149,762
559,149,1035
560,149,1017
561,149,176
562,149,96
563,149,317
564,149,190
565,149,130
566,149,219
567,149,174
568,149,194
569,149,188
570,149,198
571,149,91
572,149,89
573,149,143
490,150,611
491,150,372
492,150,290
493,150,277
494,150,185
495,150,208
496,150,1648
497,150,3090
498,150,2182
499,150,2828
500,150,1634
501,150,3850
502,150,1104
503,150,280
504,150,119
505,150,44
506,150,44
507,150,52
508,150,52
509,150,58
510,150,113
511,150,46
512,150,46
513,150,89
514,150,205
515,150,378
516,150,527
517,150,480
518,150,234
519,150,425
520,150,280
521,150,156
522,150,126
523,150,229
524,150,1044
525,150,1837
526,150,2810
527,150,4132
528,150,1379
529,150,381
530,150,74
531,150,152
532,150,712
533,150,232
534,150,199
535,150,167
536,150,111
537,150,113
538,150,176
539,150,569
540,150,505
541,150,236
542,150,136
543,150,87
544,150,92
545,150,143
546,150,92
547,150,82
548,150,70
549,150,70
550,150,68
551,150,69
552,150,187
553,150,165
554,150,119
555,150,147
556,150,105
557,150,0
558,150,305
559,150,534
560,150,261
561,150,142
562,150,538
563,150,314
564,150,78
565,150,112
566,150,114
567,150,96
568,150,131
569,150,273
570,150,209
571,150,52
572,150,30
573,150,491
490,151,985
491,151,207
492,151,216
493,151,149
494,151,186
495,151,383
496,151,977
497,151,2901
498,151,4674
499,151,2871
500,151,957
501,151,2043
502,151,1102
503,151,367
504,151,192
505,151,50
506,151,50
507,151,70
508,151,53
509,151,107
510,151,170
511,151,191
512,151,94
513,151,98
514,151,129
515,151,125
516,151,130
517,151,161
518,151,207
519,151,327
520,151,216
521,151,95
522,151,96
523,151,222
524,151,348
525,151,1168
526,151,1313
527,151,3985
528,151,1716
529,151,686
530,151,232
531,151,200
532,151,184
533,151,300
534,151,531
535,151,264
536,151,107
537,151,158
538,151,320
539,151,1213
540,151,1814
541,151,435
542,151,173
543,151,118
544,151,120
545,151,144
546,151,96
547,151,85
548,151,83
549,151,86
550,151,72
551,151,68
552,151,118
553,151,143
554,151,112
555,151,76
556,151,42
557,151,1
558,151,53
559,151,70
560,151,77
561,151,126
562,151,415
563,151,71
564,151,55
565,151,55
566,151,92
567,151,95
568,151,96
569,151,197
570,151,110
571,151,54
572,151,103
573,151,947
490,152,483
491,152,150
492,152,174
493,152,62
494,152,86
495,152,340
496,152,904
497,152,682
498,152,1531
499,152,1868
500,152,638
501,152,821
502,152,386
503,152,278
504,152,243
505,152,144
506,152,201
507,152,213
508,152,113
509,152,149
510,152,186
511,152,314
512,152,525
513,152,312
514,152,290
515,152,180
516,152,168
517,152,122
518,152,152
519,152,392
520,152,173
521,152,70
522,152,70
523,152,94
524,152,233
525,152,370
526,152,420
527,152,250
528,152,1423
529,152,3097
530,152,849
531,152,53
532,152,144
533,152,243
534,152,251
535,152,395
536,152,97
537,152,223
538,152,583
539,152,1444
540,152,327
541,152,164
542,152,180
543,152,198
544,152,208
545,152,124
546,152,110
547,152,66
548,152,86
549,152,99
550,152,80
551,152,25
552,152,214
553,152,357
554,152,149
555,152,69
556,152,69
557,152,59
558,152,70
559,152,70
560,152,68
561,152,63
562,152,57
563,152,38
564,152,38
565,152,46
566,152,74
567,152,89
568,152,95
569,152,110
570,152,49
571,152,104
572,152,142
573,152,319
490,153,88
491,153,81
492,153,45
493,153,47
494,153,106
495,153,269
496,153,370
497,153,153
498,153,110
499,153,459
500,153,279
501,153,293
502,153,313
503,153,318
504,153,215
505,153,73
506,153,197
507,153,219
508,153,399
509,153,567
510,153,736
511,153,465
512,153,858
513,153,755
514,153,293
515,153,214
516,153,42
517,153,9
518,153,80
519,153,200
520,153,111
521,153,162
522,153,183
523,153,239
524,153,558
525,153,350
526,153,203
527,153,3
528,153,541
529,153,1426
530,153,775
531,153,178
532,153,207
533,153,221
534,153,313
535,153,311
536,153,105
537,153,126
538,153,1034
539,153,934
540,153,380
541,153,106
542,153,163
543,153,226
544,153,412
545,153,269
546,153,159
547,153,10
548,153,2
549,153,25
550,153,268
551,153,402
552,153,507
553,153,462
554,153,233
555,153,80
556,153,84
557,153,89
558,153,68
559,153,79
560,153,90
561,153,65
562,153,61
563,153,38
564,153,50
565,153,131
566,153,83
567,153,84
568,153,297
569,153,248
570,153,162
571,153,161
572,153,288
573,153,326
490,154,32
491,154,29
492,154,39
493,154,39
494,154,172
495,154,214
496,154,191
497,154,122
498,154,141
499,154,209
500,154,179
501,154,318
502,154,399
503,154,694
504,154,275
505,154,78
506,154,75
507,154,254
508,154,656
509,154,610
510,154,461
511,154,329
512,154,1550
513,154,2342
514,154,955
515,154,448
516,154,157
517,154,189
518,154,135
519,154,94
520,154,100
521,154,227
522,154,412
523,154,347
524,154,357
525,154,366
526,154,106
527,154,101
528,154,233
529,154,213
530,154,163
531,154,420
532,154,536
533,154,1001
534,154,484
535,154,292
536,154,132
537,154,129
538,154,212
539,154,294
540,154,74
541,154,21
542,154,117
543,154,263
544,154,683
545,154,441
546,154,233
547,154,296
548,154,280
549,154,128
550,154,298
551,154,689
552,154,2081
553,154,510
554,154,190
555,154,94
556,154,98
557,154,95
558,154,68
559,154,76
560,154,130
561,154,131
562,154,75
563,154,65
564,154,135
565,154,148
566,154,129
567,154,108
568,154,345
569,154,244
570,154,169
571,154,223
572,154,1911
573,154,2806
490,155,21
491,155,26
492,155,125
493,155,165
494,155,232
495,155,244
496,155,227
497,155,221
498,155,241
499,155,439
500,155,188
501,155,416
502,155,647
503,155,756
504,155,161
505,155,216
506,155,82
507,155,142
508,155,363
509,155,133
510,155,88
511,155,297
512,155,653
513,155,1806
514,155,1935
515,155,726
516,155,692
517,155,406
518,155,87
519,155,11
520,155,104
521,155,344
522,155,488
523,155,602
524,155,591
525,155,443
526,155,158
527,155,146
528,155,197
529,155,67
530,155,169
531,155,347
532,155,1486
533,155,2422
534,155,1324
535,155,487
536,155,175
537,155,138
538,155,161
539,155,96
540,155,21
541,155,52
542,155,163
543,155,228
544,155,157
545,155,99
546,155,184
547,155,435
548,155,277
549,155,306
550,155,823
551,155,1558
552,155,2308
553,155,1172
554,155,413
555,155,115
556,155,98
557,155,125
558,155,159
559,155,173
560,155,254
561,155,280
562,155,91
563,155,87
564,155,87
565,155,143
566,155,169
567,155,128
568,155,135
569,155,149
570,155,201
571,155,298
572,155,643
573,155,1135
490,156,494
491,156,22
492,156,24
493,156,312
494,156,540
495,156,549
496,156,369
497,156,335
498,156,412
499,156,1363
500,156,2238
501,156,1113
502,156,402
503,156,197
504,156,267
505,156,249
506,156,82
507,156,79
508,156,318
509,156,70
510,156,68
511,156,103
512,156,280
513,156,529
514,156,1747
515,156,1249
516,156,2017
517,156,1376
518,156,373
519,156,169
520,156,154
521,156,404
522,156,1114
523,156,1697
524,156,578
525,156,339
526,156,311
527,156,309
528,156,334
529,156,130
530,156,469
531,156,829
532,156,3313
533,156,2693
534,156,1518
535,156,377
536,156,221
537,156,158
538,156,148
539,156,144
540,156,160
541,156,206
542,156,251
543,156,166
544,156,101
545,156,66
546,156,37
547,156,204
548,156,90
549,156,129
550,156,855
551,156,1535
552,156,1586
553,156,3576
554,156,536
555,156,196
556,156,139
557,156,167
558,156,199
559,156,211
560,156,313
561,156,611
562,156,152
563,156,86
564,156,75
565,156,83
566,156,100
567,156,148
568,156,195
569,156,191
570,156,291
571,156,257
572,156,555
573,156,1219
490,157,537
491,157,62
492,157,0
493,157,425
494,157,676
495,157,929
496,157,1303
497,157,1718
498,157,1124
499,157,2658
500,157,2890
501,157,2426
502,157,610
503,157,339
504,157,293
505,157,211
506,157,44
507,157,44
508,157,65
509,157,68
510,157,68
511,157,117
512,157,222
513,157,176
514,157,208
515,157,867
516,157,1866
517,157,1524
518,157,1238
519,157,396
520,157,362
521,157,463
522,157,992
523,157,3961
524,157,747
525,157,239
526,157,153
527,157,437
528,157,546
529,157,692
530,157,1486
531,157,2590
532,157,1819
533,157,1042
534,157,1126
535,157,871
536,157,551
537,157,211
538,157,153
539,157,236
540,157,309
541,157,594
542,157,490
543,157,208
544,157,102
545,157,102
546,157,61
547,157,82
548,157,101
549,157,111
550,157,361
551,157,756
552,157,407
553,157,651
554,157,609
555,157,394
556,157,133
557,157,107
558,157,160
559,157,233
560,157,1229
561,157,938
562,157,204
563,157,100
564,157,62
565,157,148
566,157,424
567,157,864
568,157,749
569,157,1917
570,157,1183
571,157,1103
572,157,573
573,157,721
490,158,25
491,158,0
492,158,5
493,158,0
494,158,368
495,158,1272
496,158,2913
497,158,1505
498,158,1003
499,158,2879
500,158,3146
501,158,2107
502,158,1225
503,158,546
504,158,146
505,158,177
506,158,61
507,158,60
508,158,66
509,158,151
510,158,213
511,158,625
512,158,299
513,158,146
514,158,0
515,158,253
516,158,1185
517,158,2125
518,158,2648
519,158,1260
520,158,917
521,158,604
522,158,1384
523,158,2211
524,158,1335
525,158,770
526,158,233
527,158,867
528,158,1659
529,158,1309
530,158,2229
531,158,1678
532,158,1409
533,158,1198
534,158,1324
535,158,2220
536,158,1303
537,158,180
538,158,119
539,158,376
540,158,453
541,158,1918
542,158,1050
543,158,182
544,158,99
545,158,103
546,158,115
547,158,125
548,158,138
549,158,169
550,158,185
551,158,487
552,158,488
553,158,623
554,158,1053
555,158,547
556,158,132
557,158,90
558,158,78
559,158,200
560,158,373
561,158,458
562,158,177
563,158,85
564,158,72
565,158,215
566,158,241
567,158,473
568,158,380
569,158,2795
570,158,2945
571,158,2605
572,158,1621
573,158,286
490,159,524
491,159,145
492,159,147
493,159,107
494,159,373
495,159,675
496,159,860
497,159,400
498,159,787
499,159,3146
500,159,2555
501,159,2887
502,159,2695
503,159,1659
504,159,1233
505,159,386
506,159,428
507,159,240
508,159,113
509,159,62
510,159,324
511,159,869
512,159,916
513,159,648
514,159,482
515,159,295
516,159,421
517,159,467
518,159,1969
519,159,1853
520,159,1573
521,159,1718
522,159,1174
523,159,2550
524,159,2398
525,159,2045
526,159,922
527,159,1420
528,159,3703
529,159,2962
530,159,2509
531,159,2152
532,159,1273
533,159,1381
534,159,1674
535,159,1394
536,159,548
537,159,32
538,159,61
539,159,330
540,159,483
541,159,1339
542,159,730
543,159,125
544,159,98
545,159,107
546,159,119
547,159,123
548,159,147
549,159,217
550,159,325
551,159,394
552,159,570
553,159,631
554,159,636
555,159,339
556,159,114
557,159,104
558,159,78
559,159,159
560,159,207
561,159,154
562,159,77
563,159,138
564,159,161
565,159,206
566,159,166
567,159,90
568,159,294
569,159,835
570,159,644
571,159,553
572,159,176
573,159,320
490,160,511
491,160,395
492,160,164
493,160,193
494,160,643
495,160,483
496,160,110
497,160,221
498,160,230
499,160,411
500,160,486
501,160,812
502,160,2546
503,160,1608
504,160,1061
505,160,774
506,160,2781
507,160,478
508,160,124
509,160,212
510,160,1862
511,160,1465
512,160,671
513,160,800
514,160,1130
515,160,316
516,160,113
517,160,146
518,160,409
519,160,1591
520,160,3067
521,160,3225
522,160,1069
523,160,793
524,160,540
525,160,1977
526,160,682
527,160,370
528,160,924
529,160,2197
530,160,2802
531,160,3503
532,160,2227
533,160,1460
534,160,2234
535,160,1051
536,160,380
537,160,282
538,160,393
539,160,483
540,160,369
541,160,214
542,160,220
543,160,186
544,160,135
545,160,129
546,160,128
547,160,130
548,160,259
549,160,215
550,160,143
551,160,214
552,160,221
553,160,173
554,160,177
555,160,101
556,160,105
557,160,96
558,160,78
559,160,132
560,160,135
561,160,66
562,160,63
563,160,158
564,160,189
565,160,195
566,160,153
567,160,88
568,160,187
569,160,455
570,160,551
571,160,311
572,160,305
573,160,339
490,161,617
491,161,537
492,161,1084
493,161,483
494,161,535
495,161,370
496,161,397
497,161,327
498,161,141
499,161,122
500,161,189
501,161,169
502,161,648
503,161,2156
504,161,3074
505,161,1644
506,161,1798
507,161,456
508,161,320
509,161,244
510,161,338
511,161,307
512,161,350
513,161,307
514,161,356
515,161,346
516,161,115
517,161,69
518,161,6
519,161,1007
520,161,4162
521,161,2486
522,161,1161
523,161,823
524,161,1240
525,161,611
526,161,850
527,161,402
528,161,433
529,161,870
530,161,2457
531,161,2783
532,161,2507
533,161,2640
534,161,1400
535,161,739
536,161,437
537,161,595
538,161,2855
539,161,1362
540,161,341
541,161,55
542,161,178
543,161,196
544,161,130
545,161,131
546,161,155
547,161,120
548,161,139
549,161,187
550,161,122
551,161,152
552,161,142
553,161,154
554,161,105
555,161,100
556,161,99
557,161,78
558,161,81
559,161,68
560,161,58
561,161,57
562,161,56
563,161,473
564,161,469
565,161,120
566,161,63
567,161,29
568,161,91
569,161,1373
570,161,1755
571,161,315
572,161,578
573,161,290
490,162,467
491,162,991
492,162,1057
493,162,591
494,162,307
495,162,254
496,162,425
497,162,547
498,162,500
499,162,146
500,162,3
501,162,59
502,162,389
503,162,1201
504,162,2578
505,162,1398
506,162,823
507,162,338
508,162,452
509,162,357
510,162,287
511,162,483
512,162,283
513,162,200
514,162,358
515,162,766
516,162,684
517,162,496
518,162,312
519,162,212
520,162,1978
521,162,3120
522,162,1900
523,162,1856
524,162,2613
525,162,1489
526,162,2366
527,162,2248
528,162,1893
529,162,2968
530,162,2147
531,162,2230
532,162,4594
533,162,2888
534,162,2548
535,162,4246
536,162,2810
537,162,2839
538,162,5731
539,162,1058
540,162,272
541,162,131
542,162,173
543,162,208
544,162,104
545,162,199
546,162,201
547,162,664
548,162,464
549,162,276
550,162,164
551,162,74
552,162,74
553,162,76
554,162,99
555,162,100
556,162,301
557,162,427
558,162,136
559,162,85
560,162,58
561,162,82
562,162,125
563,162,441
564,162,440
565,162,75
566,162,47
567,162,29
568,162,148
569,162,515
570,162,516
571,162,252
572,162,212
573,162,211
490,163,360
491,163,1038
492,163,483
493,163,682
494,163,617
495,163,98
496,163,264
497,163,189
498,163,112
499,163,57
500,163,2
501,163,478
502,163,1208
503,163,2168
504,163,2088
505,163,1056
506,163,614
507,163,1259
508,163,1503
509,163,1016
510,163,1036
511,163,976
512,163,461
513,163,425
514,163,696
515,163,2106
516,163,1185
517,163,2050
518,163,3124
519,163,2227
520,163,3705
521,163,3717
522,163,2200
523,163,1265
524,163,3795
525,163,4391
526,163,5093
527,163,5021
528,163,4570
529,163,5719
530,163,3922
531,163,2127
532,163,5699
533,163,2415
534,163,1249
535,163,2056
536,163,1317
537,163,4753
538,163,5988
539,163,1163
540,163,371
541,163,230
542,163,410
543,163,600
544,163,552
545,163,1818
546,163,1963
547,163,637
548,163,116
549,163,112
550,163,124
551,163,74
552,163,70
553,163,59
554,163,66
555,163,156
556,163,485
557,163,870
558,163,403
559,163,103
560,163,83
561,163,110
562,163,115
563,163,314
564,163,87
565,163,40
566,163,40
567,163,68
568,163,73
569,163,149
570,163,327
571,163,302
572,163,185
573,163,436
490,164,120
491,164,227
492,164,312
493,164,391
494,164,155
495,164,26
496,164,64
497,164,58
498,164,79
499,164,91
500,164,157
501,164,342
502,164,297
503,164,1215
504,164,3603
505,164,2838
506,164,1310
507,164,2780
508,164,3089
509,164,1430
510,164,2374
511,164,3828
512,164,1636
513,164,1132
514,164,1034
515,164,1557
516,164,1267
517,164,3788
518,164,5858
519,164,2972
520,164,4166
521,164,4027
522,164,4976
523,164,4369
524,164,6110
525,164,6388
526,164,6957
527,164,4467
528,164,5251
529,164,5270
530,164,4748
531,164,4993
532,164,5500
533,164,2711
534,164,631
535,164,469
536,164,1215
537,164,3182
538,164,1327
539,164,1816
540,164,633
541,164,494
542,164,686
543,164,1128
544,164,2233
545,164,4013
546,164,4240
547,164,1047
548,164,118
549,164,96
550,164,94
551,164,74
552,164,58
553,164,58
554,164,115
555,164,194
556,164,193
557,164,205
558,164,212
559,164,116
560,164,225
561,164,102
562,164,109
563,164,117
564,164,99
565,164,82
566,164,64
567,164,73
568,164,73
569,164,270
570,164,395
571,164,95
572,164,177
573,164,741
490,165,134
491,165,163
492,165,214
493,165,213
494,165,238
495,165,189
496,165,120
497,165,54
498,165,71
499,165,187
500,165,171
501,165,356
502,165,613
503,165,1188
504,165,2001
505,165,1104
506,165,724
507,165,2112
508,165,1067
509,165,1673
510,165,2852
511,165,2951
512,165,1237
513,165,749
514,165,1328
515,165,2334
516,165,1551
517,165,1703
518,165,5545
519,165,3314
520,165,1798
521,165,3553
522,165,5535
523,165,5417
524,165,4938
525,165,5610
526,165,5902
527,165,6588
528,165,3028
529,165,1524
530,165,1758
531,165,5178
532,165,3009
533,165,5499
534,165,2510
535,165,2160
536,165,3996
537,165,5568
538,165,3136
539,165,2962
540,165,1324
541,165,1089
542,165,1907
543,165,1524
544,165,4003
545,165,3668
546,165,4362
547,165,2162
548,165,723
549,165,296
550,165,87
551,165,101
552,165,333
553,165,322
554,165,208
555,165,149
556,165,148
557,165,130
558,165,99
559,165,197
560,165,307
561,165,41
562,165,89
563,165,201
564,165,485
565,165,152
566,165,73
567,165,45
568,165,92
569,165,166
570,165,157
571,165,287
572,165,266
573,165,393
490,166,153
491,166,150
492,166,322
493,166,288
494,166,375
495,166,447
496,166,216
497,166,132
498,166,91
499,166,286
500,166,202
501,166,340
502,166,513
503,166,1855
504,166,3277
505,166,561
506,166,404
507,166,832
508,166,1018
509,166,2141
510,166,5317
511,166,2106
512,166,665
513,166,964
514,166,1660
515,166,1941
516,166,3076
517,166,3019
518,166,5229
519,166,5268
520,166,3814
521,166,4899
522,166,4357
523,166,4619
524,166,5821
525,166,5082
526,166,5979
527,166,6749
528,166,2167
529,166,482
530,166,3674
531,166,9277
532,166,7095
533,166,8891
534,166,6900
535,166,2938
536,166,2196
537,166,2422
538,166,2944
539,166,4922
540,166,2451
541,166,989
542,166,2037
543,166,1943
544,166,4036
545,166,3789
546,166,4367
547,166,5424
548,166,503
549,166,336
550,166,156
551,166,97
552,166,248
553,166,235
554,166,192
555,166,134
556,166,149
557,166,97
558,166,95
559,166,168
560,166,238
561,166,269
562,166,272
563,166,393
564,166,508
565,166,318
566,166,37
567,166,37
568,166,89
569,166,143
570,166,1052
571,166,562
572,166,1065
573,166,2105
490,167,163
491,167,397
492,167,567
493,167,1285
494,167,822
495,167,792
496,167,163
497,167,154
498,167,494
499,167,944
500,167,243
501,167,340
502,167,258
503,167,1071
504,167,673
505,167,432
506,167,802
507,167,2083
508,167,2621
509,167,1390
510,167,2138
511,167,581
512,167,1150
513,167,2370
514,167,2453
515,167,2247
516,167,1348
517,167,4327
518,167,5484
519,167,3733
520,167,4367
521,167,5217
522,167,4312
523,167,3826
524,167,3575
525,167,4172
526,167,6401
527,167,2767
528,167,824
529,167,1618
530,167,5796
531,167,8882
532,167,8228
533,167,4875
534,167,7318
535,167,4288
536,167,5298
537,167,1909
538,167,2249
539,167,4485
540,167,2336
541,167,2924
542,167,4266
543,167,3133
544,167,3760
545,167,4205
546,167,4292
547,167,3444
548,167,887
549,167,383
550,167,908
551,167,690
552,167,228
553,167,165
554,167,250
555,167,209
556,167,262
557,167,187
558,167,105
559,167,234
560,167,1415
561,167,426
562,167,256
563,167,364
564,167,834
565,167,415
566,167,118
567,167,73
568,167,28
569,167,130
570,167,486
571,167,1002
572,167,1135
573,167,2709
490,168,794
491,168,637
492,168,379
493,168,778
494,168,303
495,168,347
496,168,109
497,168,224
498,168,365
499,168,815
500,168,303
501,168,421
502,168,376
503,168,404
504,168,683
505,168,530
506,168,911
507,168,837
508,168,1189
509,168,2195
510,168,1785
511,168,940
512,168,1297
513,168,5014
514,168,3271
515,168,966
516,168,399
517,168,1745
518,168,6337
519,168,3873
520,168,6247
521,168,5535
522,168,3472
523,168,3777
524,168,5890
525,168,5251
526,168,3575
527,168,5219
528,168,3181
529,168,6161
530,168,7600
531,168,10020
532,168,8922
533,168,8295
534,168,7893
535,168,3609
536,168,5619
537,168,2083
538,168,2764
539,168,4560
540,168,3725
541,168,5530
542,168,3203
543,168,1351
544,168,1219
545,168,2795
546,168,4949
547,168,2950
548,168,906
549,168,565
550,168,3668
551,168,3024
552,168,1174
553,168,24
554,168,202
555,168,393
556,168,354
557,168,87
558,168,122
559,168,259
560,168,1217
561,168,899
562,168,664
563,168,591
564,168,648
565,168,346
566,168,163
567,168,92
568,168,0
569,168,112
570,168,1050
571,168,3747
572,168,4879
573,168,1500
490,169,2183
491,169,1537
492,169,202
493,169,276
494,169,425
495,169,67
496,169,80
497,169,183
498,169,54
499,169,387
500,169,536
501,169,530
502,169,789
503,169,1065
504,169,1732
505,169,628
506,169,344
507,169,673
508,169,985
509,169,2641
510,169,3153
511,169,1343
512,169,1477
513,169,3159
514,169,969
515,169,464
516,169,769
517,169,2270
518,169,6080
519,169,6859
520,169,4197
521,169,1986
522,169,3991
523,169,7910
524,169,6703
525,169,4811
526,169,4729
527,169,5881
528,169,5976
529,169,7012
530,169,7118
531,169,6421
532,169,7406
533,169,4735
534,169,5916
535,169,8524
536,169,5471
537,169,4133
538,169,3763
539,169,4471
540,169,4668
541,169,2757
542,169,1779
543,169,1084
544,169,648
545,169,2049
546,169,3811
547,169,1331
548,169,453
549,169,322
550,169,686
551,169,1903
552,169,620
553,169,83
554,169,113
555,169,787
556,169,717
557,169,50
558,169,94
559,169,485
560,169,724
561,169,565
562,169,699
563,169,1276
564,169,410
565,169,356
566,169,297
567,169,103
568,169,39
569,169,250
570,169,460
571,169,1977
572,169,4398
573,169,6216
490,170,759
491,170,609
492,170,246
493,170,123
494,170,207
495,170,80
496,170,80
497,170,431
498,170,1513
499,170,1485
500,170,1493
501,170,1615
502,170,3321
503,170,2954
504,170,4796
505,170,3352
506,170,1331
507,170,2456
508,170,4626
509,170,4382
510,170,2235
511,170,1005
512,170,2323
513,170,4176
514,170,2199
515,170,2010
516,170,4338
517,170,2994
518,170,6554
519,170,3422
520,170,1000
521,170,832
522,170,1292
523,170,3962
524,170,5609
525,170,10062
526,170,7356
527,170,10825
528,170,11682
529,170,10707
530,170,6696
531,170,4168
532,170,5292
533,170,7607
534,170,5341
535,170,7500
536,170,2586
537,170,2212
538,170,2047
539,170,4451
540,170,4105
541,170,1217
542,170,1578
543,170,2102
544,170,1373
545,170,762
546,170,1267
547,170,1498
548,170,684
549,170,336
550,170,415
551,170,952
552,170,1353
553,170,309
554,170,400
555,170,751
556,170,578
557,170,293
558,170,103
559,170,171
560,170,263
561,170,273
562,170,386
563,170,710
564,170,665
565,170,966
566,170,873
567,170,627
568,170,244
569,170,273
570,170,801
571,170,630
572,170,1018
573,170,2157
490,171,168
491,171,113
492,171,112
493,171,80
494,171,80
495,171,80
496,171,81
497,171,415
498,171,832
499,171,1263
500,171,1313
501,171,1692
502,171,1995
503,171,1812
504,171,2154
505,171,3392
506,171,4781
507,171,5064
508,171,2785
509,171,2885
510,171,1592
511,171,2639
512,171,3859
513,171,2896
514,171,4804
515,171,6267
516,171,3194
517,171,3576
518,171,2080
519,171,691
520,171,615
521,171,1062
522,171,462
523,171,1336
524,171,3423
525,171,6157
526,171,5854
527,171,12760
528,171,8805
529,171,8504
530,171,8380
531,171,8354
532,171,8298
533,171,6555
534,171,5373
535,171,8390
536,171,6342
537,171,6119
538,171,6494
539,171,7365
540,171,6102
541,171,3853
542,171,5826
543,171,6108
544,171,2339
545,171,2432
546,171,4106
547,171,2495
548,171,1499
549,171,497
550,171,1595
551,171,1907
552,171,572
553,171,575
554,171,520
555,171,494
556,171,681
557,171,1019
558,171,360
559,171,393
560,171,140
561,171,345
562,171,1345
563,171,1284
564,171,1591
565,171,5114
566,171,5320
567,171,930
568,171,227
569,171,153
570,171,1035
571,171,655
572,171,464
573,171,414
490,172,68
491,172,156
492,172,125
493,172,105
494,172,82
495,172,70
496,172,9
497,172,3
498,172,8
499,172,73
500,172,299
501,172,485
502,172,394
503,172,524
504,172,523
505,172,2246
506,172,2084
507,172,1257
508,172,380
509,172,3355
510,172,4462
511,172,3013
512,172,5376
513,172,3704
514,172,5639
515,172,4549
516,172,2717
517,172,3128
518,172,531
519,172,134
520,172,418
521,172,886
522,172,1440
523,172,3064
524,172,4497
525,172,7480
526,172,6760
527,172,8731
528,172,12712
529,172,5634
530,172,10850
531,172,8548
532,172,7911
533,172,1754
534,172,5565
535,172,8719
536,172,8526
537,172,5823
538,172,7290
539,172,7840
540,172,5328
541,172,3298
542,172,5583
543,172,5344
544,172,4560
545,172,4792
546,172,3465
547,172,3841
548,172,1886
549,172,445
550,172,1505
551,172,1224
552,172,939
553,172,2637
554,172,1260
555,172,1012
556,172,822
557,172,429
558,172,438
559,172,438
560,172,302
561,172,240
562,172,3108
563,172,4589
564,172,4464
565,172,6232
566,172,5743
567,172,1162
568,172,133
569,172,104
570,172,512
571,172,223
572,172,74
573,172,123
490,173,52
491,173,160
492,173,123
493,173,115
494,173,141
495,173,154
496,173,27
497,173,22
498,173,1098
499,173,1017
500,173,371
501,173,261
502,173,248
503,173,150
504,173,568
505,173,3141
506,173,2821
507,173,733
508,173,3017
509,173,4030
510,173,4614
511,173,3766
512,173,3695
513,173,5091
514,173,5876
515,173,5630
516,173,4839
517,173,1823
518,173,743
519,173,72
520,173,166
521,173,2478
522,173,5146
523,173,5297
524,173,10165
525,173,9021
526,173,7284
527,173,6369
528,173,13553
529,173,12853
530,173,12842
531,173,7288
532,173,3543
533,173,2418
534,173,5699
535,173,8917
536,173,8869
537,173,6317
538,173,9220
539,173,6275
540,173,5775
541,173,4069
542,173,2739
543,173,2206
544,173,3950
545,173,5828
546,173,4039
547,173,5645
548,173,3500
549,173,2022
550,173,899
551,173,1199
552,173,3414
553,173,3960
554,173,3009
555,173,4004
556,173,4099
557,173,831
558,173,620
559,173,855
560,173,861
561,173,795
562,173,2149
563,173,6329
564,173,6365
565,173,4123
566,173,3189
567,173,771
568,173,151
569,173,113
570,173,69
571,173,67
572,173,80
573,173,87
490,174,47
491,174,138
492,174,134
493,174,53
494,174,161
495,174,363
496,174,418
497,174,658
498,174,1571
499,174,814
500,174,341
501,174,128
502,174,100
503,174,229
504,174,501
505,174,841
506,174,673
507,174,534
508,174,1413
509,174,2283
510,174,2969
511,174,1879
512,174,2889
513,174,7507
514,174,5901
515,174,2158
516,174,6915
517,174,5445
518,174,7426
519,174,1275
520,174,1890
521,174,2908
522,174,6057
523,174,7868
524,174,8638
525,174,8136
526,174,9000
527,174,12078
528,174,7564
529,174,12650
530,174,13858
531,174,11829
532,174,8153
533,174,9681
534,174,9058
535,174,5413
536,174,8208
537,174,6687
538,174,10196
539,174,7712
540,174,4448
541,174,4493
542,174,4891
543,174,3475
544,174,2362
545,174,6580
546,174,4747
547,174,3692
548,174,4451
549,174,3734
550,174,2188
551,174,3678
552,174,4777
553,174,3898
554,174,3016
555,174,3823
556,174,1000
557,174,772
558,174,1329
559,174,1338
560,174,2940
561,174,1715
562,174,1073
563,174,1534
564,174,1361
565,174,1381
566,174,457
567,174,365
568,174,123
569,174,206
570,174,67
571,174,75
572,174,107
573,174,90
490,175,83
491,175,82
492,175,227
493,175,740
494,175,2619
495,175,2127
496,175,1429
497,175,307
498,175,294
499,175,548
500,175,257
501,175,166
502,175,358
503,175,403
504,175,397
505,175,318
506,175,463
507,175,318
508,175,379
509,175,436
510,175,1142
511,175,4332
512,175,5649
513,175,5742
514,175,5195
515,175,4127
516,175,3351
517,175,1439
518,175,6003
519,175,6959
520,175,8553
521,175,5901
522,175,4549
523,175,10058
524,175,5528
525,175,6649
526,175,11106
527,175,13203
528,175,13144
529,175,12838
530,175,16162
531,175,11829
532,175,8014
533,175,12873
534,175,10289
535,175,7702
536,175,9745
537,175,9436
538,175,6961
539,175,7777
540,175,2699
541,175,5529
542,175,6968
543,175,4360
544,175,1990
545,175,6506
546,175,5714
547,175,4038
548,175,5102
549,175,4296
550,175,3685
551,175,2597
552,175,2522
553,175,681
554,175,1927
555,175,1774
556,175,595
557,175,223
558,175,147
559,175,349
560,175,358
561,175,188
562,175,1293
563,175,904
564,175,1775
565,175,1176
566,175,844
567,175,326
568,175,7
569,175,138
570,175,492
571,175,127
572,175,130
573,175,134
490,176,138
491,176,105
492,176,102
493,176,2898
494,176,5193
495,176,3801
496,176,4946
497,176,518
498,176,499
499,176,887
500,176,203
501,176,110
502,176,528
503,176,683
504,176,275
505,176,95
506,176,457
507,176,396
508,176,81
509,176,1033
510,176,4335
511,176,5546
512,176,5689
513,176,4687
514,176,4868
515,176,5602
516,176,1928
517,176,1090
518,176,2488
519,176,4930
520,176,3303
521,176,5749
522,176,3469
523,176,5776
524,176,15959
525,176,14038
526,176,6869
527,176,11042
528,176,12048
529,176,11516
530,176,16089
531,176,13432
532,176,10936
533,176,12006
534,176,11893
535,176,10857
536,176,9409
537,176,8636
538,176,4754
539,176,2611
540,176,4823
541,176,6579
542,176,2118
543,176,2706
544,176,1820
545,176,4962
546,176,6243
547,176,7685
548,176,6019
549,176,4419
550,176,6060
551,176,6667
552,176,2115
553,176,490
554,176,12
555,176,1083
556,176,303
557,176,101
558,176,429
559,176,7
560,176,1314
561,176,68
562,176,497
563,176,812
564,176,4528
565,176,992
566,176,216
567,176,134
568,176,122
569,176,21
570,176,980
571,176,94
572,176,99
573,176,353
490,177,522
491,177,235
492,177,208
493,177,992
494,177,1208
495,177,913
496,177,943
497,177,477
498,177,646
499,177,955
500,177,585
501,177,1149
502,177,758
503,177,172
504,177,245
505,177,550
506,177,710
507,177,658
508,177,1902
509,177,1101
510,177,1665
511,177,4033
512,177,4333
513,177,2139
514,177,1483
515,177,2236
516,177,2667
517,177,3359
518,177,2976
519,177,8183
520,177,5449
521,177,3255
522,177,4032
523,177,10294
524,177,18524
525,177,10856
526,177,11938
527,177,6586
528,177,3919
529,177,8633
530,177,13711
531,177,13721
532,177,13753
533,177,8207
534,177,11119
535,177,5942
536,177,8772
537,177,6983
538,177,4704
539,177,5401
540,177,7631
541,177,7312
542,177,2205
543,177,7158
544,177,7282
545,177,5497
546,177,3089
547,177,5334
548,177,6795
549,177,5767
550,177,5409
551,177,4539
552,177,1260
553,177,271
554,177,196
555,177,86
556,177,193
557,177,274
558,177,287
559,177,717
560,177,946
561,177,2948
562,177,2032
563,177,954
564,177,1177
565,177,742
566,177,168
567,177,85
568,177,120
569,177,48
570,177,188
571,177,368
572,177,83
573,177,50
490,178,450
491,178,209
492,178,142
493,178,351
494,178,1171
495,178,523
496,178,478
497,178,643
498,178,1017
499,178,2127
500,178,4234
501,178,4367
502,178,722
503,178,262
504,178,443
505,178,1516
506,178,2995
507,178,1241
508,178,2137
509,178,4987
510,178,1664
511,178,4180
512,178,6616
513,178,1948
514,178,494
515,178,869
516,178,2646
517,178,8702
518,178,2198
519,178,4056
520,178,8917
521,178,10637
522,178,8007
523,178,8710
524,178,14665
525,178,18066
526,178,15150
527,178,14324
528,178,13775
529,178,16475
530,178,9679
531,178,16830
532,178,15854
533,178,13002
534,178,11339
535,178,8722
536,178,5867
537,178,2391
538,178,3130
539,178,4862
540,178,3395
541,178,4353
542,178,7243
543,178,6809
544,178,8410
545,178,7683
546,178,8338
547,178,3434
548,178,3061
549,178,4780
550,178,3367
551,178,358
552,178,41
553,178,44
554,178,56
555,178,229
556,178,295
557,178,307
558,178,510
559,178,809
560,178,1463
561,178,3402
562,178,3628
563,178,1379
564,178,3071
565,178,1526
566,178,301
567,178,285
568,178,50
569,178,18
570,178,0
571,178,136
572,178,50
573,178,49
490,179,364
491,179,81
492,179,158
493,179,581
494,179,1069
495,179,1228
496,179,3552
497,179,3607
498,179,3145
499,179,3047
500,179,4672
501,179,2347
502,179,1193
503,179,524
504,179,605
505,179,1999
506,179,4181
507,179,1922
508,179,2417
509,179,3214
510,179,2154
511,179,5599
512,179,6763
513,179,1572
514,179,748
515,179,5426
516,179,11038
517,179,8307
518,179,3918
519,179,6424
520,179,10863
521,179,11358
522,179,16201
523,179,17004
524,179,10241
525,179,12428
526,179,6502
527,179,8010
528,179,4005
529,179,3340
530,179,1997
531,179,9898
532,179,12402
533,179,8753
534,179,6587
535,179,4390
536,179,1378
537,179,4731
538,179,3236
539,179,452
540,179,492
541,179,263
542,179,1717
543,179,1670
544,179,792
545,179,1546
546,179,4167
547,179,5156
548,179,870
549,179,1137
550,179,597
551,179,559
552,179,366
553,179,95
554,179,198
555,179,482
556,179,1441
557,179,551
558,179,604
559,179,81
560,179,732
561,179,3660
562,179,3220
563,179,1349
564,179,2933
565,179,1378
566,179,339
567,179,257
568,179,338
569,179,144
570,179,0
571,179,1
572,179,17
573,179,16
490,180,697
491,180,198
492,180,767
493,180,2930
494,180,3133
495,180,1399
496,180,4099
497,180,4581
498,180,4498
499,180,2338
500,180,389
501,180,443
502,180,298
503,180,1035
504,180,777
505,180,2032
506,180,4375
507,180,1442
508,180,1938
509,180,4306
510,180,4384
511,180,4833
512,180,14150
513,180,5673
514,180,1739
515,180,7030
516,180,8438
517,180,6106
518,180,5588
519,180,6910
520,180,10229
521,180,7687
522,180,15677
523,180,7959
524,180,15611
525,180,13271
526,180,5627
527,180,2201
528,180,3993
529,180,2588
530,180,1332
531,180,2661
532,180,1285
533,180,1131
534,180,6515
535,180,3418
536,180,4632
537,180,4950
538,180,2146
539,180,1670
540,180,2437
541,180,1423
542,180,1738
543,180,1296
544,180,475
545,180,671
546,180,1072
547,180,409
548,180,193
549,180,238
550,180,129
551,180,160
552,180,224
553,180,90
554,180,132
555,180,614
556,180,3615
557,180,1383
558,180,3230
559,180,1185
560,180,603
561,180,2762
562,180,1984
563,180,624
564,180,505
565,180,329
566,180,186
567,180,229
568,180,289
569,180,194
570,180,9
571,180,0
572,180,0
573,180,0
490,181,1017
491,181,815
492,181,3285
493,181,3458
494,181,2012
495,181,1892
496,181,6702
497,181,3124
498,181,2919
499,181,1509
500,181,296
501,181,259
502,181,419
503,181,879
504,181,755
505,181,3481
506,181,4417
507,181,3319
508,181,5734
509,181,4613
510,181,6222
511,181,3111
512,181,4019
513,181,8056
514,181,4323
515,181,7759
516,181,6449
517,181,6733
518,181,4587
519,181,3227
520,181,4895
521,181,5022
522,181,2574
523,181,11178
524,181,19230
525,181,14245
526,181,11686
527,181,15046
528,181,8954
529,181,5704
530,181,5970
531,181,2439
532,181,1014
533,181,5089
534,181,10221
535,181,12613
536,181,9681
537,181,10340
538,181,5132
539,181,8614
540,181,10252
541,181,3989
542,181,1308
543,181,583
544,181,242
545,181,527
546,181,195
547,181,67
548,181,52
549,181,209
550,181,356
551,181,250
552,181,1329
553,181,1136
554,181,204
555,181,576
556,181,691
557,181,1242
558,181,4530
559,181,1681
560,181,331
561,181,659
562,181,144
563,181,35
564,181,43
565,181,178
566,181,239
567,181,518
568,181,719
569,181,297
570,181,358
571,181,59
572,181,27
573,181,22
490,182,973
491,182,507
492,182,2127
493,182,2549
494,182,4016
495,182,4978
496,182,2494
497,182,749
498,182,249
499,182,68
500,182,193
501,182,424
502,182,561
503,182,538
504,182,756
505,182,2242
506,182,742
507,182,4442
508,182,3258
509,182,5895
510,182,5005
511,182,6167
512,182,3338
513,182,6895
514,182,4890
515,182,3298
516,182,3131
517,182,4575
518,182,2792
519,182,900
520,182,1166
521,182,1535
522,182,3977
523,182,9953
524,182,18184
525,182,17510
526,182,14251
527,182,4922
528,182,6014
529,182,7768
530,182,11024
531,182,11095
532,182,10506
533,182,9144
534,182,11928
535,182,12873
536,182,9648
537,182,9223
538,182,2434
539,182,7932
540,182,11364
541,182,9140
542,182,8579
543,182,3982
544,182,605
545,182,823
546,182,1031
547,182,295
548,182,269
549,182,401
550,182,868
551,182,2039
552,182,3560
553,182,2794
554,182,491
555,182,324
556,182,566
557,182,790
558,182,2164
559,182,1786
560,182,2
561,182,92
562,182,124
563,182,123
564,182,126
565,182,191
566,182,486
567,182,996
568,182,2643
569,182,2474
570,182,596
571,182,113
572,182,49
573,182,49
490,183,407
491,183,205
492,183,982
493,183,719
494,183,776
495,183,1276
496,183,556
497,183,470
498,183,602
499,183,494
500,183,145
501,183,289
502,183,1225
503,183,623
504,183,716
505,183,4379
506,183,1777
507,183,4812
508,183,2745
509,183,1404
510,183,1657
511,183,3873
512,183,3486
513,183,3155
514,183,3510
515,183,3376
516,183,2762
517,183,4297
518,183,5603
519,183,1437
520,183,3754
521,183,13449
522,183,8859
523,183,10255
524,183,13186
525,183,14999
526,183,9686
527,183,6303
528,183,6247
529,183,9167
530,183,10502
531,183,12485
532,183,14579
533,183,15359
534,183,12532
535,183,10589
536,183,9832
537,183,2374
538,183,3787
539,183,11707
540,183,12181
541,183,13209
542,183,12623
543,183,4827
544,183,5345
545,183,6898
546,183,5325
547,183,3442
548,183,2641
549,183,5323
550,183,3314
551,183,5649
552,183,2557
553,183,1458
554,183,498
555,183,241
556,183,159
557,183,191
558,183,330
559,183,186
560,183,104
561,183,4
562,183,99
563,183,113
564,183,123
565,183,136
566,183,334
567,183,597
568,183,2107
569,183,5684
570,183,3693
571,183,636
572,183,49
573,183,49
490,184,96
491,184,2
492,184,97
493,184,223
494,184,94
495,184,294
496,184,871
497,184,719
498,184,745
499,184,72
500,184,99
501,184,191
502,184,323
503,184,480
504,184,715
505,184,2422
506,184,1642
507,184,3255
508,184,1978
509,184,818
510,184,964
511,184,1536
512,184,2864
513,184,4973
514,184,4336
515,184,2956
516,184,3518
517,184,5496
518,184,7714
519,184,5728
520,184,5931
521,184,10237
522,184,11806
523,184,7723
524,184,10968
525,184,12914
526,184,10894
527,184,13749
528,184,11279
529,184,12166
530,184,10728
531,184,14103
532,184,13538
533,184,9929
534,184,10917
535,184,14504
536,184,5061
537,184,1002
538,184,2705
539,184,9900
540,184,12504
541,184,13566
542,184,13035
543,184,5776
544,184,7570
545,184,6880
546,184,6602
547,184,6522
548,184,7129
549,184,6828
550,184,3746
551,184,3163
552,184,5125
553,184,932
554,184,297
555,184,564
556,184,157
557,184,134
558,184,97
559,184,66
560,184,84
561,184,65
562,184,49
563,184,49
564,184,54
565,184,122
566,184,134
567,184,335
568,184,876
569,184,1553
570,184,1860
571,184,605
572,184,106
573,184,39
490,185,142
491,185,7
492,185,22
493,185,127
494,185,402
495,185,480
496,185,842
497,185,414
498,185,362
499,185,95
500,185,130
501,185,163
502,185,232
503,185,315
504,185,320
505,185,681
506,185,1716
507,185,2174
508,185,1292
509,185,1711
510,185,2781
511,185,3609
512,185,5421
513,185,6850
514,185,3984
515,185,5634
516,185,5297
517,185,4983
518,185,5694
519,185,3382
520,185,2671
521,185,5131
522,185,6749
523,185,12524
524,185,8137
525,185,9110
526,185,8428
527,185,9658
528,185,9536
529,185,15872
530,185,11473
531,185,11590
532,185,17389
533,185,17533
534,185,12102
535,185,13182
536,185,5681
537,185,1196
538,185,8921
539,185,10581
540,185,10462
541,185,6023
542,185,10557
543,185,9775
544,185,8204
545,185,6304
546,185,5754
547,185,7867
548,185,8266
549,185,7980
550,185,2702
551,185,1840
552,185,6935
553,185,3050
554,185,2343
555,185,2856
556,185,1872
557,185,473
558,185,65
559,185,56
560,185,56
561,185,53
562,185,49
563,185,49
564,185,49
565,185,57
566,185,61
567,185,58
568,185,194
569,185,325
570,185,388
571,185,188
572,185,61
573,185,25
490,186,422
491,186,39
492,186,20
493,186,40
494,186,200
495,186,173
496,186,200
497,186,234
498,186,367
499,186,510
500,186,755
501,186,247
502,186,302
503,186,440
504,186,423
505,186,384
506,186,1312
507,186,2631
508,186,1946
509,186,4172
510,186,6336
511,186,6166
512,186,7407
513,186,6488
514,186,4122
515,186,1867
516,186,4045
517,186,3838
518,186,4102
519,186,6201
520,186,5458
521,186,5950
522,186,4925
523,186,3374
524,186,6897
525,186,3370
526,186,1632
527,186,1044
528,186,6977
529,186,12092
530,186,15051
531,186,13014
532,186,9261
533,186,13347
534,186,13925
535,186,3589
536,186,1785
537,186,5726
538,186,11811
539,186,8347
540,186,2531
541,186,2406
542,186,3046
543,186,6575
544,186,6582
545,186,7113
546,186,5889
547,186,8261
548,186,7849
549,186,6381
550,186,2650
551,186,2573
552,186,4319
553,186,5323
554,186,5269
555,186,3636
556,186,3210
557,186,1136
558,186,335
559,186,94
560,186,55
561,186,93
562,186,73
563,186,51
564,186,47
565,186,23
566,186,41
567,186,139
568,186,119
569,186,106
570,186,89
571,186,346
572,186,429
573,186,63
490,187,927
491,187,390
492,187,136
493,187,111
494,187,112
495,187,153
496,187,183
497,187,168
498,187,232
499,187,830
500,187,996
501,187,471
502,187,444
503,187,1246
504,187,715
505,187,414
506,187,572
507,187,735
508,187,2947
509,187,3826
510,187,4821
511,187,4442
512,187,4977
513,187,5337
514,187,5400
515,187,1445
516,187,1411
517,187,4007
518,187,3952
519,187,2204
520,187,5661
521,187,1890
522,187,4030
523,187,3490
524,187,6719
525,187,3326
526,187,1229
527,187,1216
528,187,6206
529,187,10729
530,187,13774
531,187,8320
532,187,9830
533,187,13141
534,187,7960
535,187,1378
536,187,6388
537,187,11805
538,187,11812
539,187,7636
540,187,2815
541,187,2096
542,187,5505
543,187,5417
544,187,7033
545,187,8703
546,187,5740
547,187,5645
548,187,5122
549,187,3266
550,187,3741
551,187,5482
552,187,5002
553,187,4873
554,187,3516
555,187,2319
556,187,2655
557,187,4279
558,187,1029
559,187,53
560,187,50
561,187,96
562,187,96
563,187,92
564,187,45
565,187,16
566,187,144
567,187,846
568,187,807
569,187,3100
570,187,3305
571,187,2491
572,187,4305
573,187,736
490,188,1300
491,188,1045
492,188,416
493,188,207
494,188,34
495,188,352
496,188,161
497,188,23
498,188,11
499,188,643
500,188,755
501,188,410
502,188,278
503,188,628
504,188,421
505,188,268
506,188,276
507,188,281
508,188,1111
509,188,1901
510,188,3206
511,188,4683
512,188,5478
513,188,5913
514,188,6868
515,188,6819
516,188,4927
517,188,4684
518,188,6812
519,188,3157
520,188,5564
521,188,4019
522,188,6385
523,188,5580
524,188,7385
525,188,4232
526,188,3330
527,188,3075
528,188,4723
529,188,6580
530,188,11889
531,188,14760
532,188,10099
533,188,13651
534,188,2849
535,188,2567
536,188,10622
537,188,11150
538,188,8142
539,188,2414
540,188,5877
541,188,3162
542,188,6347
543,188,6422
544,188,6147
545,188,4364
546,188,2553
547,188,6515
548,188,4380
549,188,2375
550,188,4694
551,188,4013
552,188,5161
553,188,4576
554,188,2366
555,188,1496
556,188,1695
557,188,2250
558,188,413
559,188,48
560,188,65
561,188,140
562,188,156
563,188,123
564,188,82
565,188,48
566,188,149
567,188,1661
568,188,4673
569,188,6715
570,188,4623
571,188,6876
572,188,4510
573,188,3023
490,189,1324
491,189,918
492,189,750
493,189,933
494,189,280
495,189,288
496,189,27
497,189,142
498,189,506
499,189,976
500,189,924
501,189,272
502,189,166
503,189,205
504,189,557
505,189,408
506,189,387
507,189,348
508,189,389
509,189,1227
510,189,3271
511,189,3312
512,189,3315
513,189,3383
514,189,5086
515,189,6718
516,189,4995
517,189,7228
518,189,6220
519,189,6222
520,189,5071
521,189,3837
522,189,3250
523,189,6520
524,189,4663
525,189,4236
526,189,6295
527,189,7684
528,189,8516
529,189,5714
530,189,7250
531,189,13209
532,189,9207
533,189,11037
534,189,3221
535,189,2044
536,189,12291
537,189,8883
538,189,7855
539,189,3596
540,189,5699
541,189,2541
542,189,4882
543,189,6023
544,189,3078
545,189,1336
546,189,901
547,189,3164
548,189,2158
549,189,3376
550,189,4522
551,189,3480
552,189,4129
553,189,4133
554,189,3397
555,189,1008
556,189,398
557,189,451
558,189,187
559,189,58
560,189,82
561,189,95
562,189,187
563,189,156
564,189,82
565,189,80
566,189,366
567,189,2060
568,189,3734
569,189,1918
570,189,3053
571,189,5327
572,189,3579
573,189,1388
490,190,496
491,190,542
492,190,1310
493,190,1610
494,190,1660
495,190,141
496,190,122
497,190,177
498,190,602
499,190,2696
500,190,914
501,190,406
502,190,116
503,190,267
504,190,618
505,190,1494
506,190,426
507,190,343
508,190,680
509,190,2914
510,190,4022
511,190,3411
512,190,2757
513,190,1775
514,190,6430
515,190,7148
516,190,6011
517,190,5463
518,190,6058
519,190,6904
520,190,5565
521,190,1883
522,190,1805
523,190,2118
524,190,4937
525,190,6667
526,190,4664
527,190,2682
528,190,9636
529,190,6669
530,190,6656
531,190,11872
532,190,8199
533,190,9787
534,190,8617
535,190,2918
536,190,8383
537,190,6920
538,190,5947
539,190,4520
540,190,5238
541,190,3725
542,190,3901
543,190,5245
544,190,2910
545,190,647
546,190,287
547,190,650
548,190,778
549,190,4443
550,190,6661
551,190,2984
552,190,2305
553,190,3446
554,190,3165
555,190,1348
556,190,301
557,190,118
558,190,139
559,190,220
560,190,113
561,190,232
562,190,201
563,190,103
564,190,97
565,190,81
566,190,439
567,190,472
568,190,271
569,190,284
570,190,53
571,190,930
572,190,1244
573,190,566
490,191,544
491,191,381
492,191,707
493,191,2080
494,191,711
495,191,374
496,191,363
497,191,193
498,191,466
499,191,1293
500,191,2101
501,191,598
502,191,129
503,191,301
504,191,413
505,191,474
506,191,272
507,191,215
508,191,1570
509,191,2578
510,191,1515
511,191,1953
512,191,2417
513,191,2140
514,191,2557
515,191,3919
516,191,2938
517,191,3815
518,191,3470
519,191,4762
520,191,7538
521,191,3012
522,191,2335
523,191,2584
524,191,3459
525,191,6621
526,191,5408
527,191,2712
528,191,2189
529,191,5637
530,191,10748
531,191,7192
532,191,6786
533,191,5761
534,191,6873
535,191,1685
536,191,3267
537,191,4752
538,191,5615
539,191,3405
540,191,5564
541,191,5355
542,191,2579
543,191,2448
544,191,6111
545,191,2734
546,191,1120
547,191,366
548,191,541
549,191,5429
550,191,6945
551,191,2210
552,191,2970
553,191,5087
554,191,5566
555,191,3919
556,191,566
557,191,241
558,191,561
559,191,532
560,191,539
561,191,428
562,191,437
563,191,152
564,191,103
565,191,98
566,191,98
567,191,271
568,191,330
569,191,251
570,191,104
571,191,131
572,191,88
573,191,340
490,192,335
491,192,140
492,192,298
493,192,600
494,192,419
495,192,338
496,192,299
497,192,345
498,192,821
499,192,755
500,192,401
501,192,422
502,192,1095
503,192,457
504,192,256
505,192,142
506,192,91
507,192,191
508,192,1160
509,192,1849
510,192,1350
511,192,4834
512,192,1835
513,192,660
514,192,659
515,192,1012
516,192,2153
517,192,2751
518,192,4870
519,192,5461
520,192,5245
521,192,3019
522,192,980
523,192,457
524,192,1306
525,192,4388
526,192,6133
527,192,4726
528,192,4870
529,192,5414
530,192,5190
531,192,6355
532,192,5639
533,192,6125
534,192,7912
535,192,1164
536,192,3764
537,192,5761
538,192,4388
539,192,2842
540,192,2961
541,192,3956
542,192,1809
543,192,1342
544,192,2631
545,192,3795
546,192,3783
547,192,642
548,192,403
549,192,1717
550,192,2188
551,192,441
552,192,409
553,192,6072
554,192,3594
555,192,1422
556,192,514
557,192,640
558,192,1430
559,192,3192
560,192,1290
561,192,1170
562,192,417
563,192,336
564,192,151
565,192,171
566,192,154
567,192,679
568,192,1413
569,192,247
570,192,210
571,192,285
572,192,451
573,192,1566
490,193,588
491,193,88
492,193,142
493,193,226
494,193,185
495,193,156
496,193,207
497,193,458
498,193,1627
499,193,751
500,193,178
501,193,200
502,193,299
503,193,771
504,193,1248
505,193,774
506,193,564
507,193,360
508,193,634
509,193,946
510,193,3035
511,193,4327
512,193,1896
513,193,898
514,193,685
515,193,507
516,193,481
517,193,275
518,193,1203
519,193,3048
520,193,3068
521,193,1823
522,193,308
523,193,150
524,193,764
525,193,3518
526,193,3989
527,193,5081
528,193,2942
529,193,3911
530,193,5279
531,193,7003
532,193,5457
533,193,7642
534,193,7824
535,193,3034
536,193,1947
537,193,4363
538,193,5621
539,193,3090
540,193,2214
541,193,3250
542,193,1421
543,193,755
544,193,658
545,193,435
546,193,813
547,193,721
548,193,315
549,193,297
550,193,186
551,193,100
552,193,194
553,193,599
554,193,227
555,193,574
556,193,390
557,193,445
558,193,1989
559,193,3109
560,193,2103
561,193,1720
562,193,641
563,193,174
564,193,150
565,193,195
566,193,975
567,193,1462
568,193,2028
569,193,601
570,193,260
571,193,237
572,193,340
573,193,1908
490,194,1485
491,194,148
492,194,79
493,194,79
494,194,144
495,194,68
496,194,26
497,194,166
498,194,255
499,194,269
500,194,179
501,194,553
502,194,168
503,194,1178
504,194,3517
505,194,1975
506,194,1076
507,194,751
508,194,325
509,194,980
510,194,2214
511,194,3089
512,194,1371
513,194,1728
514,194,3431
515,194,1177
516,194,264
517,194,340
518,194,573
519,194,654
520,194,585
521,194,336
522,194,254
523,194,773
524,194,823
525,194,1782
526,194,3791
527,194,4052
528,194,5324
529,194,4063
530,194,3094
531,194,4671
532,194,4842
533,194,5505
534,194,8140
535,194,5276
536,194,693
537,194,2403
538,194,4266
539,194,2051
540,194,1247
541,194,2836
542,194,2363
543,194,333
544,194,145
545,194,285
546,194,312
547,194,139
548,194,136
549,194,95
550,194,93
551,194,95
552,194,85
553,194,83
554,194,171
555,194,238
556,194,209
557,194,811
558,194,1966
559,194,2090
560,194,1796
561,194,2344
562,194,2844
563,194,1281
564,194,150
565,194,351
566,194,1051
567,194,2792
568,194,2202
569,194,498
570,194,245
571,194,217
572,194,307
573,194,900
490,195,607
491,195,217
492,195,93
493,195,79
494,195,86
495,195,106
496,195,101
497,195,131
498,195,147
499,195,297
500,195,362
501,195,1292
502,195,1551
503,195,748
504,195,1524
505,195,532
506,195,799
507,195,3935
508,195,2495
509,195,3667
510,195,5005
511,195,2780
512,195,2621
513,195,3357
514,195,1877
515,195,623
516,195,272
517,195,434
518,195,973
519,195,1488
520,195,2875
521,195,674
522,195,1134
523,195,3586
524,195,4939
525,195,4252
526,195,5050
527,195,4601
528,195,3434
529,195,4917
530,195,3284
531,195,3474
532,195,3209
533,195,6776
534,195,6685
535,195,6464
536,195,1001
537,195,1711
538,195,1355
539,195,400
540,195,512
541,195,1308
542,195,3382
543,195,2474
544,195,47
545,195,114
546,195,176
547,195,151
548,195,121
549,195,57
550,195,65
551,195,72
552,195,61
553,195,52
554,195,62
555,195,78
556,195,141
557,195,443
558,195,3266
559,195,1154
560,195,939
561,195,1313
562,195,3508
563,195,1502
564,195,285
565,195,192
566,195,1761
567,195,2374
568,195,1504
569,195,802
570,195,147
571,195,204
572,195,121
573,195,163
490,196,961
491,196,252
492,196,155
493,196,85
494,196,20
495,196,174
496,196,609
497,196,592
498,196,395
499,196,488
500,196,377
501,196,384
502,196,789
503,196,356
504,196,402
505,196,319
506,196,352
507,196,1612
508,196,1656
509,196,2626
510,196,4887
511,196,3101
512,196,1388
513,196,1021
514,196,834
515,196,168
516,196,84
517,196,423
518,196,2337
519,196,3388
520,196,3455
521,196,430
522,196,464
523,196,2259
524,196,3924
525,196,3714
526,196,2950
527,196,3052
528,196,1169
529,196,1212
530,196,1965
531,196,2902
532,196,2952
533,196,5856
534,196,2536
535,196,5469
536,196,989
537,196,323
538,196,100
539,196,50
540,196,216
541,196,885
542,196,2799
543,196,4988
544,196,1946
545,196,325
546,196,172
547,196,158
548,196,90
549,196,52
550,196,52
551,196,51
552,196,38
553,196,38
554,196,38
555,196,27
556,196,55
557,196,362
558,196,567
559,196,266
560,196,354
561,196,561
562,196,969
563,196,597
564,196,165
565,196,182
566,196,920
567,196,1267
568,196,1097
569,196,273
570,196,135
571,196,157
572,196,107
573,196,106
490,197,540
491,197,154
492,197,151
493,197,113
494,197,125
495,197,716
496,197,1785
497,197,1278
498,197,1007
499,197,1433
500,197,516
501,197,198
502,197,167
503,197,238
504,197,172
505,197,245
506,197,137
507,197,287
508,197,1004
509,197,2462
510,197,4200
511,197,2195
512,197,2345
513,197,569
514,197,303
515,197,153
516,197,269
517,197,852
518,197,2867
519,197,4335
520,197,835
521,197,340
522,197,165
523,197,1141
524,197,586
525,197,790
526,197,951
527,197,426
528,197,197
529,197,311
530,197,877
531,197,3546
532,197,8110
533,197,6364
534,197,4715
535,197,8084
536,197,1819
537,197,368
538,197,165
539,197,67
540,197,121
541,197,565
542,197,1378
543,197,4054
544,197,1811
545,197,688
546,197,148
547,197,135
548,197,102
549,197,45
550,197,41
551,197,38
552,197,38
553,197,38
554,197,38
555,197,29
556,197,106
557,197,303
558,197,366
559,197,143
560,197,120
561,197,118
562,197,106
563,197,176
564,197,128
565,197,141
566,197,165
567,197,278
568,197,319
569,197,283
570,197,135
571,197,134
572,197,109
573,197,111
490,198,302
491,198,144
492,198,115
493,198,143
494,198,224
495,198,687
496,198,1608
497,198,2315
498,198,743
499,198,463
500,198,325
501,198,132
502,198,134
503,198,204
504,198,226
505,198,147
506,198,58
507,198,89
508,198,574
509,198,2310
510,198,6690
511,198,4273
512,198,1776
513,198,272
514,198,331
515,198,532
516,198,505
517,198,855
518,198,1397
519,198,1405
520,198,210
521,198,188
522,198,108
523,198,114
524,198,60
525,198,358
526,198,458
527,198,173
528,198,165
529,198,97
530,198,199
531,198,823
532,198,2543
533,198,1873
534,198,2786
535,198,7116
536,198,3729
537,198,431
538,198,284
539,198,196
540,198,118
541,198,135
542,198,346
543,198,377
544,198,1059
545,198,631
546,198,323
547,198,115
548,198,39
549,198,15
550,198,15
551,198,17
552,198,35
553,198,36
554,198,42
555,198,137
556,198,221
557,198,368
558,198,660
559,198,656
560,198,444
561,198,205
562,198,166
563,198,426
564,198,579
565,198,342
566,198,98
567,198,74
568,198,161
569,198,248
570,198,134
571,198,127
572,198,107
573,198,108
490,199,225
491,199,135
492,199,111
493,199,134
494,199,224
495,199,669
496,199,1387
497,199,1073
498,199,427
499,199,58
500,199,174
501,199,78
502,199,65
503,199,208
504,199,209
505,199,86
506,199,78
507,199,110
508,199,453
509,199,2593
510,199,4334
511,199,4461
512,199,2040
513,199,13
514,199,325
515,199,1230
516,199,1884
517,199,441
518,199,555
519,199,459
520,199,139
521,199,50
522,199,6
523,199,82
524,199,64
525,199,114
526,199,576
527,199,334
528,199,38
529,199,35
530,199,102
531,199,105
532,199,224
533,199,470
534,199,2107
535,199,5753
536,199,3028
537,199,704
538,199,690
539,199,958
540,199,84
541,199,144
542,199,203
543,199,145
544,199,581
545,199,787
546,199,218
547,199,42
548,199,23
549,199,16
550,199,15
551,199,20
552,199,34
553,199,34
554,199,37
555,199,67
556,199,81
557,199,293
558,199,602
559,199,741
560,199,220
561,199,163
562,199,130
563,199,419
564,199,1208
565,199,415
566,199,194
567,199,75
568,199,128
569,199,134
570,199,122
571,199,121
572,199,106
573,199,106
490,200,175
491,200,113
492,200,106
493,200,138
494,200,269
495,200,638
496,200,1323
497,200,516
498,200,268
499,200,109
500,200,95
501,200,54
502,200,100
503,200,212
504,200,196
505,200,69
506,200,90
507,200,230
508,200,1340
509,200,1826
510,200,3660
511,200,3484
512,200,1313
513,200,188
514,200,223
515,200,567
516,200,922
517,200,238
518,200,215
519,200,173
520,200,94
521,200,77
522,200,269
523,200,658
524,200,1709
525,200,3140
526,200,2173
527,200,646
528,200,3
529,200,3
530,200,90
531,200,105
532,200,141
533,200,407
534,200,756
535,200,3609
536,200,3572
537,200,966
538,200,3323
539,200,2377
540,200,744
541,200,152
542,200,138
543,200,89
544,200,167
545,200,643
546,200,439
547,200,46
548,200,23
549,200,21
550,200,24
551,200,36
552,200,35
553,200,37
554,200,41
555,200,55
556,200,69
557,200,189
558,200,344
559,200,341
560,200,174
561,200,91
562,200,61
563,200,65
564,200,269
565,200,329
566,200,152
567,200,68
568,200,33
569,200,71
570,200,105
571,200,86
572,200,93
573,200,56
490,201,167
491,201,101
492,201,99
493,201,174
494,201,344
495,201,1238
496,201,1518
497,201,543
498,201,97
499,201,119
500,201,72
501,201,62
502,201,153
503,201,226
504,201,249
505,201,225
506,201,347
507,201,758
508,201,2190
509,201,2562
510,201,1584
511,201,1032
512,201,1046
513,201,491
514,201,4
515,201,299
516,201,179
517,201,100
518,201,281
519,201,267
520,201,70
521,201,223
522,201,409
523,201,1801
524,201,3303
525,201,2910
526,201,2982
527,201,542
528,201,129
529,201,138
530,201,119
531,201,183
532,201,274
533,201,412
534,201,1198
535,201,3131
536,201,3243
537,201,611
538,201,263
539,201,920
540,201,788
541,201,115
542,201,102
543,201,72
544,201,174
545,201,1802
546,201,1552
547,201,332
548,201,97
549,201,44
550,201,58
551,201,58
552,201,48
553,201,70
554,201,362
555,201,496
556,201,68
557,201,79
558,201,89
559,201,293
560,201,167
561,201,88
562,201,61
563,201,65
564,201,65
565,201,117
566,201,85
567,201,119
568,201,34
569,201,121
570,201,239
571,201,101
572,201,65
573,201,168
490,202,196
491,202,207
492,202,148
493,202,294
494,202,913
495,202,3513
496,202,3953
497,202,539
498,202,88
499,202,210
500,202,253
501,202,206
502,202,225
503,202,209
504,202,191
505,202,291
506,202,764
507,202,1218
508,202,670
509,202,986
510,202,640
511,202,244
512,202,1293
513,202,918
514,202,199
515,202,190
516,202,49
517,202,43
518,202,171
519,202,41
520,202,29
521,202,75
522,202,76
523,202,283
524,202,862
525,202,1230
526,202,753
527,202,106
528,202,194
529,202,687
530,202,765
531,202,606
532,202,741
533,202,448
534,202,2511
535,202,6122
536,202,2490
537,202,614
538,202,122
539,202,179
540,202,65
541,202,65
542,202,65
543,202,113
544,202,308
545,202,1663
546,202,1934
547,202,457
548,202,256
549,202,160
550,202,63
551,202,58
552,202,48
553,202,41
554,202,605
555,202,751
556,202,93
557,202,103
558,202,89
559,202,269
560,202,254
561,202,129
562,202,62
563,202,65
564,202,60
565,202,72
566,202,82
567,202,121
568,202,107
569,202,358
570,202,1202
571,202,1199
572,202,242
573,202,90
490,203,140
491,203,146
492,203,41
493,203,243
494,203,787
495,203,1787
496,203,1292
497,203,207
498,203,103
499,203,230
500,203,433
501,203,360
502,203,259
503,203,146
504,203,167
505,203,434
506,203,812
507,203,1001
508,203,658
509,203,257
510,203,270
511,203,345
512,203,432
513,203,1429
514,203,1808
515,203,264
516,203,144
517,203,1676
518,203,433
519,203,1
520,203,42
521,203,90
522,203,91
523,203,229
524,203,534
525,203,573
526,203,332
527,203,117
528,203,136
529,203,1250
530,203,1257
531,203,1054
532,203,542
533,203,622
534,203,1295
535,203,3073
536,203,2808
537,203,353
538,203,169
539,203,71
540,203,63
541,203,65
542,203,65
543,203,220
544,203,328
545,203,528
546,203,527
547,203,273
548,203,226
549,203,217
550,203,250
551,203,184
552,203,81
553,203,77
554,203,899
555,203,878
556,203,166
557,203,124
558,203,83
559,203,89
560,203,96
561,203,78
562,203,54
563,203,51
564,203,50
565,203,50
566,203,53
567,203,129
568,203,214
569,203,235
570,203,1261
571,203,912
572,203,677
573,203,261
490,204,81
491,204,87
492,204,34
493,204,87
494,204,210
495,204,273
496,204,241
497,204,157
498,204,90
499,204,94
500,204,258
501,204,301
502,204,37
503,204,90
504,204,226
505,204,674
506,204,1039
507,204,1189
508,204,334
509,204,86
510,204,99
511,204,192
512,204,367
513,204,1632
514,204,824
515,204,552
516,204,823
517,204,2485
518,204,897
519,204,158
520,204,91
521,204,246
522,204,235
523,204,630
524,204,972
525,204,754
526,204,102
527,204,110
528,204,78
529,204,104
530,204,161
531,204,110
532,204,726
533,204,871
534,204,417
535,204,774
536,204,409
537,204,220
538,204,217
539,204,109
540,204,55
541,204,56
542,204,62
543,204,132
544,204,86
545,204,73
546,204,96
547,204,140
548,204,241
549,204,406
550,204,460
551,204,327
552,204,200
553,204,171
554,204,720
555,204,734
556,204,182
557,204,76
558,204,59
559,204,58
560,204,61
561,204,57
562,204,47
563,204,48
564,204,49
565,204,50
566,204,102
567,204,358
568,204,444
569,204,847
570,204,3713
571,204,3128
572,204,2974
573,204,1126
490,205,95
491,205,88
492,205,56
493,205,103
494,205,105
495,205,134
496,205,174
497,205,125
498,205,112
499,205,129
500,205,175
501,205,278
502,205,216
503,205,749
504,205,960
505,205,1759
506,205,4954
507,205,2356
508,205,561
509,205,111
510,205,87
511,205,92
512,205,159
513,205,1220
514,205,2849
515,205,1526
516,205,1959
517,205,672
518,205,113
519,205,138
520,205,198
521,205,387
522,205,653
523,205,1352
524,205,254
525,205,147
526,205,76
527,205,71
528,205,71
529,205,84
530,205,75
531,205,88
532,205,46
533,205,45
534,205,189
535,205,516
536,205,1104
537,205,564
538,205,322
539,205,416
540,205,61
541,205,55
542,205,98
543,205,160
544,205,221
545,205,80
546,205,83
547,205,118
548,205,144
549,205,357
550,205,154
551,205,151
552,205,120
553,205,97
554,205,110
555,205,70
556,205,34
557,205,34
558,205,58
559,205,81
560,205,87
561,205,61
562,205,47
563,205,48
564,205,49
565,205,155
566,205,479
567,205,1264
568,205,533
569,205,1192
570,205,3754
571,205,4578
572,205,3458
573,205,1397
490,206,224
491,206,133
492,206,82
493,206,86
494,206,97
495,206,104
496,206,133
497,206,135
498,206,459
499,206,943
500,206,289
501,206,93
502,206,214
503,206,3082
504,206,3921
505,206,2339
506,206,4151
507,206,4207
508,206,1167
509,206,253
510,206,258
511,206,336
512,206,290
513,206,615
514,206,2436
515,206,3758
516,206,4502
517,206,1008
518,206,389
519,206,119
520,206,459
521,206,2165
522,206,1892
523,206,468
524,206,122
525,206,81
526,206,71
527,206,71
528,206,93
529,206,95
530,206,93
531,206,72
532,206,52
533,206,46
534,206,143
535,206,476
536,206,1486
537,206,613
538,206,595
539,206,833
540,206,372
541,206,77
542,206,119
543,206,139
544,206,385
545,206,595
546,206,436
547,206,70
548,206,34
549,206,62
550,206,91
551,206,86
552,206,61
553,206,58
554,206,66
555,206,35
556,206,37
557,206,46
558,206,44
559,206,44
560,206,61
561,206,53
562,206,47
563,206,48
564,206,51
565,206,135
566,206,795
567,206,1428
568,206,944
569,206,3610
570,206,2641
571,206,2762
572,206,1583
573,206,126
490,207,203
491,207,163
492,207,83
493,207,77
494,207,13
495,207,105
496,207,56
497,207,1527
498,207,2606
499,207,2401
500,207,629
501,207,161
502,207,207
503,207,4458
504,207,3526
505,207,2490
506,207,4516
507,207,3647
508,207,1003
509,207,542
510,207,386
511,207,234
512,207,355
513,207,737
514,207,4042
515,207,3334
516,207,4960
517,207,2451
518,207,364
519,207,296
520,207,549
521,207,2654
522,207,4265
523,207,1095
524,207,86
525,207,55
526,207,57
527,207,92
528,207,107
529,207,107
530,207,103
531,207,81
532,207,66
533,207,66
534,207,147
535,207,326
536,207,1574
537,207,1289
538,207,279
539,207,291
540,207,284
541,207,95
542,207,317
543,207,1054
544,207,4577
545,207,2781
546,207,1105
547,207,342
548,207,46
549,207,33
550,207,33
551,207,45
552,207,89
553,207,60
554,207,58
555,207,46
556,207,53
557,207,53
558,207,38
559,207,19
560,207,19
561,207,27
562,207,64
563,207,83
564,207,83
565,207,76
566,207,245
567,207,456
568,207,1766
569,207,3654
570,207,3143
571,207,2637
572,207,1566
573,207,270
490,208,171
491,208,165
492,208,138
493,208,42
494,208,6
495,208,163
496,208,488
497,208,1641
498,208,1977
499,208,761
500,208,189
501,208,243
502,208,324
503,208,1803
504,208,3614
505,208,1416
506,208,5000
507,208,1834
508,208,142
509,208,1
510,208,14
511,208,216
512,208,322
513,208,452
514,208,2839
515,208,3303
516,208,3657
517,208,2088
518,208,277
519,208,169
520,208,476
521,208,2456
522,208,3232
523,208,497
524,208,127
525,208,54
526,208,61
527,208,112
528,208,110
529,208,107
530,208,103
531,208,84
532,208,66
533,208,77
534,208,101
535,208,464
536,208,923
537,208,1688
538,208,395
539,208,214
540,208,238
541,208,121
542,208,433
543,208,2858
544,208,6837
545,208,6389
546,208,6150
547,208,2353
548,208,138
549,208,67
550,208,33
551,208,49
552,208,106
553,208,83
554,208,19
555,208,16
556,208,50
557,208,53
558,208,36
559,208,21
560,208,25
561,208,29
562,208,80
563,208,86
564,208,72
565,208,53
566,208,77
567,208,479
568,208,1597
569,208,3336
570,208,3924
571,208,2980
572,208,1509
573,208,278
490,209,62
491,209,138
492,209,176
493,209,248
494,209,91
495,209,128
496,209,258
497,209,375
498,209,500
499,209,358
500,209,193
501,209,191
502,209,154
503,209,4
504,209,449
505,209,68
506,209,1311
507,209,356
508,209,28
509,209,59
510,209,80
511,209,105
512,209,287
513,209,309
514,209,1099
515,209,1094
516,209,1739
517,209,1193
518,209,417
519,209,190
520,209,218
521,209,924
522,209,3876
523,209,1055
524,209,763
525,209,106
526,209,135
527,209,111
528,209,97
529,209,97
530,209,104
531,209,128
532,209,162
533,209,117
534,209,97
535,209,314
536,209,1594
537,209,5958
538,209,781
539,209,326
540,209,272
541,209,322
542,209,612
543,209,2503
544,209,2634
545,209,5051
546,209,3743
547,209,1086
548,209,550
549,209,103
550,209,33
551,209,49
552,209,89
553,209,24
554,209,9
555,209,9
556,209,25
557,209,37
558,209,34
559,209,33
560,209,33
561,209,33
562,209,58
563,209,86
564,209,60
565,209,53
566,209,53
567,209,53
568,209,431
569,209,874
570,209,2393
571,209,581
572,209,378
573,209,11
490,210,263
491,210,537
492,210,546
493,210,233
494,210,138
495,210,97
496,210,96
497,210,143
498,210,244
499,210,125
500,210,91
501,210,37
502,210,86
503,210,112
504,210,50
505,210,6
506,210,74
507,210,102
508,210,48
509,210,95
510,210,117
511,210,77
512,210,166
513,210,94
514,210,106
515,210,255
516,210,221
517,210,133
518,210,137
519,210,123
520,210,114
521,210,423
522,210,667
523,210,807
524,210,1565
525,210,441
526,210,377
527,210,117
528,210,91
529,210,71
530,210,102
531,210,191
532,210,362
533,210,361
534,210,290
535,210,247
536,210,879
537,210,3909
538,210,1069
539,210,181
540,210,150
541,210,159
542,210,550
543,210,3091
544,210,2729
545,210,5389
546,210,4238
547,210,853
548,210,247
549,210,127
550,210,87
551,210,26
552,210,25
553,210,20
554,210,10
555,210,12
556,210,26
557,210,26
558,210,29
559,210,36
560,210,35
561,210,36
562,210,56
563,210,68
564,210,36
565,210,39
566,210,53
567,210,53
568,210,67
569,210,283
570,210,606
571,210,450
572,210,68
573,210,0
490,211,609
491,211,1710
492,211,1436
493,211,828
494,211,193
495,211,89
496,211,62
497,211,58
498,211,13
499,211,7
500,211,35
501,211,0
502,211,68
503,211,119
504,211,99
505,211,33
506,211,23
507,211,29
508,211,114
509,211,188
510,211,386
511,211,82
512,211,224
513,211,210
514,211,102
515,211,81
516,211,210
517,211,236
518,211,171
519,211,30
520,211,95
521,211,117
522,211,785
523,211,1517
524,211,4595
525,211,4289
526,211,601
527,211,185
528,211,64
529,211,57
530,211,245
531,211,768
532,211,831
533,211,265
534,211,311
535,211,301
536,211,187
537,211,751
538,211,805
539,211,129
540,211,135
541,211,133
542,211,148
543,211,321
544,211,412
545,211,854
546,211,1620
547,211,2059
548,211,315
549,211,124
550,211,106
551,211,33
552,211,25
553,211,25
554,211,22
555,211,23
556,211,26
557,211,26
558,211,29
559,211,38
560,211,38
561,211,51
562,211,64
563,211,54
564,211,11
565,211,11
566,211,31
567,211,52
568,211,35
569,211,30
570,211,203
571,211,424
572,211,77
573,211,0
490,212,215
491,212,564
492,212,552
493,212,405
494,212,127
495,212,83
496,212,61
497,212,57
498,212,45
499,212,23
500,212,95
501,212,57
502,212,28
503,212,106
504,212,96
505,212,88
506,212,86
507,212,100
508,212,177
509,212,647
510,212,1022
511,212,586
512,212,301
513,212,448
514,212,281
515,212,380
516,212,295
517,212,321
518,212,130
519,212,30
520,212,65
521,212,494
522,212,1105
523,212,2889
524,212,3678
525,212,2200
526,212,576
527,212,226
528,212,60
529,212,253
530,212,892
531,212,2151
532,212,1488
533,212,1431
534,212,751
535,212,346
536,212,191
537,212,459
538,212,295
539,212,254
540,212,105
541,212,90
542,212,74
543,212,44
544,212,23
545,212,140
546,212,546
547,212,820
548,212,403
549,212,144
550,212,95
551,212,83
552,212,30
553,212,25
554,212,26
555,212,30
556,212,39
557,212,33
558,212,32
559,212,32
560,212,35
561,212,61
562,212,64
563,212,48
564,212,11
565,212,11
566,212,31
567,212,54
568,212,119
569,212,254
570,212,274
571,212,141
572,212,107
573,212,35
490,213,134
491,213,179
492,213,145
493,213,166
494,213,94
495,213,77
496,213,61
497,213,55
498,213,52
499,213,96
500,213,134
501,213,133
502,213,37
503,213,95
504,213,107
505,213,131
506,213,128
507,213,127
508,213,166
509,213,204
510,213,194
511,213,361
512,213,473
513,213,914
514,213,3022
515,213,824
516,213,283
517,213,630
518,213,218
519,213,30
520,213,32
521,213,104
522,213,277
523,213,1872
524,213,1900
525,213,1283
526,213,167
527,213,118
528,213,280
529,213,589
530,213,727
531,213,2272
532,213,2407
533,213,1173
534,213,482
535,213,893
536,213,696
537,213,402
538,213,254
539,213,206
540,213,104
541,213,104
542,213,101
543,213,62
544,213,29
545,213,67
546,213,364
547,213,500
548,213,641
549,213,393
550,213,177
551,213,100
552,213,126
553,213,114
554,213,29
555,213,27
556,213,46
557,213,47
558,213,42
559,213,32
560,213,34
561,213,38
562,213,46
563,213,43
564,213,15
565,213,19
566,213,47
567,213,53
568,213,188
569,213,411
570,213,139
571,213,95
572,213,108
573,213,102
