xv,yv,rho
490,148,129
491,148,58
492,148,50
493,148,46
494,148,54
495,148,109
496,148,291
497,148,841
498,148,1112
499,148,1272
500,148,1597
501,148,1597
502,148,1105
503,148,130
504,148,84
505,148,84
506,148,117
507,148,149
508,148,149
509,148,120
510,148,62
511,148,37
512,148,91
513,148,343
514,148,265
515,148,1083
516,148,1648
517,148,926
518,148,334
519,148,262
520,148,150
521,148,148
522,148,383
523,148,1025
524,148,1257
525,148,1257
526,148,1257
527,148,1257
528,148,1256
529,148,378
530,148,149
531,148,146
532,148,142
533,148,134
534,148,155
535,148,220
536,148,214
537,148,81
538,148,95
539,148,207
540,148,299
541,148,180
542,148,169
543,148,149
544,148,154
545,148,154
546,148,123
547,148,89
548,148,62
549,148,42
550,148,42
551,148,43
552,148,87
553,148,100
554,148,179
555,148,190
556,148,190
557,148,190
558,148,394
559,148,1038
560,148,1038
561,148,964
562,148,178
563,148,134
564,148,135
565,148,146
566,148,146
567,148,145
568,148,96
569,148,95
570,148,94
571,148,87
572,148,82
573,148,85
490,149,286
491,149,199
492,149,100
493,149,42
494,149,71
495,149,157
496,149,964
497,149,1597
498,149,1597
499,149,1597
500,149,1597
501,149,1597
502,149,1596
503,149,1024
504,149,143
505,149,84
506,149,133
507,149,149
508,149,160
509,149,138
510,149,72
511,149,49
512,149,57
513,149,250
514,149,335
515,149,1213
516,149,1693
517,149,1468
518,149,351
519,149,553
520,149,404
521,149,148
522,149,759
523,149,1237
524,149,1257
525,149,1257
526,149,1257
527,149,1257
528,149,1236
529,149,162
530,149,149
531,149,145
532,149,134
533,149,134
534,149,156
535,149,220
536,149,175
537,149,65
538,149,245
539,149,355
540,149,310
541,149,187
542,149,185
543,149,173
544,149,173
545,149,173
546,149,139
547,149,98
548,149,78
549,149,110
550,149,91
551,149,85
552,149,103
553,149,100
554,149,162
555,149,190
556,149,190
557,149,190
558,149,280
559,149,876
560,149,833
561,149,207
562,149,134
563,149,134
564,149,136
565,149,144
566,149,146
567,149,141
568,149,102
569,149,95
570,149,92
571,149,87
572,149,87
573,149,94
490,150,412
491,150,412
492,150,410
493,150,340
494,150,243
495,150,253
496,150,436
497,150,1216
498,150,1597
499,150,1597
500,150,1597
501,150,1597
502,150,1597
503,150,1449
504,150,277
505,150,117
506,150,93
507,150,192
508,150,210
509,150,302
510,150,221
511,150,149
512,150,27
513,150,27
514,150,29
515,150,59
516,150,1146
517,150,1693
518,150,747
519,150,563
520,150,416
521,150,131
522,150,111
523,150,536
524,150,1257
525,150,1257
526,150,1257
527,150,1257
528,150,1257
529,150,773
530,150,149
531,150,145
532,150,134
533,150,134
534,150,143
535,150,220
536,150,147
537,150,65
538,150,289
539,150,355
540,150,282
541,150,187
542,150,186
543,150,175
544,150,173
545,150,173
546,150,130
547,150,99
548,150,119
549,150,122
550,150,115
551,150,108
552,150,103
553,150,107
554,150,181
555,150,183
556,150,184
557,150,187
558,150,190
559,150,163
560,150,151
561,150,134
562,150,134
563,150,134
564,150,142
565,150,146
566,150,131
567,150,118
568,150,105
569,150,95
570,150,93
571,150,87
572,150,87
573,150,96
490,151,412
491,151,412
492,151,412
493,151,360
494,151,253
495,151,253
496,151,253
497,151,761
498,151,1597
499,151,1597
500,151,1597
501,151,1597
502,151,1597
503,151,244
504,151,146
505,151,66
506,151,99
507,151,207
508,151,215
509,151,355
510,151,244
511,151,154
512,151,29
513,151,27
514,151,29
515,151,52
516,151,636
517,151,420
518,151,197
519,151,457
520,151,382
521,151,130
522,151,110
523,151,421
524,151,1257
525,151,1257
526,151,1101
527,151,1115
528,151,1233
529,151,713
530,151,148
531,151,138
532,151,134
533,151,134
534,151,152
535,151,220
536,151,107
537,151,66
538,151,346
539,151,355
540,151,258
541,151,187
542,151,187
543,151,180
544,151,173
545,151,173
546,151,133
547,151,100
548,151,122
549,151,122
550,151,114
551,151,104
552,151,103
553,151,103
554,151,115
555,151,148
556,151,128
557,151,66
558,151,76
559,151,73
560,151,71
561,151,59
562,151,79
563,151,85
564,151,91
565,151,146
566,151,155
567,151,122
568,151,105
569,151,98
570,151,97
571,151,95
572,151,137
573,151,171
490,152,412
491,152,412
492,152,412
493,152,405
494,152,285
495,152,253
496,152,253
497,152,528
498,152,1439
499,152,1073
500,152,1436
501,152,1555
502,152,1101
503,152,246
504,152,147
505,152,80
506,152,58
507,152,189
508,152,208
509,152,318
510,152,252
511,152,170
512,152,194
513,152,379
514,152,333
515,152,147
516,152,96
517,152,96
518,152,96
519,152,195
520,152,229
521,152,169
522,152,144
523,152,320
524,152,746
525,152,585
526,152,339
527,152,127
528,152,370
529,152,492
530,152,269
531,152,134
532,152,134
533,152,138
534,152,171
535,152,220
536,152,118
537,152,147
538,152,355
539,152,315
540,152,188
541,152,187
542,152,187
543,152,180
544,152,173
545,152,173
546,152,114
547,152,100
548,152,121
549,152,121
550,152,112
551,152,304
552,152,732
553,152,628
554,152,338
555,152,120
556,152,120
557,152,69
558,152,63
559,152,59
560,152,71
561,152,95
562,152,78
563,152,57
564,152,62
565,152,100
566,152,110
567,152,159
568,152,125
569,152,140
570,152,127
571,152,113
572,152,193
573,152,226
490,153,412
491,153,385
492,153,266
493,153,289
494,153,389
495,153,303
496,153,253
497,153,253
498,153,256
499,153,328
500,153,587
501,153,888
502,153,360
503,153,242
504,153,217
505,153,103
506,153,110
507,153,201
508,153,208
509,153,340
510,153,232
511,153,170
512,153,240
513,153,411
514,153,433
515,153,276
516,153,96
517,153,96
518,153,95
519,153,87
520,153,88
521,153,233
522,153,243
523,153,609
524,153,508
525,153,401
526,153,134
527,153,179
528,153,460
529,153,493
530,153,352
531,153,134
532,153,547
533,153,1396
534,153,867
535,153,535
536,153,176
537,153,281
538,153,355
539,153,282
540,153,174
541,153,85
542,153,141
543,153,174
544,153,173
545,153,171
546,153,103
547,153,99
548,153,120
549,153,120
550,153,117
551,153,387
552,153,983
553,153,983
554,153,982
555,153,295
556,153,126
557,153,126
558,153,154
559,153,101
560,153,99
561,153,99
562,153,98
563,153,64
564,153,84
565,153,90
566,153,90
567,153,173
568,153,188
569,153,199
570,153,209
571,153,124
572,153,178
573,153,513
490,154,416
491,154,199
492,154,152
493,154,152
494,154,166
495,154,179
496,154,302
497,154,283
498,154,545
499,154,878
500,154,890
501,154,691
502,154,249
503,154,242
504,154,240
505,154,187
506,154,187
507,154,195
508,154,219
509,154,346
510,154,175
511,154,176
512,154,314
513,154,411
514,154,487
515,154,479
516,154,276
517,154,464
518,154,285
519,154,87
520,154,87
521,154,239
522,154,248
523,154,881
524,154,555
525,154,419
526,154,187
527,154,281
528,154,629
529,154,599
530,154,352
531,154,232
532,154,900
533,154,1570
534,154,1570
535,154,870
536,154,167
537,154,225
538,154,349
539,154,200
540,154,65
541,154,15
542,154,129
543,154,172
544,154,173
545,154,173
546,154,109
547,154,101
548,154,121
549,154,120
550,154,112
551,154,523
552,154,983
553,154,983
554,154,956
555,154,210
556,154,126
557,154,128
558,154,157
559,154,114
560,154,99
561,154,99
562,154,124
563,154,105
564,154,90
565,154,90
566,154,90
567,154,274
568,154,263
569,154,205
570,154,181
571,154,158
572,154,520
573,154,2225
490,155,456
491,155,156
492,155,152
493,155,152
494,155,152
495,155,386
496,155,879
497,155,871
498,155,890
499,155,890
500,155,890
501,155,495
502,155,242
503,155,241
504,155,203
505,155,187
506,155,156
507,155,72
508,155,107
509,155,155
510,155,206
511,155,172
512,155,312
513,155,450
514,155,564
515,155,602
516,155,614
517,155,614
518,155,579
519,155,283
520,155,120
521,155,243
522,155,485
523,155,1014
524,155,595
525,155,424
526,155,193
527,155,794
528,155,1530
529,155,1530
530,155,752
531,155,248
532,155,879
533,155,1567
534,155,1570
535,155,544
536,155,167
537,155,197
538,155,291
539,155,112
540,155,15
541,155,17
542,155,139
543,155,173
544,155,173
545,155,160
546,155,99
547,155,109
548,155,122
549,155,118
550,155,112
551,155,481
552,155,983
553,155,983
554,155,873
555,155,137
556,155,126
557,155,137
558,155,160
559,155,154
560,155,112
561,155,130
562,155,141
563,155,125
564,155,105
565,155,98
566,155,273
567,155,534
568,155,441
569,155,285
570,155,267
571,155,286
572,155,476
573,155,2225
490,156,456
491,156,152
492,156,152
493,156,152
494,156,320
495,156,866
496,156,890
497,156,890
498,156,890
499,156,890
500,156,890
501,156,660
502,156,477
503,156,212
504,156,187
505,156,134
506,156,52
507,156,52
508,156,52
509,156,54
510,156,269
511,156,274
512,156,335
513,156,510
514,156,597
515,156,601
516,156,613
517,156,657
518,156,774
519,156,930
520,156,1031
521,156,479
522,156,639
523,156,1014
524,156,709
525,156,386
526,156,193
527,156,370
528,156,1309
529,156,1530
530,156,1529
531,156,1182
532,156,1567
533,156,1570
534,156,1570
535,156,356
536,156,167
537,156,174
538,156,119
539,156,24
540,156,104
541,156,144
542,156,169
543,156,380
544,156,396
545,156,211
546,156,99
547,156,116
548,156,121
549,156,112
550,156,117
551,156,549
552,156,883
553,156,983
554,156,595
555,156,126
556,156,126
557,156,135
558,156,160
559,156,160
560,156,452
561,156,449
562,156,144
563,156,122
564,156,114
565,156,111
566,156,306
567,156,572
568,156,431
569,156,285
570,156,285
571,156,355
572,156,318
573,156,1972
490,157,611
491,157,230
492,157,152
493,157,152
494,157,640
495,157,890
496,157,890
497,157,890
498,157,890
499,157,890
500,157,890
501,157,890
502,157,889
503,157,573
504,157,202
505,157,106
506,157,51
507,157,52
508,157,105
509,157,262
510,157,283
511,157,350
512,157,357
513,157,463
514,157,601
515,157,614
516,157,614
517,157,823
518,157,967
519,157,967
520,157,1533
521,157,1597
522,157,1271
523,157,1014
524,157,1014
525,157,965
526,157,564
527,157,305
528,157,862
529,157,1530
530,157,1530
531,157,1530
532,157,1539
533,157,1568
534,157,1406
535,157,921
536,157,222
537,157,156
538,157,122
539,157,112
540,157,509
541,157,200
542,157,313
543,157,741
544,157,760
545,157,702
546,157,268
547,157,121
548,157,114
549,157,112
550,157,239
551,157,528
552,157,452
553,157,727
554,157,356
555,157,167
556,157,189
557,157,183
558,157,136
559,157,147
560,157,615
561,157,467
562,157,139
563,157,127
564,157,106
565,157,113
566,157,122
567,157,470
568,157,486
569,157,286
570,157,303
571,157,359
572,157,276
573,157,784
490,158,617
491,158,285
492,158,166
493,158,174
494,158,288
495,158,508
496,158,834
497,158,890
498,158,875
499,158,830
500,158,889
501,158,890
502,158,743
503,158,303
504,158,217
505,158,157
506,158,79
507,158,50
508,158,198
509,158,351
510,158,351
511,158,338
512,158,276
513,158,283
514,158,419
515,158,614
516,158,617
517,158,936
518,158,967
519,158,1116
520,158,1597
521,158,1597
522,158,1340
523,158,1014
524,158,1014
525,158,1014
526,158,1014
527,158,956
528,158,1170
529,158,1530
530,158,1530
531,158,1530
532,158,1530
533,158,1463
534,158,1311
535,158,1311
536,158,807
537,158,123
538,158,122
539,158,122
540,158,707
541,158,641
542,158,736
543,158,760
544,158,760
545,158,760
546,158,744
547,158,350
548,158,118
549,158,131
550,158,482
551,158,406
552,158,337
553,158,322
554,158,272
555,158,272
556,158,272
557,158,255
558,158,112
559,158,112
560,158,116
561,158,112
562,158,116
563,158,119
564,158,105
565,158,107
566,158,119
567,158,298
568,158,504
569,158,375
570,158,318
571,158,343
572,158,276
573,158,275
490,159,602
491,159,171
492,159,171
493,159,171
494,159,259
495,159,330
496,159,490
497,159,672
498,159,595
499,159,471
500,159,551
501,159,658
502,159,223
503,159,217
504,159,217
505,159,155
506,159,135
507,159,49
508,159,302
509,159,420
510,159,351
511,159,351
512,159,311
513,159,267
514,159,264
515,159,379
516,159,656
517,159,975
518,159,1003
519,159,1374
520,159,1597
521,159,1597
522,159,1763
523,159,1041
524,159,1014
525,159,1014
526,159,1009
527,159,930
528,159,1722
529,159,1647
530,159,1530
531,159,1530
532,159,1530
533,159,1567
534,159,1386
535,159,1242
536,159,721
537,159,99
538,159,122
539,159,127
540,159,749
541,159,760
542,159,760
543,159,760
544,159,760
545,159,760
546,159,760
547,159,760
548,159,599
549,159,147
550,159,363
551,159,219
552,159,337
553,159,337
554,159,250
555,159,243
556,159,260
557,159,249
558,159,118
559,159,112
560,159,112
561,159,112
562,159,112
563,159,85
564,159,85
565,159,100
566,159,124
567,159,238
568,159,447
569,159,371
570,159,302
571,159,327
572,159,276
573,159,275
490,160,574
491,160,173
492,160,171
493,160,171
494,160,184
495,160,221
496,160,348
497,160,471
498,160,449
499,160,449
500,160,471
501,160,471
502,160,424
503,160,954
504,160,946
505,160,1029
506,160,1204
507,160,834
508,160,984
509,160,884
510,160,352
511,160,351
512,160,351
513,160,335
514,160,284
515,160,264
516,160,876
517,160,1239
518,160,1386
519,160,1597
520,160,1597
521,160,1597
522,160,2461
523,160,2567
524,160,1901
525,160,1014
526,160,991
527,160,1938
528,160,4429
529,160,1990
530,160,1530
531,160,1530
532,160,1572
533,160,1655
534,160,1657
535,160,1432
536,160,18
537,160,18
538,160,93
539,160,192
540,160,760
541,160,760
542,160,760
543,160,760
544,160,760
545,160,760
546,160,760
547,160,760
548,160,434
549,160,116
550,160,84
551,160,116
552,160,210
553,160,149
554,160,87
555,160,91
556,160,132
557,160,130
558,160,104
559,160,100
560,160,94
561,160,97
562,160,94
563,160,79
564,160,78
565,160,105
566,160,116
567,160,101
568,160,100
569,160,125
570,160,221
571,160,278
572,160,275
573,160,275
490,161,457
491,161,297
492,161,257
493,161,210
494,161,174
495,161,171
496,161,171
497,161,215
498,161,188
499,161,240
500,161,374
501,161,472
502,161,471
503,161,753
504,161,1059
505,161,1221
506,161,1143
507,161,994
508,161,986
509,161,854
510,161,351
511,161,351
512,161,351
513,161,375
514,161,627
515,161,383
516,161,858
517,161,1325
518,161,1527
519,161,1597
520,161,1597
521,161,1935
522,161,2817
523,161,3248
524,161,4069
525,161,1852
526,161,2180
527,161,4539
528,161,4361
529,161,1841
530,161,1530
531,161,1844
532,161,1626
533,161,1657
534,161,1657
535,161,1639
536,161,1186
537,161,1344
538,161,3227
539,161,1764
540,161,760
541,161,760
542,161,760
543,161,760
544,161,760
545,161,760
546,161,760
547,161,674
548,161,287
549,161,167
550,161,84
551,161,84
552,161,84
553,161,84
554,161,84
555,161,99
556,161,129
557,161,130
558,161,99
559,161,72
560,161,70
561,161,70
562,161,80
563,161,138
564,161,93
565,161,103
566,161,99
567,161,120
568,161,276
569,161,402
570,161,412
571,161,322
572,161,257
573,161,259
490,162,309
491,162,303
492,162,303
493,162,303
494,162,292
495,162,185
496,162,171
497,162,171
498,162,171
499,162,171
500,162,171
501,162,718
502,162,738
503,162,763
504,162,766
505,162,840
506,162,962
507,162,1071
508,162,986
509,162,978
510,162,546
511,162,622
512,162,524
513,162,562
514,162,1212
515,162,1218
516,162,1816
517,162,1668
518,162,1388
519,162,1594
520,162,1714
521,162,2663
522,162,2724
523,162,2681
524,162,4514
525,162,4514
526,162,4640
527,162,4782
528,162,4125
529,162,2026
530,162,1811
531,162,3290
532,162,2439
533,162,1657
534,162,1659
535,162,2317
536,162,4463
537,162,4852
538,162,4852
539,162,1903
540,162,760
541,162,815
542,162,760
543,162,760
544,162,760
545,162,760
546,162,760
547,162,604
548,162,359
549,162,122
550,162,84
551,162,84
552,162,84
553,162,89
554,162,130
555,162,145
556,162,130
557,162,130
558,162,102
559,162,73
560,162,71
561,162,80
562,162,87
563,162,159
564,162,142
565,162,79
566,162,166
567,162,301
568,162,485
569,162,485
570,162,478
571,162,258
572,162,245
573,162,255
490,163,303
491,163,303
492,163,303
493,163,303
494,163,303
495,163,195
496,163,171
497,163,171
498,163,171
499,163,261
500,163,423
501,163,765
502,163,766
503,163,766
504,163,766
505,163,766
506,163,1224
507,163,1434
508,163,1112
509,163,986
510,163,986
511,163,927
512,163,544
513,163,541
514,163,983
515,163,1503
516,163,1446
517,163,2232
518,163,1325
519,163,1753
520,163,2555
521,163,2817
522,163,2516
523,163,2937
524,163,4514
525,163,4514
526,163,4617
527,163,4782
528,163,4152
529,163,2516
530,163,2074
531,163,4135
532,163,4599
533,163,3586
534,163,3939
535,163,4852
536,163,4852
537,163,4852
538,163,4314
539,163,2400
540,163,1564
541,163,2388
542,163,1168
543,163,760
544,163,760
545,163,760
546,163,760
547,163,760
548,163,759
549,163,253
550,163,83
551,163,75
552,163,75
553,163,162
554,163,175
555,163,144
556,163,141
557,163,130
558,163,121
559,163,80
560,163,77
561,163,52
562,163,55
563,163,158
564,163,159
565,163,135
566,163,233
567,163,398
568,163,432
569,163,372
570,163,282
571,163,113
572,163,133
573,163,162
490,164,230
491,164,298
492,164,303
493,164,303
494,164,287
495,164,171
496,164,171
497,164,171
498,164,287
499,164,577
500,164,766
501,164,766
502,164,766
503,164,766
504,164,766
505,164,766
506,164,1036
507,164,1436
508,164,1173
509,164,986
510,164,986
511,164,986
512,164,819
513,164,542
514,164,736
515,164,1503
516,164,1359
517,164,1759
518,164,2697
519,164,3185
520,164,3022
521,164,2725
522,164,3059
523,164,4360
524,164,4514
525,164,4514
526,164,4604
527,164,4782
528,164,4192
529,164,2310
530,164,2498
531,164,4842
532,164,4852
533,164,4852
534,164,4852
535,164,4852
536,164,4852
537,164,4694
538,164,3183
539,164,3132
540,164,2970
541,164,2496
542,164,2029
543,164,760
544,164,760
545,164,760
546,164,760
547,164,760
548,164,760
549,164,565
550,164,26
551,164,20
552,164,24
553,164,163
554,164,175
555,164,167
556,164,171
557,164,141
558,164,129
559,164,85
560,164,83
561,164,34
562,164,33
563,164,159
564,164,159
565,164,159
566,164,108
567,164,235
568,164,287
569,164,287
570,164,279
571,164,128
572,164,140
573,164,991
490,165,140
491,165,157
492,165,252
493,165,304
494,165,273
495,165,171
496,165,171
497,165,285
498,165,747
499,165,766
500,165,766
501,165,766
502,165,766
503,165,766
504,165,766
505,165,766
506,165,823
507,165,1319
508,165,1181
509,165,986
510,165,986
511,165,986
512,165,985
513,165,558
514,165,1146
515,165,1503
516,165,1388
517,165,1167
518,165,4401
519,165,3976
520,165,3925
521,165,2922
522,165,4136
523,165,4514
524,165,4514
525,165,4514
526,165,4645
527,165,4782
528,165,3967
529,165,2087
530,165,3260
531,165,4852
532,165,4852
533,165,4852
534,165,4852
535,165,4852
536,165,4852
537,165,4317
538,165,3132
539,165,3025
540,165,2526
541,165,2492
542,165,2234
543,165,789
544,165,760
545,165,760
546,165,760
547,165,760
548,165,760
549,165,746
550,165,55
551,165,45
552,165,70
553,165,170
554,165,175
555,165,172
556,165,172
557,165,168
558,165,100
559,165,83
560,165,123
561,165,77
562,165,85
563,165,159
564,165,159
565,165,159
566,165,84
567,165,89
568,165,225
569,165,239
570,165,222
571,165,606
572,165,2099
573,165,2626
490,166,140
491,166,143
492,166,364
493,166,406
494,166,371
495,166,240
496,166,312
497,166,618
498,166,704
499,166,717
500,166,752
501,166,766
502,166,766
503,166,766
504,166,766
505,166,744
506,166,844
507,166,1217
508,166,1158
509,166,1059
510,166,986
511,166,986
512,166,988
513,166,1022
514,166,1536
515,166,1503
516,166,1366
517,166,2221
518,166,4888
519,166,4525
520,166,4200
521,166,4476
522,166,4481
523,166,5197
524,166,5001
525,166,4795
526,166,4798
527,166,4695
528,166,3065
529,166,2074
530,166,3958
531,166,4852
532,166,4852
533,166,4852
534,166,4852
535,166,4852
536,166,4852
537,166,4149
538,166,3132
539,166,2851
540,166,2492
541,166,2492
542,166,2492
543,166,1372
544,166,760
545,166,760
546,166,760
547,166,760
548,166,760
549,166,724
550,166,143
551,166,175
552,166,175
553,166,174
554,166,173
555,166,172
556,166,189
557,166,206
558,166,80
559,166,83
560,166,225
561,166,257
562,166,208
563,166,159
564,166,159
565,166,127
566,166,60
567,166,60
568,166,86
569,166,101
570,166,106
571,166,1194
572,166,2531
573,166,2626
490,167,140
491,167,265
492,167,487
493,167,483
494,167,422
495,167,453
496,167,684
497,167,703
498,167,703
499,167,703
500,167,673
501,167,735
502,167,765
503,167,752
504,167,766
505,167,666
506,167,500
507,167,1148
508,167,1207
509,167,1275
510,167,1020
511,167,986
512,167,1697
513,167,2123
514,167,1819
515,167,1678
516,167,3206
517,167,4193
518,167,4952
519,167,4912
520,167,4884
521,167,4687
522,167,5318
523,167,5797
524,167,5756
525,167,5756
526,167,5639
527,167,5272
528,167,5453
529,167,4735
530,167,4922
531,167,4852
532,167,4852
533,167,4852
534,167,4852
535,167,4725
536,167,3967
537,167,3202
538,167,3132
539,167,2889
540,167,2492
541,167,2492
542,167,2492
543,167,2096
544,167,760
545,167,760
546,167,760
547,167,760
548,167,760
549,167,755
550,167,439
551,167,201
552,167,173
553,167,172
554,167,173
555,167,184
556,167,206
557,167,210
558,167,117
559,167,96
560,167,261
561,167,285
562,167,291
563,167,158
564,167,148
565,167,98
566,167,83
567,167,86
568,167,83
569,167,100
570,167,101
571,167,101
572,167,920
573,167,2626
490,168,176
491,168,465
492,168,487
493,168,487
494,168,481
495,168,455
496,168,520
497,168,703
498,168,703
499,168,703
500,168,687
501,168,509
502,168,496
503,168,493
504,168,731
505,168,619
506,168,432
507,168,550
508,168,1354
509,168,1395
510,168,1295
511,168,1239
512,168,2377
513,168,2471
514,168,2035
515,168,3209
516,168,3870
517,168,4674
518,168,6843
519,168,5494
520,168,4980
521,168,4980
522,168,5744
523,168,5881
524,168,5839
525,168,5787
526,168,5603
527,168,5541
528,168,5541
529,168,5539
530,168,5064
531,168,4852
532,168,4852
533,168,4852
534,168,5060
535,168,3457
536,168,3132
537,168,3132
538,168,3132
539,168,3113
540,168,2597
541,168,2492
542,168,2492
543,168,2203
544,168,1533
545,168,1785
546,168,1938
547,168,1870
548,168,1842
549,168,1998
550,168,950
551,168,519
552,168,342
553,168,238
554,168,359
555,168,324
556,168,210
557,168,210
558,168,202
559,168,148
560,168,323
561,168,327
562,168,500
563,168,349
564,168,331
565,168,123
566,168,88
567,168,88
568,168,88
569,168,91
570,168,96
571,168,544
572,168,2606
573,168,2626
490,169,152
491,169,446
492,169,487
493,169,487
494,169,329
495,169,222
496,169,185
497,169,658
498,169,703
499,169,703
500,169,703
501,169,578
502,169,419
503,169,514
504,169,1004
505,169,612
506,169,439
507,169,255
508,169,1155
509,169,1395
510,169,1395
511,169,1401
512,169,2273
513,169,3558
514,169,3587
515,169,3870
516,169,3870
517,169,4731
518,169,7222
519,169,6384
520,169,2533
521,169,3651
522,169,5094
523,169,4894
524,169,5469
525,169,5874
526,169,5609
527,169,5541
528,169,5561
529,169,6292
530,169,5191
531,169,4852
532,169,4852
533,169,4852
534,169,6938
535,169,6060
536,169,3135
537,169,3132
538,169,3132
539,169,2758
540,169,2492
541,169,2492
542,169,2452
543,169,2322
544,169,2319
545,169,2319
546,169,2319
547,169,2319
548,169,2319
549,169,2318
550,169,1045
551,169,568
552,169,568
553,169,568
554,169,568
555,169,568
556,169,293
557,169,350
558,169,372
559,169,312
560,169,232
561,169,144
562,169,660
563,169,1102
564,169,1102
565,169,546
566,169,88
567,169,88
568,169,88
569,169,91
570,169,133
571,169,1156
572,169,2626
573,169,2626
490,170,140
491,170,223
492,170,468
493,170,240
494,170,140
495,170,151
496,170,152
497,170,612
498,170,703
499,170,703
500,170,703
501,170,631
502,170,610
503,170,909
504,170,1465
505,170,1270
506,170,1574
507,170,2093
508,170,2013
509,170,1395
510,170,1413
511,170,1717
512,170,2900
513,170,3870
514,170,3870
515,170,3870
516,170,3870
517,170,4447
518,170,7108
519,170,4543
520,170,1704
521,170,2516
522,170,4331
523,170,4331
524,170,4331
525,170,4447
526,170,5070
527,170,6354
528,170,6658
529,170,9032
530,170,8013
531,170,4994
532,170,5087
533,170,7584
534,170,7174
535,170,5234
536,170,3132
537,170,3556
538,170,6505
539,170,4521
540,170,2492
541,170,2492
542,170,2428
543,170,2319
544,170,2319
545,170,2319
546,170,2319
547,170,2319
548,170,2319
549,170,2299
550,170,990
551,170,560
552,170,564
553,170,568
554,170,568
555,170,561
556,170,507
557,170,503
558,170,524
559,170,229
560,170,142
561,170,142
562,170,810
563,170,1102
564,170,1148
565,170,1527
566,170,458
567,170,88
568,170,88
569,170,88
570,170,108
571,170,195
572,170,1160
573,170,1264
490,171,140
491,171,142
492,171,172
493,171,140
494,171,140
495,171,151
496,171,152
497,171,497
498,171,703
499,171,703
500,171,703
501,171,690
502,171,637
503,171,1200
504,171,1388
505,171,1808
506,171,3055
507,171,3091
508,171,2972
509,171,2741
510,171,1833
511,171,1938
512,171,2930
513,171,3870
514,171,3870
515,171,3870
516,171,3086
517,171,2973
518,171,2189
519,171,1032
520,171,1303
521,171,2823
522,171,4338
523,171,4331
524,171,4331
525,171,4331
526,171,7224
527,171,9106
528,171,9106
529,171,9106
530,171,9106
531,171,12425
532,171,13160
533,171,10718
534,171,6611
535,171,7501
536,171,6630
537,171,7104
538,171,7968
539,171,7508
540,171,4233
541,171,4356
542,171,2396
543,171,2958
544,171,2319
545,171,2319
546,171,2319
547,171,2319
548,171,2319
549,171,2303
550,171,1557
551,171,561
552,171,550
553,171,553
554,171,565
555,171,534
556,171,502
557,171,523
558,171,543
559,171,335
560,171,142
561,171,142
562,171,963
563,171,1132
564,171,2081
565,171,2393
566,171,1995
567,171,1606
568,171,235
569,171,88
570,171,99
571,171,123
572,171,137
573,171,187
490,172,140
491,172,140
492,172,140
493,172,230
494,172,203
495,172,151
496,172,152
497,172,170
498,172,467
499,172,702
500,172,584
501,172,467
502,172,698
503,172,1451
504,172,549
505,172,866
506,172,1799
507,172,1608
508,172,1982
509,172,3579
510,172,2869
511,172,2168
512,172,1964
513,172,3184
514,172,3870
515,172,3845
516,172,1080
517,172,575
518,172,528
519,172,740
520,172,854
521,172,4843
522,172,7507
523,172,5453
524,172,5863
525,172,5156
526,172,9063
527,172,9217
528,172,9106
529,172,9106
530,172,9231
531,172,12591
532,172,12826
533,172,9988
534,172,9046
535,172,7968
536,172,7968
537,172,7968
538,172,7968
539,172,7968
540,172,7821
541,172,4071
542,172,3241
543,172,4079
544,172,2882
545,172,2319
546,172,2319
547,172,2999
548,172,3233
549,172,2788
550,172,3516
551,172,1989
552,172,1502
553,172,1270
554,172,825
555,172,813
556,172,514
557,172,502
558,172,545
559,172,600
560,172,370
561,172,457
562,172,1071
563,172,1144
564,172,2338
565,172,2393
566,172,2393
567,172,2393
568,172,1959
569,172,103
570,172,99
571,172,123
572,172,123
573,172,105
490,173,140
491,173,140
492,173,140
493,173,665
494,173,667
495,173,337
496,173,217
497,173,152
498,173,152
499,173,405
500,173,427
501,173,427
502,173,1085
503,173,1335
504,173,546
505,173,528
506,173,528
507,173,870
508,173,1328
509,173,3240
510,173,3579
511,173,3284
512,173,3052
513,173,3818
514,173,3870
515,173,3867
516,173,3457
517,173,1898
518,173,1491
519,173,2094
520,173,3217
521,173,6234
522,173,9106
523,173,9106
524,173,9106
525,173,9106
526,173,9106
527,173,10617
528,173,9123
529,173,9106
530,173,10010
531,173,13159
532,173,11576
533,173,9988
534,173,9412
535,173,7969
536,173,7968
537,173,7968
538,173,7968
539,173,7968
540,173,7218
541,173,3380
542,173,4069
543,173,4079
544,173,3826
545,173,2425
546,173,2319
547,173,4086
548,173,4669
549,173,4669
550,173,4423
551,173,2315
552,173,2262
553,173,2262
554,173,2236
555,173,2085
556,173,1109
557,173,532
558,173,690
559,173,853
560,173,853
561,173,951
562,173,1102
563,173,1558
564,173,2393
565,173,2393
566,173,2393
567,173,2393
568,173,2277
569,173,135
570,173,108
571,173,123
572,173,123
573,173,77
490,174,140
491,174,141
492,174,145
493,174,1004
494,174,1238
495,174,638
496,174,565
497,174,173
498,174,152
499,174,242
500,174,427
501,174,349
502,174,639
503,174,585
504,174,528
505,174,528
506,174,528
507,174,666
508,174,1064
509,174,1528
510,174,2433
511,174,3510
512,174,3714
513,174,3785
514,174,3787
515,174,3731
516,174,3774
517,174,4179
518,174,4663
519,174,3624
520,174,3516
521,174,8542
522,174,9106
523,174,9106
524,174,9106
525,174,9106
526,174,9825
527,174,12004
528,174,10810
529,174,9106
530,174,12445
531,174,13262
532,174,10579
533,174,9988
534,174,9980
535,174,9720
536,174,8073
537,174,7968
538,174,7968
539,174,7933
540,174,5675
541,174,4079
542,174,4079
543,174,4079
544,174,4079
545,174,3280
546,174,3405
547,174,4511
548,174,4669
549,174,4640
550,174,4057
551,174,2570
552,174,2377
553,174,2263
554,174,2262
555,174,1287
556,174,543
557,174,543
558,174,690
559,174,853
560,174,853
561,174,1032
562,174,1053
563,174,1240
564,174,1900
565,174,1961
566,174,2060
567,174,2289
568,174,1827
569,174,89
570,174,118
571,174,123
572,174,109
573,174,74
490,175,148
491,175,148
492,175,148
493,175,935
494,175,1776
495,175,1360
496,175,1376
497,175,628
498,175,441
499,175,347
500,175,448
501,175,221
502,175,289
503,175,528
504,175,544
505,175,736
506,175,951
507,175,977
508,175,985
509,175,1188
510,175,1553
511,175,3626
512,175,3711
513,175,3711
514,175,3711
515,175,3711
516,175,3975
517,175,4714
518,175,4652
519,175,3840
520,175,3516
521,175,7459
522,175,7808
523,175,9234
524,175,12234
525,175,13075
526,175,11974
527,175,12059
528,175,10633
529,175,9106
530,175,12962
531,175,13262
532,175,12211
533,175,9988
534,175,9988
535,175,10256
536,175,10423
537,175,8545
538,175,7968
539,175,7207
540,175,5055
541,175,4714
542,175,4148
543,175,4079
544,175,4165
545,175,4666
546,175,4669
547,175,4669
548,175,4669
549,175,3998
550,175,2549
551,175,2549
552,175,2549
553,175,2332
554,175,2262
555,175,1044
556,175,543
557,175,536
558,175,652
559,175,844
560,175,933
561,175,1060
562,175,510
563,175,443
564,175,443
565,175,443
566,175,443
567,175,465
568,175,596
569,175,235
570,175,121
571,175,96
572,175,73
573,175,73
490,176,148
491,176,148
492,176,148
493,176,984
494,176,1781
495,176,1803
496,176,3263
497,176,638
498,176,613
499,176,548
500,176,410
501,176,196
502,176,244
503,176,510
504,176,814
505,176,983
506,176,983
507,176,983
508,176,1415
509,176,1435
510,176,3199
511,176,3711
512,176,3711
513,176,3711
514,176,3711
515,176,3711
516,176,3727
517,176,4303
518,176,4408
519,176,4351
520,176,6707
521,176,4066
522,176,4211
523,176,10773
524,176,15923
525,176,15923
526,176,14133
527,176,12059
528,176,11997
529,176,10715
530,176,13055
531,176,13262
532,176,10894
533,176,9988
534,176,9988
535,176,11089
536,176,11793
537,176,9495
538,176,7035
539,176,6957
540,176,5173
541,176,5173
542,176,4894
543,176,4079
544,176,4105
545,176,4508
546,176,4668
547,176,4651
548,176,4172
549,176,3895
550,176,2537
551,176,2549
552,176,2549
553,176,2415
554,176,2262
555,176,1419
556,176,498
557,176,449
558,176,443
559,176,587
560,176,888
561,176,724
562,176,443
563,176,443
564,176,443
565,176,443
566,176,443
567,176,443
568,176,443
569,176,438
570,176,130
571,176,73
572,176,73
573,176,73
490,177,148
491,177,148
492,177,127
493,177,120
494,177,976
495,177,1286
496,177,1164
497,177,630
498,177,555
499,177,548
500,177,311
501,177,649
502,177,642
503,177,415
504,177,676
505,177,983
506,177,983
507,177,1105
508,177,2144
509,177,2182
510,177,3603
511,177,3711
512,177,3711
513,177,3711
514,177,3711
515,177,3711
516,177,3631
517,177,3347
518,177,2858
519,177,6941
520,177,9049
521,177,5464
522,177,3755
523,177,12701
524,177,15923
525,177,16423
526,177,17287
527,177,14620
528,177,12678
529,177,11630
530,177,13252
531,177,14787
532,177,14014
533,177,10116
534,177,9988
535,177,11212
536,177,11616
537,177,8008
538,177,5173
539,177,5173
540,177,5173
541,177,5173
542,177,4903
543,177,4079
544,177,4079
545,177,4096
546,177,4173
547,177,3512
548,177,2446
549,177,2446
550,177,2446
551,177,2460
552,177,2498
553,177,2502
554,177,2197
555,177,1008
556,177,443
557,177,443
558,177,443
559,177,443
560,177,450
561,177,443
562,177,443
563,177,443
564,177,443
565,177,443
566,177,443
567,177,443
568,177,443
569,177,443
570,177,185
571,177,73
572,177,73
573,177,73
490,178,148
491,178,137
492,178,103
493,178,293
494,178,610
495,178,740
496,178,1223
497,178,1098
498,178,1263
499,178,1932
500,178,1195
501,178,2547
502,178,1064
503,178,415
504,178,479
505,178,982
506,178,983
507,178,1299
508,178,2233
509,178,2234
510,178,3469
511,178,4056
512,178,4375
513,178,4484
514,178,3770
515,178,4042
516,178,3603
517,178,5157
518,178,5509
519,178,6999
520,178,8393
521,178,8718
522,178,10950
523,178,12930
524,178,15732
525,178,18190
526,178,18292
527,178,17626
528,178,11172
529,178,9364
530,178,12429
531,178,15763
532,178,20086
533,178,13260
534,178,8862
535,178,9766
536,178,10731
537,178,6691
538,178,6556
539,178,5173
540,178,5173
541,178,5165
542,178,4448
543,178,4079
544,178,4079
545,178,4079
546,178,4079
547,178,3010
548,178,2446
549,178,2446
550,178,2446
551,178,1858
552,178,1091
553,178,1391
554,178,817
555,178,443
556,178,443
557,178,443
558,178,443
559,178,443
560,178,443
561,178,443
562,178,443
563,178,443
564,178,443
565,178,443
566,178,443
567,178,443
568,178,443
569,178,443
570,178,284
571,178,73
572,178,73
573,178,73
490,179,171
491,179,151
492,179,111
493,179,1682
494,179,2362
495,179,2218
496,179,2548
497,179,2545
498,179,2553
499,179,2553
500,179,2553
501,179,2553
502,179,1281
503,179,415
504,179,415
505,179,885
506,179,983
507,179,1192
508,179,2237
509,179,3121
510,179,4000
511,179,4798
512,179,4958
513,179,4958
514,179,4949
515,179,5057
516,179,5107
517,179,5107
518,179,5273
519,179,6310
520,179,7378
521,179,9926
522,179,12435
523,179,12504
524,179,17409
525,179,18389
526,179,13515
527,179,13576
528,179,9550
529,179,9359
530,179,11754
531,179,17556
532,179,18740
533,179,8657
534,179,8609
535,179,8491
536,179,8329
537,179,7016
538,179,6409
539,179,5262
540,179,6669
541,179,6133
542,179,5040
543,179,4794
544,179,4079
545,179,4079
546,179,4079
547,179,2921
548,179,2446
549,179,2446
550,179,2446
551,179,771
552,179,47
553,179,137
554,179,421
555,179,443
556,179,443
557,179,443
558,179,443
559,179,443
560,179,443
561,179,443
562,179,443
563,179,443
564,179,443
565,179,443
566,179,443
567,179,443
568,179,443
569,179,443
570,179,430
571,179,141
572,179,73
573,179,73
490,180,309
491,180,189
492,180,250
493,180,1590
494,180,2553
495,180,2553
496,180,2553
497,180,2553
498,180,2550
499,180,1474
500,180,268
501,180,318
502,180,474
503,180,415
504,180,418
505,180,969
506,180,984
507,180,1028
508,180,2640
509,180,3637
510,180,3637
511,180,4012
512,180,4939
513,180,4958
514,180,4988
515,180,5099
516,180,5107
517,180,5107
518,180,5107
519,180,6610
520,180,7378
521,180,8644
522,180,12455
523,180,13177
524,180,18388
525,180,19849
526,180,16559
527,180,10302
528,180,9359
529,180,9359
530,180,10402
531,180,12849
532,180,11360
533,180,7399
534,180,12926
535,180,11493
536,180,10189
537,180,7234
538,180,6719
539,180,7162
540,180,8302
541,180,8302
542,180,8230
543,180,7583
544,180,4079
545,180,4079
546,180,4079
547,180,2888
548,180,2446
549,180,2446
550,180,2516
551,180,804
552,180,477
553,180,49
554,180,111
555,180,378
556,180,443
557,180,443
558,180,443
559,180,443
560,180,443
561,180,443
562,180,443
563,180,443
564,180,443
565,180,443
566,180,443
567,180,443
568,180,443
569,180,443
570,180,443
571,180,415
572,180,273
573,180,177
490,181,319
491,181,197
492,181,648
493,181,2528
494,181,2553
495,181,2553
496,181,2553
497,181,1836
498,181,977
499,181,144
500,181,142
501,181,228
502,181,415
503,181,415
504,181,546
505,181,1362
506,181,1162
507,181,1393
508,181,3171
509,181,3637
510,181,3637
511,181,3637
512,181,4357
513,181,5000
514,181,5086
515,181,5107
516,181,5107
517,181,5107
518,181,5107
519,181,6961
520,181,7378
521,181,9884
522,181,12455
523,181,16760
524,181,19083
525,181,23372
526,181,23077
527,181,15282
528,181,12458
529,181,12478
530,181,13749
531,181,6697
532,181,3527
533,181,7064
534,181,13104
535,181,13051
536,181,13051
537,181,8340
538,181,7291
539,181,8180
540,181,8302
541,181,8342
542,181,9179
543,181,8005
544,181,4337
545,181,4290
546,181,4444
547,181,3395
548,181,3455
549,181,4044
550,181,2854
551,181,1150
552,181,560
553,181,304
554,181,218
555,181,427
556,181,443
557,181,443
558,181,443
559,181,443
560,181,443
561,181,443
562,181,443
563,181,443
564,181,443
565,181,443
566,181,443
567,181,443
568,181,443
569,181,443
570,181,443
571,181,443
572,181,443
573,181,443
490,182,503
491,182,196
492,182,303
493,182,1034
494,182,1635
495,182,1584
496,182,1626
497,182,282
498,182,190
499,182,142
500,182,142
501,182,231
502,182,415
503,182,415
504,182,647
505,182,1393
506,182,1393
507,182,1393
508,182,3334
509,182,3637
510,182,3777
511,182,4027
512,182,4539
513,182,5062
514,182,5107
515,182,5107
516,182,5107
517,182,5112
518,182,5107
519,182,7836
520,182,7758
521,182,8855
522,182,12100
523,182,15432
524,182,22069
525,182,21881
526,182,16368
527,182,12949
528,182,12848
529,182,12937
530,182,13451
531,182,15115
532,182,15561
533,182,16977
534,182,17973
535,182,15045
536,182,12231
537,182,7017
538,182,8017
539,182,8302
540,182,8302
541,182,8598
542,182,9276
543,182,8042
544,182,4649
545,182,4641
546,182,4649
547,182,4649
548,182,4374
549,182,4296
550,182,3017
551,182,2687
552,182,1058
553,182,562
554,182,562
555,182,524
556,182,695
557,182,532
558,182,443
559,182,443
560,182,443
561,182,443
562,182,443
563,182,443
564,182,443
565,182,443
566,182,443
567,182,443
568,182,443
569,182,443
570,182,443
571,182,443
572,182,443
573,182,443
490,183,776
491,183,199
492,183,284
493,183,287
494,183,287
495,183,403
496,183,476
497,183,211
498,183,201
499,183,142
500,183,142
501,183,267
502,183,415
503,183,415
504,183,811
505,183,1393
506,183,1393
507,183,1393
508,183,2023
509,183,3110
510,183,4471
511,183,5038
512,183,5107
513,183,5107
514,183,5107
515,183,5107
516,183,5107
517,183,5177
518,183,5214
519,183,5623
520,183,9690
521,183,9636
522,183,9878
523,183,9878
524,183,10562
525,183,11794
526,183,12413
527,183,12199
528,183,12747
529,183,12706
530,183,16537
531,183,18034
532,183,17301
533,183,16376
534,183,16610
535,183,17280
536,183,9907
537,183,7462
538,183,8301
539,183,8302
540,183,8302
541,183,8850
542,183,9276
543,183,8072
544,183,4649
545,183,4649
546,183,4649
547,183,4649
548,183,4387
549,183,4296
550,183,3598
551,183,2852
552,183,2798
553,183,1229
554,183,562
555,183,562
556,183,897
557,183,559
558,183,443
559,183,443
560,183,443
561,183,443
562,183,443
563,183,443
564,183,443
565,183,443
566,183,443
567,183,443
568,183,443
569,183,443
570,183,443
571,183,443
572,183,443
573,183,443
490,184,258
491,184,206
492,184,284
493,184,287
494,184,287
495,184,362
496,184,547
497,184,211
498,184,211
499,184,161
500,184,130
501,184,290
502,184,415
503,184,401
504,184,459
505,184,1317
506,184,1393
507,184,1393
508,184,1393
509,184,1423
510,184,2434
511,184,3767
512,184,5070
513,184,5107
514,184,5107
515,184,5107
516,184,5125
517,184,5226
518,184,5239
519,184,6037
520,184,9844
521,184,9878
522,184,9878
523,184,9878
524,184,9954
525,184,10151
526,184,10159
527,184,10451
528,184,12662
529,184,12938
530,184,18494
531,184,18622
532,184,18013
533,184,13436
534,184,12987
535,184,12882
536,184,11606
537,184,8889
538,184,8302
539,184,8302
540,184,8302
541,184,9182
542,184,9276
543,184,7087
544,184,4702
545,184,4655
546,184,4649
547,184,4628
548,184,4322
549,184,4296
550,184,4172
551,184,3026
552,184,2852
553,184,2230
554,184,562
555,184,666
556,184,928
557,184,268
558,184,282
559,184,359
560,184,402
561,184,431
562,184,443
563,184,443
564,184,443
565,184,443
566,184,443
567,184,443
568,184,443
569,184,443
570,184,443
571,184,443
572,184,443
573,184,443
490,185,194
491,185,160
492,185,260
493,185,287
494,185,287
495,185,341
496,185,513
497,185,211
498,185,196
499,185,137
500,185,100
501,185,201
502,185,356
503,185,317
504,185,313
505,185,961
506,185,1393
507,185,1393
508,185,1393
509,185,1928
510,185,2579
511,185,2579
512,185,3585
513,185,4649
514,185,4967
515,185,4970
516,185,5225
517,185,5239
518,185,5239
519,185,5239
520,185,9148
521,185,9878
522,185,9878
523,185,9029
524,185,7892
525,185,10159
526,185,10159
527,185,10738
528,185,12706
529,185,16312
530,185,18622
531,185,18622
532,185,17372
533,185,14092
534,185,12882
535,185,12882
536,185,12882
537,185,10965
538,185,9662
539,185,10199
540,185,8714
541,185,8984
542,185,9276
543,185,7467
544,185,5369
545,185,5246
546,185,4924
547,185,4693
548,185,4296
549,185,4296
550,185,4296
551,185,3880
552,185,2852
553,185,2839
554,185,1758
555,185,986
556,185,807
557,185,229
558,185,224
559,185,162
560,185,162
561,185,284
562,185,443
563,185,443
564,185,443
565,185,443
566,185,443
567,185,443
568,185,440
569,185,437
570,185,443
571,185,439
572,185,430
573,185,396
490,186,149
491,186,73
492,186,200
493,186,282
494,186,287
495,186,383
496,186,441
497,186,141
498,186,104
499,186,127
500,186,201
501,186,225
502,186,313
503,186,313
504,186,322
505,186,1307
506,186,1393
507,186,1393
508,186,1898
509,186,2491
510,186,2579
511,186,2579
512,186,4038
513,186,4311
514,186,4311
515,186,4404
516,186,5182
517,186,5239
518,186,5239
519,186,5239
520,186,7002
521,186,9790
522,186,9621
523,186,4949
524,186,3766
525,186,7706
526,186,10267
527,186,12055
528,186,12841
529,186,18596
530,186,18622
531,186,17099
532,186,14659
533,186,13547
534,186,12882
535,186,12249
536,186,11056
537,186,9386
538,186,9242
539,186,10841
540,186,4699
541,186,6306
542,186,7591
543,186,5477
544,186,5405
545,186,5405
546,186,5405
547,186,4822
548,186,4296
549,186,4276
550,186,4296
551,186,3784
552,186,2852
553,186,2852
554,186,2852
555,186,1514
556,186,745
557,186,229
558,186,190
559,186,43
560,186,147
561,186,443
562,186,443
563,186,443
564,186,443
565,186,443
566,186,443
567,186,436
568,186,398
569,186,405
570,186,425
571,186,393
572,186,395
573,186,393
490,187,561
491,187,477
492,187,271
493,187,291
494,187,290
495,187,248
496,187,149
497,187,107
498,187,153
499,187,335
500,187,354
501,187,338
502,187,313
503,187,313
504,187,535
505,187,1393
506,187,1393
507,187,1749
508,187,2572
509,187,2579
510,187,2579
511,187,2921
512,187,4311
513,187,4311
514,187,4311
515,187,4311
516,187,5041
517,187,5239
518,187,5239
519,187,5239
520,187,5239
521,187,5267
522,187,5229
523,187,3761
524,187,3761
525,187,3983
526,187,7506
527,187,10650
528,187,10228
529,187,14844
530,187,15616
531,187,9111
532,187,13722
533,187,13109
534,187,12165
535,187,7617
536,187,8463
537,187,9239
538,187,9242
539,187,9242
540,187,4371
541,187,3787
542,187,5190
543,187,5405
544,187,5405
545,187,5405
546,187,5405
547,187,4916
548,187,4212
549,187,3550
550,187,3606
551,187,3291
552,187,2852
553,187,2852
554,187,2852
555,187,2536
556,187,870
557,187,231
558,187,127
559,187,43
560,187,279
561,187,431
562,187,436
563,187,433
564,187,433
565,187,440
566,187,422
567,187,398
568,187,393
569,187,393
570,187,393
571,187,393
572,187,393
573,187,393
490,188,554
491,188,561
492,188,398
493,188,371
494,188,371
495,188,371
496,188,269
497,188,307
498,188,352
499,188,354
500,188,354
501,188,353
502,188,314
503,188,313
504,188,835
505,188,1393
506,188,1393
507,188,2081
508,188,2579
509,188,2579
510,188,2579
511,188,3418
512,188,4311
513,188,4311
514,188,4311
515,188,4311
516,188,4575
517,188,5078
518,188,5106
519,188,5228
520,188,5220
521,188,4005
522,188,3761
523,188,3761
524,188,3761
525,188,4230
526,188,5286
527,188,7779
528,188,8293
529,188,8293
530,188,8293
531,188,8913
532,188,10626
533,188,10755
534,188,8943
535,188,6822
536,188,6822
537,188,7423
538,188,8776
539,188,8491
540,188,3698
541,188,4638
542,188,5405
543,188,5405
544,188,5405
545,188,5405
546,188,5405
547,188,5135
548,188,3970
549,188,3364
550,188,3364
551,188,3298
552,188,3153
553,188,2871
554,188,2852
555,188,2759
556,188,1010
557,188,296
558,188,97
559,188,43
560,188,351
561,188,404
562,188,404
563,188,404
564,188,404
565,188,397
566,188,396
567,188,393
568,188,393
569,188,393
570,188,393
571,188,393
572,188,393
573,188,393
490,189,471
491,189,555
492,189,394
493,189,371
494,189,371
495,189,371
496,189,377
497,189,406
498,189,432
499,189,424
500,189,405
501,189,358
502,189,320
503,189,313
504,189,1134
505,189,1393
506,189,1419
507,189,2385
508,189,2579
509,189,2579
510,189,2588
511,189,3984
512,189,4311
513,189,4311
514,189,4311
515,189,4311
516,189,4311
517,189,4311
518,189,4435
519,189,5234
520,189,4961
521,189,3831
522,189,3761
523,189,3811
524,189,4659
525,189,5029
526,189,5094
527,189,6300
528,189,8293
529,189,8258
530,189,8257
531,189,9170
532,189,10621
533,189,10621
534,189,10289
535,189,6903
536,189,6822
537,189,6822
538,189,6844
539,189,6044
540,189,3667
541,189,4805
542,189,5405
543,189,5405
544,189,5405
545,189,5405
546,189,5405
547,189,5265
548,189,3887
549,189,3364
550,189,3364
551,189,3364
552,189,3364
553,189,3062
554,189,2852
555,189,2167
556,189,984
557,189,382
558,189,151
559,189,249
560,189,404
561,189,404
562,189,404
563,189,404
564,189,404
565,189,394
566,189,393
567,189,393
568,189,393
569,189,393
570,189,393
571,189,393
572,189,393
573,189,393
490,190,470
491,190,501
492,190,351
493,190,371
494,190,371
495,190,371
496,190,395
497,190,428
498,190,444
499,190,444
500,190,444
501,190,432
502,190,535
503,190,727
504,190,1377
505,190,1393
506,190,1393
507,190,2330
508,190,2579
509,190,2579
510,190,3129
511,190,4311
512,190,4311
513,190,4311
514,190,4311
515,190,4311
516,190,4311
517,190,4311
518,190,4311
519,190,4668
520,190,3977
521,190,3761
522,190,3761
523,190,3765
524,190,5016
525,190,5094
526,190,5094
527,190,6677
528,190,7148
529,190,8136
530,190,8135
531,190,8184
532,190,10367
533,190,10621
534,190,10621
535,190,8337
536,190,6822
537,190,6822
538,190,6822
539,190,5384
540,190,4118
541,190,4140
542,190,5105
543,190,5405
544,190,5405
545,190,5405
546,190,5405
547,190,4706
548,190,4090
549,190,3364
550,190,3364
551,190,3364
552,190,3364
553,190,3147
554,190,2871
555,190,1563
556,190,984
557,190,723
558,190,401
559,190,404
560,190,404
561,190,404
562,190,404
563,190,404
564,190,404
565,190,396
566,190,393
567,190,393
568,190,393
569,190,393
570,190,393
571,190,393
572,190,393
573,190,393
490,191,441
491,191,431
492,191,140
493,191,349
494,191,371
495,191,371
496,191,348
497,191,321
498,191,337
499,191,366
500,191,444
501,191,447
502,191,723
503,191,832
504,191,1393
505,191,1393
506,191,1209
507,191,1806
508,191,2322
509,191,2497
510,191,2678
511,191,4132
512,191,4311
513,191,4311
514,191,4311
515,191,4311
516,191,4311
517,191,4311
518,191,4299
519,191,3922
520,191,3761
521,191,3761
522,191,3761
523,191,3761
524,191,4538
525,191,5059
526,191,5093
527,191,5110
528,191,5616
529,191,7480
530,191,6969
531,191,7327
532,191,9149
533,191,9392
534,191,9719
535,191,8643
536,191,6033
537,191,6358
538,191,6814
539,191,6193
540,191,4140
541,191,4138
542,191,4249
543,191,3484
544,191,3597
545,191,4831
546,191,4988
547,191,4297
548,191,3906
549,191,1867
550,191,2996
551,191,2954
552,191,3364
553,191,3364
554,191,2809
555,191,2015
556,191,1081
557,191,564
558,191,404
559,191,404
560,191,404
561,191,404
562,191,404
563,191,404
564,191,404
565,191,394
566,191,393
567,191,393
568,191,393
569,191,393
570,191,393
571,191,393
572,191,393
573,191,393
490,192,398
491,192,147
492,192,126
493,192,135
494,192,353
495,192,371
496,192,351
497,192,332
498,192,307
499,192,339
500,192,444
501,192,509
502,192,775
503,192,862
504,192,1369
505,192,1024
506,192,775
507,192,775
508,192,775
509,192,823
510,192,1049
511,192,1209
512,192,2359
513,192,3928
514,192,4311
515,192,4311
516,192,4311
517,192,4311
518,192,4038
519,192,3761
520,192,3761
521,192,3761
522,192,3761
523,192,3761
524,192,3742
525,192,4180
526,192,4965
527,192,4813
528,192,4815
529,192,4918
530,192,4919
531,192,5213
532,192,6502
533,192,6502
534,192,6502
535,192,6229
536,192,4345
537,192,4183
538,192,5170
539,192,6360
540,192,4195
541,192,3757
542,192,1571
543,192,753
544,192,753
545,192,813
546,192,2282
547,192,4293
548,192,3366
549,192,681
550,192,884
551,192,893
552,192,2323
553,192,3356
554,192,1143
555,192,858
556,192,532
557,192,404
558,192,404
559,192,404
560,192,404
561,192,404
562,192,404
563,192,404
564,192,401
565,192,393
566,192,393
567,192,393
568,192,393
569,192,393
570,192,393
571,192,393
572,192,393
573,192,393
490,193,368
491,193,126
492,193,126
493,193,126
494,193,322
495,193,283
496,193,297
497,193,328
498,193,307
499,193,372
500,193,444
501,193,587
502,193,775
503,193,799
504,193,897
505,193,775
506,193,775
507,193,775
508,193,775
509,193,860
510,193,1056
511,193,1056
512,193,1052
513,193,1171
514,193,2407
515,193,4261
516,193,4311
517,193,4183
518,193,3774
519,193,3761
520,193,3761
521,193,3761
522,193,2586
523,193,1042
524,193,1281
525,193,1353
526,193,4872
527,193,4758
528,193,4579
529,193,4795
530,193,4919
531,193,4939
532,193,6236
533,193,6502
534,193,6502
535,193,6502
536,193,5640
537,193,4183
538,193,4183
539,193,4172
540,193,3866
541,193,3048
542,193,1549
543,193,753
544,193,753
545,193,753
546,193,753
547,193,1917
548,193,1335
549,193,534
550,193,579
551,193,671
552,193,844
553,193,2083
554,193,858
555,193,683
556,193,424
557,193,404
558,193,404
559,193,404
560,193,404
561,193,404
562,193,404
563,193,404
564,193,402
565,193,393
566,193,393
567,193,393
568,193,393
569,193,393
570,193,393
571,193,393
572,193,393
573,193,393
490,194,253
491,194,126
492,194,126
493,194,139
494,194,177
495,194,177
496,194,190
497,194,388
498,194,312
499,194,307
500,194,406
501,194,591
502,194,771
503,194,765
504,194,761
505,194,763
506,194,775
507,194,775
508,194,782
509,194,1164
510,194,1287
511,194,2095
512,194,1624
513,194,980
514,194,980
515,194,1683
516,194,3711
517,194,4034
518,194,3761
519,194,3761
520,194,3655
521,194,3490
522,194,2508
523,194,960
524,194,745
525,194,1827
526,194,4781
527,194,4634
528,194,4594
529,194,4829
530,194,4919
531,194,4919
532,194,6176
533,194,6502
534,194,6502
535,194,6502
536,194,5459
537,194,4183
538,194,4183
539,194,4183
540,194,3057
541,194,2532
542,194,1944
543,194,848
544,194,753
545,194,753
546,194,618
547,194,137
548,194,125
549,194,76
550,194,76
551,194,85
552,194,98
553,194,409
554,194,843
555,194,462
556,194,404
557,194,404
558,194,404
559,194,404
560,194,404
561,194,404
562,194,404
563,194,404
564,194,404
565,194,393
566,194,393
567,194,393
568,194,393
569,194,315
570,194,184
571,194,256
572,194,254
573,194,273
490,195,136
491,195,126
492,195,153
493,195,299
494,195,184
495,195,196
496,195,323
497,195,418
498,195,353
499,195,307
500,195,321
501,195,466
502,195,596
503,195,567
504,195,567
505,195,710
506,195,775
507,195,775
508,195,1069
509,195,3269
510,195,3381
511,195,3440
512,195,1719
513,195,980
514,195,980
515,195,929
516,195,596
517,195,1300
518,195,2190
519,195,2431
520,195,1817
521,195,286
522,195,1844
523,195,2810
524,195,3060
525,195,3073
526,195,4512
527,195,4574
528,195,4825
529,195,4837
530,195,4642
531,195,3463
532,195,5065
533,195,4674
534,195,4110
535,195,3363
536,195,2623
537,195,2046
538,195,2627
539,195,2032
540,195,1103
541,195,1805
542,195,1805
543,195,1566
544,195,1155
545,195,771
546,195,379
547,195,137
548,195,133
549,195,78
550,195,76
551,195,74
552,195,40
553,195,38
554,195,255
555,195,404
556,195,404
557,195,404
558,195,404
559,195,404
560,195,404
561,195,404
562,195,404
563,195,404
564,195,399
565,195,371
566,195,393
567,195,393
568,195,393
569,195,137
570,195,67
571,195,67
572,195,67
573,195,89
490,196,166
491,196,140
492,196,250
493,196,418
494,196,366
495,196,360
496,196,418
497,196,418
498,196,392
499,196,311
500,196,304
501,196,381
502,196,361
503,196,561
504,196,561
505,196,489
506,196,580
507,196,867
508,196,2081
509,196,3427
510,196,3440
511,196,3075
512,196,980
513,196,980
514,196,928
515,196,546
516,196,242
517,196,405
518,196,1053
519,196,1699
520,196,1832
521,196,152
522,196,279
523,196,3224
524,196,3943
525,196,2957
526,196,3086
527,196,3320
528,196,4791
529,196,3986
530,196,2295
531,196,2258
532,196,2258
533,196,2258
534,196,2258
535,196,2258
536,196,2258
537,196,919
538,196,184
539,196,184
540,196,255
541,196,1798
542,196,1805
543,196,1805
544,196,1805
545,196,1061
546,196,158
547,196,137
548,196,137
549,196,92
550,196,75
551,196,51
552,196,38
553,196,38
554,196,38
555,196,154
556,196,317
557,196,404
558,196,297
559,196,347
560,196,397
561,196,404
562,196,331
563,196,132
564,196,141
565,196,134
566,196,367
567,196,393
568,196,393
569,196,122
570,196,67
571,196,67
572,196,67
573,196,67
490,197,189
491,197,189
492,197,277
493,197,416
494,197,418
495,197,418
496,197,418
497,197,418
498,197,418
499,197,392
500,197,259
501,197,107
502,197,162
503,197,476
504,197,278
505,197,123
506,197,907
507,197,1057
508,197,3093
509,197,3440
510,197,3440
511,197,2928
512,197,980
513,197,872
514,197,551
515,197,242
516,197,242
517,197,242
518,197,242
519,197,297
520,197,1289
521,197,200
522,197,408
523,197,1149
524,197,2517
525,197,1607
526,197,2058
527,197,2244
528,197,2451
529,197,2841
530,197,2258
531,197,2258
532,197,2258
533,197,2258
534,197,2258
535,197,2258
536,197,2258
537,197,927
538,197,184
539,197,184
540,197,184
541,197,1517
542,197,1805
543,197,1805
544,197,1804
545,197,726
546,197,271
547,197,130
548,197,83
549,197,92
550,197,38
551,197,28
552,197,38
553,197,38
554,197,38
555,197,38
556,197,77
557,197,236
558,197,160
559,197,160
560,197,276
561,197,257
562,197,79
563,197,77
564,197,77
565,197,77
566,197,167
567,197,175
568,197,166
569,197,83
570,197,68
571,197,67
572,197,67
573,197,67
490,198,189
491,198,189
492,198,205
493,198,376
494,198,418
495,198,418
496,198,418
497,198,418
498,198,418
499,198,283
500,198,147
501,198,103
502,198,107
503,198,112
504,198,107
505,198,587
506,198,1054
507,198,1048
508,198,1934
509,198,3440
510,198,3440
511,198,3406
512,198,2026
513,198,243
514,198,242
515,198,242
516,198,242
517,198,242
518,198,240
519,198,151
520,198,320
521,198,123
522,198,555
523,198,723
524,198,725
525,198,957
526,198,2009
527,198,2258
528,198,2258
529,198,2258
530,198,2258
531,198,2258
532,198,2258
533,198,2258
534,198,2258
535,198,2258
536,198,2258
537,198,568
538,198,184
539,198,184
540,198,184
541,198,598
542,198,1657
543,198,1711
544,198,801
545,198,291
546,198,216
547,198,22
548,198,23
549,198,23
550,198,23
551,198,38
552,198,45
553,198,38
554,198,38
555,198,38
556,198,66
557,198,135
558,198,160
559,198,158
560,198,147
561,198,93
562,198,77
563,198,103
564,198,118
565,198,115
566,198,91
567,198,83
568,198,83
569,198,83
570,198,67
571,198,65
572,198,65
573,198,66
490,199,190
491,199,191
492,199,189
493,199,363
494,199,409
495,199,496
496,199,568
497,199,635
498,199,376
499,199,94
500,199,67
501,199,50
502,199,105
503,199,106
504,199,344
505,199,1047
506,199,626
507,199,441
508,199,1258
509,199,2883
510,199,3440
511,199,3440
512,199,2585
513,199,386
514,199,242
515,199,242
516,199,242
517,199,245
518,199,184
519,199,284
520,199,283
521,199,61
522,199,703
523,199,723
524,199,723
525,199,723
526,199,1094
527,199,2258
528,199,2258
529,199,2258
530,199,2258
531,199,2258
532,199,2258
533,199,2258
534,199,2180
535,199,2237
536,199,2070
537,199,937
538,199,184
539,199,184
540,199,184
541,199,184
542,199,356
543,199,508
544,199,291
545,199,291
546,199,123
547,199,22
548,199,22
549,199,23
550,199,23
551,199,41
552,199,46
553,199,41
554,199,43
555,199,71
556,199,80
557,199,103
558,199,137
559,199,130
560,199,126
561,199,126
562,199,114
563,199,142
564,199,142
565,199,142
566,199,117
567,199,83
568,199,83
569,199,82
570,199,56
571,199,54
572,199,54
573,199,54
490,200,195
491,200,195
492,200,173
493,200,89
494,200,171
495,200,483
496,200,722
497,200,787
498,200,274
499,200,88
500,200,91
501,200,54
502,200,97
503,200,250
504,200,973
505,200,733
506,200,436
507,200,441
508,200,441
509,200,600
510,200,3249
511,200,3305
512,200,1149
513,200,469
514,200,242
515,200,242
516,200,246
517,200,223
518,200,243
519,200,320
520,200,203
521,200,184
522,200,723
523,200,723
524,200,723
525,200,723
526,200,785
527,200,2254
528,200,1896
529,200,2035
530,200,1838
531,200,1362
532,200,1308
533,200,1006
534,200,678
535,200,722
536,200,669
537,200,302
538,200,184
539,200,184
540,200,184
541,200,184
542,200,184
543,200,129
544,200,145
545,200,323
546,200,165
547,200,33
548,200,22
549,200,23
550,200,26
551,200,46
552,200,46
553,200,46
554,200,60
555,200,79
556,200,80
557,200,98
558,200,107
559,200,121
560,200,126
561,200,139
562,200,142
563,200,142
564,200,142
565,200,141
566,200,99
567,200,88
568,200,85
569,200,83
570,200,67
571,200,54
572,200,54
573,200,54
490,201,196
491,201,196
492,201,110
493,201,74
494,201,551
495,201,791
496,201,791
497,201,791
498,201,285
499,201,90
500,201,168
501,201,168
502,201,158
503,201,405
504,201,440
505,201,380
506,201,359
507,201,392
508,201,441
509,201,453
510,201,1640
511,201,1261
512,201,493
513,201,320
514,201,304
515,201,287
516,201,317
517,201,285
518,201,320
519,201,320
520,201,230
521,201,301
522,201,723
523,201,723
524,201,723
525,201,723
526,201,679
527,201,1099
528,201,240
529,201,240
530,201,249
531,201,627
532,201,669
533,201,669
534,201,669
535,201,669
536,201,669
537,201,290
538,201,184
539,201,184
540,201,184
541,201,184
542,201,182
543,201,46
544,201,77
545,201,1058
546,201,1099
547,201,578
548,201,22
549,201,23
550,201,36
551,201,46
552,201,46
553,201,46
554,201,53
555,201,85
556,201,96
557,201,105
558,201,94
559,201,111
560,201,129
561,201,142
562,201,138
563,201,137
564,201,142
565,201,142
566,201,108
567,201,89
568,201,179
569,201,238
570,201,269
571,201,217
572,201,68
573,201,188
490,202,196
491,202,196
492,202,91
493,202,107
494,202,711
495,202,791
496,202,791
497,202,786
498,202,190
499,202,138
500,202,208
501,202,208
502,202,223
503,202,352
504,202,358
505,202,358
506,202,358
507,202,386
508,202,441
509,202,441
510,202,513
511,202,521
512,202,322
513,202,322
514,202,322
515,202,322
516,202,548
517,202,730
518,202,445
519,202,320
520,202,157
521,202,82
522,202,661
523,202,678
524,202,575
525,202,452
526,202,278
527,202,242
528,202,240
529,202,240
530,202,243
531,202,667
532,202,669
533,202,669
534,202,669
535,202,669
536,202,669
537,202,419
538,202,184
539,202,184
540,202,184
541,202,184
542,202,175
543,202,43
544,202,196
545,202,1094
546,202,1099
547,202,793
548,202,21
549,202,28
550,202,45
551,202,76
552,202,142
553,202,183
554,202,184
555,202,237
556,202,100
557,202,91
558,202,91
559,202,102
560,202,126
561,202,125
562,202,108
563,202,108
564,202,124
565,202,105
566,202,91
567,202,89
568,202,213
569,202,1444
570,202,442
571,202,433
572,202,413
573,202,433
490,203,134
491,203,135
492,203,76
493,203,74
494,203,310
495,203,759
496,203,791
497,203,628
498,203,71
499,203,102
500,203,198
501,203,208
502,203,208
503,203,248
504,203,449
505,203,358
506,203,358
507,203,416
508,203,441
509,203,436
510,203,323
511,203,322
512,203,322
513,203,322
514,203,634
515,203,1421
516,203,1071
517,203,1212
518,203,1077
519,203,246
520,203,37
521,203,165
522,203,287
523,203,302
524,203,285
525,203,285
526,203,285
527,203,253
528,203,240
529,203,240
530,203,348
531,203,668
532,203,669
533,203,669
534,203,669
535,203,669
536,203,669
537,203,363
538,203,184
539,203,184
540,203,184
541,203,184
542,203,82
543,203,42
544,203,211
545,203,514
546,203,225
547,203,215
548,203,90
549,203,85
550,203,56
551,203,99
552,203,148
553,203,130
554,203,288
555,203,415
556,203,98
557,203,91
558,203,91
559,203,91
560,203,115
561,203,117
562,203,107
563,203,107
564,203,107
565,203,105
566,203,98
567,203,106
568,203,122
569,203,1529
570,203,1122
571,203,433
572,203,433
573,203,433
490,204,75
491,204,75
492,204,74
493,204,74
494,204,74
495,204,223
496,204,277
497,204,97
498,204,55
499,204,55
500,204,61
501,204,177
502,204,208
503,204,370
504,204,685
505,204,445
506,204,413
507,204,439
508,204,441
509,204,418
510,204,261
511,204,263
512,204,282
513,204,378
514,204,1673
515,204,2128
516,204,1636
517,204,1307
518,204,565
519,204,24
520,204,81
521,204,283
522,204,285
523,204,285
524,204,285
525,204,285
526,204,286
527,204,272
528,204,255
529,204,272
530,204,366
531,204,666
532,204,669
533,204,669
534,204,669
535,204,669
536,204,669
537,204,407
538,204,177
539,204,172
540,204,179
541,204,174
542,204,53
543,204,42
544,204,42
545,204,42
546,204,103
547,204,163
548,204,163
549,204,162
550,204,118
551,204,90
552,204,75
553,204,72
554,204,156
555,204,256
556,204,104
557,204,76
558,204,74
559,204,72
560,204,74
561,204,101
562,204,107
563,204,107
564,204,107
565,204,107
566,204,107
567,204,107
568,204,222
569,204,1737
570,204,1846
571,204,789
572,204,433
573,204,386
490,205,75
491,205,86
492,205,80
493,205,74
494,205,78
495,205,92
496,205,56
497,205,55
498,205,48
499,205,52
500,205,55
501,205,154
502,205,343
503,205,782
504,205,804
505,205,796
506,205,795
507,205,658
508,205,457
509,205,143
510,205,36
511,205,36
512,205,206
513,205,1515
514,205,2128
515,205,2128
516,205,2128
517,205,1419
518,205,429
519,205,243
520,205,298
521,205,311
522,205,285
523,205,285
524,205,287
525,205,288
526,205,290
527,205,276
528,205,237
529,205,290
530,205,290
531,205,504
532,205,567
533,205,554
534,205,670
535,205,725
536,205,730
537,205,378
538,205,168
539,205,168
540,205,168
541,205,168
542,205,159
543,205,93
544,205,42
545,205,42
546,205,128
547,205,163
548,205,163
549,205,163
550,205,161
551,205,96
552,205,74
553,205,72
554,205,140
555,205,147
556,205,91
557,205,80
558,205,74
559,205,54
560,205,51
561,205,49
562,205,90
563,205,101
564,205,107
565,205,107
566,205,107
567,205,107
568,205,658
569,205,1864
570,205,1864
571,205,1444
572,205,433
573,205,415
490,206,134
491,206,102
492,206,93
493,206,82
494,206,99
495,206,98
496,206,51
497,206,127
498,206,254
499,206,619
500,206,304
501,206,301
502,206,764
503,206,804
504,206,804
505,206,804
506,206,804
507,206,804
508,206,696
509,206,43
510,206,36
511,206,36
512,206,904
513,206,2087
514,206,2128
515,206,2128
516,206,2128
517,206,1156
518,206,387
519,206,350
520,206,350
521,206,322
522,206,286
523,206,288
524,206,290
525,206,290
526,206,273
527,206,107
528,206,78
529,206,126
530,206,151
531,206,149
532,206,26
533,206,26
534,206,402
535,206,737
536,206,737
537,206,509
538,206,184
539,206,168
540,206,168
541,206,169
542,206,179
543,206,91
544,206,62
545,206,92
546,206,153
547,206,163
548,206,163
549,206,215
550,206,129
551,206,123
552,206,74
553,206,71
554,206,69
555,206,71
556,206,73
557,206,73
558,206,52
559,206,41
560,206,41
561,206,41
562,206,59
563,206,60
564,206,97
565,206,107
566,206,107
567,206,107
568,206,725
569,206,1864
570,206,1864
571,206,1863
572,206,1160
573,206,146
490,207,162
491,207,102
492,207,109
493,207,221
494,207,229
495,207,123
496,207,41
497,207,827
498,207,1315
499,207,1325
500,207,959
501,207,84
502,207,689
503,207,804
504,207,804
505,207,804
506,207,804
507,207,804
508,207,487
509,207,36
510,207,36
511,207,36
512,207,36
513,207,1244
514,207,2128
515,207,2128
516,207,2128
517,207,1447
518,207,376
519,207,350
520,207,322
521,207,292
522,207,290
523,207,290
524,207,290
525,207,289
526,207,127
527,207,80
528,207,77
529,207,72
530,207,54
531,207,48
532,207,28
533,207,26
534,207,261
535,207,737
536,207,737
537,207,737
538,207,357
539,207,189
540,207,199
541,207,200
542,207,144
543,207,65
544,207,65
545,207,102
546,207,135
547,207,204
548,207,205
549,207,250
550,207,51
551,207,85
552,207,89
553,207,69
554,207,69
555,207,71
556,207,73
557,207,65
558,207,42
559,207,41
560,207,41
561,207,41
562,207,60
563,207,60
564,207,60
565,207,81
566,207,106
567,207,107
568,207,1270
569,207,1864
570,207,1864
571,207,1864
572,207,1160
573,207,67
490,208,134
491,208,127
492,208,255
493,208,285
494,208,194
495,208,109
496,208,41
497,208,882
498,208,1254
499,208,1290
500,208,813
501,208,52
502,208,460
503,208,804
504,208,801
505,208,804
506,208,804
507,208,804
508,208,368
509,208,94
510,208,110
511,208,69
512,208,36
513,208,696
514,208,2072
515,208,2089
516,208,1749
517,208,207
518,208,191
519,208,323
520,208,299
521,208,290
522,208,290
523,208,290
524,208,290
525,208,205
526,208,80
527,208,80
528,208,74
529,208,72
530,208,58
531,208,47
532,208,26
533,208,26
534,208,253
535,208,737
536,208,737
537,208,737
538,208,674
539,208,227
540,208,209
541,208,209
542,208,156
543,208,65
544,208,66
545,208,70
546,208,72
547,208,202
548,208,325
549,208,145
550,208,54
551,208,56
552,208,60
553,208,50
554,208,43
555,208,66
556,208,73
557,208,49
558,208,39
559,208,39
560,208,38
561,208,45
562,208,60
563,208,60
564,208,60
565,208,60
566,208,88
567,208,104
568,208,1594
569,208,1864
570,208,1850
571,208,1821
572,208,659
573,208,67
490,209,91
491,209,179
492,209,285
493,209,262
494,209,144
495,209,102
496,209,41
497,209,565
498,209,106
499,209,182
500,209,150
501,209,195
502,209,98
503,209,210
504,209,162
505,209,333
506,209,618
507,209,804
508,209,458
509,209,168
510,209,168
511,209,168
512,209,87
513,209,36
514,209,977
515,209,1830
516,209,154
517,209,154
518,209,154
519,209,258
520,209,290
521,209,290
522,209,290
523,209,290
524,209,290
525,209,185
526,209,92
527,209,123
528,209,76
529,209,66
530,209,61
531,209,53
532,209,28
533,209,26
534,209,128
535,209,704
536,209,720
537,209,737
538,209,604
539,209,194
540,209,209
541,209,202
542,209,77
543,209,65
544,209,69
545,209,70
546,209,88
547,209,300
548,209,325
549,209,286
550,209,106
551,209,62
552,209,62
553,209,43
554,209,25
555,209,51
556,209,47
557,209,33
558,209,33
559,209,33
560,209,33
561,209,38
562,209,60
563,209,60
564,209,60
565,209,60
566,209,52
567,209,41
568,209,255
569,209,720
570,209,516
571,209,208
572,209,67
573,209,82
490,210,69
491,210,238
492,210,285
493,210,209
494,210,142
495,210,111
496,210,49
497,210,42
498,210,41
499,210,41
500,210,121
501,210,197
502,210,89
503,210,47
504,210,47
505,210,47
506,210,69
507,210,409
508,210,236
509,210,168
510,210,168
511,210,168
512,210,120
513,210,37
514,210,193
515,210,217
516,210,154
517,210,154
518,210,155
519,210,282
520,210,290
521,210,290
522,210,290
523,210,328
524,210,294
525,210,299
526,210,290
527,210,229
528,210,61
529,210,55
530,210,68
531,210,106
532,210,252
533,210,79
534,210,72
535,210,358
536,210,473
537,210,653
538,210,319
539,210,147
540,210,175
541,210,173
542,210,71
543,210,68
544,210,70
545,210,70
546,210,90
547,210,325
548,210,325
549,210,325
550,210,178
551,210,59
552,210,60
553,210,51
554,210,27
555,210,32
556,210,33
557,210,33
558,210,33
559,210,34
560,210,33
561,210,35
562,210,58
563,210,60
564,210,58
565,210,52
566,210,42
567,210,41
568,210,57
569,210,292
570,210,300
571,210,251
572,210,160
573,210,100
490,211,54
491,211,279
492,211,285
493,211,272
494,211,173
495,211,97
496,211,93
497,211,68
498,211,45
499,211,70
500,211,88
501,211,175
502,211,119
503,211,47
504,211,47
505,211,47
506,211,47
507,211,59
508,211,111
509,211,120
510,211,168
511,211,151
512,211,600
513,211,350
514,211,292
515,211,146
516,211,154
517,211,154
518,211,154
519,211,259
520,211,290
521,211,290
522,211,716
523,211,1109
524,211,1100
525,211,1016
526,211,494
527,211,69
528,211,55
529,211,55
530,211,406
531,211,870
532,211,912
533,211,872
534,211,405
535,211,468
536,211,222
537,211,226
538,211,151
539,211,134
540,211,133
541,211,106
542,211,63
543,211,46
544,211,55
545,211,69
546,211,98
547,211,322
548,211,325
549,211,323
550,211,76
551,211,57
552,211,57
553,211,57
554,211,43
555,211,33
556,211,33
557,211,33
558,211,33
559,211,34
560,211,33
561,211,44
562,211,46
563,211,47
564,211,44
565,211,36
566,211,41
567,211,42
568,211,182
569,211,299
570,211,226
571,211,134
572,211,104
573,211,106
490,212,58
491,212,205
492,212,283
493,212,285
494,212,238
495,212,94
496,212,93
497,212,93
498,212,87
499,212,88
500,212,88
501,212,86
502,212,58
503,212,47
504,212,47
505,212,47
506,212,48
507,212,51
508,212,61
509,212,122
510,212,168
511,212,93
512,212,346
513,212,1038
514,212,946
515,212,197
516,212,141
517,212,145
518,212,150
519,212,260
520,212,290
521,212,290
522,212,926
523,212,1110
524,212,1110
525,212,1110
526,212,640
527,212,77
528,212,61
529,212,55
530,212,406
531,212,912
532,212,912
533,212,912
534,212,817
535,212,625
536,212,549
537,212,356
538,212,167
539,212,134
540,212,118
541,212,99
542,212,67
543,212,46
544,212,55
545,212,106
546,212,252
547,212,318
548,212,291
549,212,287
550,212,95
551,212,85
552,212,56
553,212,57
554,212,47
555,212,33
556,212,33
557,212,44
558,212,54
559,212,50
560,212,38
561,212,39
562,212,45
563,212,45
564,212,39
565,212,36
566,212,48
567,212,63
568,212,67
569,212,89
570,212,97
571,212,107
572,212,107
573,212,107
490,213,52
491,213,91
492,213,248
493,213,270
494,213,199
495,213,90
496,213,89
497,213,79
498,213,83
499,213,88
500,213,86
501,213,57
502,213,49
503,213,47
504,213,48
505,213,51
506,213,52
507,213,52
508,213,114
509,213,168
510,213,152
511,213,47
512,213,97
513,213,1005
514,213,1099
515,213,371
516,213,130
517,213,130
518,213,130
519,213,131
520,213,173
521,213,237
522,213,1089
523,213,1110
524,213,1110
525,213,1110
526,213,912
527,213,206
528,213,77
529,213,51
530,213,751
531,213,912
532,213,910
533,213,716
534,213,833
535,213,1406
536,213,1575
537,213,492
538,213,124
539,213,118
540,213,126
541,213,100
542,213,89
543,213,49
544,213,62
545,213,52
546,213,238
547,213,349
548,213,254
549,213,186
550,213,182
551,213,104
552,213,51
553,213,52
554,213,48
555,213,33
556,213,33
557,213,37
558,213,65
559,213,62
560,213,38
561,213,30
562,213,32
563,213,42
564,213,36
565,213,52
566,213,67
567,213,66
568,213,65
569,213,65
570,213,86
571,213,107
572,213,97
573,213,82
