xv,yv,rho
490,148,95
491,148,59
492,148,54
493,148,51
494,148,57
495,148,94
496,148,87
497,148,398
498,148,1363
499,148,798
500,148,317
501,148,248
502,148,144
503,148,98
504,148,65
505,148,65
506,148,92
507,148,119
508,148,119
509,148,96
510,148,51
511,148,43
512,148,54
513,148,110
514,148,110
515,148,1037
516,148,1698
517,148,819
518,148,110
519,148,143
520,148,158
521,148,158
522,148,378
523,148,1014
524,148,1239
525,148,1248
526,148,1248
527,148,1247
528,148,1163
529,148,321
530,148,149
531,148,132
532,148,98
533,148,107
534,148,110
535,148,121
536,148,118
537,148,57
538,148,72
539,148,149
540,148,213
541,148,163
542,148,159
543,148,148
544,148,147
545,148,147
546,148,114
547,148,80
548,148,60
549,148,45
550,148,45
551,148,45
552,148,78
553,148,77
554,148,104
555,148,107
556,148,107
557,148,107
558,148,320
559,148,709
560,148,113
561,148,113
562,148,113
563,148,113
564,148,115
565,148,149
566,148,150
567,148,148
568,148,92
569,148,89
570,148,89
571,148,86
572,148,79
573,148,79
490,149,174
491,149,129
492,149,78
493,149,49
494,149,64
495,149,110
496,149,70
497,149,1415
498,149,2391
499,149,2298
500,149,2055
501,149,1504
502,149,224
503,149,174
504,149,75
505,149,65
506,149,106
507,149,119
508,149,119
509,149,107
510,149,55
511,149,73
512,149,91
513,149,110
514,149,110
515,149,1172
516,149,1752
517,149,1431
518,149,110
519,149,145
520,149,158
521,149,158
522,149,757
523,149,1227
524,149,1248
525,149,1248
526,149,1248
527,149,1248
528,149,1227
529,149,159
530,149,149
531,149,138
532,149,107
533,149,107
534,149,110
535,149,121
536,149,100
537,149,50
538,149,174
539,149,249
540,149,228
541,149,169
542,149,166
543,149,143
544,149,143
545,149,143
546,149,113
547,149,78
548,149,72
549,149,105
550,149,79
551,149,71
552,149,96
553,149,84
554,149,98
555,149,107
556,149,107
557,149,107
558,149,107
559,149,111
560,149,113
561,149,113
562,149,113
563,149,113
564,149,119
565,149,144
566,149,150
567,149,144
568,149,106
569,149,89
570,149,89
571,149,88
572,149,88
573,149,92
490,150,239
491,150,239
492,150,238
493,150,201
494,150,145
495,150,149
496,150,137
497,150,1302
498,150,2391
499,150,2391
500,150,2391
501,150,1041
502,150,253
503,150,253
504,150,121
505,150,91
506,150,77
507,150,119
508,150,119
509,150,144
510,150,109
511,150,89
512,150,166
513,150,212
514,150,161
515,150,132
516,150,755
517,150,1271
518,150,110
519,150,147
520,150,158
521,150,118
522,150,70
523,150,505
524,150,1248
525,150,1248
526,150,1248
527,150,1248
528,150,1225
529,150,187
530,150,149
531,150,139
532,150,107
533,150,107
534,150,108
535,150,121
536,150,87
537,150,50
538,150,204
539,150,249
540,150,214
541,150,169
542,150,168
543,150,147
544,150,143
545,150,143
546,150,105
547,150,78
548,150,112
549,150,116
550,150,92
551,150,89
552,150,96
553,150,94
554,150,106
555,150,108
556,150,108
557,150,106
558,150,107
559,150,111
560,150,113
561,150,113
562,150,113
563,150,114
564,150,139
565,150,150
566,150,132
567,150,117
568,150,102
569,150,89
570,150,89
571,150,88
572,150,88
573,150,94
490,151,239
491,151,239
492,151,239
493,151,209
494,151,149
495,151,149
496,151,149
497,151,540
498,151,2366
499,151,2232
500,151,2170
501,151,981
502,151,252
503,151,235
504,151,108
505,151,66
506,151,77
507,151,118
508,151,121
509,151,161
510,151,117
511,151,89
512,151,127
513,151,227
514,151,206
515,151,94
516,151,134
517,151,267
518,151,82
519,151,129
520,151,158
521,151,115
522,151,67
523,151,387
524,151,1248
525,151,1248
526,151,1081
527,151,1097
528,151,1205
529,151,311
530,151,148
531,151,117
532,151,107
533,151,107
534,151,110
535,151,121
536,151,69
537,151,51
538,151,243
539,151,249
540,151,203
541,151,169
542,151,169
543,151,157
544,151,143
545,151,143
546,151,108
547,151,79
548,151,115
549,151,116
550,151,91
551,151,94
552,151,96
553,151,96
554,151,98
555,151,110
556,151,114
557,151,65
558,151,68
559,151,70
560,151,70
561,151,55
562,151,67
563,151,72
564,151,87
565,151,150
566,151,152
567,151,120
568,151,102
569,151,92
570,151,91
571,151,91
572,151,137
573,151,172
490,152,239
491,152,239
492,152,239
493,152,235
494,152,167
495,152,149
496,152,149
497,152,149
498,152,523
499,152,605
500,152,880
501,152,173
502,152,195
503,152,159
504,152,108
505,152,73
506,152,62
507,152,112
508,152,119
509,152,150
510,152,121
511,152,89
512,152,119
513,152,225
514,152,191
515,152,82
516,152,68
517,152,68
518,152,68
519,152,87
520,152,147
521,152,144
522,152,99
523,152,223
524,152,622
525,152,457
526,152,268
527,152,42
528,152,293
529,152,409
530,152,226
531,152,107
532,152,107
533,152,110
534,152,113
535,152,121
536,152,66
537,152,106
538,152,249
539,152,230
540,152,170
541,152,169
542,152,169
543,152,155
544,152,143
545,152,143
546,152,91
547,152,79
548,152,115
549,152,112
550,152,84
551,152,181
552,152,601
553,152,519
554,152,286
555,152,110
556,152,114
557,152,83
558,152,66
559,152,62
560,152,82
561,152,117
562,152,86
563,152,48
564,152,51
565,152,88
566,152,89
567,152,152
568,152,121
569,152,125
570,152,112
571,152,102
572,152,191
573,152,228
490,153,239
491,153,231
492,153,199
493,153,205
494,153,228
495,153,177
496,153,149
497,153,149
498,153,149
499,153,217
500,153,446
501,153,698
502,153,217
503,153,160
504,153,146
505,153,94
506,153,101
507,153,118
508,153,119
509,153,157
510,153,113
511,153,89
512,153,136
513,153,227
514,153,198
515,153,111
516,153,68
517,153,68
518,153,68
519,153,71
520,153,73
521,153,187
522,153,195
523,153,348
524,153,319
525,153,252
526,153,57
527,153,94
528,153,376
529,153,410
530,153,292
531,153,110
532,153,489
533,153,1326
534,153,786
535,153,109
536,153,105
537,153,195
538,153,249
539,153,214
540,153,158
541,153,81
542,153,130
543,153,148
544,153,143
545,153,141
546,153,82
547,153,78
548,153,112
549,153,111
550,153,86
551,153,223
552,153,765
553,153,805
554,153,804
555,153,251
556,153,115
557,153,115
558,153,148
559,153,122
560,153,125
561,153,125
562,153,119
563,153,52
564,153,60
565,153,64
566,153,64
567,153,160
568,153,177
569,153,178
570,153,165
571,153,96
572,153,190
573,153,550
490,154,245
491,154,181
492,154,168
493,154,168
494,154,172
495,154,167
496,154,201
497,154,176
498,154,413
499,154,714
500,154,726
501,154,552
502,154,166
503,154,160
504,154,160
505,154,160
506,154,160
507,154,127
508,154,122
509,154,157
510,154,91
511,154,95
512,154,180
513,154,227
514,154,211
515,154,209
516,154,216
517,154,372
518,154,230
519,154,71
520,154,72
521,154,192
522,154,197
523,154,461
524,154,338
525,154,275
526,154,150
527,154,211
528,154,410
529,154,410
530,154,230
531,154,113
532,154,794
533,154,1486
534,154,1214
535,154,85
536,154,127
537,154,288
538,154,246
539,154,175
540,154,64
541,154,21
542,154,120
543,154,144
544,154,143
545,154,143
546,154,86
547,154,81
548,154,115
549,154,109
550,154,83
551,154,310
552,154,805
553,154,805
554,154,731
555,154,182
556,154,115
557,154,117
558,154,151
559,154,132
560,154,125
561,154,125
562,154,125
563,154,80
564,154,64
565,154,64
566,154,64
567,154,218
568,154,221
569,154,180
570,154,74
571,154,222
572,154,343
573,154,1746
490,155,378
491,155,169
492,155,168
493,155,168
494,155,168
495,155,345
496,155,717
497,155,708
498,155,726
499,155,726
500,155,726
501,155,381
502,155,160
503,155,160
504,155,160
505,155,160
506,155,134
507,155,60
508,155,74
509,155,87
510,155,103
511,155,91
512,155,180
513,155,219
514,155,195
515,155,277
516,155,496
517,155,496
518,155,468
519,155,214
520,155,98
521,155,195
522,155,296
523,155,517
524,155,353
525,155,278
526,155,159
527,155,166
528,155,391
529,155,410
530,155,223
531,155,113
532,155,772
533,155,1484
534,155,588
535,155,102
536,155,211
537,155,338
538,155,214
539,155,104
540,155,21
541,155,22
542,155,129
543,155,143
544,155,143
545,155,131
546,155,78
547,155,95
548,155,116
549,155,103
550,155,83
551,155,274
552,155,708
553,155,805
554,155,551
555,155,115
556,155,115
557,155,128
558,155,154
559,155,151
560,155,125
561,155,125
562,155,125
563,155,96
564,155,59
565,155,72
566,155,193
567,155,377
568,155,312
569,155,201
570,155,176
571,155,227
572,155,262
573,155,1599
490,156,404
491,156,168
492,156,168
493,156,168
494,156,295
495,156,707
496,156,726
497,156,726
498,156,726
499,156,726
500,156,726
501,156,525
502,156,365
503,156,162
504,156,160
505,156,116
506,156,49
507,156,49
508,156,49
509,156,50
510,156,129
511,156,171
512,156,193
513,156,206
514,156,188
515,156,261
516,156,475
517,156,493
518,156,484
519,156,471
520,156,272
521,156,195
522,156,359
523,156,517
524,156,398
525,156,254
526,156,159
527,156,159
528,156,309
529,156,627
530,156,421
531,156,771
532,156,1481
533,156,1486
534,156,565
535,156,111
536,156,240
537,156,187
538,156,104
539,156,29
540,156,49
541,156,133
542,156,152
543,156,149
544,156,150
545,156,111
546,156,78
547,156,107
548,156,112
549,156,84
550,156,87
551,156,252
552,156,370
553,156,799
554,156,398
555,156,115
556,156,115
557,156,125
558,156,152
559,156,154
560,156,135
561,156,125
562,156,125
563,156,75
564,156,95
565,156,127
566,156,221
567,156,404
568,156,304
569,156,202
570,156,202
571,156,189
572,156,210
573,156,249
490,157,525
491,157,228
492,157,168
493,157,168
494,157,541
495,157,726
496,157,726
497,157,726
498,157,726
499,157,726
500,157,726
501,157,726
502,157,724
503,157,470
504,157,166
505,157,92
506,157,47
507,157,48
508,157,86
509,157,197
510,157,205
511,157,258
512,157,208
513,157,215
514,157,279
515,157,494
516,157,496
517,157,480
518,157,469
519,157,469
520,157,1323
521,157,1043
522,157,492
523,157,517
524,157,517
525,157,496
526,157,321
527,157,173
528,157,337
529,157,1340
530,157,1340
531,157,1340
532,157,1373
533,157,1481
534,157,894
535,157,509
536,157,142
537,157,113
538,157,113
539,157,105
540,157,128
541,157,154
542,157,154
543,157,161
544,157,162
545,157,147
546,157,109
547,157,115
548,157,91
549,157,83
550,157,177
551,157,389
552,157,292
553,157,560
554,157,291
555,157,116
556,157,117
557,157,129
558,157,129
559,157,146
560,157,135
561,157,125
562,157,125
563,157,86
564,157,59
565,157,147
566,157,113
567,157,335
568,157,329
569,157,201
570,157,198
571,157,190
572,157,215
573,157,196
490,158,529
491,158,231
492,158,135
493,158,137
494,158,300
495,158,466
496,158,676
497,158,726
498,158,712
499,158,672
500,158,724
501,158,726
502,158,605
503,158,244
504,158,173
505,158,128
506,158,68
507,158,47
508,158,152
509,158,259
510,158,259
511,158,243
512,158,134
513,158,137
514,158,252
515,158,496
516,158,496
517,158,472
518,158,469
519,158,716
520,158,1508
521,158,1509
522,158,1063
523,158,517
524,158,517
525,158,517
526,158,517
527,158,312
528,158,633
529,158,1340
530,158,1340
531,158,1340
532,158,1340
533,158,1156
534,158,714
535,158,714
536,158,453
537,158,113
538,158,113
539,158,113
540,158,158
541,158,160
542,158,161
543,158,162
544,158,162
545,158,148
546,158,142
547,158,116
548,158,83
549,158,97
550,158,355
551,158,257
552,158,182
553,158,167
554,158,120
555,158,120
556,158,120
557,158,140
558,158,125
559,158,125
560,158,125
561,158,125
562,158,125
563,158,99
564,158,55
565,158,76
566,158,116
567,158,133
568,158,73
569,158,141
570,158,196
571,158,195
572,158,215
573,158,215
490,159,511
491,159,123
492,159,123
493,159,123
494,159,258
495,159,333
496,159,371
497,159,532
498,159,464
499,159,354
500,159,425
501,159,526
502,159,178
503,159,173
504,159,173
505,159,126
506,159,86
507,159,45
508,159,217
509,159,303
510,159,259
511,159,259
512,159,198
513,159,128
514,159,124
515,159,246
516,159,442
517,159,461
518,159,530
519,159,1141
520,159,1509
521,159,1509
522,159,1187
523,159,544
524,159,517
525,159,517
526,159,499
527,159,220
528,159,368
529,159,1131
530,159,1340
531,159,1340
532,159,1340
533,159,909
534,159,718
535,159,661
536,159,399
537,159,93
538,159,113
539,159,114
540,159,161
541,159,162
542,159,154
543,159,151
544,159,163
545,159,179
546,159,144
547,159,142
548,159,141
549,159,113
550,159,263
551,159,129
552,159,182
553,159,181
554,159,120
555,159,113
556,159,118
557,159,143
558,159,127
559,159,125
560,159,125
561,159,125
562,159,125
563,159,82
564,159,67
565,159,61
566,159,100
567,159,89
568,159,64
569,159,140
570,159,198
571,159,198
572,159,215
573,159,215
490,160,390
491,160,125
492,160,123
493,160,123
494,160,143
495,160,185
496,160,259
497,160,354
498,160,337
499,160,337
500,160,354
501,160,367
502,160,334
503,160,470
504,160,463
505,160,488
506,160,564
507,160,477
508,160,656
509,160,593
510,160,260
511,160,259
512,160,259
513,160,234
514,160,155
515,160,124
516,160,121
517,160,199
518,160,1122
519,160,1509
520,160,1509
521,160,1509
522,160,1022
523,160,896
524,160,854
525,160,517
526,160,435
527,160,201
528,160,1614
529,160,1507
530,160,1340
531,160,1340
532,160,1141
533,160,747
534,160,734
535,160,636
536,160,23
537,160,23
538,160,88
539,160,126
540,160,162
541,160,162
542,160,129
543,160,117
544,160,162
545,160,179
546,160,201
547,160,162
548,160,169
549,160,87
550,160,70
551,160,84
552,160,126
553,160,98
554,160,71
555,160,79
556,160,122
557,160,119
558,160,93
559,160,107
560,160,98
561,160,102
562,160,98
563,160,73
564,160,71
565,160,76
566,160,105
567,160,114
568,160,115
569,160,128
570,160,172
571,160,209
572,160,215
573,160,215
490,161,277
491,161,223
492,161,192
493,161,154
494,161,125
495,161,123
496,161,123
497,161,157
498,161,136
499,161,176
500,161,279
501,161,363
502,161,391
503,161,413
504,161,505
505,161,562
506,161,575
507,161,585
508,161,657
509,161,575
510,161,259
511,161,259
512,161,259
513,161,272
514,161,401
515,161,264
516,161,160
517,161,113
518,161,1151
519,161,1509
520,161,1509
521,161,1318
522,161,821
523,161,1088
524,161,1674
525,161,902
526,161,907
527,161,455
528,161,2451
529,161,1454
530,161,1340
531,161,1640
532,161,881
533,161,734
534,161,734
535,161,726
536,161,751
537,161,1258
538,161,3010
539,161,1586
540,161,262
541,161,216
542,161,154
543,161,108
544,161,149
545,161,162
546,161,209
547,161,205
548,161,179
549,161,115
550,161,70
551,161,70
552,161,70
553,161,70
554,161,70
555,161,71
556,161,73
557,161,67
558,161,61
559,161,61
560,161,61
561,161,61
562,161,62
563,161,77
564,161,65
565,161,78
566,161,115
567,161,137
568,161,288
569,161,410
570,161,417
571,161,298
572,161,224
573,161,223
490,162,229
491,162,229
492,162,229
493,162,229
494,162,220
495,162,134
496,162,123
497,162,123
498,162,123
499,162,123
500,162,123
501,162,371
502,162,391
503,162,391
504,162,391
505,162,413
506,162,474
507,162,730
508,162,657
509,162,652
510,162,381
511,162,429
512,162,372
513,162,394
514,162,710
515,162,705
516,162,495
517,162,166
518,162,433
519,162,1495
520,162,1443
521,162,908
522,162,769
523,162,757
524,162,1842
525,162,2953
526,162,3082
527,162,2333
528,162,2889
529,162,1543
530,162,1447
531,162,2934
532,162,1671
533,162,734
534,162,737
535,162,1517
536,162,4064
537,162,4525
538,162,4525
539,162,1675
540,162,486
541,162,312
542,162,231
543,162,108
544,162,117
545,162,167
546,162,203
547,162,200
548,162,184
549,162,90
550,162,70
551,162,70
552,162,70
553,162,75
554,162,118
555,162,101
556,162,67
557,162,67
558,162,62
559,162,60
560,162,61
561,162,59
562,162,60
563,162,79
564,162,70
565,162,56
566,162,178
567,162,312
568,162,490
569,162,491
570,162,482
571,162,245
572,162,218
573,162,225
490,163,229
491,163,229
492,163,229
493,163,229
494,163,228
495,163,142
496,163,123
497,163,123
498,163,123
499,163,163
500,163,236
501,163,391
502,163,391
503,163,391
504,163,391
505,163,391
506,163,1019
507,163,1306
508,163,840
509,163,657
510,163,657
511,163,621
512,163,385
513,163,383
514,163,599
515,163,852
516,163,837
517,163,305
518,163,113
519,163,907
520,163,969
521,163,820
522,163,655
523,163,909
524,163,1842
525,163,3318
526,163,3174
527,163,2523
528,163,3046
529,163,2008
530,163,1547
531,163,3756
532,163,4225
533,163,3023
534,163,3442
535,163,4525
536,163,4525
537,163,4525
538,163,3288
539,163,601
540,163,557
541,163,315
542,163,419
543,163,529
544,163,502
545,163,485
546,163,211
547,163,211
548,163,211
549,163,105
550,163,69
551,163,63
552,163,65
553,163,152
554,163,165
555,163,98
556,163,88
557,163,67
558,163,65
559,163,72
560,163,60
561,163,39
562,163,40
563,163,78
564,163,79
565,163,66
566,163,216
567,163,392
568,163,431
569,163,364
570,163,269
571,163,125
572,163,139
573,163,159
490,164,173
491,164,224
492,164,229
493,164,229
494,164,215
495,164,123
496,164,123
497,164,123
498,164,175
499,164,306
500,164,391
501,164,391
502,164,391
503,164,391
504,164,391
505,164,391
506,164,761
507,164,1308
508,164,928
509,164,657
510,164,657
511,164,657
512,164,554
513,164,384
514,164,478
515,164,852
516,164,867
517,164,715
518,164,1026
519,164,1623
520,164,1101
521,164,770
522,164,981
523,164,1751
524,164,1985
525,164,3568
526,164,3222
527,164,2523
528,164,3014
529,164,1794
530,164,2001
531,164,4514
532,164,4525
533,164,4525
534,164,4525
535,164,4525
536,164,4525
537,164,4160
538,164,685
539,164,570
540,164,501
541,164,314
542,164,439
543,164,787
544,164,766
545,164,666
546,164,346
547,164,211
548,164,211
549,164,252
550,164,23
551,164,19
552,164,23
553,164,153
554,164,165
555,164,142
556,164,143
557,164,88
558,164,67
559,164,59
560,164,59
561,164,27
562,164,24
563,164,79
564,164,79
565,164,79
566,164,61
567,164,214
568,164,269
569,164,269
570,164,262
571,164,137
572,164,140
573,164,636
490,165,105
491,165,117
492,165,192
493,165,230
494,165,204
495,165,123
496,165,123
497,165,203
498,165,424
499,165,391
500,165,391
501,165,391
502,165,391
503,165,391
504,165,391
505,165,391
506,165,470
507,165,1129
508,165,939
509,165,657
510,165,657
511,165,657
512,165,656
513,165,394
514,165,678
515,165,852
516,165,864
517,165,957
518,165,2756
519,165,2404
520,165,2335
521,165,793
522,165,1619
523,165,1842
524,165,2665
525,165,3577
526,165,3061
527,165,2523
528,165,2966
529,165,1560
530,165,2819
531,165,4525
532,165,4525
533,165,4525
534,165,4525
535,165,4525
536,165,4525
537,165,3295
538,165,570
539,165,524
540,165,315
541,165,1400
542,165,2040
543,165,756
544,165,688
545,165,729
546,165,595
547,165,448
548,165,639
549,165,675
550,165,51
551,165,42
552,165,66
553,165,160
554,165,165
555,165,148
556,165,143
557,165,144
558,165,79
559,165,59
560,165,85
561,165,55
562,165,48
563,165,79
564,165,79
565,165,79
566,165,40
567,165,59
568,165,208
569,165,221
570,165,214
571,165,412
572,165,1282
573,165,1589
490,166,105
491,166,108
492,166,329
493,166,386
494,166,338
495,166,176
496,166,224
497,166,443
498,166,501
499,166,478
500,166,415
501,166,391
502,166,391
503,166,391
504,166,391
505,166,366
506,166,453
507,166,755
508,166,765
509,166,662
510,166,657
511,166,657
512,166,660
513,166,813
514,166,1002
515,166,852
516,166,866
517,166,1568
518,166,3109
519,166,2828
520,166,1758
521,166,417
522,166,1028
523,166,1955
524,166,2963
525,166,3053
526,166,2678
527,166,2596
528,166,2512
529,166,1547
530,166,3567
531,166,4525
532,166,4525
533,166,4525
534,166,4525
535,166,4525
536,166,4525
537,166,3303
538,166,757
539,166,396
540,166,301
541,166,2058
542,166,2417
543,166,1299
544,166,687
545,166,687
546,166,687
547,166,668
548,166,567
549,166,384
550,166,135
551,166,165
552,166,165
553,166,160
554,166,153
555,166,145
556,166,162
557,166,182
558,166,76
559,166,70
560,166,151
561,166,181
562,166,132
563,166,79
564,166,79
565,166,62
566,166,27
567,166,28
568,166,64
569,166,86
570,166,91
571,166,737
572,166,1532
573,166,1589
490,167,105
491,167,227
492,167,443
493,167,440
494,167,401
495,167,407
496,167,496
497,167,503
498,167,503
499,167,503
500,167,445
501,167,375
502,167,391
503,167,384
504,167,391
505,167,273
506,167,217
507,167,648
508,167,688
509,167,750
510,167,672
511,167,657
512,167,750
513,167,1427
514,167,1557
515,167,974
516,167,667
517,167,2171
518,167,3213
519,167,3130
520,167,3490
521,167,2017
522,167,2721
523,167,2785
524,167,2051
525,167,2051
526,167,2150
527,167,3799
528,167,4616
529,167,3956
530,167,4449
531,167,4525
532,167,4525
533,167,4525
534,167,4525
535,167,4400
536,167,3654
537,167,2901
538,167,2654
539,167,1144
540,167,734
541,167,2414
542,167,2417
543,167,2056
544,167,798
545,167,658
546,167,578
547,167,320
548,167,274
549,167,273
550,167,247
551,167,183
552,167,152
553,167,143
554,167,145
555,167,156
556,167,180
557,167,185
558,167,106
559,167,84
560,167,175
561,167,197
562,167,206
563,167,78
564,167,70
565,167,59
566,167,66
567,167,72
568,167,65
569,167,85
570,167,86
571,167,96
572,167,402
573,167,1221
490,168,140
491,168,421
492,168,443
493,168,443
494,168,439
495,168,422
496,168,430
497,168,503
498,168,503
499,168,503
500,168,487
501,168,291
502,168,257
503,168,256
504,168,367
505,168,217
506,168,159
507,168,297
508,168,815
509,168,843
510,168,798
511,168,697
512,168,728
513,168,850
514,168,1729
515,168,1327
516,168,596
517,168,2388
518,168,7253
519,168,5032
520,168,4404
521,168,4404
522,168,4299
523,168,4269
524,168,3534
525,168,2610
526,168,3920
527,168,4683
528,168,4683
529,168,4683
530,168,4574
531,168,4525
532,168,4525
533,168,4525
534,168,4835
535,168,3172
536,168,2832
537,168,2832
538,168,2832
539,168,2819
540,168,2358
541,168,2417
542,168,2417
543,168,2112
544,168,869
545,168,440
546,168,310
547,168,308
548,168,301
549,168,274
550,168,389
551,168,400
552,168,272
553,168,198
554,168,289
555,168,265
556,168,185
557,168,185
558,168,178
559,168,129
560,168,236
561,168,253
562,168,410
563,168,259
564,168,243
565,168,98
566,168,74
567,168,74
568,168,74
569,168,77
570,168,93
571,168,127
572,168,128
573,168,2566
490,169,117
491,169,403
492,169,443
493,169,443
494,169,289
495,169,193
496,169,155
497,169,473
498,169,503
499,169,503
500,169,503
501,169,378
502,169,219
503,169,288
504,169,608
505,169,208
506,169,161
507,169,126
508,169,692
509,169,843
510,169,843
511,169,843
512,169,1052
513,169,1272
514,169,1443
515,169,1434
516,169,672
517,169,2594
518,169,8063
519,169,6868
520,169,1406
521,169,2730
522,169,4359
523,169,4378
524,169,4321
525,169,4281
526,169,4602
527,169,4683
528,169,4712
529,169,5813
530,169,4940
531,169,4525
532,169,4525
533,169,4525
534,169,7494
535,169,6506
536,169,2836
537,169,2832
538,169,2832
539,169,2589
540,169,2417
541,169,2417
542,169,2383
543,169,1104
544,169,863
545,169,388
546,169,438
547,169,322
548,169,286
549,169,281
550,169,456
551,169,436
552,169,436
553,169,436
554,169,436
555,169,436
556,169,253
557,169,318
558,169,340
559,169,268
560,169,192
561,169,124
562,169,571
563,169,954
564,169,954
565,169,474
566,169,74
567,169,77
568,169,79
569,169,82
570,169,129
571,169,194
572,169,1614
573,169,5370
490,170,105
491,170,185
492,170,424
493,170,203
494,170,106
495,170,128
496,170,130
497,170,441
498,170,503
499,170,503
500,170,503
501,170,432
502,170,410
503,170,627
504,170,981
505,170,753
506,170,830
507,170,1176
508,170,1159
509,170,845
510,170,831
511,170,619
512,170,1053
513,170,1438
514,170,1438
515,170,2487
516,170,3911
517,170,4598
518,170,6508
519,170,4338
520,170,391
521,170,1640
522,170,4434
523,170,4434
524,170,4434
525,170,4422
526,170,4540
527,170,5834
528,170,6264
529,170,9624
530,170,8392
531,170,4700
532,170,4875
533,170,8616
534,170,7902
535,170,5469
536,170,2832
537,170,3259
538,170,6228
539,170,4374
540,170,2417
541,170,2417
542,170,2019
543,170,878
544,170,878
545,170,845
546,170,754
547,170,622
548,170,188
549,170,672
550,170,726
551,170,428
552,170,432
553,170,435
554,170,436
555,170,439
556,170,462
557,170,465
558,170,485
559,170,205
560,170,122
561,170,122
562,170,702
563,170,954
564,170,930
565,170,205
566,170,80
567,170,84
568,170,84
569,170,84
570,170,104
571,170,197
572,170,648
573,170,1457
490,171,105
491,171,107
492,171,136
493,171,105
494,171,105
495,171,128
496,171,130
497,171,364
498,171,503
499,171,503
500,171,503
501,171,493
502,171,449
503,171,813
504,171,918
505,171,1142
506,171,1727
507,171,1681
508,171,1483
509,171,1393
510,171,764
511,171,465
512,171,965
513,171,1494
514,171,2649
515,171,4730
516,171,3613
517,171,999
518,171,284
519,171,306
520,171,341
521,171,2070
522,171,4442
523,171,4434
524,171,4434
525,171,4434
526,171,7577
527,171,9729
528,171,9729
529,171,9729
530,171,9729
531,171,15621
532,171,16906
533,171,14423
534,171,6447
535,171,7231
536,171,6354
537,171,6832
538,171,7701
539,171,7257
540,171,4097
541,171,4088
542,171,1316
543,171,2027
544,171,935
545,171,1094
546,171,1138
547,171,984
548,171,184
549,171,580
550,171,1123
551,171,425
552,171,418
553,171,421
554,171,433
555,171,451
556,171,464
557,171,484
558,171,503
559,171,306
560,171,122
561,171,122
562,171,834
563,171,1063
564,171,2828
565,171,1196
566,171,72
567,171,72
568,171,83
569,171,84
570,171,95
571,171,119
572,171,135
573,171,193
490,172,105
491,172,105
492,172,105
493,172,225
494,172,193
495,172,128
496,172,130
497,172,142
498,172,344
499,172,502
500,172,405
501,172,309
502,172,461
503,172,971
504,172,225
505,172,487
506,172,980
507,172,500
508,172,695
509,172,1447
510,172,1022
511,172,603
512,172,479
513,172,2899
514,172,4714
515,172,4644
516,172,621
517,172,277
518,172,276
519,172,281
520,172,287
521,172,4728
522,172,7956
523,172,5679
524,172,6133
525,172,5349
526,172,9682
527,172,9981
528,172,9729
529,172,9729
530,172,9949
531,172,15875
532,172,16646
533,172,13962
534,172,11041
535,172,7701
536,172,7701
537,172,7701
538,172,7701
539,172,7701
540,172,7522
541,172,2966
542,172,2522
543,172,4051
544,172,2305
545,172,1490
546,172,1490
547,172,1320
548,172,776
549,172,555
550,172,1663
551,172,1426
552,172,1085
553,172,922
554,172,612
555,172,664
556,172,472
557,172,464
558,172,507
559,172,575
560,172,360
561,172,411
562,172,928
563,172,1103
564,172,5335
565,172,3256
566,172,90
567,172,65
568,172,69
569,172,84
570,172,95
571,172,119
572,172,119
573,172,104
490,173,105
491,173,105
492,173,105
493,173,568
494,173,756
495,173,366
496,173,213
497,173,130
498,173,130
499,173,284
500,173,277
501,173,277
502,173,723
503,173,874
504,173,223
505,173,208
506,173,208
507,173,307
508,173,464
509,173,1299
510,173,1447
511,173,1271
512,173,2748
513,173,4561
514,173,4673
515,173,4641
516,173,4091
517,173,2200
518,173,1542
519,173,2142
520,173,3326
521,173,6601
522,173,9729
523,173,9729
524,173,9729
525,173,9729
526,173,9729
527,173,13155
528,173,9768
529,173,9729
530,173,11322
531,173,16876
532,173,15464
533,173,13962
534,173,12174
535,173,7702
536,173,7701
537,173,7701
538,173,7701
539,173,7701
540,173,6963
541,173,2723
542,173,4034
543,173,4051
544,173,3683
545,173,1646
546,173,1490
547,173,1652
548,173,1706
549,173,1706
550,173,1697
551,173,1608
552,173,1617
553,173,1617
554,173,1599
555,173,1502
556,173,868
557,173,493
558,173,675
559,173,864
560,173,864
561,173,900
562,173,954
563,173,2570
564,173,5527
565,173,4901
566,173,488
567,173,65
568,173,66
569,173,84
570,173,104
571,173,119
572,173,119
573,173,74
490,174,105
491,174,110
492,174,124
493,174,661
494,174,959
495,174,749
496,174,656
497,174,157
498,174,130
499,174,178
500,174,277
501,174,258
502,174,405
503,174,255
504,174,208
505,174,208
506,174,208
507,174,243
508,174,326
509,174,551
510,174,947
511,174,2106
512,174,2976
513,174,3683
514,174,3696
515,174,3036
516,174,3450
517,174,4533
518,174,5079
519,174,3780
520,174,3709
521,174,9122
522,174,9729
523,174,9729
524,174,9729
525,174,9729
526,174,11360
527,174,16301
528,174,13594
529,174,9729
530,174,15618
531,174,17059
532,174,14521
533,174,13962
534,174,13936
535,174,13130
536,174,8027
537,174,7701
538,174,7701
539,174,7669
540,174,5549
541,174,4051
542,174,4051
543,174,4051
544,174,4051
545,174,1878
546,174,1590
547,174,1691
548,174,1706
549,174,1703
550,174,1656
551,174,1540
552,174,1563
553,174,1616
554,174,1617
555,174,985
556,174,503
557,174,503
558,174,674
559,174,864
560,174,864
561,174,929
562,174,936
563,174,2206
564,174,4646
565,174,4316
566,174,1682
567,174,64
568,174,70
569,174,85
570,174,114
571,174,119
572,174,105
573,174,70
490,175,131
491,175,133
492,175,134
493,175,623
494,175,1147
495,175,1098
496,175,1515
497,175,736
498,175,422
499,175,253
500,175,311
501,175,231
502,175,216
503,175,208
504,175,209
505,175,227
506,175,246
507,175,249
508,175,250
509,175,388
510,175,759
511,175,2722
512,175,2802
513,175,2802
514,175,2802
515,175,2802
516,175,3425
517,175,5168
518,175,5045
519,175,3923
520,175,3709
521,175,7941
522,175,8312
523,175,9916
524,175,14298
525,175,15527
526,175,15880
527,175,16425
528,175,13191
529,175,9729
530,175,16529
531,175,17059
532,175,16065
533,175,13962
534,175,13962
535,175,14310
536,175,13475
537,175,9059
538,175,7701
539,175,7172
540,175,5621
541,175,5073
542,175,4162
543,175,4051
544,175,3709
545,175,1717
546,175,1706
547,175,1706
548,175,1706
549,175,1635
550,175,1483
551,175,1483
552,175,1483
553,175,1584
554,175,1617
555,175,827
556,175,503
557,175,491
558,175,612
559,175,853
560,175,893
561,175,938
562,175,725
563,175,1574
564,175,2028
565,175,64
566,175,48
567,175,26
568,175,34
569,175,73
570,175,117
571,175,92
572,175,70
573,175,70
490,176,134
491,176,134
492,176,134
493,176,658
494,176,1149
495,176,1174
496,176,3403
497,176,749
498,176,646
499,176,380
500,176,301
501,176,219
502,176,218
503,176,198
504,176,235
505,176,249
506,176,249
507,176,249
508,176,378
509,176,444
510,176,1872
511,176,2802
512,176,2802
513,176,2802
514,176,2802
515,176,2802
516,176,2839
517,176,4356
518,176,4711
519,176,4442
520,176,7012
521,176,4215
522,176,4384
523,176,12838
524,176,19689
525,176,19689
526,176,18161
527,176,16425
528,176,16286
529,176,13207
530,176,16693
531,176,17059
532,176,14818
533,176,13962
534,176,13962
535,176,15631
536,176,16697
537,176,12603
538,176,7070
539,176,7018
540,176,5811
541,176,5811
542,176,5362
543,176,4051
544,176,3947
545,176,2344
546,176,1707
547,176,1706
548,176,1712
549,176,1694
550,176,1512
551,176,1484
552,176,1483
553,176,1538
554,176,1617
555,176,1070
556,176,430
557,176,351
558,176,341
559,176,525
560,176,875
561,176,1828
562,176,1159
563,176,1547
564,176,1982
565,176,110
566,176,47
567,176,25
568,176,25
569,176,27
570,176,87
571,176,70
572,176,70
573,176,70
490,177,134
491,177,134
492,177,114
493,177,238
494,177,722
495,177,692
496,177,1221
497,177,720
498,177,408
499,177,380
500,177,240
501,177,423
502,177,352
503,177,180
504,177,232
505,177,249
506,177,249
507,177,286
508,177,596
509,177,362
510,177,728
511,177,2799
512,177,2802
513,177,2802
514,177,2802
515,177,2802
516,177,2781
517,177,3210
518,177,2824
519,177,7188
520,177,9435
521,177,5677
522,177,3886
523,177,15491
524,177,19689
525,177,19705
526,177,19976
527,177,18243
528,177,16679
529,177,15700
530,177,17053
531,177,21282
532,177,22533
533,177,14235
534,177,13962
535,177,15817
536,177,16407
537,177,10474
538,177,5811
539,177,5811
540,177,5811
541,177,5811
542,177,5376
543,177,4051
544,177,4051
545,177,3980
546,177,3674
547,177,2202
548,177,1733
549,177,1733
550,177,1733
551,177,1699
552,177,1606
553,177,1508
554,177,1553
555,177,738
556,177,341
557,177,341
558,177,341
559,177,337
560,177,2524
561,177,2751
562,177,1560
563,177,1336
564,177,2051
565,177,438
566,177,50
567,177,26
568,177,25
569,177,25
570,177,56
571,177,70
572,177,70
573,177,70
490,178,134
491,178,123
492,178,90
493,178,228
494,178,319
495,178,184
496,178,824
497,178,1355
498,178,703
499,178,1007
500,178,646
501,178,1285
502,178,542
503,178,217
504,178,255
505,178,731
506,178,682
507,178,585
508,178,622
509,178,493
510,178,279
511,178,2522
512,178,3235
513,178,3306
514,178,2840
515,178,2983
516,178,2837
517,178,4547
518,178,5663
519,178,7279
520,178,8701
521,178,9221
522,178,12366
523,178,14904
524,178,18949
525,178,19752
526,178,19821
527,178,20254
528,178,14033
529,178,12250
530,178,16030
531,178,23808
532,178,35473
533,178,23057
534,178,15203
535,178,15899
536,178,15560
537,178,12920
538,178,12546
539,178,5811
540,178,5811
541,178,5798
542,178,4645
543,178,4051
544,178,4051
545,178,4051
546,178,4051
547,178,2535
548,178,1733
549,178,1733
550,178,1733
551,178,1321
552,178,783
553,178,808
554,178,456
555,178,333
556,178,333
557,178,341
558,178,341
559,178,384
560,178,2690
561,178,2751
562,178,1369
563,178,1164
564,178,2051
565,178,571
566,178,50
567,178,26
568,178,25
569,178,25
570,178,44
571,178,70
572,178,70
573,178,70
490,179,152
491,179,121
492,179,111
493,179,864
494,179,1195
495,179,1084
496,179,1285
497,179,1289
498,179,1288
499,179,1288
500,179,1288
501,179,1288
502,179,651
503,179,217
504,179,217
505,179,803
506,179,990
507,179,1210
508,179,625
509,179,1119
510,179,1741
511,179,3346
512,179,3615
513,179,3615
514,179,3609
515,179,3316
516,179,3168
517,179,3168
518,179,4085
519,179,5985
520,179,7743
521,179,10920
522,179,14113
523,179,14188
524,179,18830
525,179,19758
526,179,15702
527,179,16067
528,179,12432
529,179,12244
530,179,15198
531,179,28645
532,179,33168
533,179,15903
534,179,15986
535,179,15621
536,179,15525
537,179,14788
538,179,11833
539,179,6052
540,179,9863
541,179,8706
542,179,6377
543,179,4998
544,179,4051
545,179,4051
546,179,4051
547,179,2408
548,179,1733
549,179,1733
550,179,1733
551,179,517
552,179,53
553,179,77
554,179,156
555,179,162
556,179,162
557,179,263
558,179,341
559,179,334
560,179,526
561,179,2264
562,179,931
563,179,433
564,179,1308
565,179,969
566,179,54
567,179,44
568,179,42
569,179,37
570,179,76
571,179,106
572,179,70
573,179,70
490,180,327
491,180,135
492,180,173
493,180,824
494,180,1288
495,180,1288
496,180,1288
497,180,1288
498,180,1286
499,180,767
500,180,185
501,180,200
502,180,251
503,180,217
504,180,224
505,180,1349
506,180,1464
507,180,1446
508,180,1042
509,180,1408
510,180,1408
511,180,2035
512,180,3583
513,180,3615
514,180,3524
515,180,3192
516,180,3168
517,180,3168
518,180,3168
519,180,6201
520,180,7752
521,180,9345
522,180,14141
523,180,14824
524,180,19757
525,180,21905
526,180,19831
527,180,13239
528,180,12244
529,180,12244
530,180,13532
531,180,20887
532,180,20354
533,180,15442
534,180,29349
535,180,24913
536,180,21294
537,180,15329
538,180,13344
539,180,12029
540,180,14288
541,180,14288
542,180,11850
543,180,8690
544,180,4051
545,180,4051
546,180,4051
547,180,2361
548,180,1733
549,180,1733
550,180,1598
551,180,377
552,180,247
553,180,53
554,180,70
555,180,144
556,180,162
557,180,162
558,180,199
559,180,319
560,180,328
561,180,732
562,180,435
563,180,103
564,180,103
565,180,137
566,180,52
567,180,52
568,180,57
569,180,163
570,180,289
571,180,290
572,180,199
573,180,100
490,181,344
491,181,136
492,181,355
493,181,1276
494,181,1288
495,181,1288
496,181,1288
497,181,949
498,181,514
499,181,99
500,181,123
501,181,153
502,181,217
503,181,217
504,181,372
505,181,862
506,181,1259
507,181,972
508,181,1332
509,181,1408
510,181,1408
511,181,1408
512,181,2611
513,181,3488
514,181,3230
515,181,3168
516,181,3168
517,181,3168
518,181,3168
519,181,6910
520,181,7752
521,181,10906
522,181,14141
523,181,18216
524,181,20761
525,181,26958
526,181,26726
527,181,18985
528,181,16067
529,181,18038
530,181,20396
531,181,11320
532,181,7215
533,181,15811
534,181,29779
535,181,29734
536,181,29734
537,181,18068
538,181,14681
539,181,14335
540,181,14288
541,181,14151
542,181,11262
543,181,8854
544,181,3596
545,181,3680
546,181,3409
547,181,2457
548,181,2589
549,181,3050
550,181,1000
551,181,468
552,181,285
553,181,169
554,181,130
555,181,199
556,181,162
557,181,161
558,181,138
559,181,225
560,181,147
561,181,270
562,181,103
563,181,103
564,181,103
565,181,98
566,181,70
567,181,56
568,181,137
569,181,308
570,181,308
571,181,307
572,181,276
573,181,144
490,182,331
491,182,142
492,182,188
493,182,556
494,182,845
495,182,837
496,182,870
497,182,214
498,182,152
499,182,88
500,182,108
501,182,155
502,182,217
503,182,217
504,182,819
505,182,1369
506,182,1013
507,182,971
508,182,1349
509,182,1408
510,182,1576
511,182,1875
512,182,2577
513,182,3232
514,182,3168
515,182,3168
516,182,3168
517,182,3147
518,182,3167
519,182,7690
520,182,8121
521,182,9584
522,182,13588
523,182,16561
524,182,25125
525,182,25130
526,182,20067
527,182,16673
528,182,17300
529,182,18860
530,182,20994
531,182,29392
532,182,31531
533,182,34903
534,182,33898
535,182,31422
536,182,27068
537,182,14790
538,182,14399
539,182,14288
540,182,14288
541,182,13266
542,182,10930
543,182,8829
544,182,3049
545,182,3063
546,182,3049
547,182,3049
548,182,3285
549,182,3351
550,182,1265
551,182,945
552,182,440
553,182,286
554,182,286
555,182,246
556,182,287
557,182,168
558,182,101
559,182,101
560,182,101
561,182,117
562,182,103
563,182,103
564,182,103
565,182,98
566,182,96
567,182,101
568,182,278
569,182,308
570,182,247
571,182,141
572,182,110
573,182,104
490,183,240
491,183,141
492,183,187
493,183,196
494,183,196
495,183,298
496,183,381
497,183,180
498,183,167
499,183,88
500,183,109
501,183,166
502,183,217
503,183,217
504,183,1588
505,183,3659
506,183,1935
507,183,971
508,183,1057
509,183,1263
510,183,2616
511,183,3099
512,183,3168
513,183,3168
514,183,3168
515,183,3168
516,183,3168
517,183,2923
518,183,2755
519,183,3805
520,183,9950
521,183,9949
522,183,10184
523,183,10184
524,183,11036
525,183,12445
526,183,15296
527,183,15067
528,183,17933
529,183,18192
530,183,24284
531,183,26149
532,183,30366
533,183,34125
534,183,30709
535,183,30325
536,183,19325
537,183,14615
538,183,14288
539,183,14288
540,183,14288
541,183,12399
542,183,10930
543,183,8880
544,183,3049
545,183,3049
546,183,3049
547,183,3049
548,183,3273
549,183,3351
550,183,2213
551,183,996
552,183,979
553,183,492
554,183,286
555,183,285
556,183,394
557,183,172
558,183,101
559,183,101
560,183,101
561,183,101
562,183,103
563,183,103
564,183,103
565,183,96
566,183,96
567,183,108
568,183,305
569,183,255
570,183,108
571,183,100
572,183,90
573,183,97
490,184,260
491,184,137
492,184,192
493,184,196
494,184,196
495,184,262
496,184,435
497,184,180
498,184,180
499,184,116
500,184,102
501,184,175
502,184,217
503,184,210
504,184,612
505,184,4398
506,184,1539
507,184,971
508,184,678
509,184,315
510,184,573
511,184,1813
512,184,3131
513,184,3168
514,184,3168
515,184,3168
516,184,3097
517,184,2789
518,184,2661
519,184,3358
520,184,10110
521,184,10184
522,184,10184
523,184,10184
524,184,9997
525,184,9518
526,184,9499
527,184,10497
528,184,18044
529,184,18476
530,184,25275
531,184,25432
532,184,24451
533,184,17647
534,184,16738
535,184,16189
536,184,15885
537,184,14912
538,184,14288
539,184,14288
540,184,14288
541,184,11253
542,184,10930
543,184,7163
544,184,3105
545,184,3056
546,184,3049
547,184,3067
548,184,3329
549,184,3351
550,184,3148
551,184,1280
552,184,996
553,184,803
554,184,286
555,184,321
556,184,403
557,184,77
558,184,70
559,184,85
560,184,93
561,184,93
562,184,68
563,184,90
564,184,102
565,184,99
566,184,96
567,184,96
568,184,218
569,184,209
570,184,104
571,184,87
572,184,84
573,184,90
490,185,206
491,185,127
492,185,182
493,185,196
494,185,196
495,185,229
496,185,407
497,185,180
498,185,166
499,185,110
500,185,83
501,185,151
502,185,189
503,185,170
504,185,168
505,185,943
506,185,878
507,185,565
508,185,376
509,185,440
510,185,611
511,185,611
512,185,1914
513,185,3164
514,185,3167
515,185,3029
516,185,2714
517,185,2661
518,185,2661
519,185,2661
520,185,8996
521,185,10184
522,185,10184
523,185,9141
524,185,7164
525,185,9499
526,185,9499
527,185,11474
528,185,18192
529,185,22605
530,185,25432
531,185,25432
532,185,22517
533,185,16939
534,185,16189
535,185,16189
536,185,16189
537,185,14482
538,185,14183
539,185,15840
540,185,14537
541,185,11509
542,185,10930
543,185,7615
544,185,3798
545,185,3670
546,185,3335
547,185,3289
548,185,3351
549,185,3351
550,185,3351
551,185,2672
552,185,996
553,185,992
554,185,662
555,185,431
556,185,360
557,185,138
558,185,129
559,185,123
560,185,123
561,185,66
562,185,55
563,185,66
564,185,74
565,185,90
566,185,102
567,185,230
568,185,288
569,185,137
570,185,94
571,185,107
572,185,162
573,185,333
490,186,142
491,186,97
492,186,150
493,186,194
494,186,196
495,186,196
496,186,189
497,186,83
498,186,58
499,186,74
500,186,117
501,186,192
502,186,168
503,186,168
504,186,169
505,186,553
506,186,276
507,186,284
508,186,388
509,186,568
510,186,611
511,186,611
512,186,2546
513,186,3070
514,186,3161
515,186,3081
516,186,2661
517,186,2661
518,186,2661
519,186,2510
520,186,5297
521,186,10034
522,186,9872
523,186,4211
524,186,2776
525,186,6919
526,186,9867
527,186,15971
528,186,18358
529,186,25400
530,186,25432
531,186,22236
532,186,16195
533,186,15156
534,186,16189
535,186,15283
536,186,13575
537,186,11186
538,186,10979
539,186,13664
540,186,4561
541,186,6715
542,186,7956
543,186,3967
544,186,3835
545,186,3835
546,186,3835
547,186,3580
548,186,3351
549,186,3313
550,186,3351
551,186,2516
552,186,996
553,186,996
554,186,996
555,186,591
556,186,344
557,186,158
558,186,175
559,186,236
560,186,189
561,186,42
562,186,33
563,186,57
564,186,66
565,186,69
566,186,205
567,186,288
568,186,288
569,186,188
570,186,146
571,186,390
572,186,383
573,186,461
490,187,371
491,187,321
492,187,173
493,187,165
494,187,199
495,187,216
496,187,111
497,187,35
498,187,88
499,187,259
500,187,340
501,187,275
502,187,168
503,187,168
504,187,180
505,187,228
506,187,228
507,187,358
508,187,609
509,187,611
510,187,611
511,187,782
512,187,1478
513,187,2309
514,187,3161
515,187,3061
516,187,2661
517,187,2661
518,187,2661
519,187,2487
520,187,2296
521,187,4171
522,187,4550
523,187,2771
524,187,2771
525,187,3008
526,187,7678
527,187,13432
528,187,12306
529,187,19045
530,187,20350
531,187,9114
532,187,14455
533,187,15837
534,187,15160
535,187,8632
536,187,9856
537,187,10975
538,187,10979
539,187,10979
540,187,3982
541,187,2990
542,187,3723
543,187,3835
544,187,3835
545,187,3835
546,187,3835
547,187,3621
548,187,3190
549,187,1931
550,187,2039
551,187,1645
552,187,996
553,187,996
554,187,996
555,187,900
556,187,389
557,187,159
558,187,201
559,187,236
560,187,125
561,187,42
562,187,27
563,187,51
564,187,71
565,187,80
566,187,234
567,187,288
568,187,318
569,187,209
570,187,184
571,187,372
572,187,403
573,187,483
490,188,371
491,188,371
492,188,326
493,188,254
494,188,266
495,188,266
496,188,169
497,188,46
498,188,174
499,188,342
500,188,342
501,188,338
502,188,174
503,188,168
504,188,197
505,188,228
506,188,228
507,188,450
508,188,611
509,188,611
510,188,611
511,188,1031
512,188,1478
513,188,1567
514,188,2733
515,188,4200
516,188,5192
517,188,3230
518,188,3199
519,188,2411
520,188,2302
521,188,2693
522,188,2771
523,188,2771
524,188,2771
525,188,3361
526,188,4595
527,188,7238
528,188,7972
529,188,7972
530,188,7972
531,188,9363
532,188,13208
533,188,13379
534,188,10646
535,188,7489
536,188,7489
537,188,8356
538,188,10307
539,188,9901
540,188,3014
541,188,3434
542,188,3835
543,188,3835
544,188,3835
545,188,3835
546,188,3835
547,188,3717
548,188,2731
549,188,1578
550,188,1578
551,188,1502
552,188,1338
553,188,1017
554,188,996
555,188,968
556,188,438
557,188,182
558,188,213
559,188,236
560,188,84
561,188,34
562,188,27
563,188,61
564,188,72
565,188,76
566,188,132
567,188,297
568,188,451
569,188,392
570,188,174
571,188,175
572,188,341
573,188,482
490,189,370
491,189,371
492,189,338
493,189,267
494,189,266
495,189,266
496,189,263
497,189,237
498,189,309
499,189,348
500,189,347
501,189,343
502,189,196
503,189,168
504,189,214
505,189,228
506,189,236
507,189,548
508,189,611
509,189,611
510,189,615
511,189,1314
512,189,1478
513,189,1478
514,189,2180
515,189,5600
516,189,1873
517,189,4032
518,189,4648
519,189,2290
520,189,2385
521,189,2749
522,189,2771
523,189,2833
524,189,3888
525,189,4349
526,189,4429
527,189,6143
528,189,7972
529,189,8069
530,189,8071
531,189,10048
532,189,13202
533,189,13202
534,189,12703
535,189,7611
536,189,7489
537,189,7489
538,189,7520
539,189,6379
540,189,2878
541,189,3397
542,189,3835
543,189,3835
544,189,3835
545,189,3835
546,189,3835
547,189,3774
548,189,2574
549,189,1578
550,189,1578
551,189,1578
552,189,1578
553,189,1235
554,189,996
555,189,788
556,189,430
557,189,212
558,189,218
559,189,171
560,189,54
561,189,29
562,189,26
563,189,68
564,189,72
565,189,72
566,189,86
567,189,410
568,189,540
569,189,548
570,189,365
571,189,173
572,189,229
573,189,448
490,190,287
491,190,355
492,190,320
493,190,266
494,190,266
495,190,266
496,190,291
497,190,305
498,190,322
499,190,350
500,190,350
501,190,349
502,190,211
503,190,77
504,190,226
505,190,228
506,190,228
507,190,530
508,190,611
509,190,611
510,190,886
511,190,1478
512,190,1478
513,190,1447
514,190,1905
515,190,2869
516,190,1038
517,190,515
518,190,853
519,190,1687
520,190,2702
521,190,2771
522,190,2771
523,190,2776
524,190,4333
525,190,4429
526,190,4429
527,190,6178
528,190,6768
529,190,8402
530,190,8404
531,190,8498
532,190,12712
533,190,13202
534,190,13202
535,190,9767
536,190,7489
537,190,7489
538,190,7489
539,190,5037
540,190,2639
541,190,2630
542,190,3550
543,190,3835
544,190,3835
545,190,3835
546,190,3835
547,190,3530
548,190,2958
549,190,1578
550,190,1578
551,190,1578
552,190,1578
553,190,1331
554,190,1018
555,190,605
556,190,430
557,190,342
558,190,232
559,190,72
560,190,50
561,190,28
562,190,36
563,190,71
564,190,72
565,190,86
566,190,114
567,190,312
568,190,546
569,190,571
570,190,389
571,190,173
572,190,105
573,190,144
490,191,251
491,191,291
492,191,117
493,191,252
494,191,266
495,191,266
496,191,247
497,191,197
498,191,194
499,191,270
500,191,350
501,191,347
502,191,102
503,191,71
504,191,228
505,191,228
506,191,177
507,191,453
508,191,597
509,191,590
510,191,759
511,191,1407
512,191,1478
513,191,1396
514,191,1139
515,191,1139
516,191,549
517,191,662
518,191,1070
519,191,2263
520,191,2771
521,191,2771
522,191,2771
523,191,2771
524,191,3270
525,191,4385
526,191,4426
527,191,4780
528,191,5114
529,191,7467
530,191,6738
531,191,7228
532,191,10242
533,191,10707
534,191,11372
535,191,9386
536,191,5676
537,191,6507
538,191,7472
539,191,6350
540,191,2632
541,191,2628
542,191,2772
543,191,2337
544,191,2426
545,191,3388
546,191,3653
547,191,3352
548,191,2969
549,191,736
550,191,1371
551,191,1347
552,191,1578
553,191,1578
554,191,1269
555,191,864
556,191,504
557,191,368
558,191,304
559,191,112
560,191,61
561,191,43
562,191,74
563,191,72
564,191,85
565,191,115
566,191,121
567,191,299
568,191,318
569,191,291
570,191,194
571,191,131
572,191,85
573,191,94
490,192,231
491,192,121
492,192,108
493,192,114
494,192,254
495,192,266
496,192,245
497,192,223
498,192,192
499,192,229
500,192,350
501,192,292
502,192,56
503,192,80
504,192,221
505,192,128
506,192,167
507,192,473
508,192,518
509,192,503
510,192,198
511,192,252
512,192,706
513,192,1153
514,192,1139
515,192,1038
516,192,454
517,192,933
518,192,1895
519,192,2771
520,192,2771
521,192,2771
522,192,2771
523,192,2771
524,192,2696
525,192,3447
526,192,4160
527,192,3880
528,192,3661
529,192,3809
530,192,3809
531,192,4001
532,192,4843
533,192,4843
534,192,4843
535,192,4497
536,192,2113
537,192,1908
538,192,3995
539,192,6636
540,192,2732
541,192,2294
542,192,775
543,192,209
544,192,209
545,192,256
546,192,1547
547,192,3348
548,192,2507
549,192,69
550,192,183
551,192,188
552,192,992
553,192,1573
554,192,270
555,192,167
556,192,403
557,192,346
558,192,414
559,192,278
560,192,243
561,192,96
562,192,95
563,192,91
564,192,100
565,192,115
566,192,185
567,192,390
568,192,245
569,192,245
570,192,135
571,192,83
572,192,95
573,192,109
490,193,218
491,193,108
492,193,108
493,193,108
494,193,228
495,193,185
496,193,195
497,193,218
498,193,192
499,193,267
500,193,350
501,193,223
502,193,86
503,193,291
504,193,284
505,193,184
506,193,514
507,193,518
508,193,518
509,193,419
510,193,191
511,193,191
512,193,221
513,193,862
514,193,1016
515,193,829
516,193,665
517,193,1438
518,193,2731
519,193,2771
520,193,2771
521,193,2771
522,193,1757
523,193,426
524,193,632
525,193,766
526,193,3997
527,193,3457
528,193,2079
529,193,3173
530,193,3809
531,193,3823
532,193,4669
533,193,4843
534,193,4843
535,193,4843
536,193,3752
537,193,1908
538,193,1908
539,193,2218
540,193,2381
541,193,1635
542,193,700
543,193,209
544,193,209
545,193,209
546,193,209
547,193,1398
548,193,816
549,193,65
550,193,66
551,193,69
552,193,161
553,193,825
554,193,102
555,193,196
556,193,335
557,193,346
558,193,2389
559,193,2443
560,193,323
561,193,137
562,193,153
563,193,208
564,193,220
565,193,186
566,193,307
567,193,285
568,193,245
569,193,223
570,193,69
571,193,94
572,193,95
573,193,96
490,194,165
491,194,108
492,194,108
493,194,103
494,194,87
495,194,87
496,194,96
497,194,235
498,194,198
499,194,192
500,194,306
501,194,266
502,194,401
503,194,513
504,194,512
505,194,447
506,194,518
507,194,518
508,194,509
509,194,593
510,194,589
511,194,1983
512,194,1547
513,194,924
514,194,924
515,194,696
516,194,761
517,194,1908
518,194,2771
519,194,2771
520,194,2707
521,194,2582
522,194,1296
523,194,228
524,194,169
525,194,1136
526,194,3665
527,194,2505
528,194,2143
529,194,3351
530,194,3809
531,194,3809
532,194,4630
533,194,4843
534,194,4843
535,194,4843
536,194,3532
537,194,1908
538,194,1908
539,194,1909
540,194,1499
541,194,1149
542,194,705
543,194,231
544,194,209
545,194,209
546,194,183
547,194,89
548,194,82
549,194,52
550,194,52
551,194,53
552,194,46
553,194,68
554,194,102
555,194,315
556,194,346
557,194,346
558,194,1565
559,194,1444
560,194,348
561,194,324
562,194,320
563,194,320
564,194,309
565,194,186
566,194,158
567,194,228
568,194,245
569,194,158
570,194,76
571,194,95
572,194,95
573,194,97
490,195,112
491,195,108
492,195,121
493,195,172
494,195,91
495,195,100
496,195,184
497,195,248
498,195,229
499,195,192
500,195,208
501,195,358
502,195,441
503,195,429
504,195,429
505,195,490
506,195,518
507,195,518
508,195,934
509,195,4057
510,195,4199
511,195,4289
512,195,1879
513,195,924
514,195,913
515,195,315
516,195,237
517,195,581
518,195,916
519,195,1200
520,195,895
521,195,341
522,195,484
523,195,1389
524,195,1967
525,195,1541
526,195,2064
527,195,2041
528,195,2699
529,195,3735
530,195,3610
531,195,2478
532,195,3723
533,195,3350
534,195,2889
535,195,2279
536,195,1524
537,195,974
538,195,1228
539,195,967
540,195,400
541,195,460
542,195,460
543,195,403
544,195,305
545,195,213
546,195,136
547,195,89
548,195,87
549,195,54
550,195,52
551,195,52
552,195,41
553,195,41
554,195,144
555,195,346
556,195,346
557,195,346
558,195,346
559,195,348
560,195,348
561,195,329
562,195,239
563,195,187
564,195,135
565,195,97
566,195,148
567,195,197
568,195,233
569,195,103
570,195,80
571,195,95
572,195,97
573,195,94
490,196,126
491,196,115
492,196,167
493,196,248
494,196,213
495,196,209
496,196,248
497,196,248
498,196,235
499,196,194
500,196,190
501,196,291
502,196,264
503,196,426
504,196,426
505,196,280
506,196,303
507,196,411
508,196,606
509,196,4283
510,196,4301
511,196,3426
512,196,925
513,196,924
514,196,655
515,196,216
516,196,216
517,196,251
518,196,390
519,196,528
520,196,557
521,196,142
522,196,85
523,196,2890
524,196,3592
525,196,1697
526,196,1389
527,196,1452
528,196,3099
529,196,2957
530,196,1769
531,196,1377
532,196,1377
533,196,1377
534,196,1377
535,196,1377
536,196,1377
537,196,591
538,196,160
539,196,160
540,196,173
541,196,459
542,196,460
543,196,460
544,196,460
545,196,296
546,196,100
547,196,89
548,196,89
549,196,62
550,196,52
551,196,45
552,196,41
553,196,41
554,196,41
555,196,137
556,196,273
557,196,346
558,196,228
559,196,283
560,196,340
561,196,280
562,196,97
563,196,97
564,196,97
565,196,97
566,196,165
567,196,198
568,196,198
569,196,87
570,196,90
571,196,96
572,196,97
573,196,77
490,197,138
491,197,138
492,197,180
493,197,247
494,197,248
495,197,248
496,197,248
497,197,248
498,197,248
499,197,164
500,197,77
501,197,51
502,197,96
503,197,363
504,197,195
505,197,58
506,197,170
507,197,191
508,197,808
509,197,4143
510,197,3178
511,197,1038
512,197,924
513,197,599
514,197,216
515,197,216
516,197,216
517,197,216
518,197,216
519,197,190
520,197,404
521,197,110
522,197,133
523,197,782
524,197,2267
525,197,701
526,197,1157
527,197,1361
528,197,1553
529,197,1910
530,197,1377
531,197,1377
532,197,1377
533,197,1377
534,197,1377
535,197,1377
536,197,1377
537,197,596
538,197,160
539,197,160
540,197,160
541,197,407
542,197,460
543,197,460
544,197,460
545,197,250
546,197,155
547,197,86
548,197,61
549,197,63
550,197,36
551,197,33
552,197,41
553,197,41
554,197,41
555,197,41
556,197,74
557,197,169
558,197,77
559,197,77
560,197,206
561,197,319
562,197,102
563,197,97
564,197,97
565,197,97
566,197,154
567,197,106
568,197,102
569,197,69
570,197,93
571,197,77
572,197,80
573,197,64
490,198,138
491,198,138
492,198,146
493,198,228
494,198,248
495,198,248
496,198,248
497,198,248
498,198,248
499,198,111
500,198,53
501,198,51
502,198,52
503,198,106
504,198,72
505,198,124
506,198,191
507,198,193
508,198,224
509,198,1423
510,198,3473
511,198,1906
512,198,389
513,198,217
514,198,216
515,198,216
516,198,216
517,198,216
518,198,204
519,198,97
520,198,140
521,198,67
522,198,184
523,198,241
524,198,242
525,198,393
526,198,1192
527,198,1377
528,198,1377
529,198,1377
530,198,1377
531,198,1377
532,198,1377
533,198,1377
534,198,1377
535,198,1377
536,198,1377
537,198,385
538,198,160
539,198,160
540,198,160
541,198,236
542,198,432
543,198,442
544,198,265
545,198,166
546,198,130
547,198,34
548,198,24
549,198,24
550,198,28
551,198,37
552,198,42
553,198,41
554,198,41
555,198,41
556,198,65
557,198,77
558,198,77
559,198,77
560,198,75
561,198,150
562,198,97
563,198,114
564,198,124
565,198,122
566,198,151
567,198,111
568,198,72
569,198,76
570,198,53
571,198,42
572,198,42
573,198,42
490,199,141
491,199,144
492,199,138
493,199,221
494,199,243
495,199,395
496,199,517
497,199,482
498,199,207
499,199,73
500,199,57
501,199,47
502,199,125
503,199,130
504,199,143
505,199,192
506,199,239
507,199,259
508,199,240
509,199,2460
510,199,3827
511,199,3708
512,199,217
513,199,169
514,199,149
515,199,204
516,199,216
517,199,213
518,199,115
519,199,128
520,199,128
521,199,51
522,199,235
523,199,241
524,199,241
525,199,241
526,199,515
527,199,1377
528,199,1377
529,199,1377
530,199,1377
531,199,1377
532,199,1377
533,199,1377
534,199,1330
535,199,1364
536,199,1263
537,199,598
538,199,160
539,199,160
540,199,160
541,199,160
542,199,192
543,199,210
544,199,166
545,199,166
546,199,86
547,199,34
548,199,26
549,199,25
550,199,28
551,199,40
552,199,42
553,199,41
554,199,44
555,199,70
556,199,77
557,199,67
558,199,72
559,199,72
560,199,72
561,199,97
562,199,118
563,199,139
564,199,139
565,199,138
566,199,131
567,199,192
568,199,144
569,199,86
570,199,47
571,199,45
572,199,45
573,199,46
490,200,152
491,200,151
492,200,128
493,200,65
494,200,62
495,200,552
496,200,885
497,200,617
498,200,70
499,200,70
500,200,69
501,200,48
502,200,117
503,200,140
504,200,186
505,200,226
506,200,258
507,200,259
508,200,259
509,200,288
510,200,254
511,200,1762
512,200,149
513,200,127
514,200,109
515,200,109
516,200,196
517,200,184
518,200,114
519,200,140
520,200,101
521,200,86
522,200,241
523,200,241
524,200,241
525,200,241
526,200,286
527,200,1374
528,200,1145
529,200,1234
530,200,1109
531,200,830
532,200,802
533,200,619
534,200,420
535,200,447
536,200,414
537,200,222
538,200,160
539,200,160
540,200,160
541,200,160
542,200,160
543,200,111
544,200,84
545,200,159
546,200,63
547,200,43
548,200,27
549,200,26
550,200,30
551,200,42
552,200,42
553,200,42
554,200,57
555,200,77
556,200,77
557,200,67
558,200,63
559,200,72
560,200,72
561,200,127
562,200,139
563,200,139
564,200,139
565,200,127
566,200,71
567,200,82
568,200,68
569,200,67
570,200,55
571,200,45
572,200,45
573,200,45
490,201,153
491,201,153
492,201,83
493,201,54
494,201,238
495,201,1466
496,201,1452
497,201,526
498,201,70
499,201,71
500,201,97
501,201,94
502,201,124
503,201,206
504,201,233
505,201,239
506,201,238
507,201,247
508,201,259
509,201,258
510,201,192
511,201,191
512,201,128
513,201,109
514,201,109
515,201,109
516,201,116
517,201,124
518,201,140
519,201,140
520,201,110
521,201,120
522,201,241
523,201,241
524,201,241
525,201,241
526,201,246
527,201,636
528,201,87
529,201,87
530,201,93
531,201,382
532,201,414
533,201,414
534,201,414
535,201,414
536,201,414
537,201,216
538,201,160
539,201,160
540,201,160
541,201,160
542,201,158
543,201,46
544,201,77
545,201,772
546,201,793
547,201,432
548,201,33
549,201,26
550,201,36
551,201,42
552,201,42
553,201,42
554,201,48
555,201,75
556,201,68
557,201,63
558,201,75
559,201,75
560,201,86
561,201,139
562,201,134
563,201,133
564,201,139
565,201,139
566,201,95
567,201,70
568,201,169
569,201,237
570,201,156
571,201,128
572,201,52
573,201,113
490,202,153
491,202,153
492,202,68
493,202,54
494,202,133
495,202,1394
496,202,1458
497,202,244
498,202,70
499,202,86
500,202,110
501,202,110
502,202,123
503,202,233
504,202,238
505,202,238
506,202,238
507,202,245
508,202,259
509,202,259
510,202,139
511,202,132
512,202,109
513,202,109
514,202,109
515,202,109
516,202,139
517,202,128
518,202,140
519,202,140
520,202,85
521,202,62
522,202,228
523,202,231
524,202,209
525,202,183
526,202,137
527,202,90
528,202,87
529,202,87
530,202,89
531,202,413
532,202,414
533,202,414
534,202,414
535,202,414
536,202,414
537,202,283
538,202,160
539,202,160
540,202,160
541,202,160
542,202,153
543,202,44
544,202,154
545,202,798
546,202,802
547,202,585
548,202,37
549,202,30
550,202,42
551,202,42
552,202,42
553,202,43
554,202,79
555,202,257
556,202,80
557,202,78
558,202,78
559,202,76
560,202,72
561,202,81
562,202,94
563,202,94
564,202,115
565,202,91
566,202,72
567,202,70
568,202,216
569,202,1515
570,202,248
571,202,236
572,202,226
573,202,236
490,203,115
491,203,114
492,203,55
493,203,54
494,203,54
495,203,517
496,203,430
497,203,60
498,203,60
499,203,70
500,203,106
501,203,110
502,203,110
503,203,144
504,203,295
505,203,238
506,203,238
507,203,253
508,203,259
509,203,253
510,203,111
511,203,109
512,203,109
513,203,109
514,203,109
515,203,110
516,203,301
517,203,324
518,203,169
519,203,105
520,203,45
521,203,98
522,203,147
523,203,151
524,203,147
525,203,147
526,203,147
527,203,104
528,203,87
529,203,87
530,203,169
531,203,414
532,203,414
533,203,414
534,203,414
535,203,414
536,203,414
537,203,254
538,203,160
539,203,160
540,203,160
541,203,160
542,203,76
543,203,43
544,203,165
545,203,382
546,203,141
547,203,105
548,203,66
549,203,67
550,203,45
551,203,45
552,203,44
553,203,44
554,203,216
555,203,476
556,203,87
557,203,78
558,203,78
559,203,78
560,203,74
561,203,81
562,203,92
563,203,92
564,203,92
565,203,90
566,203,81
567,203,92
568,203,132
569,203,1663
570,203,1096
571,203,236
572,203,236
573,203,236
490,204,78
491,204,74
492,204,54
493,204,54
494,204,54
495,204,55
496,204,52
497,204,51
498,204,51
499,204,51
500,204,53
501,204,98
502,204,110
503,204,110
504,204,422
505,204,294
506,204,241
507,204,258
508,204,259
509,204,236
510,204,96
511,204,97
512,204,101
513,204,109
514,204,121
515,204,199
516,204,377
517,204,375
518,204,192
519,204,40
520,204,61
521,204,146
522,204,147
523,204,147
524,204,147
525,204,147
526,204,144
527,204,121
528,204,101
529,204,117
530,204,190
531,204,413
532,204,414
533,204,414
534,204,414
535,204,414
536,204,414
537,204,267
538,204,133
539,204,116
540,204,140
541,204,134
542,204,49
543,204,43
544,204,43
545,204,43
546,204,56
547,204,110
548,204,119
549,204,118
550,204,92
551,204,78
552,204,54
553,204,45
554,204,114
555,204,242
556,204,83
557,204,64
558,204,61
559,204,60
560,204,55
561,204,80
562,204,92
563,204,92
564,204,92
565,204,92
566,204,92
567,204,92
568,204,113
569,204,1545
570,204,1999
571,204,680
572,204,236
573,204,212
490,205,78
491,205,85
492,205,63
493,205,54
494,205,57
495,205,69
496,205,51
497,205,51
498,205,83
499,205,63
500,205,51
501,205,93
502,205,110
503,205,113
504,205,497
505,205,518
506,205,338
507,205,259
508,205,259
509,205,103
510,205,47
511,205,47
512,205,53
513,205,222
514,205,2240
515,205,2047
516,205,1599
517,205,448
518,205,335
519,205,172
520,205,121
521,205,147
522,205,147
523,205,147
524,205,143
525,205,139
526,205,134
527,205,130
528,205,117
529,205,134
530,205,134
531,205,309
532,205,397
533,205,394
534,205,396
535,205,374
536,205,319
537,205,167
538,205,103
539,205,103
540,205,103
541,205,103
542,205,99
543,205,67
544,205,43
545,205,43
546,205,68
547,205,118
548,205,119
549,205,119
550,205,117
551,205,81
552,205,49
553,205,45
554,205,105
555,205,121
556,205,82
557,205,74
558,205,64
559,205,46
560,205,40
561,205,37
562,205,74
563,205,86
564,205,92
565,205,92
566,205,92
567,205,92
568,205,108
569,205,798
570,205,2022
571,205,1498
572,205,236
573,205,227
490,206,115
491,206,97
492,206,88
493,206,70
494,206,72
495,206,78
496,206,69
497,206,55
498,206,356
499,206,870
500,206,109
501,206,134
502,206,350
503,206,407
504,206,523
505,206,523
506,206,519
507,206,406
508,206,177
509,206,47
510,206,47
511,206,47
512,206,47
513,206,727
514,206,2498
515,206,2498
516,206,2498
517,206,1125
518,206,375
519,206,375
520,206,375
521,206,231
522,206,144
523,206,139
524,206,134
525,206,134
526,206,129
527,206,76
528,206,67
529,206,82
530,206,81
531,206,127
532,206,195
533,206,199
534,206,221
535,206,200
536,206,161
537,206,137
538,206,105
539,206,103
540,206,103
541,206,103
542,206,102
543,206,67
544,206,54
545,206,57
546,206,42
547,206,91
548,206,119
549,206,151
550,206,90
551,206,96
552,206,59
553,206,61
554,206,79
555,206,76
556,206,71
557,206,71
558,206,47
559,206,38
560,206,32
561,206,38
562,206,40
563,206,40
564,206,82
565,206,92
566,206,92
567,206,92
568,206,108
569,206,1028
570,206,2022
571,206,2020
572,206,1183
573,206,86
490,207,124
491,207,98
492,207,98
493,207,207
494,207,195
495,207,111
496,207,117
497,207,215
498,207,1804
499,207,1705
500,207,186
501,207,122
502,207,462
503,207,523
504,207,523
505,207,523
506,207,523
507,207,523
508,207,391
509,207,47
510,207,47
511,207,47
512,207,47
513,207,918
514,207,2498
515,207,2498
516,207,2487
517,207,1535
518,207,375
519,207,375
520,207,375
521,207,223
522,207,134
523,207,134
524,207,134
525,207,134
526,207,82
527,207,67
528,207,67
529,207,66
530,207,45
531,207,41
532,207,84
533,207,101
534,207,97
535,207,105
536,207,271
537,207,672
538,207,401
539,207,104
540,207,104
541,207,104
542,207,82
543,207,55
544,207,55
545,207,82
546,207,55
547,207,93
548,207,145
549,207,168
550,207,28
551,207,56
552,207,61
553,207,77
554,207,79
555,207,75
556,207,71
557,207,64
558,207,40
559,207,42
560,207,44
561,207,47
562,207,40
563,207,40
564,207,40
565,207,63
566,207,92
567,207,92
568,207,92
569,207,1383
570,207,2022
571,207,2022
572,207,1085
573,207,45
490,208,97
491,208,99
492,208,212
493,208,248
494,208,161
495,208,114
496,208,117
497,208,460
498,208,1514
499,208,1157
500,208,161
501,208,112
502,208,339
503,208,523
504,208,523
505,208,523
506,208,523
507,208,523
508,208,414
509,208,76
510,208,83
511,208,63
512,208,47
513,208,52
514,208,1350
515,208,2030
516,208,561
517,208,223
518,208,365
519,208,375
520,208,375
521,208,349
522,208,150
523,208,134
524,208,134
525,208,107
526,208,67
527,208,67
528,208,66
529,208,66
530,208,50
531,208,41
532,208,30
533,208,23
534,208,18
535,208,57
536,208,981
537,208,1088
538,208,970
539,208,136
540,208,104
541,208,104
542,208,86
543,208,55
544,208,61
545,208,105
546,208,56
547,208,171
548,208,218
549,208,99
550,208,38
551,208,42
552,208,52
553,208,50
554,208,47
555,208,66
556,208,71
557,208,49
558,208,40
559,208,37
560,208,35
561,208,44
562,208,40
563,208,40
564,208,40
565,208,40
566,208,73
567,208,89
568,208,88
569,208,561
570,208,544
571,208,217
572,208,281
573,208,45
490,209,79
491,209,155
492,209,248
493,209,226
494,209,113
495,209,114
496,209,113
497,209,137
498,209,138
499,209,46
500,209,46
501,209,53
502,209,72
503,209,149
504,209,355
505,209,523
506,209,523
507,209,523
508,209,299
509,209,111
510,209,111
511,209,111
512,209,72
513,209,47
514,209,47
515,209,56
516,209,57
517,209,57
518,209,133
519,209,236
520,209,233
521,209,222
522,209,135
523,209,134
524,209,134
525,209,101
526,209,71
527,209,81
528,209,67
529,209,61
530,209,53
531,209,43
532,209,31
533,209,30
534,209,38
535,209,98
536,209,836
537,209,962
538,209,861
539,209,114
540,209,104
541,209,104
542,209,88
543,209,55
544,209,85
545,209,110
546,209,59
547,209,216
548,209,218
549,209,195
550,209,84
551,209,57
552,209,57
553,209,40
554,209,24
555,209,49
556,209,48
557,209,35
558,209,33
559,209,19
560,209,19
561,209,23
562,209,40
563,209,40
564,209,40
565,209,40
566,209,41
567,209,43
568,209,60
569,209,169
570,209,176
571,209,107
572,209,45
573,209,54
490,210,67
491,210,207
492,210,248
493,210,175
494,210,112
495,210,112
496,210,113
497,210,52
498,210,46
499,210,46
500,210,49
501,210,46
502,210,46
503,210,46
504,210,242
505,210,406
506,210,487
507,210,461
508,210,156
509,210,111
510,210,111
511,210,111
512,210,88
513,210,48
514,210,48
515,210,57
516,210,57
517,210,57
518,210,58
519,210,129
520,210,134
521,210,134
522,210,138
523,210,134
524,210,134
525,210,134
526,210,134
527,210,112
528,210,53
529,210,51
530,210,53
531,210,44
532,210,34
533,210,30
534,210,57
535,210,222
536,210,224
537,210,225
538,210,168
539,210,125
540,210,116
541,210,96
542,210,90
543,210,56
544,210,84
545,210,97
546,210,44
547,210,218
548,210,218
549,210,218
550,210,128
551,210,55
552,210,55
553,210,48
554,210,26
555,210,26
556,210,29
557,210,32
558,210,35
559,210,33
560,210,31
561,210,36
562,210,40
563,210,40
564,210,40
565,210,40
566,210,42
567,210,43
568,210,80
569,210,172
570,210,176
571,210,149
572,210,99
573,210,65
490,211,50
491,211,243
492,211,248
493,211,236
494,211,152
495,211,90
496,211,89
497,211,68
498,211,46
499,211,49
500,211,57
501,211,48
502,211,46
503,211,46
504,211,46
505,211,46
506,211,70
507,211,160
508,211,77
509,211,83
510,211,111
511,211,105
512,211,102
513,211,85
514,211,102
515,211,86
516,211,57
517,211,57
518,211,57
519,211,117
520,211,134
521,211,134
522,211,477
523,211,642
524,211,752
525,211,263
526,211,116
527,211,56
528,211,51
529,211,51
530,211,51
531,211,50
532,211,687
533,211,33
534,211,59
535,211,340
536,211,152
537,211,154
538,211,131
539,211,130
540,211,129
541,211,74
542,211,44
543,211,42
544,211,67
545,211,67
546,211,51
547,211,217
548,211,218
549,211,217
550,211,65
551,211,53
552,211,53
553,211,53
554,211,38
555,211,27
556,211,26
557,211,27
558,211,35
559,211,40
560,211,38
561,211,49
562,211,50
563,211,49
564,211,50
565,211,41
566,211,43
567,211,49
568,211,128
569,211,176
570,211,138
571,211,91
572,211,75
573,211,71
490,212,52
491,212,180
492,212,247
493,212,248
494,212,209
495,212,89
496,212,88
497,212,87
498,212,52
499,212,56
500,212,57
501,212,56
502,212,46
503,212,46
504,212,46
505,212,46
506,212,45
507,212,42
508,212,47
509,212,84
510,212,102
511,212,83
512,212,71
513,212,525
514,212,311
515,212,146
516,212,106
517,212,90
518,212,64
519,212,119
520,212,134
521,212,134
522,212,670
523,212,825
524,212,822
525,212,262
526,212,57
527,212,52
528,212,51
529,212,51
530,212,51
531,212,1129
532,212,1891
533,212,1421
534,212,471
535,212,364
536,212,226
537,212,223
538,212,144
539,212,130
540,212,98
541,212,61
542,212,44
543,212,44
544,212,59
545,212,108
546,212,168
547,212,214
548,212,203
549,212,200
550,212,101
551,212,75
552,212,52
553,212,53
554,212,42
555,212,28
556,212,28
557,212,34
558,212,42
559,212,45
560,212,34
561,212,43
562,212,51
563,212,51
564,212,45
565,212,41
566,212,49
567,212,62
568,212,64
569,212,75
570,212,74
571,212,77
572,212,77
573,212,76
490,213,50
491,213,83
492,213,210
493,213,222
494,213,176
495,213,81
496,213,79
497,213,57
498,213,55
499,213,57
500,213,55
501,213,34
502,213,34
503,213,45
504,213,45
505,213,43
506,213,42
507,213,42
508,213,79
509,213,110
510,213,72
511,213,65
512,213,71
513,213,1129
514,213,1021
515,213,147
516,213,147
517,213,147
518,213,92
519,213,58
520,213,78
521,213,112
522,213,595
523,213,825
524,213,773
525,213,206
526,213,52
527,213,52
528,213,51
529,213,46
530,213,42
531,213,814
532,213,1896
533,213,1476
534,213,1448
535,213,825
536,213,732
537,213,104
538,213,120
539,213,114
540,213,117
541,213,62
542,213,55
543,213,43
544,213,64
545,213,49
546,213,171
547,213,243
548,213,192
549,213,154
550,213,154
551,213,88
552,213,46
553,213,47
554,213,43
555,213,28
556,213,28
557,213,31
558,213,47
559,213,46
560,213,33
561,213,30
562,213,32
563,213,47
564,213,42
565,213,67
566,213,77
567,213,64
568,213,64
569,213,64
570,213,65
571,213,75
572,213,73
573,213,63
