xv,yv,rho
490,148,91
491,148,52
492,148,47
493,148,43
494,148,49
495,148,95
496,148,98
497,148,104
498,148,859
499,148,789
500,148,283
501,148,197
502,148,69
503,148,61
504,148,67
505,148,67
506,148,84
507,148,101
508,148,101
509,148,83
510,148,48
511,148,42
512,148,56
513,148,121
514,148,121
515,148,841
516,148,1354
517,148,672
518,148,121
519,148,124
520,148,125
521,148,125
522,148,345
523,148,951
524,148,1162
525,148,1171
526,148,1170
527,148,1170
528,148,1087
529,148,283
530,148,128
531,148,116
532,148,92
533,148,99
534,148,101
535,148,107
536,148,105
537,148,49
538,148,60
539,148,126
540,148,183
541,148,130
542,148,134
543,148,133
544,148,133
545,148,133
546,148,103
547,148,73
548,148,57
549,148,46
550,148,46
551,148,46
552,148,73
553,148,68
554,148,87
555,148,89
556,148,89
557,148,89
558,148,298
559,148,680
560,148,100
561,148,100
562,148,100
563,148,100
564,148,103
565,148,160
566,148,161
567,148,159
568,148,101
569,148,99
570,148,98
571,148,90
572,148,83
573,148,82
490,149,156
491,149,113
492,149,67
493,149,39
494,149,53
495,149,101
496,149,105
497,149,105
498,149,1481
499,149,2306
500,149,2058
501,149,1487
502,149,170
503,149,141
504,149,74
505,149,67
506,149,92
507,149,101
508,149,98
509,149,90
510,149,48
511,149,46
512,149,81
513,149,121
514,149,121
515,149,946
516,149,1396
517,149,1147
518,149,121
519,149,124
520,149,125
521,149,125
522,149,701
523,149,1150
524,149,1171
525,149,1171
526,149,1171
527,149,1171
528,149,1151
529,149,136
530,149,128
531,149,120
532,149,99
533,149,99
534,149,101
535,149,107
536,149,89
537,149,43
538,149,150
539,149,215
540,149,194
541,149,135
542,149,135
543,149,134
544,149,134
545,149,134
546,149,107
547,149,75
548,149,69
549,149,97
550,149,71
551,149,63
552,149,93
553,149,77
554,149,83
555,149,89
556,149,89
557,149,89
558,149,89
559,149,96
560,149,100
561,149,100
562,149,100
563,149,100
564,149,110
565,149,151
566,149,161
567,149,158
568,149,117
569,149,99
570,149,96
571,149,91
572,149,91
573,149,94
490,150,214
491,150,214
492,150,213
493,150,180
494,150,110
495,150,110
496,150,110
497,150,120
498,150,986
499,150,2393
500,150,2402
501,150,1015
502,150,207
503,150,207
504,150,110
505,150,84
506,150,66
507,150,90
508,150,86
509,150,49
510,150,45
511,150,47
512,150,94
513,150,117
514,150,119
515,150,139
516,150,622
517,150,1023
518,150,121
519,150,125
520,150,125
521,150,95
522,150,58
523,150,469
524,150,1171
525,150,1171
526,150,1171
527,150,1171
528,150,1149
529,150,164
530,150,128
531,150,121
532,150,99
533,150,99
534,150,100
535,150,107
536,150,77
537,150,43
538,150,176
539,150,215
540,150,180
541,150,135
542,150,135
543,150,134
544,150,134
545,150,134
546,150,100
547,150,75
548,150,103
549,150,106
550,150,78
551,150,78
552,150,93
553,150,89
554,150,89
555,150,89
556,150,89
557,150,89
558,150,89
559,150,96
560,150,100
561,150,100
562,150,100
563,150,102
564,150,144
565,150,161
566,150,151
567,150,143
568,150,119
569,150,99
570,150,97
571,150,91
572,150,91
573,150,94
490,151,214
491,151,214
492,151,214
493,151,180
494,151,110
495,151,110
496,151,110
497,151,510
498,151,2376
499,151,2239
500,151,2175
501,151,959
502,151,206
503,151,193
504,151,99
505,151,60
506,151,64
507,151,87
508,151,84
509,151,40
510,151,44
511,151,47
512,151,77
513,151,116
514,151,117
515,151,101
516,151,127
517,151,227
518,151,84
519,151,108
520,151,125
521,151,92
522,151,56
523,151,358
524,151,1171
525,151,1171
526,151,1014
527,151,1029
528,151,1128
529,151,268
530,151,127
531,151,106
532,151,99
533,151,99
534,151,101
535,151,107
536,151,60
537,151,43
538,151,210
539,151,215
540,151,169
541,151,135
542,151,135
543,151,134
544,151,134
545,151,134
546,151,102
547,151,76
548,151,106
549,151,106
550,151,76
551,151,89
552,151,93
553,151,93
554,151,93
555,151,90
556,151,90
557,151,69
558,151,71
559,151,73
560,151,73
561,151,60
562,151,67
563,151,71
564,151,95
565,151,161
566,151,167
567,151,146
568,151,119
569,151,98
570,151,98
571,151,95
572,151,127
573,151,153
490,152,214
491,152,214
492,152,214
493,152,209
494,152,131
495,152,110
496,152,110
497,152,110
498,152,492
499,152,576
500,152,858
501,152,133
502,152,160
503,152,138
504,152,100
505,152,67
506,152,56
507,152,83
508,152,87
509,152,52
510,152,44
511,152,47
512,152,79
513,152,115
514,152,105
515,152,67
516,152,66
517,152,66
518,152,66
519,152,82
520,152,119
521,152,122
522,152,86
523,152,182
524,152,491
525,152,345
526,152,251
527,152,39
528,152,253
529,152,328
530,152,188
531,152,99
532,152,99
533,152,102
534,152,102
535,152,107
536,152,57
537,152,91
538,152,215
539,152,196
540,152,135
541,152,135
542,152,135
543,152,134
544,152,134
545,152,134
546,152,87
547,152,76
548,152,106
549,152,101
550,152,67
551,152,163
552,152,523
553,152,452
554,152,254
555,152,91
556,152,91
557,152,82
558,152,72
559,152,68
560,152,83
561,152,111
562,152,85
563,152,54
564,152,56
565,152,94
566,152,94
567,152,170
568,152,140
569,152,116
570,152,99
571,152,97
572,152,166
573,152,195
490,153,214
491,153,210
492,153,194
493,153,197
494,153,204
495,153,143
496,153,110
497,153,110
498,153,110
499,153,174
500,153,388
501,153,623
502,153,190
503,153,139
504,153,129
505,153,84
506,153,89
507,153,88
508,153,87
509,153,45
510,153,44
511,153,47
512,153,82
513,153,116
514,153,93
515,153,63
516,153,66
517,153,66
518,153,67
519,153,76
520,153,77
521,153,169
522,153,175
523,153,252
524,153,161
525,153,131
526,153,46
527,153,80
528,153,302
529,153,328
530,153,228
531,153,79
532,153,382
533,153,1054
534,153,630
535,153,97
536,153,93
537,153,167
538,153,215
539,153,180
540,153,126
541,153,67
542,153,112
543,153,135
544,153,134
545,153,132
546,153,78
547,153,75
548,153,103
549,153,100
550,153,69
551,153,199
552,153,662
553,153,696
554,153,695
555,153,210
556,153,90
557,153,90
558,153,146
559,153,116
560,153,117
561,153,117
562,153,113
563,153,57
564,153,63
565,153,66
566,153,66
567,153,172
568,153,190
569,153,166
570,153,109
571,153,90
572,153,170
573,153,487
490,154,219
491,154,184
492,154,177
493,154,177
494,154,180
495,154,167
496,154,163
497,154,136
498,154,357
499,154,638
500,154,649
501,154,492
502,154,144
503,154,139
504,154,139
505,154,139
506,154,139
507,154,100
508,154,83
509,154,40
510,154,47
511,154,53
512,154,105
513,154,116
514,154,92
515,154,118
516,154,188
517,154,316
518,154,203
519,154,76
520,154,77
521,154,173
522,154,176
523,154,310
524,154,178
525,154,143
526,154,99
527,154,163
528,154,328
529,154,328
530,154,170
531,154,66
532,154,618
533,154,1179
534,154,964
535,154,75
536,154,111
537,154,218
538,154,212
539,154,141
540,154,54
541,154,21
542,154,109
543,154,135
544,154,134
545,154,134
546,154,83
547,154,78
548,154,105
549,154,98
550,154,66
551,154,272
552,154,696
553,154,696
554,154,631
555,154,149
556,154,90
557,154,93
558,154,150
559,154,126
560,154,117
561,154,117
562,154,117
563,154,80
564,154,66
565,154,66
566,154,66
567,154,226
568,154,232
569,154,171
570,154,53
571,154,222
572,154,341
573,154,1552
490,155,326
491,155,178
492,155,177
493,155,177
494,155,177
495,155,327
496,155,642
497,155,632
498,155,649
499,155,649
500,155,649
501,155,338
502,155,139
503,155,139
504,155,139
505,155,139
506,155,118
507,155,56
508,155,62
509,155,46
510,155,45
511,155,50
512,155,107
513,155,104
514,155,69
515,155,162
516,155,417
517,155,417
518,155,395
519,155,186
520,155,98
521,155,175
522,155,226
523,155,338
524,155,191
525,155,144
526,155,104
527,155,111
528,155,311
529,155,328
530,155,163
531,155,66
532,155,600
533,155,1177
534,155,468
535,155,90
536,155,162
537,155,243
538,155,182
539,155,85
540,155,21
541,155,23
542,155,116
543,155,134
544,155,134
545,155,123
546,155,75
547,155,89
548,155,106
549,155,91
550,155,66
551,155,243
552,155,613
553,155,696
554,155,473
555,155,90
556,155,90
557,155,111
558,155,155
559,155,151
560,155,117
561,155,117
562,155,117
563,155,92
564,155,57
565,155,70
566,155,193
567,155,376
568,155,315
569,155,210
570,155,183
571,155,227
572,155,252
573,155,1412
490,156,348
491,156,177
492,156,177
493,156,177
494,156,285
495,156,633
496,156,649
497,156,649
498,156,649
499,156,649
500,156,649
501,156,468
502,156,323
503,156,141
504,156,139
505,156,104
506,156,49
507,156,49
508,156,49
509,156,49
510,156,42
511,156,120
512,156,113
513,156,85
514,156,59
515,156,143
516,156,393
517,156,405
518,156,372
519,156,326
520,156,211
521,156,175
522,156,258
523,156,338
524,156,231
525,156,143
526,156,104
527,156,104
528,156,218
529,156,451
530,156,271
531,156,511
532,156,1170
533,156,1179
534,156,450
535,156,99
536,156,178
537,156,147
538,156,91
539,156,28
540,156,42
541,156,120
542,156,138
543,156,121
544,156,120
545,156,98
546,156,75
547,156,99
548,156,101
549,156,67
550,156,70
551,156,230
552,156,318
553,156,691
554,156,339
555,156,90
556,156,90
557,156,107
558,156,153
559,156,155
560,156,131
561,156,117
562,156,117
563,156,70
564,156,84
565,156,113
566,156,217
567,156,403
568,156,308
569,156,210
570,156,210
571,156,189
572,156,184
573,156,217
490,157,435
491,157,221
492,157,177
493,157,178
494,157,489
495,157,649
496,157,649
497,157,649
498,157,649
499,157,649
500,157,649
501,157,649
502,157,648
503,157,419
504,157,142
505,157,84
506,157,52
507,157,51
508,157,80
509,157,174
510,157,175
511,157,224
512,157,125
513,157,99
514,157,164
515,157,414
516,157,417
517,157,357
518,157,316
519,157,316
520,157,920
521,157,738
522,157,344
523,157,338
524,157,338
525,157,324
526,157,210
527,157,109
528,157,218
529,157,855
530,157,855
531,157,855
532,157,929
533,157,1169
534,157,702
535,157,398
536,157,120
537,157,99
538,157,99
539,157,92
540,157,85
541,157,136
542,157,128
543,157,98
544,157,97
545,157,107
546,157,101
547,157,106
548,157,76
549,157,66
550,157,160
551,157,374
552,157,237
553,157,470
554,157,244
555,157,90
556,157,90
557,157,112
558,157,122
559,157,144
560,157,130
561,157,117
562,157,117
563,157,80
564,157,56
565,157,129
566,157,99
567,157,331
568,157,330
569,157,209
570,157,205
571,157,184
572,157,184
573,157,167
490,158,437
491,158,197
492,158,125
493,158,123
494,158,250
495,158,402
496,158,601
497,158,649
498,158,636
499,158,597
500,158,648
501,158,649
502,158,539
503,158,210
504,158,145
505,158,110
506,158,73
507,158,54
508,158,136
509,158,227
510,158,227
511,158,211
512,158,103
513,158,103
514,158,194
515,158,417
516,158,417
517,158,325
518,158,316
519,158,490
520,158,1047
521,158,1047
522,158,729
523,158,338
524,158,338
525,158,338
526,158,338
527,158,186
528,158,389
529,158,855
530,158,855
531,158,855
532,158,855
533,158,828
534,158,553
535,158,553
536,158,356
537,158,99
538,158,99
539,158,99
540,158,97
541,158,106
542,158,99
543,158,97
544,158,97
545,158,123
546,158,128
547,158,103
548,158,67
549,158,80
550,158,340
551,158,211
552,158,119
553,158,112
554,158,90
555,158,90
556,158,90
557,158,130
558,158,117
559,158,117
560,158,117
561,158,117
562,158,117
563,158,92
564,158,53
565,158,70
566,158,102
567,158,124
568,158,68
569,158,144
570,158,200
571,158,184
572,158,184
573,158,183
490,159,423
491,159,106
492,159,106
493,159,106
494,159,215
495,159,275
496,159,304
497,159,461
498,159,395
499,159,288
500,159,356
501,159,459
502,159,150
503,159,145
504,159,145
505,159,113
506,159,91
507,159,58
508,159,191
509,159,261
510,159,227
511,159,227
512,159,170
513,159,105
514,159,101
515,159,205
516,159,361
517,159,311
518,159,359
519,159,789
520,159,1047
521,159,1047
522,159,773
523,159,347
524,159,338
525,159,338
526,159,324
527,159,117
528,159,195
529,159,703
530,159,855
531,159,855
532,159,855
533,159,608
534,159,505
535,159,487
536,159,314
537,159,82
538,159,99
539,159,99
540,159,97
541,159,97
542,159,100
543,159,101
544,159,98
545,159,142
546,159,129
547,159,129
548,159,123
549,159,104
550,159,247
551,159,94
552,159,119
553,159,118
554,159,90
555,159,86
556,159,90
557,159,135
558,159,120
559,159,117
560,159,117
561,159,117
562,159,117
563,159,65
564,159,52
565,159,55
566,159,88
567,159,80
568,159,60
569,159,143
570,159,205
571,159,188
572,159,184
573,159,184
490,160,326
491,160,108
492,160,106
493,160,106
494,160,123
495,160,156
496,160,213
497,160,288
498,160,274
499,160,274
500,160,288
501,160,308
502,160,293
503,160,406
504,160,400
505,160,425
506,160,489
507,160,416
508,160,535
509,160,486
510,160,228
511,160,227
512,160,227
513,160,204
514,160,130
515,160,101
516,160,98
517,160,145
518,160,776
519,160,1047
520,160,1047
521,160,1047
522,160,618
523,160,403
524,160,300
525,160,338
526,160,277
527,160,103
528,160,790
529,160,908
530,160,855
531,160,855
532,160,664
533,160,289
534,160,276
535,160,241
536,160,26
537,160,26
538,160,79
539,160,99
540,160,97
541,160,97
542,160,111
543,160,115
544,160,97
545,160,118
546,160,152
547,160,137
548,160,138
549,160,78
550,160,66
551,160,73
552,160,92
553,160,80
554,160,67
555,160,74
556,160,114
557,160,109
558,160,85
559,160,99
560,160,92
561,160,95
562,160,90
563,160,53
564,160,52
565,160,66
566,160,96
567,160,111
568,160,115
569,160,129
570,160,178
571,160,203
572,160,184
573,160,184
490,161,249
491,161,207
492,161,175
493,161,138
494,161,109
495,161,106
496,161,106
497,161,133
498,161,117
499,161,148
500,161,229
501,161,303
502,161,345
503,161,363
504,161,440
505,161,487
506,161,498
507,161,503
508,161,536
509,161,472
510,161,227
511,161,227
512,161,227
513,161,237
514,161,339
515,161,228
516,161,135
517,161,91
518,161,802
519,161,1047
520,161,1047
521,161,879
522,161,441
523,161,261
524,161,616
525,161,577
526,161,550
527,161,226
528,161,1324
529,161,876
530,161,855
531,161,1277
532,161,416
533,161,276
534,161,276
535,161,273
536,161,138
537,161,31
538,161,57
539,161,91
540,161,106
541,161,129
542,161,121
543,161,119
544,161,102
545,161,98
546,161,154
547,161,153
548,161,142
549,161,98
550,161,66
551,161,66
552,161,66
553,161,66
554,161,66
555,161,61
556,161,47
557,161,38
558,161,46
559,161,55
560,161,55
561,161,55
562,161,55
563,161,71
564,161,53
565,161,72
566,161,113
567,161,139
568,161,304
569,161,439
570,161,446
571,161,306
572,161,216
573,161,213
490,162,212
491,162,212
492,162,212
493,162,212
494,162,203
495,162,118
496,162,106
497,162,106
498,162,106
499,162,106
500,162,106
501,162,327
502,162,345
503,162,345
504,162,345
505,162,364
506,162,419
507,162,632
508,162,536
509,162,532
510,162,322
511,162,359
512,162,320
513,162,339
514,162,585
515,162,579
516,162,425
517,162,143
518,162,310
519,162,1038
520,162,989
521,162,517
522,162,383
523,162,208
524,162,998
525,162,2109
526,162,2006
527,162,1138
528,162,1909
529,162,795
530,162,806
531,162,2981
532,162,1522
533,162,276
534,162,275
535,162,228
536,162,72
537,162,43
538,162,43
539,162,98
540,162,139
541,162,186
542,162,159
543,162,119
544,162,115
545,162,103
546,162,146
547,162,151
548,162,144
549,162,81
550,162,66
551,162,66
552,162,66
553,162,72
554,162,124
555,162,88
556,162,38
557,162,38
558,162,45
559,162,54
560,162,55
561,162,52
562,162,51
563,162,78
564,162,69
565,162,56
566,162,184
567,162,331
568,162,527
569,162,527
570,162,517
571,162,252
572,162,214
573,162,219
490,163,212
491,163,212
492,163,212
493,163,212
494,163,212
495,163,125
496,163,106
497,163,106
498,163,106
499,163,142
500,163,208
501,163,345
502,163,345
503,163,345
504,163,345
505,163,345
506,163,922
507,163,1185
508,163,719
509,163,536
510,163,536
511,163,509
512,163,332
513,163,331
514,163,498
515,163,695
516,163,702
517,163,278
518,163,91
519,163,608
520,163,571
521,163,440
522,163,253
523,163,409
524,163,1071
525,163,2450
526,163,2133
527,163,1230
528,163,2108
529,163,1234
530,163,760
531,163,4152
532,163,4933
533,163,3263
534,163,110
535,163,43
536,163,43
537,163,43
538,163,67
539,163,118
540,163,122
541,163,185
542,163,289
543,163,416
544,163,397
545,163,365
546,163,156
547,163,156
548,163,156
549,163,89
550,163,65
551,163,59
552,163,62
553,163,164
554,163,180
555,163,83
556,163,63
557,163,39
558,163,41
559,163,59
560,163,53
561,163,36
562,163,37
563,163,77
564,163,78
565,163,65
566,163,231
567,163,423
568,163,465
569,163,394
570,163,293
571,163,138
572,163,149
573,163,166
490,164,165
491,164,209
492,164,212
493,164,212
494,164,199
495,164,106
496,164,106
497,164,106
498,164,153
499,164,269
500,164,345
501,164,345
502,164,345
503,164,345
504,164,345
505,164,345
506,164,685
507,164,1187
508,164,807
509,164,536
510,164,536
511,164,536
512,164,459
513,164,331
514,164,404
515,164,695
516,164,726
517,164,633
518,164,614
519,164,807
520,164,570
521,164,384
522,164,188
523,164,737
524,164,1205
525,164,2683
526,164,2199
527,164,1230
528,164,2053
529,164,1013
530,164,1458
531,164,5317
532,164,5334
533,164,5287
534,164,3612
535,164,753
536,164,43
537,164,50
538,164,117
539,164,119
540,164,135
541,164,187
542,164,296
543,164,597
544,164,575
545,164,498
546,164,251
547,164,156
548,164,156
549,164,185
550,164,20
551,164,15
552,164,19
553,164,167
554,164,180
555,164,140
556,164,126
557,164,62
558,164,39
559,164,50
560,164,50
561,164,27
562,164,27
563,164,77
564,164,78
565,164,78
566,164,62
567,164,232
568,164,293
569,164,293
570,164,285
571,164,151
572,164,153
573,164,640
490,165,107
491,165,118
492,165,182
493,165,214
494,165,188
495,165,106
496,165,106
497,165,176
498,165,371
499,165,345
500,165,345
501,165,345
502,165,345
503,165,345
504,165,345
505,165,345
506,165,418
507,165,1018
508,165,818
509,165,536
510,165,536
511,165,536
512,165,535
513,165,338
514,165,560
515,165,695
516,165,720
517,165,833
518,165,1833
519,165,1173
520,165,1141
521,165,325
522,165,392
523,165,1056
524,165,1840
525,165,2692
526,165,1975
527,165,1230
528,165,2058
529,165,773
530,165,2713
531,165,5334
532,165,5334
533,165,5334
534,165,5334
535,165,4037
536,165,43
537,165,67
538,165,119
539,165,130
540,165,178
541,165,1057
542,165,1571
543,165,557
544,165,491
545,165,536
546,165,426
547,165,323
548,165,457
549,165,482
550,165,38
551,165,41
552,165,68
553,165,175
554,165,180
555,165,138
556,165,127
557,165,129
558,165,64
559,165,50
560,165,65
561,165,46
562,165,48
563,165,78
564,165,78
565,165,77
566,165,39
567,165,62
568,165,225
569,165,240
570,165,234
571,165,420
572,165,1275
573,165,1577
490,166,107
491,166,111
492,166,328
493,166,371
494,166,321
495,166,155
496,166,193
497,166,382
498,166,432
499,166,414
500,166,364
501,166,345
502,166,345
503,166,345
504,166,345
505,166,318
506,166,379
507,166,614
508,166,632
509,166,532
510,166,536
511,166,536
512,166,539
513,166,729
514,166,863
515,166,695
516,166,725
517,166,1272
518,166,2361
519,166,1888
520,166,887
521,166,158
522,166,369
523,166,600
524,166,1708
525,166,1903
526,166,1421
527,166,1352
528,166,1708
529,166,760
530,166,3861
531,166,5334
532,166,5334
533,166,5334
534,166,5334
535,166,5314
536,166,1044
537,166,429
538,166,287
539,166,159
540,166,181
541,166,1581
542,166,1867
543,166,977
544,166,491
545,166,491
546,166,491
547,166,481
548,166,428
549,166,329
550,166,146
551,166,180
552,166,180
553,166,168
554,166,151
555,166,131
556,166,147
557,166,168
558,166,64
559,166,59
560,166,104
561,166,137
562,166,125
563,166,78
564,166,78
565,166,61
566,166,27
567,166,28
568,166,66
569,166,89
570,166,94
571,166,733
572,166,1521
573,166,1577
490,167,107
491,167,230
492,167,447
493,167,443
494,167,389
495,167,381
496,167,430
497,167,434
498,167,434
499,167,434
500,167,377
501,167,326
502,167,345
503,167,337
504,167,345
505,167,218
506,167,193
507,167,511
508,167,526
509,167,530
510,167,536
511,167,536
512,167,558
513,167,1271
514,167,1452
515,167,838
516,167,675
517,167,1796
518,167,2492
519,167,2392
520,167,2274
521,167,1205
522,167,1503
523,167,945
524,167,220
525,167,220
526,167,383
527,167,2209
528,167,2910
529,167,2437
530,167,4832
531,167,5334
532,167,5334
533,167,5334
534,167,5334
535,167,5098
536,167,2281
537,167,2069
538,167,1995
539,167,836
540,167,526
541,167,1865
542,167,1867
543,167,1609
544,167,670
545,167,475
546,167,434
547,167,301
548,167,277
549,167,276
550,167,248
551,167,193
552,167,149
553,167,127
554,167,129
555,167,141
556,167,167
557,167,171
558,167,94
559,167,68
560,167,118
561,167,144
562,167,194
563,167,77
564,167,69
565,167,61
566,167,68
567,167,74
568,167,67
569,167,88
570,167,89
571,167,91
572,167,381
573,167,1204
490,168,142
491,168,425
492,168,447
493,168,447
494,168,442
495,168,419
496,168,392
497,168,434
498,168,434
499,168,434
500,168,417
501,168,212
502,168,179
503,168,177
504,168,317
505,168,157
506,168,144
507,168,350
508,168,533
509,168,534
510,168,534
511,168,524
512,168,448
513,168,580
514,168,1626
515,168,1208
516,168,657
517,168,2455
518,168,7206
519,168,3962
520,168,2767
521,168,2767
522,168,2473
523,168,2409
524,168,1684
525,168,773
526,168,2142
527,168,2927
528,168,2927
529,168,2933
530,168,4628
531,168,5334
532,168,5334
533,168,5334
534,168,5504
535,168,2715
536,168,2155
537,168,2155
538,168,2155
539,168,2145
540,168,1813
541,168,1867
542,168,1867
543,168,1655
544,168,783
545,168,348
546,168,237
547,168,239
548,168,247
549,168,277
550,168,358
551,168,358
552,168,244
553,168,179
554,168,263
555,168,241
556,168,172
557,168,172
558,168,165
559,168,115
560,168,189
561,168,224
562,168,395
563,168,252
564,168,237
565,168,99
566,168,76
567,168,76
568,168,76
569,168,80
570,168,86
571,168,98
572,168,98
573,168,2742
490,169,120
491,169,407
492,169,447
493,169,447
494,169,293
495,169,189
496,169,144
497,169,408
498,169,434
499,169,434
500,169,434
501,169,301
502,169,132
503,169,200
504,169,526
505,169,147
506,169,144
507,169,193
508,169,457
509,169,575
510,169,534
511,169,533
512,169,759
513,169,1002
514,169,1199
515,169,1173
516,169,704
517,169,2652
518,169,8150
519,169,6833
520,169,901
521,169,1770
522,169,3505
523,169,3793
524,169,2993
525,169,2430
526,169,2825
527,169,2927
528,169,2962
529,169,4509
530,169,5630
531,169,5334
532,169,5334
533,169,5334
534,169,7348
535,169,5976
536,169,2158
537,169,2155
538,169,2155
539,169,1987
540,169,1867
541,169,1867
542,169,1844
543,169,956
544,169,782
545,169,292
546,169,344
547,169,224
548,169,199
549,169,257
550,169,416
551,169,391
552,169,391
553,169,391
554,169,391
555,169,391
556,169,244
557,169,336
558,169,360
559,169,260
560,169,192
561,169,133
562,169,554
563,169,913
564,169,913
565,169,447
566,169,76
567,169,76
568,169,76
569,169,80
570,169,129
571,169,176
572,169,1725
573,169,5806
490,170,107
491,170,188
492,170,428
493,170,206
494,170,108
495,170,120
496,170,121
497,170,382
498,170,434
499,170,434
500,170,434
501,170,358
502,170,335
503,170,548
504,170,881
505,170,638
506,170,600
507,170,877
508,170,1107
509,170,920
510,170,529
511,170,450
512,170,839
513,170,1176
514,170,1176
515,170,2168
516,170,3556
517,170,4259
518,170,6558
519,170,4323
520,170,269
521,170,1599
522,170,4575
523,170,4575
524,170,4575
525,170,4414
526,170,3564
527,170,4323
528,170,4844
529,170,8919
530,170,8092
531,170,5459
532,170,5672
533,170,9012
534,170,7431
535,170,4897
536,170,2155
537,170,2500
538,170,4906
539,170,3435
540,170,1867
541,170,1867
542,170,1590
543,170,798
544,170,798
545,170,765
546,170,661
547,170,478
548,170,129
549,170,578
550,170,647
551,170,380
552,170,385
553,170,390
554,170,391
555,170,405
556,170,507
557,170,515
558,170,484
559,170,202
560,170,132
561,170,132
562,170,676
563,170,913
564,170,888
565,170,165
566,170,76
567,170,76
568,170,76
569,170,76
570,170,101
571,170,195
572,170,678
573,170,1537
490,171,107
491,171,110
492,171,139
493,171,107
494,171,107
495,171,120
496,171,121
497,171,317
498,171,434
499,171,434
500,171,434
501,171,422
502,171,371
503,171,722
504,171,822
505,171,956
506,171,1227
507,171,1199
508,171,1068
509,171,898
510,171,535
511,171,392
512,171,794
513,171,1229
514,171,2322
515,171,4282
516,171,3251
517,171,854
518,171,195
519,171,210
520,171,234
521,171,2033
522,171,4581
523,171,4575
524,171,4575
525,171,4575
526,171,7119
527,171,9046
528,171,9046
529,171,9046
530,171,9046
531,171,15835
532,171,17298
533,171,15068
534,171,5213
535,171,5718
536,171,5008
537,171,5395
538,171,6099
539,171,5744
540,171,3212
541,171,3215
542,171,1043
543,171,1206
544,171,824
545,171,897
546,171,917
547,171,745
548,171,126
549,171,493
550,171,1006
551,171,374
552,171,367
553,171,371
554,171,387
555,171,456
556,171,516
557,171,486
558,171,456
559,171,288
560,171,132
561,171,132
562,171,800
563,171,1007
564,171,2498
565,171,1048
566,171,66
567,171,65
568,171,75
569,171,76
570,171,91
571,171,124
572,171,139
573,171,192
490,172,107
491,172,107
492,172,107
493,172,236
494,172,197
495,172,120
496,172,121
497,172,132
498,172,300
499,172,433
500,172,320
501,172,208
502,172,356
503,172,871
504,172,166
505,172,413
506,172,704
507,172,414
508,172,510
509,172,875
510,172,666
511,172,460
512,172,402
513,172,2594
514,172,4168
515,172,4057
516,172,493
517,172,190
518,172,189
519,172,192
520,172,197
521,172,4356
522,172,7549
523,172,5626
524,172,6009
525,172,5347
526,172,9006
527,172,9355
528,172,9046
529,172,9046
530,172,9298
531,172,16090
532,172,17099
533,172,14846
534,172,10765
535,172,6099
536,172,6099
537,172,6099
538,172,6099
539,172,6099
540,172,5959
541,172,2383
542,172,1355
543,172,1939
544,172,1352
545,172,1078
546,172,1078
547,172,918
548,172,509
549,172,384
550,172,1275
551,172,1280
552,172,971
553,172,824
554,172,546
555,172,672
556,172,523
557,172,516
558,172,474
559,172,542
560,172,365
561,172,406
562,172,888
563,172,1042
564,172,4688
565,172,2863
566,172,82
567,172,60
568,172,63
569,172,76
570,172,91
571,172,124
572,172,124
573,172,113
490,173,107
491,173,107
492,173,107
493,173,561
494,173,827
495,173,391
496,173,217
497,173,121
498,173,121
499,173,218
500,173,170
501,173,170
502,173,621
503,173,780
504,173,164
505,173,149
506,173,149
507,173,261
508,173,392
509,173,802
510,173,875
511,173,789
512,173,2377
513,173,3976
514,173,4074
515,173,4045
516,173,3559
517,173,1892
518,173,1445
519,173,1733
520,173,2712
521,173,5957
522,173,9046
523,173,9046
524,173,9046
525,173,9046
526,173,9046
527,173,13252
528,173,9093
529,173,9046
530,173,10872
531,173,17237
532,173,16107
533,173,14846
534,173,12348
535,173,6100
536,173,6099
537,173,6099
538,173,6099
539,173,6099
540,173,5310
541,173,1474
542,173,1933
543,173,1939
544,173,1815
545,173,1131
546,173,1078
547,173,1103
548,173,1111
549,173,1111
550,173,1146
551,173,1424
552,173,1453
553,173,1453
554,173,1437
555,173,1351
556,173,798
557,173,472
558,173,649
559,173,859
560,173,859
561,173,880
562,173,913
563,173,2305
564,173,4853
565,173,4305
566,173,435
567,173,60
568,173,61
569,173,75
570,173,104
571,173,124
572,173,124
573,173,86
490,174,107
491,174,110
492,174,118
493,174,553
494,174,892
495,174,829
496,174,723
497,174,153
498,174,121
499,174,137
500,174,170
501,174,177
502,174,339
503,174,194
504,174,149
505,174,149
506,174,149
507,174,189
508,174,278
509,174,435
510,174,629
511,174,1468
512,174,2512
513,174,3163
514,174,3175
515,174,2568
516,174,2954
517,174,4191
518,174,4989
519,174,3078
520,174,3029
521,174,8439
522,174,9046
523,174,9046
524,174,9046
525,174,9046
526,174,11048
527,174,17115
528,174,13792
529,174,9046
530,174,15795
531,174,17446
532,174,15315
533,174,14846
534,174,14809
535,174,13683
536,174,6554
537,174,6099
538,174,6099
539,174,6062
540,174,3647
541,174,1939
542,174,1939
543,174,1939
544,174,1939
545,174,1196
546,174,1093
547,174,1109
548,174,1111
549,174,1111
550,174,1111
551,174,1117
552,174,1317
553,174,1452
554,174,1453
555,174,888
556,174,456
557,174,456
558,174,648
559,174,859
560,174,859
561,174,898
562,174,878
563,174,1850
564,174,3922
565,174,3791
566,174,1482
567,174,59
568,174,64
569,174,77
570,174,117
571,174,124
572,174,112
573,174,84
490,175,121
491,175,123
492,175,123
493,175,521
494,175,949
495,175,1047
496,175,1658
497,175,814
498,175,442
499,175,239
500,175,268
501,175,200
502,175,178
503,175,149
504,175,151
505,175,166
506,175,183
507,175,185
508,175,186
509,175,344
510,175,482
511,175,1158
512,175,1483
513,175,1872
514,175,2008
515,175,2351
516,175,3087
517,175,5144
518,175,4923
519,175,3176
520,175,3029
521,175,7240
522,175,7604
523,175,9262
524,175,14348
525,175,15773
526,175,16555
527,175,17267
528,175,13296
529,175,9046
530,175,16839
531,175,17446
532,175,16611
533,175,14846
534,175,14846
535,175,15149
536,175,13467
537,175,7832
538,175,6099
539,175,5149
540,175,2501
541,175,2305
542,175,1979
543,175,1939
544,175,1818
545,175,1115
546,175,1111
547,175,1111
548,175,1111
549,175,1111
550,175,1113
551,175,1113
552,175,1113
553,175,1371
554,175,1453
555,175,747
556,175,456
557,175,447
558,175,597
559,175,847
560,175,877
561,175,882
562,175,481
563,175,910
564,175,1158
565,175,56
566,175,46
567,175,29
568,175,35
569,175,73
570,175,123
571,175,102
572,175,83
573,175,83
490,176,123
491,176,123
492,176,123
493,176,550
494,176,949
495,176,977
496,176,3676
497,176,829
498,176,698
499,176,360
500,176,271
501,176,189
502,176,183
503,176,158
504,176,172
505,176,185
506,176,185
507,176,185
508,176,277
509,176,377
510,176,850
511,176,1179
512,176,1179
513,176,1179
514,176,1179
515,176,2040
516,176,2396
517,176,4202
518,176,4505
519,176,3724
520,176,6555
521,176,3460
522,176,3605
523,176,12936
524,176,20603
525,176,20603
526,176,19056
527,176,17267
528,176,17097
529,176,13267
530,176,17027
531,176,17446
532,176,15565
533,176,14846
534,176,14846
535,176,16513
536,176,17578
537,176,13736
538,176,6943
539,176,6824
540,176,3230
541,176,2569
542,176,2968
543,176,3255
544,176,2999
545,176,1691
546,176,1112
547,176,1115
548,176,1235
549,176,1260
550,176,1176
551,176,1114
552,176,1113
553,176,1253
554,176,1453
555,176,964
556,176,397
557,176,334
558,176,325
559,176,512
560,176,864
561,176,1728
562,176,925
563,176,896
564,176,1133
565,176,81
566,176,45
567,176,28
568,176,28
569,176,29
570,176,96
571,176,83
572,176,83
573,176,83
490,177,123
491,177,123
492,177,95
493,177,226
494,177,614
495,177,590
496,177,1653
497,177,802
498,177,397
499,177,360
500,177,201
501,177,190
502,177,168
503,177,173
504,177,159
505,177,185
506,177,185
507,177,211
508,177,431
509,177,307
510,177,417
511,177,1178
512,177,1179
513,177,1179
514,177,1288
515,177,2125
516,177,2337
517,177,2718
518,177,2515
519,177,6764
520,177,9143
521,177,5049
522,177,3098
523,177,15942
524,177,20603
525,177,20334
526,177,21193
527,177,19443
528,177,17759
529,177,16779
530,177,17444
531,177,18012
532,177,16939
533,177,14912
534,177,14846
535,177,16699
536,177,17450
537,177,13597
538,177,8627
539,177,8627
540,177,7762
541,177,2569
542,177,4369
543,177,5858
544,177,3242
545,177,3179
546,177,2900
547,177,1810
548,177,1668
549,177,1668
550,177,1668
551,177,1592
552,177,1386
553,177,1175
554,177,1386
555,177,676
556,177,325
557,177,325
558,177,325
559,177,310
560,177,2408
561,177,2627
562,177,1353
563,177,780
564,177,1172
565,177,266
566,177,48
567,177,28
568,177,28
569,177,28
570,177,67
571,177,83
572,177,83
573,177,83
490,178,123
491,178,107
492,178,60
493,178,111
494,178,224
495,178,191
496,178,1324
497,178,2232
498,178,1000
499,178,759
500,178,168
501,178,218
502,178,164
503,178,137
504,178,167
505,178,527
506,178,493
507,178,437
508,178,450
509,178,378
510,178,248
511,178,1356
512,178,2048
513,178,2191
514,178,1378
515,178,2572
516,178,3136
517,178,5019
518,178,5061
519,178,6496
520,178,8123
521,178,8835
522,178,11779
523,178,14562
524,178,19505
525,178,19341
526,178,19535
527,178,21633
528,178,16182
529,178,13099
530,178,16256
531,178,22110
532,178,24737
533,178,28361
534,178,16255
535,178,16911
536,178,17011
537,178,14916
538,178,13785
539,178,8627
540,178,6657
541,178,2621
542,178,7399
543,178,7966
544,178,3242
545,178,3242
546,178,3242
547,178,2213
548,178,1668
549,178,1668
550,178,1668
551,178,1275
552,178,760
553,178,629
554,178,371
555,178,316
556,178,316
557,178,325
558,178,325
559,178,353
560,178,2569
561,178,2627
562,178,1149
563,178,686
564,178,1172
565,178,340
566,178,47
567,178,28
568,178,28
569,178,28
570,178,52
571,178,83
572,178,83
573,178,83
490,179,159
491,179,125
492,179,83
493,179,89
494,179,141
495,179,678
496,179,1840
497,179,2158
498,179,2156
499,179,2076
500,179,256
501,179,227
502,179,173
503,179,137
504,179,137
505,179,605
506,179,764
507,179,978
508,179,450
509,179,457
510,179,898
511,179,2525
512,179,2811
513,179,2811
514,179,2801
515,179,4169
516,179,5297
517,179,5450
518,179,5332
519,179,5772
520,179,6731
521,179,10194
522,179,13569
523,179,13642
524,179,18300
525,179,19231
526,179,15259
527,179,16402
528,179,14189
529,179,11618
530,179,15236
531,179,60835
532,179,47969
533,179,17877
534,179,16876
535,179,16724
536,179,16590
537,179,15502
538,179,13239
539,179,8797
540,179,10371
541,179,9073
542,179,10912
543,179,9967
544,179,3982
545,179,3242
546,179,3242
547,179,2127
548,179,1668
549,179,1668
550,179,1668
551,179,465
552,179,63
553,179,77
554,179,123
555,179,126
556,179,127
557,179,239
558,179,325
559,179,298
560,179,463
561,179,2154
562,179,691
563,179,274
564,179,759
565,179,565
566,179,54
567,179,49
568,179,47
569,179,41
570,179,74
571,179,107
572,179,83
573,179,83
490,180,373
491,180,151
492,180,130
493,180,150
494,180,150
495,180,257
496,180,915
497,180,2089
498,180,1477
499,180,831
500,180,238
501,180,206
502,180,148
503,180,137
504,180,142
505,180,1108
506,180,1151
507,180,508
508,180,435
509,180,462
510,180,462
511,180,1129
512,180,2778
513,180,2811
514,180,3222
515,180,4754
516,180,5429
517,180,5450
518,180,5450
519,180,6303
520,180,6739
521,180,8449
522,180,13595
523,180,14281
524,180,19230
525,180,21499
526,180,20114
527,180,15243
528,180,14133
529,180,16912
530,180,12004
531,180,13825
532,180,10686
533,180,17283
534,180,35255
535,180,21950
536,180,18976
537,180,15758
538,180,14396
539,180,13127
540,180,14607
541,180,14607
542,180,12663
543,180,10625
544,180,7935
545,180,3243
546,180,3242
547,180,2094
548,180,1668
549,180,1668
550,180,1434
551,180,209
552,180,145
553,180,63
554,180,73
555,180,116
556,180,126
557,180,126
558,180,164
559,180,267
560,180,271
561,180,664
562,180,352
563,180,89
564,180,89
565,180,107
566,180,59
567,180,59
568,180,62
569,180,138
570,180,228
571,180,230
572,180,169
573,180,97
490,181,388
491,181,170
492,181,137
493,181,150
494,181,150
495,181,237
496,181,403
497,181,443
498,181,112
499,181,100
500,181,223
501,181,199
502,181,137
503,181,137
504,181,260
505,181,578
506,181,852
507,181,286
508,181,426
509,181,462
510,181,462
511,181,462
512,181,1743
513,181,2056
514,181,2468
515,181,4941
516,181,5450
517,181,5450
518,181,5450
519,181,6502
520,181,6739
521,181,10124
522,181,13595
523,181,17684
524,181,20289
525,181,26823
526,181,26653
527,181,19832
528,181,17405
529,181,21817
530,181,21545
531,181,10812
532,181,8366
533,181,17993
534,181,37023
535,181,36138
536,181,27463
537,181,17749
538,181,15311
539,181,14692
540,181,14607
541,181,14460
542,181,11352
543,181,8955
544,181,6342
545,181,5602
546,181,2519
547,181,2005
548,181,1033
549,181,450
550,181,382
551,181,218
552,181,161
553,181,112
554,181,96
555,181,131
556,181,126
557,181,126
558,181,126
559,181,202
560,181,153
561,181,230
562,181,89
563,181,89
564,181,89
565,181,82
566,181,60
567,181,59
568,181,119
569,181,242
570,181,242
571,181,240
572,181,215
573,181,103
490,182,360
491,182,127
492,182,135
493,182,150
494,182,150
495,182,229
496,182,244
497,182,132
498,182,108
499,182,52
500,182,169
501,182,197
502,182,137
503,182,137
504,182,659
505,182,1045
506,182,364
507,182,286
508,182,438
509,182,462
510,182,427
511,182,366
512,182,525
513,182,512
514,182,672
515,182,2527
516,182,3445
517,182,4504
518,182,4764
519,182,6489
520,182,7105
521,182,8698
522,182,12972
523,182,15876
524,182,24890
525,182,24899
526,182,20783
527,182,17791
528,182,18458
529,182,19888
530,182,24020
531,182,32154
532,182,34137
533,182,37759
534,182,36877
535,182,37741
536,182,33450
537,182,15505
538,182,14805
539,182,14607
540,182,14607
541,182,13508
542,182,10996
543,182,8628
544,182,2113
545,182,2224
546,182,2113
547,182,2113
548,182,731
549,182,342
550,182,377
551,182,366
552,182,209
553,182,161
554,182,161
555,182,150
556,182,192
557,182,126
558,182,123
559,182,123
560,182,123
561,182,129
562,182,89
563,182,89
564,182,89
565,182,69
566,182,62
567,182,67
568,182,218
569,182,242
570,182,190
571,182,101
572,182,75
573,182,70
490,183,236
491,183,140
492,183,142
493,183,150
494,183,150
495,183,210
496,183,255
497,183,132
498,183,121
499,183,52
500,183,165
501,183,186
502,183,137
503,183,137
504,183,1348
505,183,3247
506,183,1330
507,183,286
508,183,324
509,183,313
510,183,126
511,183,109
512,183,102
513,183,114
514,183,142
515,183,142
516,183,54
517,183,453
518,183,1090
519,183,1197
520,183,8872
521,183,8915
522,183,9148
523,183,9148
524,183,10046
525,183,11929
526,183,16142
527,183,15838
528,183,19131
529,183,19408
530,183,25427
531,183,27169
532,183,32091
533,183,36602
534,183,32969
535,183,32672
536,183,20571
537,183,15192
538,183,14608
539,183,14607
540,183,14607
541,183,12576
542,183,10996
543,183,8685
544,183,2113
545,183,2113
546,183,2113
547,183,2113
548,183,798
549,183,342
550,183,361
551,183,382
552,183,376
553,183,225
554,183,161
555,183,161
556,183,245
557,183,99
558,183,99
559,183,123
560,183,123
561,183,122
562,183,89
563,183,89
564,183,88
565,183,63
566,183,62
567,183,72
568,183,239
569,183,197
570,183,73
571,183,70
572,183,70
573,183,70
490,184,244
491,184,169
492,184,146
493,184,150
494,184,150
495,184,188
496,184,288
497,184,132
498,184,132
499,184,77
500,184,140
501,184,178
502,184,137
503,184,131
504,184,489
505,184,4592
506,184,900
507,184,286
508,184,194
509,184,85
510,184,314
511,184,232
512,184,106
513,184,104
514,184,138
515,184,142
516,184,213
517,184,675
518,184,887
519,184,1652
520,184,9067
521,184,9148
522,184,9148
523,184,9148
524,184,9162
525,184,9199
526,184,9200
527,184,10372
528,184,19234
529,184,19671
530,184,25993
531,184,26138
532,184,25137
533,184,18261
534,184,17310
535,184,16701
536,184,16440
537,184,15421
538,184,14607
539,184,14607
540,184,14607
541,184,11342
542,184,10996
543,184,6709
544,184,2140
545,184,2116
546,184,2113
547,184,2009
548,184,470
549,184,342
550,184,346
551,184,377
552,184,382
553,184,322
554,184,161
555,184,187
556,184,251
557,184,59
558,184,49
559,184,82
560,184,109
561,184,109
562,184,67
563,184,81
564,184,88
565,184,75
566,184,62
567,184,62
568,184,165
569,184,158
570,184,70
571,184,70
572,184,70
573,184,70
490,185,196
491,185,142
492,185,138
493,185,150
494,185,150
495,185,169
496,185,271
497,185,132
498,185,122
499,185,79
500,185,84
501,185,188
502,185,113
503,185,98
504,185,97
505,185,558
506,185,270
507,185,165
508,185,100
509,185,198
510,185,347
511,185,347
512,185,1057
513,185,1433
514,185,179
515,185,843
516,185,809
517,185,887
518,185,887
519,185,887
520,185,7840
521,185,9148
522,185,9148
523,185,8105
524,185,6542
525,185,9200
526,185,9200
527,185,11519
528,185,19408
529,185,23510
530,185,26138
531,185,26138
532,185,23108
533,185,17394
534,185,16701
535,185,16701
536,185,16701
537,185,14793
538,185,14550
539,185,16479
540,185,14927
541,185,11618
542,185,10996
543,185,7022
544,185,2475
545,185,2413
546,185,2251
547,185,1672
548,185,342
549,185,342
550,185,342
551,185,354
552,185,382
553,185,380
554,185,305
555,185,267
556,185,219
557,185,63
558,185,64
559,185,98
560,185,97
561,185,57
562,185,56
563,185,65
564,185,70
565,185,74
566,185,64
567,185,98
568,185,197
569,185,84
570,185,70
571,185,78
572,185,98
573,185,148
490,186,136
491,186,87
492,186,112
493,186,148
494,186,150
495,186,150
496,186,148
497,186,67
498,186,44
499,186,52
500,186,87
501,186,196
502,186,97
503,186,97
504,186,97
505,186,208
506,186,163
507,186,94
508,186,153
509,186,310
510,186,347
511,186,347
512,186,1877
513,186,2340
514,186,1947
515,186,2191
516,186,887
517,186,887
518,186,887
519,186,626
520,186,3640
521,186,8979
522,186,8833
523,186,3114
524,186,1665
525,186,6309
526,186,9633
527,186,16799
528,186,19561
529,186,26109
530,186,26138
531,186,22779
532,186,16534
533,186,15519
534,186,16701
535,186,15683
536,186,13766
537,186,11082
538,186,10850
539,186,14047
540,186,4166
541,186,6437
542,186,7477
543,186,2651
544,186,2493
545,186,2493
546,186,2493
547,186,1361
548,186,342
549,186,353
550,186,342
551,186,356
552,186,382
553,186,382
554,186,382
555,186,300
556,186,203
557,186,66
558,186,91
559,186,184
560,186,154
561,186,51
562,186,36
563,186,55
564,186,65
565,186,50
566,186,86
567,186,113
568,186,113
569,186,91
570,186,92
571,186,181
572,186,175
573,186,155
490,187,365
491,187,310
492,187,159
493,187,147
494,187,152
495,187,164
496,187,106
497,187,34
498,187,71
499,187,193
500,187,255
501,187,195
502,187,97
503,187,97
504,187,109
505,187,155
506,187,155
507,187,195
508,187,345
509,187,347
510,187,347
511,187,398
512,187,606
513,187,1510
514,187,2438
515,187,2128
516,187,887
517,187,887
518,187,887
519,187,586
520,187,256
521,187,2901
522,187,3457
523,187,1660
524,187,1660
525,187,1925
526,187,7188
527,187,13776
528,187,12401
529,187,19253
530,187,20660
531,187,8579
532,187,14665
533,187,16298
534,187,15587
535,187,8495
536,187,9704
537,187,10846
538,187,10850
539,187,10850
540,187,3456
541,187,2332
542,187,2471
543,187,2493
544,187,2493
545,187,2493
546,187,2493
547,187,1544
548,187,389
549,187,752
550,187,721
551,187,499
552,187,382
553,187,382
554,187,382
555,187,362
556,187,237
557,187,67
558,187,131
559,187,184
560,187,114
561,187,51
562,187,26
563,187,47
564,187,40
565,187,36
566,187,93
567,187,113
568,187,99
569,187,71
570,187,105
571,187,174
572,187,180
573,187,160
490,188,365
491,188,365
492,188,332
493,188,227
494,188,200
495,188,200
496,188,142
497,188,49
498,188,135
499,188,257
500,188,257
501,188,253
502,188,102
503,188,97
504,188,125
505,188,155
506,188,155
507,188,266
508,188,347
509,188,347
510,188,347
511,188,472
512,188,606
513,188,702
514,188,1755
515,188,2651
516,188,2451
517,188,1241
518,188,1217
519,188,403
520,188,274
521,188,1428
522,188,1660
523,188,1660
524,188,1660
525,188,2318
526,188,3687
527,188,6527
528,188,7316
529,188,7316
530,188,7316
531,188,8636
532,188,12286
533,188,12538
534,188,10189
535,188,7287
536,188,7287
537,188,8172
538,188,10164
539,188,9710
540,188,2433
541,188,2416
542,188,2493
543,188,2493
544,188,2493
545,188,2493
546,188,2493
547,188,1969
548,188,522
549,188,854
550,188,854
551,188,793
552,188,660
553,188,399
554,188,382
555,188,376
556,188,269
557,188,84
558,188,150
559,188,184
560,188,87
561,188,42
562,188,25
563,188,56
564,188,43
565,188,34
566,188,55
567,188,113
568,188,101
569,188,77
570,188,94
571,188,97
572,188,157
573,188,160
490,189,362
491,189,365
492,189,314
493,189,201
494,189,200
495,189,200
496,189,197
497,189,170
498,189,209
499,189,240
500,189,245
501,189,256
502,189,123
503,189,97
504,189,141
505,189,155
506,189,159
507,189,315
508,189,347
509,189,347
510,189,348
511,189,557
512,189,606
513,189,606
514,189,973
515,189,2745
516,189,696
517,189,1928
518,189,2184
519,189,257
520,189,520
521,189,1593
522,189,1660
523,189,1729
524,189,2906
525,189,3420
526,189,3509
527,189,5351
528,189,7316
529,189,7439
530,189,7441
531,189,9304
532,189,12276
533,189,12276
534,189,11841
535,189,7394
536,189,7287
537,189,7287
538,189,7319
539,189,6044
540,189,2317
541,189,2425
542,189,2493
543,189,2493
544,189,2493
545,189,2493
546,189,2493
547,189,2222
548,189,567
549,189,854
550,189,854
551,189,854
552,189,854
553,189,576
554,189,382
555,189,340
556,189,267
557,189,106
558,189,157
559,189,143
560,189,67
561,189,35
562,189,23
563,189,63
564,189,44
565,189,33
566,189,51
567,189,129
568,189,136
569,189,140
570,189,123
571,189,96
572,189,108
573,189,152
490,190,208
491,190,348
492,190,297
493,190,200
494,190,200
495,190,200
496,190,205
497,190,208
498,190,218
499,190,236
500,190,236
501,190,239
502,190,167
503,190,83
504,190,154
505,190,155
506,190,155
507,190,307
508,190,347
509,190,347
510,190,429
511,190,606
512,190,606
513,190,577
514,190,729
515,190,1243
516,190,296
517,190,310
518,190,304
519,190,374
520,190,1455
521,190,1660
522,190,1660
523,190,1665
524,190,3401
525,190,3509
526,190,3509
527,190,5388
528,190,6041
529,190,7862
530,190,7865
531,190,7951
532,190,11826
533,190,12276
534,190,12276
535,190,9277
536,190,7287
537,190,7287
538,190,7287
539,190,4750
540,190,2330
541,190,2331
542,190,2455
543,190,2493
544,190,2493
545,190,2493
546,190,2493
547,190,1138
548,190,456
549,190,854
550,190,854
551,190,854
552,190,854
553,190,654
554,190,399
555,190,303
556,190,267
557,190,210
558,190,177
559,190,79
560,190,62
561,190,30
562,190,32
563,190,67
564,190,40
565,190,51
566,190,87
567,190,130
568,190,151
569,190,151
570,190,126
571,190,96
572,190,74
573,190,82
490,191,143
491,191,281
492,191,104
493,191,191
494,191,200
495,191,199
496,191,140
497,191,136
498,191,140
499,191,186
500,191,236
501,191,234
502,191,103
503,191,85
504,191,155
505,191,155
506,191,132
507,191,282
508,191,350
509,191,340
510,191,385
511,191,584
512,191,606
513,191,530
514,191,293
515,191,293
516,191,310
517,191,308
518,191,298
519,191,758
520,191,1660
521,191,1660
522,191,1660
523,191,1660
524,191,2216
525,191,3460
526,191,3506
527,191,3886
528,191,4259
529,191,6808
530,191,5985
531,191,6544
532,191,9431
533,191,9856
534,191,10501
535,191,8612
536,191,5151
537,191,6150
538,191,7268
539,191,6126
540,191,2334
541,191,2331
542,191,2264
543,191,1537
544,191,1593
545,191,2207
546,191,1685
547,191,345
548,191,329
549,191,406
550,191,744
551,191,732
552,191,854
553,191,854
554,191,662
555,191,342
556,191,304
557,191,295
558,191,263
559,191,105
560,191,63
561,191,37
562,191,60
563,191,67
564,191,67
565,191,88
566,191,91
567,191,141
568,191,146
569,191,145
570,191,108
571,191,80
572,191,65
573,191,71
490,192,134
491,192,111
492,192,98
493,192,102
494,192,192
495,192,200
496,192,139
497,192,129
498,192,138
499,192,161
500,192,236
501,192,205
502,192,78
503,192,89
504,192,152
505,192,111
506,192,148
507,192,342
508,192,370
509,192,333
510,192,199
511,192,218
512,192,362
513,192,397
514,192,293
515,192,296
516,192,312
517,192,303
518,192,246
519,192,274
520,192,1605
521,192,1660
522,192,1660
523,192,1660
524,192,1615
525,192,2598
526,192,3219
527,192,2918
528,192,2686
529,192,2681
530,192,2682
531,192,2957
532,192,4166
533,192,4166
534,192,4166
535,192,3771
536,192,1054
537,192,820
538,192,3239
539,192,6402
540,192,2437
541,192,2046
542,192,685
543,192,177
544,192,177
545,192,207
546,192,324
547,192,342
548,192,268
549,192,52
550,192,113
551,192,115
552,192,543
553,192,852
554,192,131
555,192,63
556,192,282
557,192,308
558,192,374
559,192,221
560,192,188
561,192,75
562,192,74
563,192,73
564,192,78
565,192,89
566,192,113
567,192,147
568,192,144
569,192,144
570,192,89
571,192,68
572,192,76
573,192,80
490,193,130
491,193,98
492,193,98
493,193,98
494,193,174
495,193,144
496,193,120
497,193,130
498,193,138
499,193,185
500,193,236
501,193,168
502,193,97
503,193,225
504,193,216
505,193,159
506,193,367
507,193,370
508,193,370
509,193,318
510,193,199
511,193,199
512,193,218
513,193,597
514,193,506
515,193,307
516,193,308
517,193,275
518,193,192
519,193,190
520,193,1197
521,193,1660
522,193,1065
523,193,283
524,193,404
525,193,605
526,193,3045
527,193,2571
528,193,1438
529,193,2223
530,193,2682
531,193,2700
532,193,3916
533,193,4166
534,193,4166
535,193,4166
536,193,2922
537,193,820
538,193,820
539,193,1457
540,193,2122
541,193,1491
542,193,630
543,193,177
544,193,177
545,193,177
546,193,177
547,193,206
548,193,125
549,193,49
550,193,50
551,193,52
552,193,101
553,193,439
554,193,38
555,193,142
556,193,297
557,193,308
558,193,2263
559,193,2297
560,193,241
561,193,107
562,193,119
563,193,162
564,193,170
565,193,119
566,193,141
567,193,145
568,193,144
569,193,133
570,193,57
571,193,76
572,193,74
573,193,59
490,194,115
491,194,98
492,194,98
493,194,93
494,194,77
495,194,77
496,194,82
497,194,161
498,194,142
499,194,138
500,194,209
501,194,201
502,194,296
503,194,367
504,194,366
505,194,325
506,194,370
507,194,370
508,194,351
509,194,453
510,194,513
511,194,1612
512,194,1365
513,194,665
514,194,665
515,194,493
516,194,280
517,194,245
518,194,190
519,194,190
520,194,940
521,194,1547
522,194,757
523,194,155
524,194,133
525,194,885
526,194,2748
527,194,1788
528,194,1480
529,194,2351
530,194,2682
531,194,2682
532,194,3861
533,194,4166
534,194,4166
535,194,4166
536,194,2677
537,194,820
538,194,820
539,194,823
540,194,1190
541,194,1024
542,194,604
543,194,194
544,194,177
545,194,177
546,194,156
547,194,78
548,194,71
549,194,41
550,194,41
551,194,41
552,194,41
553,194,39
554,194,39
555,194,274
556,194,308
557,194,308
558,194,1475
559,194,1326
560,194,259
561,194,250
562,194,249
563,194,249
564,194,240
565,194,115
566,194,98
567,194,135
568,194,144
569,194,101
570,194,62
571,194,76
572,194,69
573,194,57
490,195,99
491,195,98
492,195,105
493,195,127
494,195,79
495,195,84
496,195,134
497,195,171
498,195,160
499,195,138
500,195,148
501,195,249
502,195,324
503,195,318
504,195,318
505,195,353
506,195,370
507,195,370
508,195,707
509,195,3232
510,195,3358
511,195,3476
512,195,1688
513,195,665
514,195,657
515,195,243
516,195,178
517,195,209
518,195,341
519,195,318
520,195,355
521,195,222
522,195,246
523,195,876
524,195,1310
525,195,1053
526,195,1430
527,195,1406
528,195,1958
529,195,2637
530,195,2562
531,195,1888
532,195,3091
533,195,2902
534,195,2511
535,195,1995
536,195,1215
537,195,465
538,195,561
539,195,462
540,195,281
541,195,358
542,195,358
543,195,317
544,195,246
545,195,180
546,195,117
547,195,78
548,195,75
549,195,42
550,195,41
551,195,41
552,195,40
553,195,40
554,195,124
555,195,308
556,195,308
557,195,308
558,195,306
559,195,262
560,195,259
561,195,247
562,195,182
563,195,140
564,195,97
565,195,66
566,195,83
567,195,102
568,195,133
569,195,73
570,195,65
571,195,74
572,195,57
573,195,55
490,196,109
491,196,102
492,196,129
493,196,171
494,196,150
495,196,148
496,196,171
497,196,171
498,196,163
499,196,139
500,196,137
501,196,198
502,196,196
503,196,316
504,196,316
505,196,220
506,196,239
507,196,314
508,196,485
509,196,3424
510,196,3438
511,196,2802
512,196,665
513,196,665
514,196,478
515,196,175
516,196,175
517,196,194
518,196,270
519,196,346
520,196,361
521,196,104
522,196,58
523,196,2482
524,196,3062
525,196,1317
526,196,1073
527,196,1122
528,196,2257
529,196,2173
530,196,1465
531,196,1231
532,196,1231
533,196,1231
534,196,1231
535,196,1231
536,196,1231
537,196,535
538,196,154
539,196,154
540,196,163
541,196,357
542,196,358
543,196,358
544,196,358
545,196,238
546,196,86
547,196,78
548,196,78
549,196,51
550,196,41
551,196,40
552,196,40
553,196,40
554,196,40
555,196,125
556,196,245
557,196,308
558,196,195
559,196,218
560,196,253
561,196,206
562,196,66
563,196,66
564,196,66
565,196,66
566,196,89
567,196,100
568,196,100
569,196,64
570,196,73
571,196,66
572,196,57
573,196,50
490,197,119
491,197,119
492,197,139
493,197,170
494,197,171
495,197,171
496,197,171
497,197,171
498,197,171
499,197,120
500,197,64
501,197,48
502,197,80
503,197,272
504,197,168
505,197,80
506,197,180
507,197,199
508,197,685
509,197,3314
510,197,2553
511,197,843
512,197,665
513,197,439
514,197,175
515,197,175
516,197,175
517,197,175
518,197,175
519,197,148
520,197,266
521,197,83
522,197,80
523,197,684
524,197,2265
525,197,703
526,197,1065
527,197,1219
528,197,1336
529,197,1549
530,197,1231
531,197,1231
532,197,1231
533,197,1231
534,197,1231
535,197,1231
536,197,1231
537,197,540
538,197,154
539,197,154
540,197,154
541,197,321
542,197,358
543,197,358
544,197,358
545,197,202
546,197,131
547,197,75
548,197,55
549,197,53
550,197,34
551,197,34
552,197,40
553,197,40
554,197,40
555,197,40
556,197,68
557,197,140
558,197,50
559,197,50
560,197,150
561,197,237
562,197,69
563,197,66
564,197,66
565,197,66
566,197,86
567,197,74
568,197,73
569,197,64
570,197,75
571,197,56
572,197,51
573,197,45
490,198,119
491,198,119
492,198,122
493,198,161
494,198,171
495,198,171
496,198,171
497,198,171
498,198,171
499,198,84
500,198,49
501,198,48
502,198,48
503,198,86
504,198,83
505,198,139
506,198,199
507,198,199
508,198,225
509,198,1170
510,198,2785
511,198,1549
512,198,315
513,198,175
514,198,175
515,198,175
516,198,175
517,198,175
518,198,164
519,198,77
520,198,103
521,198,54
522,198,105
523,198,132
524,198,133
525,198,293
526,198,1052
527,198,1231
528,198,1231
529,198,1231
530,198,1231
531,198,1231
532,198,1231
533,198,1231
534,198,1231
535,198,1231
536,198,1231
537,198,353
538,198,154
539,198,154
540,198,154
541,198,206
542,198,339
543,198,344
544,198,213
545,198,139
546,198,111
547,198,33
548,198,21
549,198,22
550,198,30
551,198,36
552,198,38
553,198,40
554,198,40
555,198,40
556,198,58
557,198,55
558,198,50
559,198,51
560,198,53
561,198,107
562,198,66
563,198,87
564,198,100
565,198,97
566,198,91
567,198,75
568,198,64
569,198,66
570,198,49
571,198,38
572,198,39
573,198,38
490,199,119
491,199,120
492,199,119
493,199,157
494,199,167
495,199,322
496,199,445
497,199,414
498,199,164
499,199,58
500,199,54
501,199,53
502,199,99
503,199,103
504,199,126
505,199,199
506,199,198
507,199,198
508,199,198
509,199,1977
510,199,3065
511,199,2971
512,199,213
513,199,136
514,199,108
515,199,162
516,199,174
517,199,172
518,199,90
519,199,95
520,199,95
521,199,41
522,199,130
523,199,132
524,199,132
525,199,132
526,199,397
527,199,1231
528,199,1231
529,199,1231
530,199,1231
531,199,1231
532,199,1231
533,199,1231
534,199,1189
535,199,1220
536,199,1131
537,199,542
538,199,154
539,199,154
540,199,154
541,199,154
542,199,175
543,199,176
544,199,139
545,199,139
546,199,75
547,199,33
548,199,24
549,199,25
550,199,30
551,199,37
552,199,38
553,199,39
554,199,41
555,199,61
556,199,67
557,199,52
558,199,51
559,199,57
560,199,58
561,199,80
562,199,94
563,199,119
564,199,119
565,199,118
566,199,96
567,199,98
568,199,85
569,199,68
570,199,47
571,199,46
572,199,46
573,199,46
490,200,123
491,200,122
492,200,107
493,200,48
494,200,43
495,200,501
496,200,825
497,200,588
498,200,56
499,200,56
500,200,57
501,200,53
502,200,95
503,200,117
504,200,190
505,200,198
506,200,197
507,200,198
508,200,198
509,200,224
510,200,247
511,200,1437
512,200,131
513,200,97
514,200,68
515,200,68
516,200,154
517,200,148
518,200,86
519,200,103
520,200,77
521,200,58
522,200,132
523,200,132
524,200,132
525,200,132
526,200,176
527,200,1229
528,200,1019
529,200,1101
530,200,986
531,200,747
532,200,726
533,200,565
534,200,390
535,200,414
536,200,385
537,200,210
538,200,154
539,200,154
540,200,154
541,200,154
542,200,154
543,200,107
544,200,76
545,200,134
546,200,57
547,200,41
548,200,25
549,200,26
550,200,32
551,200,38
552,200,38
553,200,38
554,200,50
555,200,67
556,200,67
557,200,54
558,200,48
559,200,59
560,200,59
561,200,108
562,200,119
563,200,119
564,200,119
565,200,109
566,200,66
567,200,68
568,200,64
569,200,63
570,200,53
571,200,46
572,200,46
573,200,46
490,201,123
491,201,123
492,201,63
493,201,37
494,201,218
495,201,1427
496,201,1412
497,201,504
498,201,56
499,201,56
500,201,68
501,201,69
502,201,93
503,201,164
504,201,181
505,201,181
506,201,179
507,201,187
508,201,198
509,201,198
510,201,199
511,201,199
512,201,98
513,201,68
514,201,68
515,201,68
516,201,74
517,201,87
518,201,103
519,201,103
520,201,83
521,201,74
522,201,132
523,201,132
524,201,132
525,201,132
526,201,199
527,201,554
528,201,52
529,201,52
530,201,57
531,201,353
532,201,385
533,201,385
534,201,385
535,201,385
536,201,385
537,201,205
538,201,154
539,201,154
540,201,154
541,201,154
542,201,152
543,201,47
544,201,73
545,201,653
546,201,671
547,201,369
548,201,32
549,201,26
550,201,35
551,201,38
552,201,38
553,201,38
554,201,43
555,201,65
556,201,55
557,201,48
558,201,62
559,201,62
560,201,71
561,201,119
562,201,115
563,201,114
564,201,119
565,201,119
566,201,85
567,201,65
568,201,142
569,201,195
570,201,128
571,201,106
572,201,51
573,201,96
490,202,123
491,202,123
492,202,49
493,202,37
494,202,115
495,202,1357
496,202,1420
497,202,227
498,202,56
499,202,63
500,202,74
501,202,74
502,202,85
503,202,175
504,202,179
505,202,179
506,202,179
507,202,185
508,202,198
509,202,198
510,202,109
511,202,103
512,202,68
513,202,68
514,202,68
515,202,68
516,202,89
517,202,89
518,202,103
519,202,103
520,202,66
521,202,48
522,202,127
523,202,129
524,202,121
525,202,111
526,202,91
527,202,54
528,202,52
529,202,52
530,202,54
531,202,384
532,202,385
533,202,385
534,202,385
535,202,385
536,202,385
537,202,266
538,202,154
539,202,154
540,202,154
541,202,154
542,202,147
543,202,45
544,202,137
545,202,676
546,202,679
547,202,497
548,202,37
549,202,28
550,202,38
551,202,37
552,202,35
553,202,34
554,202,71
555,202,267
556,202,69
557,202,66
558,202,67
559,202,64
560,202,58
561,202,67
562,202,82
563,202,82
564,202,99
565,202,81
566,202,66
567,202,65
568,202,178
569,202,1187
570,202,195
571,202,186
572,202,179
573,202,186
490,203,123
491,203,117
492,203,38
493,203,37
494,203,37
495,203,493
496,203,413
497,203,50
498,203,50
499,203,54
500,203,72
501,203,74
502,203,74
503,203,102
504,203,240
505,203,179
506,203,179
507,203,192
508,203,198
509,203,193
510,203,69
511,203,68
512,203,68
513,203,68
514,203,68
515,203,68
516,203,207
517,203,226
518,203,122
519,203,80
520,203,39
521,203,70
522,203,98
523,203,99
524,203,98
525,203,98
526,203,98
527,203,65
528,203,52
529,203,52
530,203,136
531,203,385
532,203,385
533,203,385
534,203,385
535,203,385
536,203,385
537,203,239
538,203,154
539,203,154
540,203,154
541,203,154
542,203,75
543,203,45
544,203,146
545,203,327
546,203,127
547,203,93
548,203,55
549,203,55
550,203,40
551,203,39
552,203,40
553,203,43
554,203,225
555,203,512
556,203,76
557,203,67
558,203,67
559,203,67
560,203,61
561,203,69
562,203,81
563,203,81
564,203,81
565,203,79
566,203,73
567,203,80
568,203,109
569,203,1302
570,203,858
571,203,186
572,203,186
573,203,186
490,204,229
491,204,95
492,204,37
493,204,37
494,204,37
495,204,39
496,204,42
497,204,44
498,204,44
499,204,44
500,204,45
501,204,68
502,204,74
503,204,74
504,204,379
505,204,237
506,204,182
507,204,197
508,204,198
509,204,178
510,204,61
511,204,61
512,204,63
513,204,68
514,204,79
515,204,134
516,204,263
517,204,261
518,204,138
519,204,36
520,204,48
521,204,97
522,204,98
523,204,98
524,204,98
525,204,98
526,204,101
527,204,87
528,204,69
529,204,88
530,204,162
531,204,384
532,204,385
533,204,385
534,204,385
535,204,385
536,204,385
537,204,243
538,204,112
539,204,86
540,204,123
541,204,115
542,204,48
543,204,45
544,204,45
545,204,45
546,204,52
547,204,84
548,204,89
549,204,89
550,204,74
551,204,66
552,204,52
553,204,48
554,204,85
555,204,221
556,204,62
557,204,52
558,204,49
559,204,47
560,204,42
561,204,69
562,204,81
563,204,81
564,204,81
565,204,81
566,204,81
567,204,81
568,204,95
569,204,1210
570,204,1565
571,204,533
572,204,186
573,204,169
490,205,105
491,205,133
492,205,66
493,205,37
494,205,43
495,205,71
496,205,45
497,205,44
498,205,67
499,205,53
500,205,44
501,205,66
502,205,74
503,205,77
504,205,453
505,205,473
506,205,283
507,205,198
508,205,198
509,205,76
510,205,32
511,205,32
512,205,35
513,205,182
514,205,2000
515,205,1821
516,205,1398
517,205,329
518,205,234
519,205,124
520,205,86
521,205,98
522,205,98
523,205,98
524,205,101
525,205,104
526,205,108
527,205,106
528,205,99
529,205,108
530,205,108
531,205,283
532,205,375
533,205,374
534,205,374
535,205,362
536,205,313
537,205,139
538,205,66
539,205,66
540,205,66
541,205,66
542,205,64
543,205,54
544,205,45
545,205,45
546,205,59
547,205,89
548,205,89
549,205,89
550,205,89
551,205,68
552,205,50
553,205,48
554,205,78
555,205,84
556,205,57
557,205,55
558,205,54
559,205,40
560,205,36
561,205,35
562,205,66
563,205,76
564,205,81
565,205,81
566,205,81
567,205,81
568,205,91
569,205,627
570,205,1583
571,205,1173
572,205,186
573,205,180
490,206,133
491,206,179
492,206,105
493,206,56
494,206,75
495,206,81
496,206,58
497,206,47
498,206,317
499,206,781
500,206,86
501,206,108
502,206,310
503,206,365
504,206,479
505,206,479
506,206,474
507,206,354
508,206,138
509,206,32
510,206,32
511,206,32
512,206,32
513,206,643
514,206,2234
515,206,2234
516,206,2234
517,206,958
518,206,261
519,206,261
520,206,261
521,206,159
522,206,100
523,206,104
524,206,108
525,206,108
526,206,105
527,206,75
528,206,67
529,206,71
530,206,71
531,206,112
532,206,155
533,206,162
534,206,195
535,206,163
536,206,101
537,206,86
538,206,67
539,206,66
540,206,66
541,206,66
542,206,76
543,206,64
544,206,60
545,206,53
546,206,43
547,206,72
548,206,89
549,206,121
550,206,71
551,206,77
552,206,54
553,206,57
554,206,67
555,206,59
556,206,48
557,206,48
558,206,38
559,206,35
560,206,30
561,206,35
562,206,38
563,206,39
564,206,72
565,206,81
566,206,81
567,206,81
568,206,91
569,206,807
570,206,1583
571,206,1581
572,206,928
573,206,77
490,207,157
491,207,126
492,207,95
493,207,201
494,207,192
495,207,101
496,207,92
497,207,182
498,207,1633
499,207,1543
500,207,154
501,207,97
502,207,420
503,207,479
504,207,479
505,207,479
506,207,479
507,207,479
508,207,355
509,207,32
510,207,32
511,207,32
512,207,32
513,207,814
514,207,2234
515,207,2234
516,207,2224
517,207,1338
518,207,261
519,207,261
520,207,261
521,207,165
522,207,108
523,207,108
524,207,108
525,207,108
526,207,79
527,207,71
528,207,66
529,207,59
530,207,46
531,207,47
532,207,72
533,207,65
534,207,63
535,207,68
536,207,200
537,207,521
538,207,311
539,207,81
540,207,90
541,207,90
542,207,82
543,207,63
544,207,63
545,207,74
546,207,54
547,207,82
548,207,115
549,207,143
550,207,28
551,207,47
552,207,51
553,207,65
554,207,67
555,207,57
556,207,48
557,207,46
558,207,39
559,207,44
560,207,46
561,207,51
562,207,38
563,207,38
564,207,38
565,207,57
566,207,80
567,207,81
568,207,81
569,207,1085
570,207,1583
571,207,1583
572,207,854
573,207,47
490,208,150
491,208,100
492,208,211
493,208,247
494,208,156
495,208,100
496,208,92
497,208,406
498,208,1369
499,208,1045
500,208,136
501,208,88
502,208,303
503,208,479
504,208,479
505,208,479
506,208,479
507,208,479
508,208,377
509,208,64
510,208,73
511,208,50
512,208,32
513,208,36
514,208,1202
515,208,1813
516,208,489
517,208,162
518,208,254
519,208,261
520,208,261
521,208,244
522,208,118
523,208,108
524,208,108
525,208,93
526,208,71
527,208,71
528,208,63
529,208,59
530,208,49
531,208,47
532,208,48
533,208,15
534,208,14
535,208,49
536,208,779
537,208,864
538,208,772
539,208,117
540,208,96
541,208,98
542,208,85
543,208,63
544,208,66
545,208,95
546,208,55
547,208,148
548,208,186
549,208,87
550,208,37
551,208,41
552,208,50
553,208,46
554,208,42
555,208,48
556,208,48
557,208,39
558,208,37
559,208,34
560,208,33
561,208,45
562,208,38
563,208,38
564,208,38
565,208,38
566,208,65
567,208,79
568,208,77
569,208,446
570,208,435
571,208,180
572,208,229
573,208,47
490,209,97
491,209,154
492,209,247
493,209,224
494,209,105
495,209,99
496,209,88
497,209,119
498,209,120
499,209,37
500,209,37
501,209,42
502,209,66
503,209,139
504,209,326
505,209,479
506,209,479
507,209,479
508,209,276
509,209,106
510,209,106
511,209,106
512,209,60
513,209,32
514,209,32
515,209,39
516,209,40
517,209,40
518,209,93
519,209,173
520,209,171
521,209,164
522,209,109
523,209,108
524,209,108
525,209,89
526,209,73
527,209,78
528,209,63
529,209,63
530,209,51
531,209,45
532,209,55
533,209,28
534,209,26
535,209,90
536,209,677
537,209,772
538,209,691
539,209,108
540,209,98
541,209,98
542,209,87
543,209,62
544,209,79
545,209,99
546,209,58
547,209,184
548,209,186
549,209,167
550,209,77
551,209,54
552,209,54
553,209,39
554,209,24
555,209,37
556,209,38
557,209,33
558,209,31
559,209,20
560,209,20
561,209,24
562,209,38
563,209,38
564,209,38
565,209,38
566,209,41
567,209,45
568,209,58
569,209,144
570,209,149
571,209,95
572,209,47
573,209,54
490,210,71
491,210,206
492,210,247
493,210,170
494,210,104
495,210,99
496,210,91
497,210,41
498,210,37
499,210,37
500,210,44
501,210,47
502,210,46
503,210,46
504,210,224
505,210,373
506,210,445
507,210,422
508,210,146
509,210,106
510,210,106
511,210,106
512,210,79
513,210,32
514,210,32
515,210,39
516,210,40
517,210,40
518,210,41
519,210,104
520,210,108
521,210,108
522,210,108
523,210,108
524,210,108
525,210,108
526,210,108
527,210,98
528,210,71
529,210,70
530,210,64
531,210,45
532,210,52
533,210,33
534,210,45
535,210,230
536,210,232
537,210,232
538,210,169
539,210,124
540,210,112
541,210,93
542,210,87
543,210,52
544,210,71
545,210,89
546,210,45
547,210,186
548,210,186
549,210,186
550,210,111
551,210,50
552,210,52
553,210,46
554,210,26
555,210,27
556,210,29
557,210,31
558,210,34
559,210,35
560,210,33
561,210,38
562,210,39
563,210,38
564,210,39
565,210,39
566,210,44
567,210,45
568,210,74
569,210,146
570,210,149
571,210,128
572,210,89
573,210,63
490,211,50
491,211,242
492,211,247
493,211,234
494,211,149
495,211,87
496,211,85
497,211,62
498,211,37
499,211,41
500,211,51
501,211,48
502,211,47
503,211,46
504,211,46
505,211,46
506,211,68
507,211,149
508,211,75
509,211,80
510,211,106
511,211,97
512,211,92
513,211,75
514,211,90
515,211,71
516,211,40
517,211,40
518,211,40
519,211,93
520,211,108
521,211,108
522,211,108
523,211,108
524,211,108
525,211,108
526,211,100
527,211,72
528,211,70
529,211,70
530,211,70
531,211,67
532,211,661
533,211,89
534,211,42
535,211,312
536,211,172
537,211,174
538,211,139
539,211,130
540,211,129
541,211,80
542,211,48
543,211,39
544,211,60
545,211,65
546,211,51
547,211,185
548,211,186
549,211,185
550,211,58
551,211,48
552,211,48
553,211,48
554,211,38
555,211,29
556,211,27
557,211,27
558,211,36
559,211,43
560,211,40
561,211,51
562,211,51
563,211,50
564,211,51
565,211,38
566,211,45
567,211,52
568,211,114
569,211,149
570,211,120
571,211,83
572,211,70
573,211,67
490,212,51
491,212,179
492,212,245
493,212,247
494,212,207
495,212,85
496,212,85
497,212,84
498,212,44
499,212,49
500,212,51
501,212,50
502,212,45
503,212,46
504,212,46
505,212,46
506,212,45
507,212,43
508,212,47
509,212,81
510,212,93
511,212,64
512,212,48
513,212,422
514,212,267
515,212,136
516,212,93
517,212,76
518,212,47
519,212,95
520,212,108
521,212,108
522,212,108
523,212,108
524,212,108
525,212,82
526,212,59
527,212,59
528,212,60
529,212,35
530,212,26
531,212,1055
532,212,1778
533,212,1335
534,212,424
535,212,332
536,212,233
537,212,230
538,212,145
539,212,130
540,212,101
541,212,67
542,212,47
543,212,43
544,212,56
545,212,99
546,212,150
547,212,184
548,212,171
549,212,169
550,212,84
551,212,65
552,212,48
553,212,48
554,212,41
555,212,33
556,212,32
557,212,37
558,212,46
559,212,49
560,212,37
561,212,45
562,212,52
563,212,52
564,212,43
565,212,38
566,212,51
567,212,65
568,212,67
569,212,75
570,212,70
571,212,72
572,212,72
573,212,71
490,213,50
491,213,84
492,213,209
493,213,221
494,213,174
495,213,78
496,213,77
497,213,57
498,213,50
499,213,51
500,213,50
501,213,31
502,213,33
503,213,45
504,213,45
505,213,43
506,213,43
507,213,43
508,213,76
509,213,104
510,213,49
511,213,38
512,213,43
513,213,909
514,213,828
515,213,137
516,213,137
517,213,137
518,213,78
519,213,40
520,213,58
521,213,92
522,213,104
523,213,92
524,213,83
525,213,51
526,213,44
527,213,44
528,213,29
529,213,22
530,213,27
531,213,756
532,213,1784
533,213,1386
534,213,1356
535,213,798
536,213,714
537,213,97
538,213,118
539,213,111
540,213,117
541,213,68
542,213,61
543,213,43
544,213,61
545,213,46
546,213,151
547,213,215
548,213,162
549,213,124
550,213,124
551,213,75
552,213,44
553,213,44
554,213,42
555,213,33
556,213,33
557,213,35
558,213,52
559,213,50
560,213,36
561,213,32
562,213,35
563,213,49
564,213,40
565,213,66
566,213,80
567,213,67
568,213,67
569,213,67
570,213,67
571,213,71
572,213,67
573,213,59
