xv,yv,rho
490,148,74
491,148,45
492,148,41
493,148,38
494,148,41
495,148,70
496,148,123
497,148,250
498,148,269
499,148,227
500,148,192
501,148,137
502,148,57
503,148,59
504,148,70
505,148,70
506,148,77
507,148,85
508,148,85
509,148,73
510,148,49
511,148,43
512,148,71
513,148,188
514,148,188
515,148,188
516,148,188
517,148,188
518,148,188
519,148,138
520,148,118
521,148,118
522,148,335
523,148,926
524,148,1131
525,148,1033
526,148,1138
527,148,1138
528,148,1053
529,148,252
530,148,135
531,148,119
532,148,80
533,148,92
534,148,95
535,148,102
536,148,100
537,148,47
538,148,49
539,148,86
540,148,119
541,148,99
542,148,109
543,148,117
544,148,118
545,148,118
546,148,96
547,148,73
548,148,58
549,148,47
550,148,47
551,148,48
552,148,99
553,148,59
554,148,7
555,148,404
556,148,404
557,148,404
558,148,504
559,148,7
560,148,107
561,148,109
562,148,109
563,148,109
564,148,111
565,148,157
566,148,158
567,148,157
568,148,100
569,148,97
570,148,97
571,148,92
572,148,83
573,148,81
490,149,103
491,149,77
492,149,50
493,149,35
494,149,43
495,149,90
496,149,267
497,149,269
498,149,269
499,149,2948
500,149,2384
501,149,141
502,149,162
503,149,136
504,149,76
505,149,70
506,149,81
507,149,85
508,149,81
509,149,77
510,149,48
511,149,43
512,149,100
513,149,187
514,149,188
515,149,188
516,149,188
517,149,188
518,149,188
519,149,136
520,149,118
521,149,118
522,149,680
523,149,1119
524,149,776
525,149,944
526,149,1023
527,149,1139
528,149,1120
529,149,143
530,149,137
531,149,125
532,149,92
533,149,92
534,149,95
535,149,102
536,149,84
537,149,41
538,149,101
539,149,138
540,149,128
541,149,102
542,149,105
543,149,123
544,149,123
545,149,123
546,149,101
547,149,74
548,149,68
549,149,93
550,149,71
551,149,95
552,149,297
553,149,149
554,149,18
555,149,5
556,149,47
557,149,19
558,149,404
559,149,73
560,149,109
561,149,109
562,149,109
563,149,109
564,149,117
565,149,150
566,149,158
567,149,153
568,149,114
569,149,97
570,149,97
571,149,96
572,149,96
573,149,101
490,150,136
491,150,136
492,150,135
493,150,116
494,150,82
495,150,83
496,150,111
497,150,195
498,150,170
499,150,1
500,150,1684
501,150,125
502,150,198
503,150,197
504,150,99
505,150,75
506,150,53
507,150,69
508,150,63
509,150,46
510,150,42
511,150,42
512,150,73
513,150,111
514,150,149
515,150,188
516,150,188
517,150,188
518,150,188
519,150,133
520,150,118
521,150,94
522,150,65
523,150,462
524,150,611
525,150,651
526,150,1139
527,150,1139
528,150,1118
529,150,171
530,150,137
531,150,126
532,150,92
533,150,92
534,150,93
535,150,102
536,150,73
537,150,41
538,150,116
539,150,138
540,150,122
541,150,102
542,150,103
543,150,120
544,150,123
545,150,123
546,150,94
547,150,74
548,150,98
549,150,101
550,150,78
551,150,166
552,150,297
553,150,244
554,150,29
555,150,18
556,150,64
557,150,13
558,150,404
559,150,73
560,150,109
561,150,108
562,150,109
563,150,110
564,150,145
565,150,158
566,150,141
567,150,127
568,150,111
569,150,97
570,150,97
571,150,96
572,150,96
573,150,103
490,151,136
491,151,136
492,151,136
493,151,119
494,151,83
495,151,83
496,151,83
497,151,56
498,151,1672
499,151,1606
500,151,8
501,151,69
502,151,196
503,151,183
504,151,88
505,151,50
506,151,50
507,151,63
508,151,62
509,151,41
510,151,41
511,151,42
512,151,57
513,151,100
514,151,116
515,151,142
516,151,115
517,151,98
518,151,104
519,151,104
520,151,118
521,151,92
522,151,63
523,151,354
524,151,1039
525,151,949
526,151,987
527,151,1001
528,151,1089
529,151,196
530,151,136
531,151,103
532,151,92
533,151,92
534,151,94
535,151,102
536,151,57
537,151,41
538,151,134
539,151,138
540,151,117
541,151,102
542,151,102
543,151,112
544,151,123
545,151,123
546,151,97
547,151,75
548,151,101
549,151,101
550,151,77
551,151,257
552,151,297
553,151,297
554,151,254
555,151,79
556,151,92
557,151,64
558,151,57
559,151,68
560,151,73
561,151,68
562,151,79
563,151,83
564,151,102
565,151,158
566,151,171
567,151,133
568,151,111
569,151,96
570,151,97
571,151,95
572,151,128
573,151,154
490,152,136
491,152,136
492,152,136
493,152,133
494,152,94
495,152,83
496,152,83
497,152,75
498,152,9
499,152,43
500,152,56
501,152,99
502,152,140
503,152,113
504,152,88
505,152,56
506,152,46
507,152,61
508,152,63
509,152,46
510,152,41
511,152,42
512,152,53
513,152,99
514,152,93
515,152,67
516,152,62
517,152,62
518,152,62
519,152,71
520,152,110
521,152,90
522,152,68
523,152,145
524,152,445
525,152,307
526,152,248
527,152,42
528,152,177
529,152,175
530,152,136
531,152,92
532,152,92
533,152,92
534,152,96
535,152,102
536,152,55
537,152,68
538,152,138
539,152,129
540,152,102
541,152,102
542,152,102
543,152,113
544,152,123
545,152,123
546,152,84
547,152,75
548,152,100
549,152,97
550,152,70
551,152,272
552,152,297
553,152,297
554,152,297
555,152,147
556,152,93
557,152,77
558,152,68
559,152,66
560,152,76
561,152,95
562,152,83
563,152,68
564,152,68
565,152,97
566,152,98
567,152,178
568,152,134
569,152,118
570,152,98
571,152,91
572,152,162
573,152,192
490,153,136
491,153,130
492,153,107
493,153,111
494,153,129
495,153,100
496,153,83
497,153,83
498,153,83
499,153,127
500,153,276
501,153,440
502,153,146
503,153,112
504,153,106
505,153,69
506,153,72
507,153,64
508,153,63
509,153,43
510,153,41
511,153,42
512,153,61
513,153,100
514,153,86
515,153,64
516,153,62
517,153,62
518,153,62
519,153,58
520,153,59
521,153,81
522,153,82
523,153,166
524,153,107
525,153,89
526,153,43
527,153,66
528,153,182
529,153,191
530,153,137
531,153,61
532,153,225
533,153,691
534,153,525
535,153,91
536,153,89
537,153,110
538,153,138
539,153,122
540,153,96
541,153,53
542,153,84
543,153,118
544,153,123
545,153,121
546,153,76
547,153,74
548,153,98
549,153,96
550,153,74
551,153,281
552,153,297
553,153,297
554,153,297
555,153,139
556,153,93
557,153,93
558,153,120
559,153,98
560,153,98
561,153,98
562,153,96
563,153,68
564,153,68
565,153,68
566,153,68
567,153,192
568,153,214
569,153,188
570,153,125
571,153,84
572,153,157
573,153,438
490,154,139
491,154,93
492,154,84
493,154,84
494,154,87
495,154,85
496,154,116
497,154,101
498,154,255
499,154,450
500,154,458
501,154,351
502,154,116
503,154,112
504,154,112
505,154,112
506,154,112
507,154,77
508,154,61
509,154,41
510,154,42
511,154,44
512,154,79
513,154,100
514,154,86
515,154,109
516,154,158
517,154,257
518,154,163
519,154,58
520,154,58
521,154,81
522,154,83
523,154,228
524,154,122
525,154,94
526,154,65
527,154,103
528,154,191
529,154,191
530,154,100
531,154,39
532,154,507
533,154,982
534,154,803
535,154,71
536,154,102
537,154,103
538,154,136
539,154,105
540,154,43
541,154,19
542,154,80
543,154,120
544,154,123
545,154,123
546,154,80
547,154,76
548,154,100
549,154,95
550,154,69
551,154,275
552,154,297
553,154,297
554,154,275
555,154,113
556,154,93
557,154,95
558,154,122
559,154,105
560,154,98
561,154,98
562,154,98
563,154,76
564,154,68
565,154,68
566,154,68
567,154,237
568,154,249
569,154,191
570,154,62
571,154,155
572,154,234
573,154,1369
490,155,194
491,155,84
492,155,84
493,155,84
494,155,84
495,155,202
496,155,452
497,155,446
498,155,458
499,155,458
500,155,458
501,155,247
502,155,112
503,155,112
504,155,112
505,155,112
506,155,97
507,155,50
508,155,52
509,155,44
510,155,42
511,155,43
512,155,79
513,155,93
514,155,72
515,155,144
516,155,337
517,155,337
518,155,318
519,155,144
520,155,63
521,155,82
522,155,137
523,155,259
524,155,133
525,155,95
526,155,67
527,155,71
528,155,182
529,155,191
530,155,96
531,155,39
532,155,492
533,155,980
534,155,393
535,155,86
536,155,95
537,155,93
538,155,121
539,155,66
540,155,19
541,155,20
542,155,86
543,155,122
544,155,123
545,155,114
546,155,74
547,155,86
548,155,101
549,155,88
550,155,69
551,155,287
552,155,297
553,155,297
554,155,222
555,155,93
556,155,93
557,155,103
558,155,125
559,155,122
560,155,99
561,155,98
562,155,98
563,155,80
564,155,54
565,155,70
566,155,191
567,155,368
568,155,310
569,155,209
570,155,183
571,155,200
572,155,201
573,155,1261
490,156,205
491,156,84
492,156,84
493,156,84
494,156,169
495,156,445
496,156,458
497,156,458
498,156,458
499,156,458
500,156,458
501,156,335
502,156,237
503,156,113
504,156,112
505,156,86
506,156,47
507,156,47
508,156,47
509,156,46
510,156,42
511,156,96
512,156,86
513,156,82
514,156,66
515,156,129
516,156,318
517,156,318
518,156,268
519,156,199
520,156,113
521,156,82
522,156,172
523,156,259
524,156,168
525,156,96
526,156,67
527,156,67
528,156,123
529,156,236
530,156,133
531,156,277
532,156,966
533,156,982
534,156,378
535,156,93
536,156,75
537,156,54
538,156,40
539,156,20
540,156,31
541,156,88
542,156,104
543,156,97
544,156,95
545,156,87
546,156,74
547,156,94
548,156,97
549,156,70
550,156,70
551,156,216
552,156,274
553,156,297
554,156,177
555,156,93
556,156,93
557,156,101
558,156,123
559,156,125
560,156,108
561,156,98
562,156,98
563,156,60
564,156,80
565,156,112
566,156,214
567,156,394
568,156,303
569,156,209
570,156,209
571,156,196
572,156,164
573,156,206
490,157,267
491,157,115
492,157,84
493,157,84
494,157,336
495,157,458
496,157,458
497,157,458
498,157,458
499,157,458
500,157,458
501,157,458
502,157,457
503,157,302
504,157,89
505,157,66
506,157,42
507,157,43
508,157,69
509,157,136
510,157,136
511,157,171
512,157,99
513,157,90
514,157,146
515,157,335
516,157,337
517,157,246
518,157,185
519,157,185
520,157,533
521,157,421
522,157,227
523,157,259
524,157,259
525,157,247
526,157,154
527,157,74
528,157,115
529,157,383
530,157,383
531,157,383
532,157,520
533,157,963
534,157,525
535,157,253
536,157,48
537,157,32
538,157,32
539,157,31
540,157,41
541,157,98
542,157,91
543,157,51
544,157,48
545,157,84
546,157,100
547,157,100
548,157,77
549,157,69
550,157,95
551,157,153
552,157,168
553,157,238
554,157,145
555,157,91
556,157,90
557,157,102
558,157,102
559,157,117
560,157,108
561,157,98
562,157,98
563,157,69
564,157,51
565,157,128
566,157,100
567,157,325
568,157,324
569,157,209
570,157,206
571,157,188
572,157,158
573,157,147
490,158,269
491,158,131
492,158,83
493,158,88
494,158,195
495,158,297
496,158,421
497,158,458
498,158,447
499,158,417
500,158,456
501,158,458
502,158,372
503,158,115
504,158,65
505,158,58
506,158,41
507,158,40
508,158,108
509,158,174
510,158,174
511,158,160
512,158,71
513,158,72
514,158,152
515,158,337
516,158,336
517,158,198
518,158,185
519,158,285
520,158,608
521,158,608
522,158,450
523,158,259
524,158,259
525,158,259
526,158,259
527,158,145
528,158,197
529,158,383
530,158,383
531,158,383
532,158,383
533,158,522
534,158,366
535,158,366
536,158,221
537,158,32
538,158,32
539,158,32
540,158,47
541,158,59
542,158,50
543,158,48
544,158,48
545,158,117
546,158,134
547,158,104
548,158,70
549,158,73
550,158,144
551,158,153
552,158,153
553,158,137
554,158,86
555,158,86
556,158,86
557,158,109
558,158,99
559,158,98
560,158,98
561,158,98
562,158,98
563,158,80
564,158,48
565,158,67
566,158,102
567,158,122
568,158,62
569,158,141
570,158,203
571,158,182
572,158,158
573,158,158
490,159,261
491,159,83
492,159,83
493,159,83
494,159,168
495,159,209
496,159,191
497,159,312
498,159,262
499,159,179
500,159,232
501,159,315
502,159,71
503,159,65
504,159,65
505,159,53
506,159,46
507,159,34
508,159,140
509,159,196
510,159,174
511,159,174
512,159,126
513,159,71
514,159,68
515,159,156
516,159,281
517,159,182
518,159,209
519,159,458
520,159,608
521,159,608
522,159,489
523,159,267
524,159,259
525,159,259
526,159,249
527,159,93
528,159,121
529,159,311
530,159,383
531,159,383
532,159,383
533,159,367
534,159,314
535,159,298
536,159,211
537,159,31
538,159,32
539,159,32
540,159,48
541,159,48
542,159,54
543,159,56
544,159,49
545,159,121
546,159,135
547,159,135
548,159,129
549,159,79
550,159,125
551,159,113
552,159,153
553,159,153
554,159,92
555,159,83
556,159,86
557,159,113
558,159,100
559,159,98
560,159,98
561,159,98
562,159,98
563,159,67
564,159,56
565,159,53
566,159,90
567,159,78
568,159,53
569,159,140
570,159,206
571,159,184
572,159,158
573,159,158
490,160,207
491,160,84
492,160,83
493,160,83
494,160,96
495,160,119
496,160,139
497,160,179
498,160,172
499,160,172
500,160,179
501,160,219
502,160,223
503,160,172
504,160,163
505,160,173
506,160,198
507,160,171
508,160,377
509,160,345
510,160,174
511,160,174
512,160,174
513,160,154
514,160,93
515,160,68
516,160,75
517,160,101
518,160,452
519,160,608
520,160,608
521,160,608
522,160,426
523,160,316
524,160,221
525,160,259
526,160,213
527,160,83
528,160,382
529,160,439
530,160,347
531,160,383
532,160,285
533,160,111
534,160,83
535,160,75
536,160,27
537,160,27
538,160,31
539,160,35
540,160,48
541,160,48
542,160,75
543,160,84
544,160,48
545,160,71
546,160,116
547,160,129
548,160,145
549,160,80
550,160,66
551,160,77
552,160,110
553,160,89
554,160,67
555,160,72
556,160,97
557,160,93
558,160,76
559,160,83
560,160,76
561,160,79
562,160,76
563,160,60
564,160,59
565,160,67
566,160,95
567,160,104
568,160,106
569,160,121
570,160,174
571,160,197
572,160,159
573,160,159
490,161,168
491,161,145
492,161,126
493,161,102
494,161,84
495,161,83
496,161,83
497,161,97
498,161,88
499,161,105
500,161,148
501,161,212
502,161,291
503,161,281
504,161,235
505,161,208
506,161,201
507,161,224
508,161,378
509,161,336
510,161,174
511,161,174
512,161,174
513,161,179
514,161,230
515,161,169
516,161,105
517,161,75
518,161,471
519,161,608
520,161,608
521,161,537
522,161,351
523,161,179
524,161,292
525,161,376
526,161,380
527,161,136
528,161,643
529,161,326
530,161,306
531,161,820
532,161,156
533,161,83
534,161,83
535,161,82
536,161,53
537,161,31
538,161,38
539,161,77
540,161,68
541,161,85
542,161,86
543,161,91
544,161,58
545,161,49
546,161,110
547,161,119
548,161,149
549,161,101
550,161,66
551,161,66
552,161,66
553,161,66
554,161,66
555,161,63
556,161,51
557,161,45
558,161,49
559,161,45
560,161,44
561,161,44
562,161,48
563,161,64
564,161,56
565,161,72
566,161,105
567,161,129
568,161,292
569,161,267
570,161,398
571,161,316
572,161,234
573,161,227
490,162,149
491,162,149
492,162,149
493,162,149
494,162,143
495,162,90
496,162,83
497,162,83
498,162,83
499,162,83
500,162,83
501,162,275
502,162,291
503,162,291
504,162,291
505,162,280
506,162,321
507,162,405
508,162,378
509,162,375
510,162,236
511,162,262
512,162,262
513,162,281
514,162,370
515,162,352
516,162,302
517,162,124
518,162,197
519,162,603
520,162,583
521,162,384
522,162,295
523,162,117
524,162,435
525,162,1576
526,162,1437
527,162,533
528,162,1010
529,162,318
530,162,304
531,162,2981
532,162,968
533,162,83
534,162,83
535,162,75
536,162,47
537,162,42
538,162,43
539,162,109
540,162,126
541,162,150
542,162,127
543,162,92
544,162,84
545,162,53
546,162,102
547,162,125
548,162,143
549,162,82
550,162,66
551,162,66
552,162,66
553,162,70
554,162,104
555,162,79
556,162,45
557,162,45
558,162,49
559,162,46
560,162,45
561,162,49
562,162,51
563,162,66
564,162,60
565,162,54
566,162,200
567,162,319
568,162,510
569,162,511
570,162,503
571,162,275
572,162,238
573,162,242
490,163,149
491,163,149
492,163,149
493,163,149
494,163,149
495,163,95
496,163,83
497,163,83
498,163,83
499,163,114
500,163,171
501,163,291
502,163,291
503,163,291
504,163,291
505,163,291
506,163,740
507,163,945
508,163,538
509,163,378
510,163,378
511,163,365
512,163,279
513,163,278
514,163,339
515,163,410
516,163,357
517,163,219
518,163,75
519,163,379
520,163,406
521,163,351
522,163,171
523,163,198
524,163,465
525,163,1941
526,163,1578
527,163,573
528,163,1136
529,163,600
530,163,380
531,163,3547
532,163,3394
533,163,2209
534,163,54
535,163,42
536,163,42
537,163,42
538,163,68
539,163,115
540,163,117
541,163,150
542,163,213
543,163,287
544,163,275
545,163,250
546,163,112
547,163,112
548,163,112
549,163,78
550,163,66
551,163,59
552,163,60
553,163,130
554,163,141
555,163,75
556,163,66
557,163,46
558,163,46
559,163,55
560,163,47
561,163,35
562,163,36
563,163,65
564,163,66
565,163,57
566,163,229
567,163,419
568,163,456
569,163,393
570,163,306
571,163,188
572,163,195
573,163,200
490,164,127
491,164,147
492,164,149
493,164,149
494,164,140
495,164,83
496,164,83
497,164,83
498,164,123
499,164,225
500,164,291
501,164,291
502,164,291
503,164,291
504,164,291
505,164,291
506,164,556
507,164,947
508,164,615
509,164,378
510,164,378
511,164,378
512,164,340
513,164,278
514,164,305
515,164,410
516,164,357
517,164,281
518,164,292
519,164,227
520,164,333
521,164,296
522,164,108
523,164,330
524,164,607
525,164,2192
526,164,1652
527,164,573
528,164,1101
529,164,462
530,164,926
531,164,3680
532,164,3680
533,164,3647
534,164,2496
535,164,537
536,164,42
537,164,55
538,164,113
539,164,115
540,164,124
541,164,153
542,164,219
543,164,406
544,164,384
545,164,331
546,164,165
547,164,112
548,164,112
549,164,126
550,164,20
551,164,15
552,164,19
553,164,131
554,164,141
555,164,119
556,164,120
557,164,66
558,164,46
559,164,51
560,164,51
561,164,25
562,164,23
563,164,66
564,164,66
565,164,66
566,164,60
567,164,240
568,164,304
569,164,304
570,164,298
571,164,198
572,164,184
573,164,116
490,165,100
491,165,105
492,165,136
493,165,150
494,165,133
495,165,83
496,165,83
497,165,140
498,165,319
499,165,291
500,165,291
501,165,291
502,165,291
503,165,291
504,165,291
505,165,291
506,165,348
507,165,808
508,165,625
509,165,378
510,165,378
511,165,378
512,165,378
513,165,282
514,165,361
515,165,410
516,165,368
517,165,288
518,165,1055
519,165,249
520,165,253
521,165,168
522,165,193
523,165,458
524,165,1289
525,165,2201
526,165,1403
527,165,573
528,165,1106
529,165,312
530,165,1745
531,165,3680
532,165,3680
533,165,3680
534,165,3680
535,165,2796
536,165,42
537,165,75
538,165,115
539,165,121
540,165,148
541,165,823
542,165,1209
543,165,360
544,165,297
545,165,343
546,165,261
547,165,204
548,165,278
549,165,291
550,165,29
551,165,35
552,165,56
553,165,136
554,165,141
555,165,125
556,165,121
557,165,123
558,165,62
559,165,51
560,165,53
561,165,42
562,165,42
563,165,66
564,165,66
565,165,66
566,165,39
567,165,66
568,165,228
569,165,245
570,165,257
571,165,150
572,165,39
573,165,1353
490,166,100
491,166,102
492,166,218
493,166,263
494,166,233
495,166,122
496,166,167
497,166,330
498,166,374
499,166,358
500,166,310
501,166,291
502,166,291
503,166,291
504,166,291
505,166,265
506,166,261
507,166,416
508,166,444
509,166,361
510,166,378
511,166,378
512,166,380
513,166,596
514,166,596
515,166,410
516,166,360
517,166,689
518,166,1675
519,166,1107
520,166,288
521,166,145
522,166,216
523,166,294
524,166,1383
525,166,1445
526,166,832
527,166,651
528,166,884
529,166,304
530,166,2593
531,166,3680
532,166,3680
533,166,3680
534,166,3680
535,166,3671
536,166,732
537,166,351
538,166,248
539,166,138
540,166,150
541,166,1227
542,166,1446
543,166,703
544,166,297
545,166,297
546,166,297
547,166,294
548,166,280
549,166,248
550,166,115
551,166,141
552,166,141
553,166,136
554,166,130
555,166,122
556,166,142
557,166,164
558,166,59
559,166,55
560,166,57
561,166,83
562,166,99
563,166,66
564,166,66
565,166,54
566,166,31
567,166,31
568,166,60
569,166,77
570,166,83
571,166,45
572,166,3
573,166,1353
490,167,100
491,167,161
492,167,269
493,167,269
494,167,269
495,167,287
496,167,369
497,167,375
498,167,375
499,167,375
500,167,324
501,167,281
502,167,291
503,167,284
504,167,291
505,167,168
506,167,120
507,167,323
508,167,346
509,167,391
510,167,384
511,167,378
512,167,408
513,167,1065
514,167,1198
515,167,567
516,167,481
517,167,1150
518,167,1712
519,167,1712
520,167,1465
521,167,774
522,167,467
523,167,327
524,167,156
525,167,156
526,167,223
527,167,963
528,167,1255
529,167,1039
530,167,3221
531,167,3680
532,167,3680
533,167,3680
534,167,3680
535,167,3534
536,167,1697
537,167,1649
538,167,1591
539,167,670
540,167,416
541,167,1445
542,167,1446
543,167,1251
544,167,509
545,167,293
546,167,282
547,167,247
548,167,241
549,167,240
550,167,204
551,167,152
552,167,129
553,167,121
554,167,123
555,167,135
556,167,162
557,167,167
558,167,89
559,167,58
560,167,59
561,167,81
562,167,145
563,167,65
564,167,59
565,167,53
566,167,59
567,167,63
568,167,58
569,167,76
570,167,77
571,167,60
572,167,13
573,167,1178
490,168,117
491,168,258
492,168,269
493,168,269
494,168,269
495,168,269
496,168,308
497,168,375
498,168,375
499,168,375
500,168,359
501,168,163
502,168,123
503,168,134
504,168,264
505,168,109
506,168,92
507,168,220
508,168,444
509,168,453
510,168,435
511,168,382
512,168,320
513,168,439
514,168,1375
515,168,921
516,168,524
517,168,809
518,168,1712
519,168,1712
520,168,1712
521,168,1712
522,168,833
523,168,672
524,168,501
525,168,287
526,168,929
527,168,1245
528,168,1245
529,168,1251
530,168,2966
531,168,3680
532,168,3680
533,168,3680
534,168,3918
535,168,2088
536,168,1717
537,168,1717
538,168,1717
539,168,1708
540,168,1416
541,168,1446
542,168,1446
543,168,1291
544,168,643
545,168,270
546,168,194
547,168,197
548,168,206
549,168,241
550,168,292
551,168,289
552,168,208
553,168,165
554,168,228
555,168,214
556,168,167
557,168,167
558,168,160
559,168,98
560,168,118
561,168,155
562,168,318
563,168,208
564,168,195
565,168,83
566,168,65
567,168,65
568,168,65
569,168,68
570,168,50
571,168,1
572,168,658
573,168,122
490,169,106
491,169,248
492,169,269
493,169,269
494,169,193
495,169,141
496,169,125
497,169,354
498,169,375
499,169,375
500,169,375
501,169,249
502,169,87
503,169,156
504,169,485
505,169,99
506,169,91
507,169,120
508,169,379
509,169,472
510,169,453
511,169,453
512,169,557
513,169,647
514,169,808
515,169,749
516,169,545
517,169,874
518,169,1712
519,169,1712
520,169,1712
521,169,1697
522,169,1904
523,169,2222
524,169,1320
525,169,686
526,169,1130
527,169,1245
528,169,1255
529,169,1769
530,169,3599
531,169,3680
532,169,3680
533,169,3680
534,169,6072
535,169,5069
536,169,1720
537,169,1717
538,169,1716
539,169,1521
540,169,1446
541,169,1446
542,169,1429
543,169,776
544,169,648
545,169,236
546,169,280
547,169,179
548,169,161
549,169,218
550,169,331
551,169,313
552,169,313
553,169,313
554,169,313
555,169,313
556,169,214
557,169,272
558,169,288
559,169,212
560,169,150
561,169,112
562,169,456
563,169,750
564,169,750
565,169,370
566,169,65
567,169,65
568,169,65
569,169,69
570,169,65
571,169,0
572,169,1425
573,169,3426
490,170,100
491,170,143
492,170,257
493,170,151
494,170,100
495,170,108
496,170,108
497,170,331
498,170,375
499,170,375
500,170,375
501,170,303
502,170,281
503,170,498
504,170,848
505,170,569
506,170,378
507,170,549
508,170,695
509,170,631
510,170,450
511,170,388
512,170,581
513,170,750
514,170,750
515,170,1416
516,170,2364
517,170,2455
518,170,1477
519,170,1712
520,170,1712
521,170,2141
522,170,3103
523,170,3103
524,170,3103
525,170,2921
526,170,2000
527,170,1558
528,170,1697
529,170,2654
530,170,2940
531,170,3650
532,170,4085
533,170,8046
534,170,6343
535,170,4122
536,170,1717
537,170,1997
538,170,3958
539,170,2735
540,170,1446
541,170,1446
542,170,1243
543,170,661
544,170,661
545,170,633
546,170,570
547,170,582
548,170,113
549,170,428
550,170,481
551,170,300
552,170,306
553,170,312
554,170,313
555,170,321
556,170,381
557,170,387
558,170,387
559,170,171
560,170,112
561,170,112
562,170,556
563,170,750
564,170,730
565,170,145
566,170,65
567,170,65
568,170,65
569,170,65
570,170,83
571,170,49
572,170,547
573,170,998
490,171,100
491,171,101
492,171,113
493,171,100
494,171,100
495,171,108
496,171,108
497,171,276
498,171,375
499,171,375
500,171,375
501,171,359
502,171,281
503,171,675
504,171,702
505,171,795
506,171,777
507,171,754
508,171,692
509,171,636
510,171,429
511,171,343
512,171,552
513,171,786
514,171,1519
515,171,2821
516,171,2149
517,171,615
518,171,195
519,171,511
520,171,995
521,171,2245
522,171,3102
523,171,3103
524,171,3103
525,171,3105
526,171,4233
527,171,4660
528,171,4600
529,171,4373
530,171,4218
531,171,13221
532,171,18020
533,171,14934
534,171,4244
535,171,4613
536,171,4040
537,171,4353
538,171,4927
539,171,4635
540,171,2333
541,171,1858
542,171,772
543,171,590
544,171,775
545,171,1084
546,171,1169
547,171,1100
548,171,110
549,171,369
550,171,732
551,171,290
552,171,285
553,171,290
554,171,308
555,171,352
556,171,387
557,171,387
558,171,387
559,171,245
560,171,112
561,171,112
562,171,658
563,171,827
564,171,2129
565,171,890
566,171,57
567,171,57
568,171,64
569,171,65
570,171,83
571,171,123
572,171,108
573,171,34
490,172,100
491,172,100
492,172,100
493,172,243
494,172,196
495,172,108
496,172,108
497,172,117
498,172,261
499,172,373
500,172,205
501,172,60
502,172,221
503,172,837
504,172,150
505,172,224
506,172,478
507,172,300
508,172,379
509,172,627
510,172,504
511,172,382
512,172,348
513,172,1725
514,172,2601
515,172,2463
516,172,362
517,172,186
518,172,186
519,172,187
520,172,189
521,172,1571
522,172,2815
523,172,3882
524,172,4456
525,172,3829
526,172,7327
527,172,8645
528,172,8868
529,172,8883
530,172,8868
531,172,16907
532,172,17110
533,172,14461
534,172,10016
535,172,4927
536,172,4927
537,172,4927
538,172,4927
539,172,4915
540,172,3450
541,172,1258
542,172,510
543,172,495
544,172,1131
545,172,1151
546,172,1097
547,172,866
548,172,307
549,172,254
550,172,820
551,172,923
552,172,707
553,172,604
554,172,413
555,172,497
556,172,391
557,172,387
558,172,395
559,172,454
560,172,302
561,172,336
562,172,729
563,172,856
564,172,3992
565,172,2524
566,172,65
567,172,53
568,172,55
569,172,65
570,172,83
571,172,123
572,172,123
573,172,77
490,173,100
491,173,100
492,173,100
493,173,403
494,173,886
495,173,417
496,173,218
497,173,108
498,173,109
499,173,126
500,173,107
501,173,107
502,173,537
503,173,750
504,173,153
505,173,139
506,173,139
507,173,212
508,173,298
509,173,578
510,173,627
511,173,576
512,173,1492
513,173,2402
514,173,2458
515,173,2443
516,173,2157
517,173,1192
518,173,1321
519,173,600
520,173,862
521,173,1790
522,173,2671
523,173,5381
524,173,7279
525,173,7279
526,173,7279
527,173,12753
528,173,8955
529,173,10866
530,173,11654
531,173,15846
532,173,12176
533,173,14461
534,173,11722
535,173,4932
536,173,4927
537,173,4927
538,173,4927
539,173,3966
540,173,2442
541,173,545
542,173,495
543,173,495
544,173,512
545,173,607
546,173,615
547,173,615
548,173,615
549,173,615
550,173,658
551,173,1007
552,173,1044
553,173,1044
554,173,1033
555,173,977
556,173,606
557,173,387
558,173,539
559,173,705
560,173,705
561,173,723
562,173,750
563,173,1904
564,173,4123
565,173,3894
566,173,297
567,173,53
568,173,53
569,173,65
570,173,98
571,173,123
572,173,123
573,173,85
490,174,100
491,174,97
492,174,89
493,174,42
494,174,436
495,174,918
496,174,796
497,174,144
498,174,108
499,174,77
500,174,0
501,174,52
502,174,297
503,174,182
504,174,139
505,174,139
506,174,139
507,174,165
508,174,222
509,174,328
510,174,460
511,174,995
512,174,1646
513,174,1984
514,174,1991
515,174,1675
516,174,1896
517,174,3311
518,174,4654
519,174,947
520,174,947
521,174,2499
522,174,2671
523,174,3000
524,174,6808
525,174,7279
526,174,9717
527,174,17197
528,174,14467
529,174,11282
530,174,16844
531,174,18197
532,174,15832
533,174,14461
534,174,14421
535,174,13176
536,174,5432
537,174,4927
538,174,4854
539,174,3300
540,174,1479
541,174,495
542,174,495
543,174,495
544,174,495
545,174,600
546,174,615
547,174,615
548,174,615
549,174,614
550,174,614
551,174,620
552,174,871
553,174,1042
554,174,1044
555,174,671
556,174,387
557,174,387
558,174,538
559,174,705
560,174,705
561,174,737
562,174,709
563,174,1457
564,174,3238
565,174,3450
566,174,1267
567,174,52
568,174,56
569,174,67
570,174,114
571,174,123
572,174,111
573,174,82
490,175,85
491,175,83
492,175,83
493,175,43
494,175,4
495,175,434
496,175,831
497,175,902
498,175,442
499,175,189
500,175,169
501,175,161
502,175,149
503,175,139
504,175,140
505,175,149
506,175,158
507,175,159
508,175,160
509,175,264
510,175,351
511,175,762
512,175,979
513,175,1240
514,175,1332
515,175,1562
516,175,2466
517,175,4993
518,175,4498
519,175,947
520,175,948
521,175,2354
522,175,2532
523,175,2956
524,175,10906
525,175,13491
526,175,16297
527,175,17384
528,175,14451
529,175,11306
530,175,17710
531,175,18197
532,175,17002
533,175,14461
534,175,14461
535,175,14744
536,175,12832
537,175,6778
538,175,3960
539,175,2117
540,175,54
541,175,207
542,175,463
543,175,495
544,175,512
545,175,602
546,175,570
547,175,578
548,175,615
549,175,614
550,175,613
551,175,613
552,175,613
553,175,940
554,175,1044
555,175,579
556,175,387
557,175,374
558,175,469
559,175,694
560,175,720
561,175,714
562,175,246
563,175,477
564,175,627
565,175,57
566,175,51
567,175,36
568,175,40
569,175,72
570,175,121
571,175,101
572,175,82
573,175,82
490,176,83
491,176,83
492,176,83
493,176,43
494,176,1110
495,176,1124
496,176,516
497,176,895
498,176,730
499,176,272
500,176,205
501,176,153
502,176,151
503,176,143
504,176,150
505,176,159
506,176,159
507,176,159
508,176,204
509,176,277
510,176,568
511,176,775
512,176,775
513,176,775
514,176,775
515,176,1353
516,176,1617
517,176,3885
518,176,3905
519,176,1447
520,176,4239
521,176,2340
522,176,2150
523,176,10300
524,176,17950
525,176,17950
526,176,17800
527,176,17384
528,176,17258
529,176,14482
530,176,17847
531,176,17279
532,176,15884
533,176,14461
534,176,14461
535,176,16165
536,176,17257
537,176,13261
538,176,4671
539,176,4546
540,176,894
541,176,1655
542,176,558
543,176,3115
544,176,3823
545,176,1355
546,176,456
547,176,525
548,176,776
549,176,808
550,176,696
551,176,615
552,176,613
553,176,790
554,176,1044
555,176,721
556,176,306
557,176,219
558,176,207
559,176,382
560,176,709
561,176,1375
562,176,617
563,176,468
564,176,614
565,176,70
566,176,50
567,176,36
568,176,36
569,176,37
570,176,95
571,176,82
572,176,82
573,176,82
490,177,83
491,177,83
492,177,69
493,177,193
494,177,105
495,177,461
496,177,891
497,177,775
498,177,313
499,177,272
500,177,151
501,177,153
502,177,129
503,177,130
504,177,127
505,177,159
506,177,159
507,177,172
508,177,279
509,177,208
510,177,282
511,177,774
512,177,775
513,177,775
514,177,848
515,177,1410
516,177,1599
517,177,1997
518,177,2158
519,177,4600
520,177,6654
521,177,3571
522,177,2101
523,177,13716
524,177,17950
525,177,18389
526,177,21293
527,177,19497
528,177,17624
529,177,17314
530,177,18190
531,177,19353
532,177,18074
533,177,14574
534,177,14461
535,177,16358
536,177,17125
537,177,13198
538,177,8184
539,177,8184
540,177,7016
541,177,2310
542,177,1627
543,177,5329
544,177,4508
545,177,4313
546,177,3599
547,177,1563
548,177,1337
549,177,1337
550,177,1337
551,177,1238
552,177,970
553,177,692
554,177,984
555,177,468
556,177,207
557,177,207
558,177,207
559,177,194
560,177,1915
561,177,2094
562,177,988
563,177,399
564,177,634
565,177,166
566,177,53
567,177,36
568,177,36
569,177,36
570,177,68
571,177,82
572,177,82
573,177,82
490,178,83
491,178,75
492,178,52
493,178,98
494,178,304
495,178,991
496,178,670
497,178,92
498,178,179
499,178,167
500,178,128
501,178,169
502,178,123
503,178,100
504,178,118
505,178,322
506,178,306
507,178,230
508,178,288
509,178,246
510,178,258
511,178,832
512,178,1000
513,178,1035
514,178,881
515,178,1534
516,178,2079
517,178,2176
518,178,2172
519,178,3591
520,178,5416
521,178,6498
522,178,9732
523,178,12592
524,178,17373
525,178,19879
526,178,20256
527,178,21760
528,178,18006
529,178,15451
530,178,17369
531,178,23963
532,178,28291
533,178,35918
534,178,24178
535,178,13069
536,178,15880
537,178,10627
538,178,9631
539,178,8184
540,178,5523
541,178,48
542,178,4363
543,178,5991
544,178,4508
545,178,4508
546,178,4508
547,178,2435
548,178,1337
549,178,1337
550,178,1337
551,178,1022
552,178,609
553,178,372
554,178,226
555,178,201
556,178,202
557,178,207
558,178,207
559,178,230
560,178,2046
561,178,2094
562,178,811
563,178,342
564,178,634
565,178,204
566,178,52
567,178,36
568,178,36
569,178,36
570,178,56
571,178,82
572,178,82
573,178,82
490,179,97
491,179,92
492,179,72
493,179,73
494,179,112
495,179,258
496,179,32
497,179,3
498,179,1413
499,179,133
500,179,176
501,179,176
502,179,130
503,179,100
504,179,100
505,179,236
506,179,235
507,179,115
508,179,288
509,179,225
510,179,466
511,179,1074
512,179,1195
513,179,1195
514,179,1194
515,179,2046
516,179,2247
517,179,2173
518,179,2173
519,179,2939
520,179,4047
521,179,7943
522,179,11691
523,179,11794
524,179,18664
525,179,19521
526,179,16945
527,179,17868
528,179,15593
529,179,13723
530,179,16625
531,179,64779
532,179,52929
533,179,29101
534,179,25625
535,179,10313
536,179,10293
537,179,10111
538,179,9477
539,179,8321
540,179,8972
541,179,6701
542,179,8021
543,179,7036
544,179,4740
545,179,4508
546,179,4508
547,179,2261
548,179,1337
549,179,1337
550,179,1337
551,179,373
552,179,53
553,179,60
554,179,84
555,179,85
556,179,86
557,179,154
558,179,207
559,179,184
560,179,319
561,179,1706
562,179,420
563,179,164
564,179,422
565,179,320
566,179,52
567,179,45
568,179,44
569,179,41
570,179,56
571,179,88
572,179,82
573,179,82
490,180,132
491,180,113
492,180,104
493,180,118
494,180,118
495,180,149
496,180,139
497,180,75
498,180,1
499,180,150
500,180,176
501,180,158
502,180,110
503,180,100
504,180,99
505,180,70
506,180,18
507,180,0
508,180,214
509,180,190
510,180,190
511,180,475
512,180,1181
513,180,1195
514,180,1453
515,180,2389
516,180,2183
517,180,2173
518,180,2173
519,180,3917
520,180,4056
521,180,5959
522,180,11726
523,180,12632
524,180,20036
525,180,22825
526,180,22382
527,180,17416
528,180,16394
529,180,25509
530,180,13989
531,180,18568
532,180,11597
533,180,8897
534,180,35387
535,180,20550
536,180,17869
537,180,11112
538,180,10476
539,180,11050
540,180,12981
541,180,12981
542,180,11098
543,180,8874
544,180,5981
545,180,4508
546,180,4508
547,180,2196
548,180,1337
549,180,1337
550,180,1136
551,180,158
552,180,114
553,180,53
554,180,58
555,180,80
556,180,85
557,180,85
558,180,107
559,180,161
560,180,161
561,180,484
562,180,247
563,180,77
564,180,77
565,180,78
566,180,49
567,180,49
568,180,50
569,180,82
570,180,120
571,180,122
572,180,105
573,180,80
490,181,137
491,181,125
492,181,110
493,181,118
494,181,118
495,181,144
496,181,149
497,181,96
498,181,194
499,181,292
500,181,178
501,181,152
502,181,100
503,181,100
504,181,83
505,181,402
506,181,23
507,181,407
508,181,151
509,181,190
510,181,190
511,181,190
512,181,738
513,181,880
514,181,1228
515,181,2420
516,181,2173
517,181,2173
518,181,2173
519,181,3823
520,181,4056
521,181,7851
522,181,11726
523,181,17686
524,181,21321
525,181,28873
526,181,28987
527,181,23931
528,181,21822
529,181,30425
530,181,32126
531,181,19954
532,181,11946
533,181,35905
534,181,51896
535,181,41636
536,181,33715
537,181,22917
538,181,23895
539,181,13289
540,181,12981
541,181,12858
542,181,10271
543,181,7881
544,181,4193
545,181,4185
546,181,2462
547,181,1701
548,181,789
549,181,316
550,181,229
551,181,153
552,181,126
553,181,89
554,181,77
555,181,98
556,181,85
557,181,86
558,181,88
559,181,128
560,181,105
561,181,142
562,181,77
563,181,77
564,181,77
565,181,71
566,181,50
567,181,49
568,181,74
569,181,126
570,181,126
571,181,125
572,181,113
573,181,62
490,182,140
491,182,101
492,182,109
493,182,118
494,182,118
495,182,141
496,182,139
497,182,99
498,182,170
499,182,167
500,182,127
501,182,151
502,182,100
503,182,100
504,182,76
505,182,340
506,182,41
507,182,407
508,182,164
509,182,190
510,182,178
511,182,156
512,182,231
513,182,234
514,182,349
515,182,1144
516,182,1377
517,182,1793
518,182,2041
519,182,4174
520,182,4403
521,182,6237
522,182,10989
523,182,14946
524,182,24038
525,182,26481
526,182,24628
527,182,22441
528,182,22210
529,182,22717
530,182,27992
531,182,41666
532,182,39747
533,182,46957
534,182,44217
535,182,42539
536,182,39020
537,182,26118
538,182,16180
539,182,12981
540,182,12981
541,182,12066
542,182,9975
543,182,7666
544,182,1312
545,182,1388
546,182,1312
547,182,1312
548,182,466
549,182,228
550,182,228
551,182,221
552,182,149
553,182,126
554,182,126
555,182,113
556,182,97
557,182,81
558,182,91
559,182,91
560,182,91
561,182,94
562,182,77
563,182,77
564,182,77
565,182,59
566,182,52
567,182,54
568,182,116
569,182,126
570,182,102
571,182,61
572,182,49
573,182,47
490,183,144
491,183,108
492,183,113
493,183,118
494,183,118
495,183,135
496,183,144
497,183,99
498,183,131
499,183,170
500,183,120
501,183,141
502,183,100
503,183,100
504,183,57
505,183,241
506,183,786
507,183,407
508,183,57
509,183,137
510,183,72
511,183,66
512,183,64
513,183,68
514,183,80
515,183,80
516,183,29
517,183,136
518,183,377
519,183,756
520,183,6126
521,183,6118
522,183,6339
523,183,6339
524,183,7361
525,183,11305
526,183,18603
527,183,19358
528,183,21839
529,183,21752
530,183,27461
531,183,27604
532,183,34338
533,183,42279
534,183,36179
535,183,34814
536,183,23420
537,183,16819
538,183,13001
539,183,12981
540,183,12981
541,183,11290
542,183,9975
543,183,7722
544,183,1312
545,183,1312
546,183,1312
547,183,1312
548,183,507
549,183,228
550,183,228
551,183,229
552,183,226
553,183,156
554,183,126
555,183,126
556,183,111
557,183,65
558,183,78
559,183,91
560,183,91
561,183,91
562,183,77
563,183,77
564,183,77
565,183,53
566,183,52
567,183,56
568,183,124
569,183,105
570,183,49
571,183,47
572,183,47
573,183,47
490,184,145
491,184,124
492,184,116
493,184,118
494,184,118
495,184,129
496,184,156
497,184,99
498,184,99
499,184,155
500,184,97
501,184,134
502,184,100
503,184,96
504,184,70
505,184,2675
506,184,630
507,184,407
508,184,26
509,184,61
510,184,126
511,184,102
512,184,65
513,184,64
514,184,78
515,184,80
516,184,85
517,184,197
518,184,255
519,184,819
520,184,6279
521,184,6339
522,184,6339
523,184,6339
524,184,6987
525,184,8647
526,184,8714
527,184,10207
528,184,21512
529,184,21865
530,184,24581
531,184,24644
532,184,23812
533,184,17805
534,184,16896
535,184,16430
536,184,16951
537,184,15931
538,184,12981
539,184,12981
540,184,12981
541,184,10263
542,184,5378
543,184,2398
544,184,1279
545,184,1304
546,184,1312
547,184,1249
548,184,307
549,184,228
550,184,228
551,184,228
552,184,229
553,184,201
554,184,126
555,184,123
556,184,107
557,184,54
558,184,51
559,184,69
560,184,84
561,184,81
562,184,43
563,184,64
564,184,76
565,184,64
566,184,52
567,184,52
568,184,94
569,184,87
570,184,47
571,184,47
572,184,47
573,184,47
490,185,123
491,185,107
492,185,110
493,185,118
494,185,118
495,185,124
496,185,149
497,185,99
498,185,90
499,185,54
500,185,58
501,185,144
502,185,85
503,185,75
504,185,74
505,185,177
506,185,14
507,185,39
508,185,53
509,185,94
510,185,136
511,185,136
512,185,167
513,185,173
514,185,73
515,185,166
516,185,237
517,185,255
518,185,255
519,185,255
520,185,5380
521,185,6339
522,185,6339
523,185,5583
524,185,5762
525,185,8714
526,185,8714
527,185,11681
528,185,21752
529,185,23511
530,185,24644
531,185,24644
532,185,23601
533,185,19427
534,185,16430
535,185,16430
536,185,16430
537,185,13485
538,185,10393
539,185,11243
540,185,12394
541,185,9842
542,185,808
543,185,557
544,185,1193
545,185,1210
546,185,1269
547,185,974
548,185,228
549,185,228
550,185,228
551,185,228
552,185,229
553,185,228
554,185,164
555,185,111
556,185,97
557,185,51
558,185,54
559,185,88
560,185,88
561,185,59
562,185,39
563,185,41
564,185,48
565,185,59
566,185,51
567,185,38
568,185,97
569,185,49
570,185,47
571,185,51
572,185,61
573,185,78
490,186,105
491,186,73
492,186,93
493,186,117
494,186,118
495,186,118
496,186,106
497,186,55
498,186,33
499,186,31
500,186,34
501,186,139
502,186,74
503,186,74
504,186,74
505,186,59
506,186,103
507,186,71
508,186,81
509,186,125
510,186,136
511,186,136
512,186,231
513,186,253
514,186,215
515,186,255
516,186,255
517,186,255
518,186,255
519,186,193
520,186,2475
521,186,6221
522,186,6101
523,186,1767
524,186,671
525,186,5651
526,186,9267
527,186,18419
528,186,21818
529,186,24631
530,186,24644
531,186,23633
532,186,21934
533,186,18748
534,186,16430
535,186,14846
536,186,11908
537,186,7974
538,186,7627
539,186,7384
540,186,1977
541,186,1042
542,186,451
543,186,1170
544,186,1193
545,186,1193
546,186,1193
547,186,685
548,186,228
549,186,224
550,186,228
551,186,228
552,186,229
553,186,229
554,186,229
555,186,144
556,186,92
557,186,51
558,186,72
559,186,154
560,186,154
561,186,86
562,186,33
563,186,38
564,186,40
565,186,28
566,186,29
567,186,32
568,186,32
569,186,40
570,186,58
571,186,102
572,186,96
573,186,51
490,187,262
491,187,225
492,187,123
493,187,111
494,187,117
495,187,109
496,187,85
497,187,33
498,187,29
499,187,31
500,187,56
501,187,107
502,187,74
503,187,74
504,187,81
505,187,111
506,187,111
507,187,107
508,187,135
509,187,136
510,187,136
511,187,152
512,187,216
513,187,235
514,187,255
515,187,255
516,187,255
517,187,255
518,187,255
519,187,183
520,187,104
521,187,1700
522,187,2027
523,187,665
524,187,665
525,187,933
526,187,6227
527,187,14447
528,187,12533
529,187,17855
530,187,19208
531,187,8101
532,187,19003
533,187,17153
534,187,15099
535,187,6314
536,187,6459
537,187,6919
538,187,7603
539,187,7627
540,187,2172
541,187,1318
542,187,1207
543,187,1193
544,187,1193
545,187,1193
546,187,1193
547,187,767
548,187,208
549,187,45
550,187,59
551,187,168
552,187,229
553,187,229
554,187,229
555,187,209
556,187,102
557,187,51
558,187,107
559,187,154
560,187,148
561,187,79
562,187,25
563,187,47
564,187,24
565,187,16
566,187,28
567,187,32
568,187,24
569,187,32
570,187,60
571,187,97
572,187,96
573,187,51
490,188,262
491,188,262
492,188,236
493,188,128
494,188,86
495,188,86
496,188,86
497,188,47
498,188,19
499,188,43
500,188,80
501,188,99
502,188,75
503,188,74
504,188,92
505,188,111
506,188,111
507,188,125
508,188,136
509,188,136
510,188,136
511,188,174
512,188,216
513,188,218
514,188,239
515,188,254
516,188,255
517,188,255
518,188,255
519,188,133
520,188,112
521,188,573
522,188,665
523,188,665
524,188,665
525,188,1020
526,188,1874
527,188,5155
528,188,6069
529,188,6069
530,188,6069
531,188,5937
532,188,5580
533,188,6195
534,188,6188
535,188,5096
536,188,5096
537,188,5680
538,188,6507
539,188,6605
540,188,1417
541,188,1252
542,188,1193
543,188,1193
544,188,1193
545,188,1193
546,188,1193
547,188,958
548,188,149
549,188,555
550,188,555
551,188,30
552,188,94
553,188,220
554,188,229
555,188,223
556,188,112
557,188,56
558,188,124
559,188,154
560,188,137
561,188,55
562,188,23
563,188,57
564,188,31
565,188,15
566,188,20
567,188,38
568,188,25
569,188,16
570,188,46
571,188,46
572,188,82
573,188,51
490,189,258
491,189,262
492,189,207
493,189,87
494,189,86
495,189,86
496,189,85
497,189,71
498,189,68
499,189,73
500,189,75
501,189,98
502,189,78
503,189,74
504,189,102
505,189,111
506,189,111
507,189,132
508,189,136
509,189,136
510,189,136
511,189,200
512,189,216
513,189,216
514,189,221
515,189,254
516,189,255
517,189,261
518,189,233
519,189,105
520,189,210
521,189,638
522,189,665
523,189,702
524,189,1337
525,189,1614
526,189,1662
527,189,3794
528,189,6080
529,189,6536
530,189,5951
531,189,5799
532,189,5552
533,189,5552
534,189,5512
535,189,5106
536,189,5096
537,189,5096
538,189,5118
539,189,4058
540,189,1348
541,189,1293
542,189,1193
543,189,1193
544,189,1193
545,189,1193
546,189,1193
547,189,1071
548,189,128
549,189,555
550,189,555
551,189,555
552,189,555
553,189,135
554,189,229
555,189,185
556,189,111
557,189,63
558,189,131
559,189,146
560,189,122
561,189,35
562,189,21
563,189,65
564,189,33
565,189,15
566,189,21
567,189,45
568,189,43
569,189,45
570,189,48
571,189,46
572,189,51
573,189,50
490,190,79
491,190,249
492,190,196
493,190,86
494,190,86
495,190,86
496,190,81
497,190,78
498,190,76
499,190,73
500,190,73
501,190,76
502,190,53
503,190,14
504,190,109
505,190,111
506,190,111
507,190,130
508,190,136
509,190,136
510,190,161
511,190,216
512,190,216
513,190,219
514,190,250
515,190,255
516,190,263
517,190,303
518,190,206
519,190,170
520,190,583
521,190,665
522,190,665
523,190,668
524,190,1604
525,190,1662
526,190,1662
527,190,3854
528,190,8037
529,190,5739
530,190,5552
531,190,5552
532,190,5552
533,190,5552
534,190,5552
535,190,5278
536,190,5096
537,190,5096
538,190,5096
539,190,3245
540,190,1517
541,190,1524
542,190,1271
543,190,1193
544,190,1193
545,190,1193
546,190,1193
547,190,585
548,190,178
549,190,555
550,190,555
551,190,555
552,190,555
553,190,97
554,190,220
555,190,147
556,190,111
557,190,103
558,190,148
559,190,133
560,190,108
561,190,30
562,190,31
563,190,69
564,190,26
565,190,21
566,190,33
567,190,74
568,190,57
569,190,51
570,190,49
571,190,46
572,190,42
573,190,43
490,191,4
491,191,196
492,191,64
493,191,84
494,191,86
495,191,86
496,191,82
497,191,90
498,191,90
499,191,82
500,191,73
501,191,72
502,191,12
503,191,10
504,191,111
505,191,111
506,191,77
507,191,84
508,191,116
509,191,129
510,191,121
511,191,204
512,191,216
513,191,225
514,191,255
515,191,255
516,191,301
517,191,255
518,191,158
519,191,326
520,191,665
521,191,665
522,191,665
523,191,665
524,191,965
525,191,1636
526,191,1664
527,191,2270
528,191,3079
529,191,4844
530,191,4100
531,191,4511
532,191,4387
533,191,4357
534,191,4675
535,191,3918
536,191,3383
537,191,4251
538,191,5082
539,191,4259
540,191,1527
541,191,1524
542,191,1387
543,191,752
544,191,778
545,191,1061
546,191,831
547,191,230
548,191,203
549,191,27
550,191,7
551,191,7
552,191,555
553,191,555
554,191,21
555,191,143
556,191,209
557,191,262
558,191,264
559,191,138
560,191,83
561,191,35
562,191,59
563,191,69
564,191,61
565,191,33
566,191,37
567,191,100
568,191,107
569,191,114
570,191,76
571,191,41
572,191,37
573,191,41
490,192,9
491,192,72
492,192,63
493,192,64
494,192,85
495,192,86
496,192,82
497,192,84
498,192,91
499,192,86
500,192,73
501,192,58
502,192,112
503,192,16
504,192,106
505,192,44
506,192,0
507,192,112
508,192,112
509,192,3
510,192,306
511,192,10
512,192,86
513,192,211
514,192,255
515,192,263
516,192,308
517,192,185
518,192,134
519,192,140
520,192,644
521,192,665
522,192,665
523,192,665
524,192,650
525,192,1213
526,192,1799
527,192,1943
528,192,1732
529,192,1556
530,192,1548
531,192,1548
532,192,1548
533,192,1548
534,192,1548
535,192,1400
536,192,379
537,192,291
538,192,2088
539,192,4585
540,192,1687
541,192,1103
542,192,388
543,192,126
544,192,126
545,192,140
546,192,204
547,192,228
548,192,182
549,192,48
550,192,44
551,192,44
552,192,19
553,192,0
554,192,242
555,192,212
556,192,234
557,192,322
558,192,367
559,192,190
560,192,155
561,192,73
562,192,73
563,192,72
564,192,63
565,192,33
566,192,69
567,192,91
568,192,124
569,192,124
570,192,68
571,192,35
572,192,36
573,192,37
490,193,15
491,193,63
492,193,63
493,193,63
494,193,82
495,193,80
496,193,79
497,193,85
498,193,91
499,193,82
500,193,73
501,193,41
502,193,112
503,193,4
504,193,22
505,193,220
506,193,217
507,193,112
508,193,113
509,193,279
510,193,306
511,193,306
512,193,314
513,193,14
514,193,115
515,193,274
516,193,254
517,193,148
518,193,110
519,193,109
520,193,490
521,193,665
522,193,465
523,193,193
524,193,231
525,193,353
526,193,1881
527,193,1724
528,193,1011
529,193,1355
530,193,1548
531,193,1548
532,193,1548
533,193,1548
534,193,1548
535,193,1548
536,193,1072
537,193,291
538,193,291
539,193,810
540,193,1187
541,193,169
542,193,126
543,193,126
544,193,126
545,193,126
546,193,126
547,193,152
548,193,100
549,193,45
550,193,46
551,193,48
552,193,45
553,193,1
554,193,201
555,193,124
556,193,308
557,193,322
558,193,1667
559,193,1658
560,193,182
561,193,76
562,193,78
563,193,83
564,193,76
565,193,82
566,193,99
567,193,115
568,193,124
569,193,113
570,193,34
571,193,35
572,193,35
573,193,31
490,194,38
491,194,63
492,194,63
493,194,66
494,194,73
495,194,73
496,194,75
497,194,102
498,194,90
499,194,91
500,194,78
501,194,28
502,194,114
503,194,117
504,194,405
505,194,866
506,194,611
507,194,179
508,194,240
509,194,505
510,194,557
511,194,1437
512,194,940
513,194,508
514,194,508
515,194,85
516,194,181
517,194,134
518,194,109
519,194,109
520,194,394
521,194,633
522,194,475
523,194,186
524,194,140
525,194,501
526,194,1812
527,194,1231
528,194,1023
529,194,1405
530,194,1548
531,194,1548
532,194,1548
533,194,1548
534,194,1548
535,194,1548
536,194,669
537,194,291
538,194,291
539,194,294
540,194,206
541,194,193
542,194,227
543,194,141
544,194,126
545,194,126
546,194,118
547,194,89
548,194,79
549,194,38
550,194,38
551,194,38
552,194,38
553,194,21
554,194,2
555,194,281
556,194,322
557,194,322
558,194,1125
559,194,961
560,194,194
561,194,111
562,194,94
563,194,94
564,194,92
565,194,93
566,194,83
567,194,115
568,194,124
569,194,80
570,194,34
571,194,36
572,194,33
573,194,30
490,195,61
491,195,63
492,195,67
493,195,91
494,195,74
495,195,76
496,195,94
497,195,108
498,195,92
499,195,91
500,195,89
501,195,56
502,195,1
503,195,208
504,195,208
505,195,219
506,195,578
507,195,455
508,195,485
509,195,2736
510,195,2838
511,195,2865
512,195,1037
513,195,508
514,195,2
515,195,86
516,195,101
517,195,118
518,195,201
519,195,187
520,195,207
521,195,159
522,195,384
523,195,468
524,195,436
525,195,476
526,195,949
527,195,991
528,195,1222
529,195,1528
530,195,1493
531,195,1180
532,195,1372
533,195,1259
534,195,1169
535,195,1051
536,195,432
537,195,288
538,195,291
539,195,279
540,195,292
541,195,294
542,195,294
543,195,256
544,195,190
545,195,129
546,195,103
547,195,89
548,195,85
549,195,40
550,195,38
551,195,38
552,195,38
553,195,38
554,195,123
555,195,322
556,195,322
557,195,322
558,195,317
559,195,204
560,195,195
561,195,170
562,195,79
563,195,70
564,195,61
565,195,54
566,195,57
567,195,66
568,195,107
569,195,52
570,195,34
571,195,35
572,195,30
573,195,30
490,196,76
491,196,68
492,196,83
493,196,108
494,196,101
495,196,100
496,196,108
497,196,108
498,196,104
499,196,91
500,196,90
501,196,70
502,196,29
503,196,211
504,196,211
505,196,133
506,196,142
507,196,175
508,196,229
509,196,909
510,196,2618
511,196,2267
512,196,508
513,196,508
514,196,38
515,196,99
516,196,99
517,196,111
518,196,158
519,196,204
520,196,215
521,196,89
522,196,59
523,196,260
524,196,388
525,196,485
526,196,719
527,196,817
528,196,1352
529,196,1312
530,196,984
531,196,876
532,196,876
533,196,876
534,196,876
535,196,876
536,196,876
537,196,416
538,196,161
539,196,158
540,196,233
541,196,294
542,196,294
543,196,294
544,196,294
545,196,186
546,196,89
547,196,89
548,196,89
549,196,51
550,196,38
551,196,38
552,196,38
553,196,38
554,196,38
555,196,128
556,196,255
557,196,322
558,196,200
559,196,181
560,196,191
561,196,157
562,196,54
563,196,54
564,196,54
565,196,54
566,196,58
567,196,60
568,196,61
569,196,42
570,196,35
571,196,33
572,196,30
573,196,29
490,197,87
491,197,87
492,197,95
493,197,108
494,197,108
495,197,108
496,197,108
497,197,108
498,197,108
499,197,82
500,197,54
501,197,45
502,197,40
503,197,9
504,197,149
505,197,115
506,197,276
507,197,306
508,197,306
509,197,306
510,197,1970
511,197,787
512,197,508
513,197,46
514,197,99
515,197,99
516,197,99
517,197,99
518,197,99
519,197,89
520,197,168
521,197,73
522,197,67
523,197,108
524,197,260
525,197,554
526,197,780
527,197,870
528,197,924
529,197,1023
530,197,876
531,197,876
532,197,876
533,197,876
534,197,876
535,197,876
536,197,876
537,197,414
538,197,157
539,197,157
540,197,161
541,197,278
542,197,294
543,197,294
544,197,294
545,197,160
546,197,101
547,197,68
548,197,59
549,197,57
550,197,35
551,197,35
552,197,39
553,197,38
554,197,38
555,197,38
556,197,62
557,197,142
558,197,47
559,197,47
560,197,118
561,197,179
562,197,57
563,197,54
564,197,54
565,197,54
566,197,58
567,197,57
568,197,57
569,197,54
570,197,37
571,197,31
572,197,29
573,197,28
490,198,87
491,198,87
492,198,88
493,198,104
494,198,108
495,198,108
496,198,108
497,198,108
498,198,108
499,198,77
500,198,60
501,198,46
502,198,46
503,198,81
504,198,22
505,198,210
506,198,0
507,198,5
508,198,0
509,198,306
510,198,2059
511,198,914
512,198,24
513,198,99
514,198,99
515,198,99
516,198,99
517,198,99
518,198,96
519,198,61
520,198,90
521,198,48
522,198,87
523,198,108
524,198,109
525,198,225
526,198,750
527,198,876
528,198,876
529,198,876
530,198,876
531,198,876
532,198,876
533,198,876
534,198,876
535,198,876
536,198,876
537,198,290
538,198,157
539,198,157
540,198,157
541,198,192
542,198,280
543,198,283
544,198,170
545,198,107
546,198,84
547,198,26
548,198,19
549,198,20
550,198,33
551,198,45
552,198,49
553,198,38
554,198,38
555,198,38
556,198,47
557,198,49
558,198,47
559,198,48
560,198,52
561,198,86
562,198,54
563,198,73
564,198,85
565,198,83
566,198,66
567,198,57
568,198,55
569,198,55
570,198,37
571,198,28
572,198,29
573,198,28
490,199,88
491,199,89
492,199,87
493,199,104
494,199,109
495,199,157
496,199,195
497,199,189
498,199,142
499,199,139
500,199,94
501,199,54
502,199,100
503,199,103
504,199,74
505,199,2
506,199,109
507,199,156
508,199,113
509,199,29
510,199,326
511,199,306
512,199,15
513,199,69
514,199,75
515,199,95
516,199,99
517,199,99
518,199,69
519,199,83
520,199,83
521,199,37
522,199,106
523,199,108
524,199,108
525,199,108
526,199,293
527,199,876
528,199,876
529,199,876
530,199,876
531,199,876
532,199,876
533,199,876
534,199,849
535,199,868
536,199,813
537,199,421
538,199,157
539,199,157
540,199,157
541,199,157
542,199,171
543,199,145
544,199,107
545,199,107
546,199,56
547,199,25
548,199,21
549,199,24
550,199,33
551,199,47
552,199,51
553,199,44
554,199,43
555,199,49
556,199,52
557,199,51
558,199,51
559,199,59
560,199,60
561,199,74
562,199,81
563,199,103
564,199,103
565,199,102
566,199,78
567,199,60
568,199,58
569,199,56
570,199,37
571,199,36
572,199,36
573,199,36
490,200,92
491,200,92
492,200,96
493,200,133
494,200,138
495,200,178
496,200,184
497,200,148
498,200,140
499,200,140
500,200,120
501,200,54
502,200,95
503,200,88
504,200,9
505,200,81
506,200,153
507,200,156
508,200,156
509,200,148
510,200,4
511,200,306
512,200,30
513,200,46
514,200,58
515,200,58
516,200,92
517,200,90
518,200,75
519,200,90
520,200,67
521,200,50
522,200,108
523,200,108
524,200,108
525,200,108
526,200,139
527,200,874
528,200,732
529,200,786
530,200,701
531,200,569
532,200,560
533,200,459
534,200,350
535,200,365
536,200,347
537,200,203
538,200,157
539,200,157
540,200,157
541,200,157
542,200,157
543,200,162
544,200,152
545,200,103
546,200,38
547,200,25
548,200,20
549,200,26
550,200,36
551,200,51
552,200,51
553,200,51
554,200,51
555,200,52
556,200,52
557,200,51
558,200,52
559,200,60
560,200,60
561,200,95
562,200,103
563,200,103
564,200,103
565,200,96
566,200,61
567,200,60
568,200,57
569,200,55
570,200,44
571,200,36
572,200,36
573,200,36
490,201,92
491,201,92
492,201,126
493,201,140
494,201,140
495,201,140
496,201,142
497,201,140
498,201,140
499,201,138
500,201,91
501,201,63
502,201,87
503,201,94
504,201,99
505,201,114
506,201,113
507,201,130
508,201,156
509,201,153
510,201,3
511,201,306
512,201,45
513,201,58
514,201,58
515,201,58
516,201,61
517,201,69
518,201,90
519,201,90
520,201,73
521,201,62
522,201,108
523,201,108
524,201,108
525,201,108
526,201,154
527,201,401
528,201,50
529,201,50
530,201,50
531,201,319
532,201,347
533,201,347
534,201,347
535,201,347
536,201,347
537,201,198
538,201,157
539,201,157
540,201,157
541,201,157
542,201,157
543,201,174
544,201,174
545,201,122
546,201,28
547,201,26
548,201,24
549,201,27
550,201,43
551,201,51
552,201,51
553,201,51
554,201,52
555,201,58
556,201,51
557,201,52
558,201,59
559,201,61
560,201,69
561,201,103
562,201,100
563,201,100
564,201,103
565,201,103
566,201,76
567,201,60
568,201,122
569,201,162
570,201,104
571,201,85
572,201,40
573,201,76
490,202,92
491,202,92
492,202,133
493,202,140
494,202,140
495,202,140
496,202,140
497,202,140
498,202,140
499,202,110
500,202,67
501,202,67
502,202,71
503,202,111
504,202,113
505,202,113
506,202,113
507,202,127
508,202,156
509,202,156
510,202,50
511,202,42
512,202,58
513,202,58
514,202,58
515,202,58
516,202,52
517,202,77
518,202,90
519,202,90
520,202,59
521,202,41
522,202,103
523,202,105
524,202,97
525,202,88
526,202,72
527,202,51
528,202,50
529,202,50
530,202,52
531,202,347
532,202,347
533,202,347
534,202,347
535,202,347
536,202,347
537,202,249
538,202,157
539,202,157
540,202,157
541,202,157
542,202,159
543,202,175
544,202,175
545,202,175
546,202,116
547,202,43
548,202,27
549,202,28
550,202,51
551,202,49
552,202,46
553,202,44
554,202,69
555,202,229
556,202,65
557,202,61
558,202,61
559,202,61
560,202,60
561,202,66
562,202,78
563,202,78
564,202,90
565,202,74
566,202,61
567,202,60
568,202,151
569,202,959
570,202,157
571,202,149
572,202,143
573,202,149
490,203,92
491,203,96
492,203,139
493,203,140
494,203,140
495,203,140
496,203,140
497,203,140
498,203,140
499,203,120
500,203,72
501,203,67
502,203,67
503,203,79
504,203,171
505,203,113
506,203,113
507,203,143
508,203,156
509,203,152
510,203,59
511,203,58
512,203,58
513,203,58
514,203,58
515,203,58
516,203,16
517,203,18
518,203,71
519,203,70
520,203,35
521,203,56
522,203,77
523,203,78
524,203,76
525,203,76
526,203,76
527,203,57
528,203,50
529,203,50
530,203,125
531,203,347
532,203,347
533,203,347
534,203,347
535,203,347
536,203,347
537,203,227
538,203,157
539,203,157
540,203,157
541,203,157
542,203,170
543,203,175
544,203,175
545,203,175
546,203,175
547,203,159
548,203,62
549,203,55
550,203,51
551,203,49
552,203,41
553,203,40
554,203,195
555,203,433
556,203,69
557,203,61
558,203,61
559,203,61
560,203,60
561,203,68
562,203,77
563,203,77
564,203,77
565,203,76
566,203,69
567,203,77
568,203,98
569,203,1053
570,203,693
571,203,149
572,203,149
573,203,149
490,204,76
491,204,98
492,204,140
493,204,140
494,204,140
495,204,136
496,204,139
497,204,140
498,204,140
499,204,140
500,204,137
501,204,81
502,204,67
503,204,67
504,204,309
505,204,167
506,204,120
507,204,154
508,204,156
509,204,140
510,204,46
511,204,46
512,204,50
513,204,58
514,204,58
515,204,39
516,204,337
517,204,337
518,204,18
519,204,33
520,204,41
521,204,76
522,204,76
523,204,76
524,204,76
525,204,76
526,204,80
527,204,73
528,204,62
529,204,76
530,204,141
531,204,346
532,204,347
533,204,347
534,204,347
535,204,347
536,204,347
537,204,223
538,204,107
539,204,76
540,204,120
541,204,114
542,204,166
543,204,175
544,204,175
545,204,175
546,204,159
547,204,93
548,204,82
549,204,82
550,204,69
551,204,61
552,204,47
553,204,40
554,204,59
555,204,176
556,204,54
557,204,51
558,204,49
559,204,47
560,204,44
561,204,69
562,204,77
563,204,77
564,204,77
565,204,77
566,204,77
567,204,77
568,204,87
569,204,980
570,204,1264
571,204,430
572,204,149
573,204,134
490,205,86
491,205,86
492,205,128
493,205,140
494,205,130
495,205,87
496,205,139
497,205,140
498,205,151
499,205,144
500,205,140
501,205,93
502,205,67
503,205,69
504,205,371
505,205,386
506,205,224
507,205,156
508,205,156
509,205,41
510,205,62
511,205,62
512,205,5
513,205,21
514,205,58
515,205,41
516,205,337
517,205,337
518,205,4
519,205,20
520,205,49
521,205,76
522,205,76
523,205,77
524,205,81
525,205,85
526,205,90
527,205,88
528,205,83
529,205,90
530,205,90
531,205,255
532,205,345
533,205,344
534,205,345
535,205,341
536,205,307
537,205,130
538,205,52
539,205,52
540,205,52
541,205,52
542,205,61
543,205,119
544,205,174
545,205,175
546,205,94
547,205,82
548,205,82
549,205,82
550,205,81
551,205,63
552,205,43
553,205,40
554,205,56
555,205,64
556,205,58
557,205,58
558,205,53
559,205,42
560,205,38
561,205,38
562,205,63
563,205,72
564,205,77
565,205,77
566,205,77
567,205,77
568,205,84
569,205,442
570,205,1278
571,205,947
572,205,149
573,205,147
490,206,85
491,206,83
492,206,116
493,206,129
494,206,80
495,206,81
496,206,146
497,206,126
498,206,31
499,206,89
500,206,161
501,206,172
502,206,260
503,206,300
504,206,391
505,206,391
506,206,387
507,206,287
508,206,98
509,206,62
510,206,62
511,206,62
512,206,62
513,206,0
514,206,10164
515,206,835
516,206,337
517,206,337
518,206,337
519,206,337
520,206,0
521,206,49
522,206,79
523,206,85
524,206,90
525,206,90
526,206,88
527,206,64
528,206,61
529,206,70
530,206,63
531,206,105
532,206,154
533,206,161
534,206,197
535,206,162
536,206,96
537,206,77
538,206,53
539,206,52
540,206,52
541,206,52
542,206,62
543,206,57
544,206,77
545,206,123
546,206,52
547,206,67
548,206,82
549,206,109
550,206,67
551,206,71
552,206,49
553,206,51
554,206,64
555,206,61
556,206,56
557,206,56
558,206,43
559,206,39
560,206,34
561,206,39
562,206,36
563,206,36
564,206,69
565,206,77
566,206,77
567,206,77
568,206,84
569,206,206
570,206,1250
571,206,666
572,206,245
573,206,242
490,207,84
491,207,100
492,207,89
493,207,43
494,207,36
495,207,110
496,207,163
497,207,140
498,207,4
499,207,15
500,207,157
501,207,166
502,207,357
503,207,391
504,207,391
505,207,391
506,207,391
507,207,391
508,207,283
509,207,62
510,207,62
511,207,62
512,207,62
513,207,819
514,207,5045
515,207,2100
516,207,340
517,207,337
518,207,337
519,207,337
520,207,337
521,207,57
522,207,90
523,207,90
524,207,90
525,207,90
526,207,66
527,207,60
528,207,62
529,207,64
530,207,45
531,207,35
532,207,42
533,207,57
534,207,54
535,207,59
536,207,56
537,207,42
538,207,41
539,207,66
540,207,75
541,207,76
542,207,72
543,207,59
544,207,59
545,207,72
546,207,52
547,207,75
548,207,104
549,207,128
550,207,31
551,207,47
552,207,50
553,207,62
554,207,64
555,207,60
556,207,56
557,207,53
558,207,40
559,207,42
560,207,43
561,207,44
562,207,36
563,207,36
564,207,36
565,207,54
566,207,77
567,207,77
568,207,77
569,207,743
570,207,1255
571,207,448
572,207,267
573,207,267
490,208,92
491,208,42
492,208,4
493,208,212
494,208,64
495,208,121
496,208,163
497,208,127
498,208,24
499,208,3
500,208,87
501,208,152
502,208,287
503,208,391
504,208,391
505,208,391
506,208,391
507,208,391
508,208,307
509,208,45
510,208,57
511,208,25
512,208,0
513,208,66
514,208,499
515,208,404
516,208,97
517,208,187
518,208,329
519,208,337
520,208,337
521,208,10
522,208,84
523,208,90
524,208,90
525,208,78
526,208,60
527,208,60
528,208,63
529,208,64
530,208,49
531,208,34
532,208,0
533,208,207
534,208,201
535,208,211
536,208,561
537,208,602
538,208,10
539,208,75
540,208,81
541,208,83
542,208,74
543,208,59
544,208,61
545,208,92
546,208,53
547,208,131
548,208,165
549,208,81
550,208,38
551,208,41
552,208,48
553,208,44
554,208,40
555,208,53
556,208,56
557,208,48
558,208,42
559,208,37
560,208,35
561,208,42
562,208,36
563,208,36
564,208,36
565,208,36
566,208,62
567,208,75
568,208,74
569,208,363
570,208,336
571,208,260
572,208,267
573,208,267
490,209,81
491,209,11
492,209,212
493,209,16
494,209,99
495,209,125
496,209,153
497,209,12
498,209,206
499,209,164
500,209,164
501,209,19
502,209,73
503,209,119
504,209,269
505,209,391
506,209,391
507,209,391
508,209,217
509,209,102
510,209,102
511,209,102
512,209,40
513,209,62
514,209,62
515,209,74
516,209,77
517,209,77
518,209,0
519,209,51
520,209,53
521,209,58
522,209,90
523,209,90
524,209,90
525,209,75
526,209,61
527,209,66
528,209,64
529,209,66
530,209,52
531,209,43
532,209,4
533,209,187
534,209,10
535,209,32
536,209,45
537,209,29
538,209,35
539,209,97
540,209,83
541,209,83
542,209,75
543,209,58
544,209,76
545,209,97
546,209,54
547,209,163
548,209,165
549,209,148
550,209,71
551,209,52
552,209,52
553,209,37
554,209,24
555,209,43
556,209,49
557,209,44
558,209,41
559,209,18
560,209,18
561,209,22
562,209,36
563,209,36
564,209,36
565,209,36
566,209,39
567,209,45
568,209,53
569,209,96
570,209,98
571,209,187
572,209,267
573,209,191
490,210,71
491,210,5
492,210,212
493,210,53
494,210,100
495,210,118
496,210,153
497,210,13
498,210,164
499,210,0
500,210,27
501,210,111
502,210,67
503,210,45
504,210,187
505,210,307
506,210,365
507,210,348
508,210,118
509,210,102
510,210,102
511,210,102
512,210,65
513,210,1
514,210,62
515,210,76
516,210,77
517,210,77
518,210,1
519,210,85
520,210,90
521,210,90
522,210,90
523,210,90
524,210,90
525,210,90
526,210,90
527,210,84
528,210,68
529,210,68
530,210,63
531,210,44
532,210,13
533,210,172
534,210,27
535,210,196
536,210,197
537,210,198
538,210,160
539,210,131
540,210,110
541,210,81
542,210,75
543,210,49
544,210,70
545,210,86
546,210,42
547,210,165
548,210,165
549,210,165
550,210,105
551,210,56
552,210,54
553,210,45
554,210,27
555,210,33
556,210,37
557,210,41
558,210,42
559,210,32
560,210,29
561,210,35
562,210,36
563,210,36
564,210,37
565,210,40
566,210,44
567,210,45
568,210,60
569,210,96
570,210,97
571,210,128
572,210,177
573,210,98
490,211,47
491,211,1
492,211,212
493,211,9
494,211,59
495,211,95
496,211,95
497,211,49
498,211,164
499,211,9
500,211,46
501,211,42
502,211,39
503,211,45
504,211,45
505,211,45
506,211,62
507,211,129
508,211,73
509,211,78
510,211,102
511,211,89
512,211,82
513,211,60
514,211,63
515,211,36
516,211,77
517,211,77
518,211,77
519,211,70
520,211,90
521,211,90
522,211,90
523,211,90
524,211,90
525,211,90
526,211,85
527,211,69
528,211,68
529,211,68
530,211,68
531,211,65
532,211,10
533,211,58
534,211,30
535,211,324
536,211,149
537,211,150
538,211,140
539,211,141
540,211,140
541,211,78
542,211,42
543,211,47
544,211,76
545,211,64
546,211,47
547,211,164
548,211,165
549,211,164
550,211,66
551,211,58
552,211,58
553,211,58
554,211,44
555,211,34
556,211,33
557,211,34
558,211,38
559,211,39
560,211,37
561,211,59
562,211,59
563,211,57
564,211,60
565,211,48
566,211,45
567,211,52
568,211,84
569,211,97
570,211,87
571,211,73
572,211,84
573,211,70
490,212,13
491,212,177
492,212,212
493,212,212
494,212,23
495,212,94
496,212,95
497,212,92
498,212,16
499,212,36
500,212,96
501,212,93
502,212,46
503,212,45
504,212,45
505,212,45
506,212,45
507,212,44
508,212,48
509,212,79
510,212,83
511,212,40
512,212,14
513,212,26
514,212,98
515,212,114
516,212,63
517,212,42
518,212,8
519,212,73
520,212,90
521,212,90
522,212,90
523,212,90
524,212,90
525,212,72
526,212,58
527,212,58
528,212,56
529,212,23
530,212,13
531,212,7
532,212,0
533,212,898
534,212,78
535,212,364
536,212,199
537,212,197
538,212,150
539,212,141
540,212,105
541,212,62
542,212,44
543,212,50
544,212,71
545,212,73
546,212,71
547,212,151
548,212,146
549,212,146
550,212,76
551,212,66
552,212,58
553,212,57
554,212,46
555,212,36
556,212,36
557,212,38
558,212,42
559,212,42
560,212,36
561,212,51
562,212,61
563,212,61
564,212,55
565,212,49
566,212,51
567,212,65
568,212,67
569,212,70
570,212,69
571,212,70
572,212,70
573,212,67
490,213,0
491,213,0
492,213,6
493,213,11
494,213,42
495,213,86
496,213,85
497,213,61
498,213,34
499,213,77
500,213,92
501,213,19
502,213,14
503,213,43
504,213,45
505,213,44
506,213,44
507,213,44
508,213,75
509,213,100
510,213,16
511,213,108
512,213,110
513,213,510
514,213,24
515,213,115
516,213,115
517,213,115
518,213,45
519,213,0
520,213,24
521,213,76
522,213,85
523,213,64
524,213,53
525,213,44
526,213,45
527,213,45
528,213,20
529,213,10
530,213,18
531,213,6
532,213,1123
533,213,1053
534,213,56
535,213,239
536,213,157
537,213,66
538,213,121
539,213,110
540,213,125
541,213,64
542,213,56
543,213,44
544,213,69
545,213,76
546,213,77
547,213,78
548,213,87
549,213,93
550,213,93
551,213,64
552,213,45
553,213,45
554,213,43
555,213,36
556,213,36
557,213,37
558,213,45
559,213,44
560,213,36
561,213,34
562,213,38
563,213,57
564,213,49
565,213,66
566,213,73
567,213,66
568,213,66
569,213,66
570,213,67
571,213,69
572,213,64
573,213,54
