xv,yv,rho
490,148,26
491,148,25
492,148,23
493,148,19
494,148,22
495,148,56
496,148,72
497,148,112
498,148,117
499,148,99
500,148,84
501,148,69
502,148,46
503,148,49
504,148,54
505,148,54
506,148,50
507,148,47
508,148,47
509,148,39
510,148,25
511,148,38
512,148,58
513,148,115
514,148,115
515,148,115
516,148,115
517,148,115
518,148,115
519,148,85
520,148,72
521,148,72
522,148,43
523,148,7
524,148,0
525,148,0
526,148,0
527,148,0
528,148,3
529,148,42
530,148,53
531,148,50
532,148,42
533,148,52
534,148,52
535,148,51
536,148,50
537,148,33
538,148,33
539,148,45
540,148,57
541,148,54
542,148,61
543,148,66
544,148,69
545,148,70
546,148,64
547,148,57
548,148,55
549,148,53
550,148,53
551,148,53
552,148,78
553,148,61
554,148,157
555,148,171
556,148,171
557,148,171
558,148,171
559,148,165
560,148,83
561,148,82
562,148,82
563,148,82
564,148,86
565,148,156
566,148,158
567,148,157
568,148,106
569,148,103
570,148,102
571,148,87
572,148,76
573,148,77
490,149,56
491,149,41
492,149,24
493,149,14
494,149,24
495,149,63
496,149,117
497,149,117
498,149,117
499,149,2029
500,149,1030
501,149,135
502,149,39
503,149,44
504,149,55
505,149,54
506,149,48
507,149,47
508,149,49
509,149,44
510,149,27
511,149,40
512,149,72
513,149,115
514,149,115
515,149,115
516,149,115
517,149,115
518,149,115
519,149,84
520,149,72
521,149,72
522,149,32
523,149,1
524,149,397
525,149,335
526,149,306
527,149,263
528,149,1
529,149,52
530,149,53
531,149,53
532,149,52
533,149,52
534,149,52
535,149,51
536,149,45
537,149,31
538,149,51
539,149,63
540,149,61
541,149,56
542,149,59
543,149,84
544,149,84
545,149,84
546,149,71
547,149,55
548,149,58
549,149,71
550,149,61
551,149,73
552,149,172
553,149,101
554,149,137
555,149,161
556,149,81
557,149,135
558,149,171
559,149,111
560,149,82
561,149,82
562,149,82
563,149,82
564,149,94
565,149,145
566,149,158
567,149,141
568,149,111
569,149,103
570,149,98
571,149,89
572,149,89
573,149,101
490,150,78
491,150,78
492,150,78
493,150,66
494,150,58
495,150,62
496,150,70
497,150,100
498,150,127
499,150,143
500,150,144
501,150,76
502,150,37
503,150,37
504,150,86
505,150,75
506,150,49
507,150,56
508,150,58
509,150,41
510,150,42
511,150,44
512,150,56
513,150,72
514,150,94
515,150,115
516,150,115
517,150,115
518,150,115
519,150,82
520,150,72
521,150,60
522,150,45
523,150,27
524,150,458
525,150,443
526,150,263
527,150,263
528,150,1
529,150,51
530,150,53
531,150,53
532,150,52
533,150,52
534,150,52
535,150,51
536,150,42
537,150,31
538,150,56
539,150,63
540,150,60
541,150,56
542,150,57
543,150,80
544,150,84
545,150,84
546,150,67
547,150,55
548,150,72
549,150,74
550,150,63
551,150,107
552,150,172
553,150,155
554,150,170
555,150,145
556,150,57
557,150,147
558,150,171
559,150,111
560,150,82
561,150,82
562,150,82
563,150,84
564,150,138
565,150,158
566,150,105
567,150,62
568,150,83
569,150,103
570,150,101
571,150,89
572,150,89
573,150,105
490,151,78
491,151,78
492,151,78
493,151,73
494,151,62
495,151,62
496,151,62
497,151,89
498,151,144
499,151,144
500,151,135
501,151,88
502,151,38
503,151,44
504,151,90
505,151,51
506,151,51
507,151,59
508,151,58
509,151,39
510,151,42
511,151,44
512,151,49
513,151,66
514,151,75
515,151,95
516,151,83
517,151,75
518,151,77
519,151,70
520,151,72
521,151,59
522,151,44
523,151,32
524,151,300
525,151,334
526,151,4
527,151,3
528,151,2
529,151,44
530,151,53
531,151,52
532,151,52
533,151,52
534,151,52
535,151,51
536,151,36
537,151,31
538,151,62
539,151,63
540,151,59
541,151,56
542,151,56
543,151,69
544,151,84
545,151,84
546,151,68
547,151,55
548,151,74
549,151,74
550,151,62
551,151,152
552,151,172
553,151,172
554,151,172
555,151,124
556,151,79
557,151,68
558,151,78
559,151,70
560,151,68
561,151,77
562,151,83
563,151,84
564,151,112
565,151,158
566,151,148
567,151,69
568,151,83
569,151,100
570,151,101
571,151,94
572,151,118
573,151,143
490,152,78
491,152,78
492,152,78
493,152,78
494,152,65
495,152,62
496,152,62
497,152,70
498,152,134
499,152,102
500,152,88
501,152,61
502,152,56
503,152,72
504,152,90
505,152,58
506,152,47
507,152,57
508,152,59
509,152,44
510,152,42
511,152,44
512,152,48
513,152,66
514,152,65
515,152,60
516,152,59
517,152,59
518,152,59
519,152,53
520,152,68
521,152,51
522,152,41
523,152,37
524,152,100
525,152,5
526,152,21
527,152,26
528,152,33
529,152,63
530,152,58
531,152,52
532,152,52
533,152,52
534,152,52
535,152,51
536,152,36
537,152,40
538,152,63
539,152,61
540,152,56
541,152,56
542,152,56
543,152,71
544,152,84
545,152,84
546,152,61
547,152,55
548,152,74
549,152,72
550,152,58
551,152,160
552,152,172
553,152,172
554,152,172
555,152,105
556,152,79
557,152,68
558,152,66
559,152,64
560,152,67
561,152,71
562,152,78
563,152,84
564,152,83
565,152,106
566,152,102
567,152,135
568,152,90
569,152,106
570,152,91
571,152,85
572,152,149
573,152,175
490,153,78
491,153,74
492,153,53
493,153,57
494,153,75
495,153,67
496,153,62
497,153,62
498,153,62
499,153,61
500,153,59
501,153,56
502,153,70
503,153,72
504,153,77
505,153,59
506,153,57
507,153,59
508,153,59
509,153,42
510,153,42
511,153,44
512,153,51
513,153,66
514,153,62
515,153,57
516,153,59
517,153,59
518,153,56
519,153,38
520,153,38
521,153,35
522,153,34
523,153,40
524,153,1
525,153,10
526,153,31
527,153,34
528,153,65
529,153,68
530,153,54
531,153,37
532,153,37
533,153,48
534,153,49
535,153,46
536,153,47
537,153,53
538,153,63
539,153,60
540,153,53
541,153,38
542,153,36
543,153,74
544,153,84
545,153,83
546,153,56
547,153,54
548,153,72
549,153,72
550,153,60
551,153,165
552,153,172
553,153,172
554,153,172
555,153,101
556,153,80
557,153,80
558,153,96
559,153,73
560,153,72
561,153,72
562,153,73
563,153,83
564,153,79
565,153,78
566,153,78
567,153,169
568,153,185
569,153,163
570,153,111
571,153,74
572,153,141
573,153,261
490,154,77
491,154,41
492,154,32
493,154,32
494,154,35
495,154,39
496,154,59
497,154,61
498,154,59
499,154,56
500,154,56
501,154,61
502,154,72
503,154,72
504,154,72
505,154,72
506,154,72
507,154,63
508,154,57
509,154,40
510,154,44
511,154,45
512,154,58
513,154,66
514,154,62
515,154,67
516,154,81
517,154,105
518,154,72
519,154,37
520,154,37
521,154,34
522,154,34
523,154,44
524,154,5
525,154,14
526,154,53
527,154,51
528,154,68
529,154,68
530,154,42
531,154,25
532,154,36
533,154,46
534,154,44
535,154,41
536,154,50
537,154,37
538,154,63
539,154,56
540,154,34
541,154,26
542,154,27
543,154,77
544,154,84
545,154,84
546,154,58
547,154,56
548,154,74
549,154,71
550,154,58
551,154,162
552,154,172
553,154,172
554,154,162
555,154,89
556,154,80
557,154,81
558,154,97
559,154,78
560,154,72
561,154,72
562,154,72
563,154,76
564,154,78
565,154,77
566,154,76
567,154,183
568,154,197
569,154,163
570,154,43
571,154,112
572,154,178
573,154,590
490,155,24
491,155,33
492,155,32
493,155,32
494,155,32
495,155,40
496,155,55
497,155,56
498,155,56
499,155,56
500,155,56
501,155,66
502,155,72
503,155,72
504,155,72
505,155,72
506,155,69
507,155,60
508,155,43
509,155,49
510,155,43
511,155,44
512,155,58
513,155,64
514,155,57
515,155,75
516,155,124
517,155,124
518,155,118
519,155,63
520,155,37
521,155,34
522,155,38
523,155,46
524,155,9
525,155,13
526,155,55
527,155,55
528,155,67
529,155,68
530,155,41
531,155,25
532,155,36
533,155,46
534,155,37
535,155,46
536,155,38
537,155,26
538,155,59
539,155,43
540,155,26
541,155,26
542,155,27
543,155,81
544,155,84
545,155,79
546,155,54
547,155,63
548,155,74
549,155,68
550,155,58
551,155,167
552,155,172
553,155,172
554,155,139
555,155,80
556,155,80
557,155,86
558,155,99
559,155,96
560,155,72
561,155,72
562,155,72
563,155,68
564,155,59
565,155,71
566,155,139
567,155,235
568,155,197
569,155,135
570,155,116
571,155,97
572,155,110
573,155,527
490,156,11
491,156,32
492,156,32
493,156,32
494,156,38
495,156,55
496,156,56
497,156,56
498,156,56
499,156,56
500,156,56
501,156,62
502,156,66
503,156,72
504,156,72
505,156,67
506,156,60
507,156,60
508,156,44
509,156,59
510,156,45
511,156,51
512,156,60
513,156,60
514,156,55
515,156,71
516,156,119
517,156,116
518,156,95
519,156,66
520,156,43
521,156,34
522,156,40
523,156,46
524,156,19
525,156,28
526,156,55
527,156,55
528,156,57
529,156,60
530,156,32
531,156,32
532,156,46
533,156,46
534,156,37
535,156,48
536,156,26
537,156,22
538,156,26
539,156,25
540,156,26
541,156,27
542,156,36
543,156,64
544,156,63
545,156,61
546,156,54
547,156,69
548,156,72
549,156,58
550,156,58
551,156,121
552,156,156
553,156,172
554,156,118
555,156,80
556,156,80
557,156,85
558,156,97
559,156,99
560,156,82
561,156,72
562,156,72
563,156,54
564,156,64
565,156,83
566,156,143
567,156,249
568,156,193
569,156,135
570,156,135
571,156,65
572,156,68
573,156,81
490,157,1
491,157,27
492,157,32
493,157,32
494,157,52
495,157,56
496,157,56
497,157,56
498,157,56
499,157,56
500,157,56
501,157,56
502,157,56
503,157,63
504,157,55
505,157,61
506,157,48
507,157,52
508,157,61
509,157,62
510,157,61
511,157,63
512,157,60
513,157,63
514,157,75
515,157,123
516,157,124
517,157,86
518,157,60
519,157,60
520,157,159
521,157,128
522,157,54
523,157,46
524,157,46
525,157,46
526,157,51
527,157,51
528,157,52
529,157,37
530,157,37
531,157,37
532,157,39
533,157,46
534,157,57
535,157,49
536,157,21
537,157,19
538,157,19
539,157,20
540,157,26
541,157,28
542,157,35
543,157,30
544,157,29
545,157,45
546,157,65
547,157,74
548,157,62
549,157,58
550,157,61
551,157,67
552,157,78
553,157,131
554,157,102
555,157,73
556,157,68
557,157,80
558,157,75
559,157,91
560,157,81
561,157,72
562,157,72
563,157,58
564,157,56
565,157,90
566,157,69
567,157,206
568,157,206
569,157,135
570,157,117
571,157,51
572,157,72
573,157,65
490,158,0
491,158,36
492,158,46
493,158,49
494,158,73
495,158,70
496,158,56
497,158,56
498,158,56
499,158,56
500,158,56
501,158,56
502,158,52
503,158,40
504,158,38
505,158,46
506,158,33
507,158,42
508,158,62
509,158,63
510,158,63
511,158,60
512,158,38
513,158,39
514,158,66
515,158,124
516,158,123
517,158,65
518,158,60
519,158,88
520,158,180
521,158,180
522,158,120
523,158,46
524,158,46
525,158,46
526,158,46
527,158,34
528,158,32
529,158,37
530,158,37
531,158,37
532,158,37
533,158,49
534,158,65
535,158,65
536,158,45
537,158,19
538,158,19
539,158,19
540,158,28
541,158,28
542,158,29
543,158,29
544,158,29
545,158,59
546,158,67
547,158,67
548,158,58
549,158,58
550,158,66
551,158,67
552,158,67
553,158,64
554,158,53
555,158,53
556,158,53
557,158,81
558,158,72
559,158,72
560,158,72
561,158,72
562,158,72
563,158,64
564,158,53
565,158,60
566,158,72
567,158,85
568,158,56
569,158,98
570,158,102
571,158,55
572,158,72
573,158,69
490,159,2
491,159,50
492,159,50
493,159,50
494,159,68
495,159,74
496,159,57
497,159,56
498,159,57
499,159,57
500,159,57
501,159,58
502,159,40
503,159,38
504,159,38
505,159,34
506,159,30
507,159,27
508,159,54
509,159,64
510,159,63
511,159,63
512,159,50
513,159,35
514,159,35
515,159,64
516,159,103
517,159,59
518,159,67
519,159,137
520,159,180
521,159,180
522,159,169
523,159,57
524,159,46
525,159,46
526,159,45
527,159,29
528,159,35
529,159,54
530,159,37
531,159,37
532,159,37
533,159,52
534,159,58
535,159,58
536,159,44
537,159,19
538,159,19
539,159,19
540,159,28
541,159,29
542,159,33
543,159,35
544,159,29
545,159,62
546,159,67
547,159,67
548,159,65
549,159,50
550,159,60
551,159,57
552,159,67
553,159,67
554,159,54
555,159,52
556,159,54
557,159,85
558,159,74
559,159,72
560,159,72
561,159,72
562,159,72
563,159,64
564,159,59
565,159,54
566,159,62
567,159,57
568,159,48
569,159,97
570,159,118
571,159,66
572,159,72
573,159,67
490,160,21
491,160,51
492,160,50
493,160,50
494,160,53
495,160,57
496,160,54
497,160,57
498,160,57
499,160,57
500,160,57
501,160,76
502,160,87
503,160,57
504,160,54
505,160,55
506,160,60
507,160,55
508,160,74
509,160,73
510,160,63
511,160,63
512,160,63
513,160,58
514,160,41
515,160,35
516,160,36
517,160,46
518,160,136
519,160,180
520,160,180
521,160,180
522,160,174
523,160,142
524,160,39
525,160,46
526,160,41
527,160,28
528,160,111
529,160,138
530,160,72
531,160,37
532,160,34
533,160,30
534,160,27
535,160,159
536,160,19
537,160,19
538,160,19
539,160,21
540,160,29
541,160,29
542,160,50
543,160,57
544,160,29
545,160,39
546,160,60
547,160,65
548,160,63
549,160,47
550,160,45
551,160,47
552,160,56
553,160,50
554,160,45
555,160,49
556,160,71
557,160,71
558,160,64
559,160,61
560,160,56
561,160,58
562,160,58
563,160,62
564,160,62
565,160,58
566,160,62
567,160,61
568,160,60
569,160,71
570,160,110
571,160,92
572,160,70
573,160,68
490,161,70
491,161,82
492,161,72
493,161,60
494,161,51
495,161,50
496,161,50
497,161,51
498,161,51
499,161,52
500,161,55
501,161,73
502,161,109
503,161,104
504,161,79
505,161,64
506,161,61
507,161,63
508,161,74
509,161,72
510,161,63
511,161,63
512,161,63
513,161,69
514,161,128
515,161,70
516,161,39
517,161,38
518,161,144
519,161,180
520,161,180
521,161,178
522,161,172
523,161,64
524,161,77
525,161,68
526,161,63
527,161,43
528,161,133
529,161,117
530,161,111
531,161,86
532,161,30
533,161,27
534,161,38
535,161,259
536,161,150
537,161,22
538,161,26
539,161,39
540,161,36
541,161,44
542,161,53
543,161,63
544,161,36
545,161,29
546,161,58
547,161,59
548,161,61
549,161,51
550,161,45
551,161,45
552,161,45
553,161,45
554,161,45
555,161,44
556,161,42
557,161,39
558,161,48
559,161,36
560,161,34
561,161,34
562,161,40
563,161,52
564,161,54
565,161,53
566,161,60
567,161,60
568,161,62
569,161,61
570,161,62
571,161,50
572,161,40
573,161,43
490,162,83
491,162,83
492,162,83
493,162,83
494,162,80
495,162,54
496,162,50
497,162,50
498,162,50
499,162,50
500,162,50
501,162,105
502,162,109
503,162,109
504,162,109
505,162,104
506,162,106
507,162,88
508,162,74
509,162,74
510,162,67
511,162,70
512,162,122
513,162,144
514,162,276
515,162,268
516,162,129
517,162,26
518,162,68
519,162,178
520,162,179
521,162,173
522,162,137
523,162,23
524,162,126
525,162,141
526,162,153
527,162,152
528,162,77
529,162,112
530,162,113
531,162,270
532,162,98
533,162,27
534,162,153
535,162,256
536,162,65
537,162,30
538,162,31
539,162,51
540,162,58
541,162,71
542,162,68
543,162,63
544,162,57
545,162,31
546,162,54
547,162,60
548,162,60
549,162,48
550,162,45
551,162,45
552,162,45
553,162,47
554,162,67
555,162,56
556,162,39
557,162,39
558,162,47
559,162,38
560,162,36
561,162,47
562,162,52
563,162,48
564,162,46
565,162,42
566,162,59
567,162,62
568,162,63
569,162,63
570,162,62
571,162,42
572,162,37
573,162,37
490,163,83
491,163,83
492,163,83
493,163,83
494,163,83
495,163,56
496,163,50
497,163,50
498,163,50
499,163,59
500,163,75
501,163,109
502,163,109
503,163,109
504,163,109
505,163,109
506,163,148
507,163,165
508,163,100
509,163,74
510,163,74
511,163,83
512,163,139
513,163,139
514,163,230
515,163,336
516,163,242
517,163,15
518,163,34
519,163,130
520,163,173
521,163,171
522,163,59
523,163,49
524,163,136
525,163,142
526,163,151
527,163,163
528,163,59
529,163,84
530,163,118
531,163,307
532,163,292
533,163,197
534,163,54
535,163,30
536,163,30
537,163,30
538,163,38
539,163,53
540,163,54
541,163,70
542,163,82
543,163,95
544,163,93
545,163,84
546,163,59
547,163,59
548,163,59
549,163,48
550,163,44
551,163,39
552,163,39
553,163,83
554,163,90
555,163,55
556,163,46
557,163,39
558,163,41
559,163,46
560,163,43
561,163,40
562,163,40
563,163,48
564,163,48
565,163,44
566,163,45
567,163,59
568,163,61
569,163,58
570,163,52
571,163,36
572,163,36
573,163,66
490,164,67
491,164,82
492,164,83
493,164,83
494,164,79
495,164,50
496,164,50
497,164,50
498,164,62
499,164,91
500,164,109
501,164,109
502,164,109
503,164,109
504,164,109
505,164,109
506,164,132
507,164,165
508,164,112
509,164,74
510,164,74
511,164,74
512,164,99
513,164,139
514,164,179
515,164,336
516,164,250
517,164,51
518,164,60
519,164,82
520,164,154
521,164,137
522,164,19
523,164,92
524,164,137
525,164,143
526,164,150
527,164,163
528,164,66
529,164,98
530,164,150
531,164,314
532,164,314
533,164,312
534,164,222
535,164,69
536,164,30
537,164,34
538,164,53
539,164,53
540,164,63
541,164,79
542,164,82
543,164,114
544,164,103
545,164,92
546,164,59
547,164,59
548,164,59
549,164,49
550,164,10
551,164,6
552,164,8
553,164,83
554,164,90
555,164,73
556,164,63
557,164,45
558,164,39
559,164,52
560,164,52
561,164,32
562,164,28
563,164,48
564,164,48
565,164,48
566,164,39
567,164,48
568,164,53
569,164,53
570,164,53
571,164,38
572,164,42
573,164,231
490,165,47
491,165,51
492,165,71
493,165,83
494,165,76
495,165,50
496,165,50
497,165,67
498,165,117
499,165,109
500,165,109
501,165,109
502,165,109
503,165,109
504,165,109
505,165,109
506,165,114
507,165,156
508,165,114
509,165,74
510,165,74
511,165,74
512,165,75
513,165,137
514,165,263
515,165,336
516,165,267
517,165,83
518,165,233
519,165,75
520,165,79
521,165,54
522,165,48
523,165,134
524,165,140
525,165,143
526,165,153
527,165,163
528,165,57
529,165,112
530,165,199
531,165,314
532,165,314
533,165,314
534,165,314
535,165,245
536,165,30
537,165,41
538,165,53
539,165,60
540,165,88
541,165,153
542,165,188
543,165,84
544,165,59
545,165,82
546,165,59
547,165,59
548,165,59
549,165,58
550,165,9
551,165,20
552,165,33
553,165,87
554,165,90
555,165,69
556,165,64
557,165,60
558,165,45
559,165,52
560,165,49
561,165,44
562,165,38
563,165,48
564,165,48
565,165,48
566,165,36
567,165,35
568,165,49
569,165,50
570,165,47
571,165,133
572,165,426
573,165,529
490,166,47
491,166,48
492,166,75
493,166,86
494,166,85
495,166,63
496,166,74
497,166,120
498,166,132
499,166,128
500,166,115
501,166,109
502,166,109
503,166,109
504,166,109
505,166,110
506,166,116
507,166,157
508,166,130
509,166,104
510,166,74
511,166,74
512,166,75
513,166,122
514,166,293
515,166,336
516,166,254
517,166,161
518,166,354
519,166,243
520,166,79
521,166,42
522,166,64
523,166,119
524,166,129
525,166,142
526,166,156
527,166,148
528,166,67
529,166,113
530,166,250
531,166,314
532,166,314
533,166,314
534,166,314
535,166,314
536,166,84
537,166,45
538,166,56
539,166,77
540,166,90
541,166,191
542,166,212
543,166,113
544,166,59
545,166,59
546,166,59
547,166,61
548,166,75
549,166,95
550,166,72
551,166,90
552,166,90
553,166,84
554,166,76
555,166,66
556,166,62
557,166,59
558,166,43
559,166,46
560,166,41
561,166,42
562,166,49
563,166,48
564,166,48
565,166,43
566,166,33
567,166,33
568,166,38
569,166,41
570,166,41
571,166,252
572,166,511
573,166,529
490,167,47
491,167,62
492,167,87
493,167,87
494,167,87
495,167,95
496,167,130
497,167,133
498,167,133
499,167,133
500,167,122
501,167,108
502,167,109
503,167,108
504,167,109
505,167,111
506,167,76
507,167,151
508,167,159
509,167,167
510,167,84
511,167,74
512,167,110
513,167,152
514,167,196
515,167,307
516,167,285
517,167,307
518,167,361
519,167,361
520,167,311
521,167,170
522,167,147
523,167,143
524,167,106
525,167,106
526,167,117
527,167,280
528,167,348
529,167,307
530,167,313
531,167,314
532,167,314
533,167,314
534,167,314
535,167,297
536,167,120
537,167,82
538,167,82
539,167,88
540,167,115
541,167,211
542,167,212
543,167,196
544,167,121
545,167,63
546,167,74
547,167,109
548,167,115
549,167,115
550,167,95
551,167,88
552,167,74
553,167,64
554,167,63
555,167,62
556,167,60
557,167,59
558,167,47
559,167,42
560,167,38
561,167,39
562,167,49
563,167,48
564,167,44
565,167,46
566,167,54
567,167,57
568,167,53
569,167,42
570,167,41
571,167,125
572,167,374
573,167,500
490,168,51
491,168,84
492,168,87
493,168,87
494,168,87
495,168,87
496,168,105
497,168,133
498,168,133
499,168,133
500,168,130
501,168,94
502,168,86
503,168,88
504,168,108
505,168,112
506,168,87
507,168,101
508,168,184
509,168,186
510,168,159
511,168,102
512,168,145
513,168,150
514,168,160
515,168,241
516,168,294
517,168,310
518,168,361
519,168,361
520,168,361
521,168,361
522,168,239
523,168,216
524,168,180
525,168,134
526,168,291
527,168,366
528,168,366
529,168,366
530,168,330
531,168,314
532,168,314
533,168,314
534,168,282
535,168,116
536,168,84
537,168,84
538,168,84
539,168,88
540,168,182
541,168,212
542,168,212
543,168,202
544,168,160
545,168,84
546,168,74
547,168,77
548,168,84
549,168,115
550,168,82
551,168,68
552,168,65
553,168,62
554,168,63
555,168,62
556,168,59
557,168,59
558,168,58
559,168,46
560,168,42
561,168,49
562,168,67
563,168,46
564,168,43
565,168,56
566,168,59
567,168,59
568,168,59
569,168,54
570,168,153
571,168,409
572,168,415
573,168,563
490,169,49
491,169,82
492,169,87
493,169,87
494,169,69
495,169,76
496,169,82
497,169,128
498,169,133
499,169,133
500,169,133
501,169,110
502,169,81
503,169,102
504,169,201
505,169,113
506,169,78
507,169,52
508,169,155
509,169,179
510,169,186
511,169,186
512,169,218
513,169,248
514,169,258
515,169,279
516,169,293
517,169,310
518,169,361
519,169,361
520,169,361
521,169,346
522,169,192
523,169,183
524,169,202
525,169,216
526,169,336
527,169,366
528,169,366
529,169,355
530,169,316
531,169,314
532,169,314
533,169,314
534,169,76
535,169,29
536,169,84
537,169,84
538,169,84
539,169,176
540,169,212
541,169,212
542,169,211
543,169,172
544,169,162
545,169,73
546,169,83
547,169,61
548,169,60
549,169,99
550,169,92
551,169,68
552,169,68
553,169,68
554,169,68
555,169,68
556,169,61
557,169,62
558,169,62
559,169,58
560,169,59
561,169,63
562,169,95
563,169,123
564,169,123
565,169,87
566,169,59
567,169,57
568,169,56
569,169,56
570,169,71
571,169,248
572,169,389
573,169,375
490,170,47
491,170,57
492,170,84
493,170,59
494,170,49
495,170,77
496,170,80
497,170,124
498,170,133
499,170,133
500,170,133
501,170,120
502,170,116
503,170,183
504,170,315
505,170,224
506,170,81
507,170,61
508,170,70
509,170,124
510,170,183
511,170,139
512,170,212
513,170,279
514,170,279
515,170,249
516,170,207
517,170,194
518,170,306
519,170,361
520,170,361
521,170,300
522,170,164
523,170,164
524,170,164
525,170,167
526,170,267
527,170,360
528,170,357
529,170,337
530,170,331
531,170,316
532,170,454
533,170,1360
534,170,9
535,170,45
536,170,84
537,170,115
538,170,332
539,170,295
540,170,212
541,170,212
542,170,199
543,170,165
544,170,165
545,170,152
546,170,136
547,170,87
548,170,57
549,170,128
550,170,145
551,170,87
552,170,78
553,170,69
554,170,68
555,170,68
556,170,65
557,170,65
558,170,59
559,170,61
560,170,63
561,170,63
562,170,105
563,170,123
564,170,121
565,170,66
566,170,56
567,170,53
568,170,53
569,170,53
570,170,56
571,170,90
572,170,138
573,170,154
490,171,47
491,171,48
492,171,50
493,171,47
494,171,48
495,171,77
496,171,80
497,171,113
498,171,133
499,171,133
500,171,133
501,171,131
502,171,122
503,171,253
504,171,268
505,171,252
506,171,79
507,171,76
508,171,90
509,171,124
510,171,119
511,171,106
512,171,195
513,171,277
514,171,244
515,171,204
516,171,162
517,171,29
518,171,2
519,171,77
520,171,191
521,171,289
522,171,164
523,171,164
524,171,164
525,171,164
526,171,350
527,171,429
528,171,426
529,171,416
530,171,408
531,171,3687
532,171,5235
533,171,2478
534,171,299
535,171,403
536,171,340
537,171,374
538,171,437
539,171,418
540,171,255
541,171,179
542,171,59
543,171,145
544,171,158
545,171,136
546,171,130
547,171,98
548,171,57
549,171,114
550,171,199
551,171,108
552,171,107
553,171,101
554,171,75
555,171,67
556,171,65
557,171,60
558,171,54
559,171,59
560,171,63
561,171,63
562,171,115
563,171,162
564,171,768
565,171,254
566,171,42
567,171,44
568,171,53
569,171,53
570,171,53
571,171,53
572,171,60
573,171,88
490,172,47
491,172,47
492,172,47
493,172,146
494,172,124
495,172,77
496,172,80
497,172,82
498,172,110
499,172,132
500,172,114
501,172,97
502,172,149
503,172,312
504,172,91
505,172,114
506,172,92
507,172,101
508,172,126
509,172,128
510,172,119
511,172,109
512,172,109
513,172,193
514,172,415
515,172,511
516,172,42
517,172,107
518,172,126
519,172,43
520,172,0
521,172,250
522,172,335
523,172,284
524,172,348
525,172,262
526,172,720
527,172,659
528,172,627
529,172,636
530,172,627
531,172,4658
532,172,4505
533,172,1574
534,172,1044
535,172,437
536,172,437
537,172,437
538,172,437
539,172,436
540,172,248
541,172,53
542,172,76
543,172,146
544,172,124
545,172,127
546,172,129
547,172,119
548,172,94
549,172,86
550,172,206
551,172,239
552,172,194
553,172,173
554,172,123
555,172,100
556,172,66
557,172,65
558,172,57
559,172,71
560,172,80
561,172,84
562,172,121
563,172,177
564,172,1539
565,172,694
566,172,40
567,172,39
568,172,41
569,172,53
570,172,53
571,172,53
572,172,53
573,172,44
490,173,47
491,173,47
492,173,47
493,173,312
494,173,533
495,173,256
496,173,142
497,173,80
498,173,80
499,173,97
500,173,91
501,173,91
502,173,233
503,173,284
504,173,92
505,173,87
506,173,87
507,173,107
508,173,125
509,173,127
510,173,128
511,173,124
512,173,347
513,173,524
514,173,535
515,173,534
516,173,469
517,173,346
518,173,478
519,173,259
520,173,292
521,173,356
522,173,422
523,173,604
524,173,732
525,173,732
526,173,732
527,173,616
528,173,651
529,173,1910
530,173,2064
531,173,4119
532,173,1329
533,173,1574
534,173,1248
535,173,438
536,173,437
537,173,437
538,173,437
539,173,312
540,173,163
541,173,83
542,173,145
543,173,146
544,173,147
545,173,152
546,173,153
547,173,153
548,173,153
549,173,153
550,173,164
551,173,257
552,173,264
553,173,264
554,173,262
555,173,242
556,173,126
557,173,57
558,173,85
559,173,118
560,173,118
561,173,120
562,173,123
563,173,700
564,173,1615
565,173,1086
566,173,78
567,173,39
568,173,39
569,173,53
570,173,53
571,173,53
572,173,52
573,173,29
490,174,47
491,174,56
492,174,80
493,174,251
494,174,468
495,174,541
496,174,472
497,174,100
498,174,80
499,174,83
500,174,91
501,174,110
502,174,161
503,174,101
504,174,87
505,174,87
506,174,87
507,174,95
508,174,114
509,174,125
510,174,126
511,174,266
512,174,449
513,174,485
514,174,485
515,174,452
516,174,481
517,174,869
518,174,1323
519,174,329
520,174,329
521,174,412
522,174,422
523,174,444
524,174,700
525,174,732
526,174,687
527,174,550
528,174,1016
529,174,2177
530,174,4686
531,174,5296
532,174,2979
533,174,1574
534,174,1569
535,174,1421
536,174,497
537,174,437
538,174,428
539,174,228
540,174,156
541,174,146
542,174,146
543,174,146
544,174,146
545,174,152
546,174,153
547,174,153
548,174,153
549,174,153
550,174,161
551,174,181
552,174,234
553,174,264
554,174,264
555,174,145
556,174,54
557,174,54
558,174,85
559,174,118
560,174,118
561,174,122
562,174,118
563,174,483
564,174,1217
565,174,969
566,174,347
567,174,38
568,174,42
569,174,53
570,174,53
571,174,52
572,174,45
573,174,27
490,175,92
491,175,96
492,175,97
493,175,245
494,175,403
495,175,468
496,175,528
497,175,531
498,175,254
499,175,99
500,175,106
501,175,146
502,175,131
503,175,87
504,175,88
505,175,95
506,175,102
507,175,103
508,175,103
509,175,122
510,175,142
511,175,237
512,175,292
513,175,358
514,175,381
515,175,439
516,175,696
517,175,1414
518,175,1281
519,175,329
520,175,329
521,175,388
522,175,391
523,175,432
524,175,750
525,175,863
526,175,594
527,175,547
528,175,1341
529,175,2192
530,175,5076
531,175,5296
532,175,4105
533,175,1574
534,175,1574
535,175,1689
536,175,1692
537,175,731
538,175,311
539,175,161
540,175,192
541,175,136
542,175,145
543,175,146
544,175,147
545,175,149
546,175,140
547,175,143
548,175,153
549,175,164
550,175,189
551,175,189
552,175,189
553,175,246
554,175,264
555,175,115
556,175,54
557,175,54
558,175,84
559,175,117
560,175,120
561,175,119
562,175,55
563,175,31
564,175,22
565,175,32
566,175,30
567,175,18
568,175,23
569,175,39
570,175,52
571,175,39
572,175,27
573,175,27
490,176,97
491,176,97
492,176,97
493,176,254
494,176,402
495,176,402
496,176,521
497,176,583
498,176,418
499,176,119
500,176,110
501,176,148
502,176,139
503,176,90
504,176,97
505,176,103
506,176,103
507,176,103
508,176,106
509,176,122
510,176,197
511,176,240
512,176,240
513,176,240
514,176,240
515,176,387
516,176,455
517,176,1114
518,176,1124
519,176,398
520,176,782
521,176,347
522,176,307
523,176,653
524,176,957
525,176,957
526,176,1017
527,176,547
528,176,581
529,176,1726
530,176,5138
531,176,4381
532,176,2991
533,176,1574
534,176,1574
535,176,2074
536,176,2394
537,176,2341
538,176,1116
539,176,1101
540,176,567
541,176,199
542,176,381
543,176,372
544,176,173
545,176,125
546,176,109
547,176,126
548,176,137
549,176,136
550,176,176
551,176,188
552,176,189
553,176,220
554,176,264
555,176,161
556,176,54
557,176,53
558,176,53
559,176,76
560,176,118
561,176,150
562,176,79
563,176,32
564,176,22
565,176,32
566,176,29
567,176,17
568,176,17
569,176,18
570,176,37
571,176,27
572,176,27
573,176,27
490,177,97
491,177,97
492,177,69
493,177,17
494,177,217
495,177,665
496,177,937
497,177,609
498,177,146
499,177,119
500,177,98
501,177,142
502,177,100
503,177,88
504,177,86
505,177,103
506,177,103
507,177,104
508,177,110
509,177,122
510,177,149
511,177,240
512,177,240
513,177,240
514,177,259
515,177,401
516,177,540
517,177,1191
518,177,659
519,177,852
520,177,1115
521,177,561
522,177,296
523,177,785
524,177,957
525,177,1277
526,177,7759
527,177,4684
528,177,2607
529,177,2965
530,177,5254
531,177,7554
532,177,7071
533,177,1747
534,177,1574
535,177,2130
536,177,2600
537,177,4697
538,177,2985
539,177,2985
540,177,2619
541,177,457
542,177,1040
543,177,1214
544,177,181
545,177,178
546,177,165
547,177,109
548,177,81
549,177,81
550,177,81
551,177,96
552,177,136
553,177,199
554,177,251
555,177,119
556,177,53
557,177,53
558,177,53
559,177,50
560,177,176
561,177,189
562,177,107
563,177,36
564,177,22
565,177,30
566,177,31
567,177,18
568,177,17
569,177,17
570,177,24
571,177,27
572,177,27
573,177,27
490,178,97
491,178,82
492,178,39
493,178,29
494,178,132
495,178,970
496,178,710
497,178,201
498,178,136
499,178,127
500,178,97
501,178,113
502,178,84
503,178,71
504,178,80
505,178,173
506,178,166
507,178,145
508,178,111
509,178,117
510,178,119
511,178,159
512,178,111
513,178,91
514,178,247
515,178,338
516,178,1146
517,178,641
518,178,515
519,178,703
520,178,805
521,178,1003
522,178,911
523,178,1051
524,178,1135
525,178,2263
526,178,3193
527,178,8861
528,178,11992
529,178,9682
530,178,5691
531,178,10047
532,178,16658
533,178,14097
534,178,7779
535,178,2955
536,178,3227
537,178,4375
538,178,2930
539,178,2985
540,178,2166
541,178,482
542,178,2008
543,178,2046
544,178,181
545,178,181
546,178,181
547,178,116
548,178,81
549,178,81
550,178,81
551,178,66
552,178,46
553,178,109
554,178,83
555,178,54
556,178,53
557,178,53
558,178,53
559,178,52
560,178,185
561,178,189
562,178,94
563,178,39
564,178,22
565,178,29
566,178,31
567,178,18
568,178,18
569,178,17
570,178,21
571,178,27
572,178,27
573,178,27
490,179,93
491,179,68
492,179,37
493,179,54
494,179,79
495,179,276
496,179,164
497,179,165
498,179,167
499,179,126
500,179,113
501,179,113
502,179,88
503,179,71
504,179,71
505,179,190
506,179,230
507,179,276
508,179,111
509,179,176
510,179,154
511,179,26
512,179,236
513,179,236
514,179,1
515,179,192
516,179,455
517,179,512
518,179,512
519,179,411
520,179,265
521,179,726
522,179,1068
523,179,1079
524,179,2156
525,179,2803
526,179,4954
527,179,7135
528,179,13879
529,179,8943
530,179,6019
531,179,24948
532,179,24473
533,179,15786
534,179,9569
535,179,3456
536,179,3394
537,179,2911
538,179,2936
539,179,2916
540,179,1366
541,179,1074
542,179,2279
543,179,2413
544,179,473
545,179,181
546,179,181
547,179,110
548,179,81
549,179,81
550,179,81
551,179,43
552,179,19
553,179,28
554,179,59
555,179,61
556,179,61
557,179,57
558,179,53
559,179,47
560,179,53
561,179,159
562,179,66
563,179,64
564,179,42
565,179,28
566,179,27
567,179,21
568,179,20
569,179,20
570,179,22
571,179,26
572,179,27
573,179,27
490,180,85
491,180,63
492,180,73
493,180,84
494,180,84
495,180,117
496,180,129
497,180,107
498,180,167
499,180,121
500,180,113
501,180,103
502,180,76
503,180,71
504,180,73
505,180,325
506,180,342
507,180,351
508,180,180
509,180,212
510,180,212
511,180,152
512,180,3
513,180,236
514,180,58
515,180,279
516,180,504
517,180,512
518,180,512
519,180,282
520,180,264
521,180,463
522,180,1068
523,180,1210
524,180,2371
525,180,3200
526,180,6138
527,180,11863
528,180,13926
529,180,41713
530,180,21319
531,180,24369
532,180,26451
533,180,23258
534,180,30508
535,180,14186
536,180,6268
537,180,3497
538,180,2885
539,180,1729
540,180,568
541,180,568
542,180,648
543,180,1015
544,180,2034
545,180,181
546,180,181
547,180,108
548,180,81
549,180,81
550,180,80
551,180,52
552,180,44
553,180,19
554,180,25
555,180,54
556,180,61
557,180,61
558,180,58
559,180,43
560,180,41
561,180,66
562,180,75
563,180,74
564,180,74
565,180,39
566,180,22
567,180,22
568,180,22
569,180,23
570,180,24
571,180,24
572,180,25
573,180,24
490,181,88
491,181,71
492,181,70
493,181,84
494,181,84
495,181,111
496,181,123
497,181,90
498,181,89
499,181,74
500,181,111
501,181,100
502,181,71
503,181,71
504,181,118
505,181,324
506,181,350
507,181,351
508,181,240
509,181,212
510,181,212
511,181,212
512,181,96
513,181,16
514,181,145
515,181,323
516,181,512
517,181,512
518,181,512
519,181,294
520,181,264
521,181,662
522,181,1068
523,181,2002
524,181,2453
525,181,2931
526,181,3678
527,181,16615
528,181,19916
529,181,23880
530,181,7794
531,181,48945
532,181,47188
533,181,50514
534,181,29084
535,181,4657
536,181,8075
537,181,4446
538,181,1671
539,181,763
540,181,568
541,181,551
542,181,200
543,181,279
544,181,1598
545,181,1263
546,181,166
547,181,119
548,181,84
549,181,79
550,181,78
551,181,57
552,181,49
553,181,34
554,181,29
555,181,48
556,181,61
557,181,61
558,181,65
559,181,54
560,181,64
561,181,49
562,181,74
563,181,74
564,181,74
565,181,66
566,181,32
567,181,24
568,181,23
569,181,24
570,181,24
571,181,24
572,181,22
573,181,21
490,182,95
491,182,48
492,182,68
493,182,79
494,182,84
495,182,108
496,182,117
497,182,88
498,182,80
499,182,112
500,182,96
501,182,99
502,182,71
503,182,71
504,182,137
505,182,328
506,182,348
507,182,351
508,182,231
509,182,212
510,182,196
511,182,169
512,182,103
513,182,47
514,182,83
515,182,222
516,182,330
517,182,425
518,182,406
519,182,175
520,182,239
521,182,477
522,182,936
523,182,1933
524,182,6224
525,182,2639
526,182,14928
527,182,20573
528,182,16885
529,182,8821
530,182,10941
531,182,31425
532,182,44362
533,182,27880
534,182,18816
535,182,8197
536,182,2480
537,182,1878
538,182,873
539,182,568
540,182,568
541,182,444
542,182,160
543,182,160
544,182,158
545,182,195
546,182,158
547,182,158
548,182,97
549,182,79
550,182,78
551,182,76
552,182,55
553,182,49
554,182,49
555,182,53
556,182,69
557,182,62
558,182,70
559,182,70
560,182,70
561,182,69
562,182,74
563,182,74
564,182,74
565,182,54
566,182,47
567,182,45
568,182,25
569,182,24
570,182,21
571,182,17
572,182,15
573,182,22
490,183,112
491,183,55
492,183,75
493,183,70
494,183,84
495,183,102
496,183,120
497,183,88
498,183,84
499,183,112
500,183,108
501,183,94
502,183,71
503,183,71
504,183,186
505,183,338
506,183,351
507,183,351
508,183,296
509,183,152
510,183,52
511,183,50
512,183,50
513,183,52
514,183,58
515,183,58
516,183,17
517,183,53
518,183,110
519,183,55
520,183,108
521,183,119
522,183,104
523,183,104
524,183,370
525,183,2812
526,183,15077
527,183,15430
528,183,10969
529,183,9574
530,183,10209
531,183,7583
532,183,14600
533,183,23561
534,183,17420
535,183,15232
536,183,5242
537,183,1183
538,183,570
539,183,568
540,183,568
541,183,339
542,183,160
543,183,160
544,183,158
545,183,158
546,183,158
547,183,158
548,183,100
549,183,79
550,183,79
551,183,78
552,183,77
553,183,58
554,183,49
555,183,49
556,183,73
557,183,52
558,183,62
559,183,70
560,183,70
561,183,70
562,183,74
563,183,74
564,183,73
565,183,47
566,183,47
567,183,45
568,183,24
569,183,21
570,183,15
571,183,19
572,183,29
573,183,22
490,184,117
491,184,70
492,184,80
493,184,66
494,184,81
495,184,96
496,184,128
497,184,88
498,184,88
499,184,97
500,184,106
501,184,90
502,184,71
503,184,72
504,184,110
505,184,190
506,184,351
507,184,351
508,184,220
509,184,54
510,184,46
511,184,47
512,184,50
513,184,50
514,184,57
515,184,58
516,184,47
517,184,75
518,184,96
519,184,97
520,184,104
521,184,104
522,184,104
523,184,104
524,184,325
525,184,891
526,184,913
527,184,1905
528,184,9414
529,184,9306
530,184,2893
531,184,2745
532,184,2703
533,184,2885
534,184,2711
535,184,2326
536,184,2148
537,184,1294
538,184,558
539,184,568
540,184,568
541,184,199
542,184,103
543,184,117
544,184,158
545,184,158
546,184,158
547,184,153
548,184,85
549,184,79
550,184,79
551,184,78
552,184,78
553,184,70
554,184,49
555,184,56
556,184,75
557,184,46
558,184,44
559,184,56
560,184,65
561,184,63
562,184,36
563,184,60
564,184,72
565,184,60
566,184,47
567,184,47
568,184,33
569,184,19
570,184,16
571,184,32
572,184,35
573,184,29
490,185,108
491,185,70
492,185,71
493,185,68
494,185,65
495,185,90
496,185,124
497,185,88
498,185,83
499,185,64
500,185,62
501,185,98
502,185,74
503,185,75
504,185,75
505,185,233
506,185,315
507,185,173
508,185,85
509,185,49
510,185,46
511,185,46
512,185,64
513,185,76
514,185,53
515,185,77
516,185,92
517,185,96
518,185,96
519,185,96
520,185,102
521,185,104
522,185,104
523,185,114
524,185,584
525,185,913
526,185,913
527,185,2884
528,185,9574
529,185,5419
530,185,2745
531,185,2745
532,185,2457
533,185,2225
534,185,2326
535,185,2326
536,185,2326
537,185,1414
538,185,443
539,185,491
540,185,544
541,185,249
542,185,47
543,185,93
544,185,158
545,185,158
546,185,158
547,185,135
548,185,79
549,185,79
550,185,79
551,185,79
552,185,78
553,185,78
554,185,74
555,185,77
556,185,69
557,185,39
558,185,40
559,185,41
560,185,41
561,185,41
562,185,36
563,185,34
564,185,42
565,185,54
566,185,46
567,185,36
568,185,26
569,185,17
570,185,26
571,185,34
572,185,33
573,185,29
490,186,101
491,186,84
492,186,43
493,186,78
494,186,75
495,186,84
496,186,51
497,186,58
498,186,48
499,186,51
500,186,52
501,186,99
502,186,75
503,186,75
504,186,75
505,186,195
506,186,89
507,186,55
508,186,50
509,186,46
510,186,46
511,186,46
512,186,86
513,186,96
514,186,87
515,186,96
516,186,96
517,186,96
518,186,96
519,186,83
520,186,79
521,186,103
522,186,103
523,186,94
524,186,93
525,186,601
526,186,1281
527,186,7360
528,186,9418
529,186,2775
530,186,2745
531,186,2618
532,186,1996
533,186,1793
534,186,2326
535,186,1976
536,186,1319
537,186,409
538,186,331
539,186,325
540,186,211
541,186,163
542,186,83
543,186,155
544,186,158
545,186,158
546,186,158
547,186,116
548,186,79
549,186,81
550,186,79
551,186,79
552,186,78
553,186,78
554,186,78
555,186,78
556,186,65
557,186,38
558,186,37
559,186,34
560,186,34
561,186,35
562,186,32
563,186,32
564,186,34
565,186,25
566,186,27
567,186,31
568,186,31
569,186,28
570,186,33
571,186,27
572,186,28
573,186,38
490,187,151
491,187,130
492,187,62
493,187,72
494,187,84
495,187,87
496,187,20
497,187,43
498,187,61
499,187,51
500,187,60
501,187,82
502,187,75
503,187,75
504,187,74
505,187,71
506,187,71
507,187,59
508,187,46
509,187,46
510,187,46
511,187,53
512,187,81
513,187,89
514,187,96
515,187,96
516,187,96
517,187,96
518,187,96
519,187,81
520,187,64
521,187,89
522,187,95
523,187,92
524,187,92
525,187,120
526,187,1566
527,187,5305
528,187,3981
529,187,1891
530,187,2062
531,187,645
532,187,1387
533,187,2091
534,187,2080
535,187,404
536,187,283
537,187,302
538,187,330
539,187,331
540,187,215
541,187,194
542,187,162
543,187,158
544,187,158
545,187,158
546,187,158
547,187,123
548,187,85
549,187,133
550,187,129
551,187,97
552,187,78
553,187,78
554,187,78
555,187,78
556,187,72
557,187,38
558,187,36
559,187,34
560,187,33
561,187,34
562,187,21
563,187,44
564,187,23
565,187,15
566,187,27
567,187,31
568,187,22
569,187,22
570,187,28
571,187,26
572,187,28
573,187,39
490,188,151
491,188,151
492,188,138
493,188,103
494,188,97
495,188,97
496,188,47
497,188,31
498,188,97
499,188,70
500,188,71
501,188,71
502,188,75
503,188,75
504,188,73
505,188,71
506,188,71
507,188,56
508,188,46
509,188,46
510,188,46
511,188,63
512,188,81
513,188,82
514,188,90
515,188,96
516,188,96
517,188,96
518,188,96
519,188,70
520,188,64
521,188,87
522,188,92
523,188,92
524,188,92
525,188,145
526,188,249
527,188,374
528,188,409
529,188,409
530,188,409
531,188,400
532,188,380
533,188,491
534,188,458
535,188,228
536,188,228
537,188,252
538,188,285
539,188,305
540,188,199
541,188,175
542,188,158
543,188,158
544,188,158
545,188,158
546,188,158
547,188,139
548,188,103
549,188,147
550,188,147
551,188,138
552,188,118
553,188,81
554,188,78
555,188,78
556,188,78
557,188,42
558,188,36
559,188,34
560,188,29
561,188,37
562,188,17
563,188,57
564,188,31
565,188,15
566,188,19
567,188,35
568,188,22
569,188,12
570,188,22
571,188,19
572,188,27
573,188,39
490,189,153
491,189,151
492,189,134
493,189,97
494,189,97
495,189,97
496,189,89
497,189,53
498,189,69
499,189,73
500,189,73
501,189,71
502,189,75
503,189,75
504,189,72
505,189,71
506,189,70
507,189,50
508,189,46
509,189,46
510,189,46
511,189,75
512,189,81
513,189,81
514,189,83
515,189,96
516,189,96
517,189,108
518,189,107
519,189,64
520,189,69
521,189,91
522,189,92
523,189,98
524,189,193
525,189,234
526,189,241
527,189,322
528,189,418
529,189,903
530,189,401
531,189,392
532,189,376
533,189,376
534,189,363
535,189,231
536,189,228
537,189,228
538,189,229
539,189,232
540,189,205
541,189,193
542,189,158
543,189,158
544,189,158
545,189,158
546,189,158
547,189,148
548,189,109
549,189,147
550,189,147
551,189,147
552,189,147
553,189,106
554,189,78
555,189,78
556,189,78
557,189,46
558,189,35
559,189,32
560,189,29
561,189,39
562,189,13
563,189,66
564,189,33
565,189,14
566,189,19
567,189,41
568,189,40
569,189,43
570,189,33
571,189,19
572,189,35
573,189,40
490,190,220
491,190,146
492,190,129
493,190,97
494,190,97
495,190,97
496,190,84
497,190,77
498,190,76
499,190,73
500,190,73
501,190,73
502,190,89
503,190,105
504,190,71
505,190,71
506,190,71
507,190,51
508,190,46
509,190,46
510,190,57
511,190,81
512,190,81
513,190,83
514,190,95
515,190,96
516,190,111
517,190,184
518,190,150
519,190,100
520,190,88
521,190,92
522,190,92
523,190,93
524,190,232
525,190,241
526,190,241
527,190,322
528,190,3231
529,190,535
530,190,376
531,190,376
532,190,376
533,190,376
534,190,376
535,190,287
536,190,228
537,190,228
538,190,228
539,190,245
540,190,278
541,190,281
542,190,187
543,190,158
544,190,158
545,190,158
546,190,158
547,190,108
548,190,94
549,190,147
550,190,147
551,190,147
552,190,147
553,190,117
554,190,81
555,190,78
556,190,78
557,190,63
558,190,35
559,190,28
560,190,30
561,190,29
562,190,25
563,190,71
564,190,26
565,190,19
566,190,27
567,190,74
568,190,55
569,190,49
570,190,35
571,190,19
572,190,42
573,190,45
490,191,246
491,191,130
492,191,69
493,191,94
494,191,97
495,191,96
496,191,20
497,191,77
498,191,86
499,191,80
500,191,73
501,191,74
502,191,106
503,191,108
504,191,71
505,191,71
506,191,83
507,191,72
508,191,55
509,191,49
510,191,78
511,191,83
512,191,81
513,191,85
514,191,96
515,191,96
516,191,179
517,191,171
518,191,129
519,191,97
520,191,92
521,191,92
522,191,92
523,191,92
524,191,137
525,191,237
526,191,240
527,191,238
528,191,191
529,191,357
530,191,337
531,191,348
532,191,345
533,191,344
534,191,353
535,191,318
536,191,180
537,191,199
538,191,228
539,191,241
540,191,281
541,191,282
542,191,246
543,191,130
544,191,132
545,191,149
546,191,128
547,191,80
548,191,77
549,191,86
550,191,132
551,191,130
552,191,147
553,191,147
554,191,140
555,191,100
556,191,107
557,191,131
558,191,112
559,191,30
560,191,34
561,191,27
562,191,47
563,191,71
564,191,53
565,191,27
566,191,32
567,191,105
568,191,113
569,191,120
570,191,76
571,191,29
572,191,43
573,191,45
490,192,224
491,192,71
492,192,67
493,192,69
494,192,95
495,192,97
496,192,20
497,192,30
498,192,86
499,192,83
500,192,73
501,192,81
502,192,112
503,192,106
504,192,72
505,192,95
506,192,112
507,192,112
508,192,112
509,192,113
510,192,119
511,192,118
512,192,104
513,192,94
514,192,96
515,192,111
516,192,193
517,192,141
518,192,103
519,192,75
520,192,91
521,192,92
522,192,92
523,192,92
524,192,92
525,192,185
526,192,174
527,192,103
528,192,150
529,192,271
530,192,270
531,192,270
532,192,270
533,192,270
534,192,270
535,192,246
536,192,79
537,192,64
538,192,125
539,192,231
540,192,279
541,192,224
542,192,127
543,192,91
544,192,91
545,192,92
546,192,89
547,192,79
548,192,69
549,192,39
550,192,47
551,192,47
552,192,105
553,192,146
554,192,147
555,192,147
556,192,151
557,192,153
558,192,150
559,192,61
560,192,39
561,192,55
562,192,55
563,192,58
564,192,48
565,192,27
566,192,69
567,192,95
568,192,131
569,192,131
570,192,78
571,192,41
572,192,40
573,192,39
490,193,207
491,193,67
492,193,67
493,193,67
494,193,90
495,193,84
496,193,35
497,193,39
498,193,86
499,193,80
500,193,73
501,193,90
502,193,112
503,193,110
504,193,104
505,193,112
506,193,112
507,193,112
508,193,112
509,193,118
510,193,119
511,193,119
512,193,120
513,193,122
514,193,112
515,193,140
516,193,170
517,193,117
518,193,75
519,193,74
520,193,86
521,193,92
522,193,95
523,193,98
524,193,98
525,193,119
526,193,133
527,193,98
528,193,80
529,193,204
530,193,270
531,193,270
532,193,270
533,193,270
534,193,270
535,193,270
536,193,192
537,193,64
538,193,64
539,193,154
540,193,236
541,193,97
542,193,91
543,193,91
544,193,91
545,193,91
546,193,91
547,193,80
548,193,58
549,193,42
550,193,41
551,193,39
552,193,45
553,193,144
554,193,147
555,193,149
556,193,153
557,193,153
558,193,58
559,193,26
560,193,65
561,193,56
562,193,56
563,193,56
564,193,52
565,193,84
566,193,103
567,193,121
568,193,131
569,193,121
570,193,45
571,193,40
572,193,39
573,193,33
490,194,140
491,194,67
492,194,67
493,194,68
494,194,68
495,194,68
496,194,70
497,194,115
498,194,86
499,194,86
500,194,77
501,194,97
502,194,112
503,194,112
504,194,112
505,194,112
506,194,112
507,194,115
508,194,117
509,194,119
510,194,119
511,194,119
512,194,123
513,194,124
514,194,124
515,194,125
516,194,132
517,194,102
518,194,74
519,194,74
520,194,83
521,194,95
522,194,219
523,194,138
524,194,99
525,194,149
526,194,105
527,194,85
528,194,90
529,194,221
530,194,270
531,194,270
532,194,270
533,194,270
534,194,270
535,194,270
536,194,126
537,194,64
538,194,64
539,194,65
540,194,88
541,194,86
542,194,84
543,194,90
544,194,91
545,194,91
546,194,87
547,194,74
548,194,70
549,194,53
550,194,53
551,194,52
552,194,49
553,194,92
554,194,145
555,194,152
556,194,153
557,194,153
558,194,97
559,194,45
560,194,66
561,194,58
562,194,57
563,194,57
564,194,56
565,194,93
566,194,82
567,194,121
568,194,131
569,194,90
570,194,43
571,194,40
572,194,37
573,194,31
490,195,73
491,195,67
492,195,74
493,195,102
494,195,70
495,195,73
496,195,108
497,195,134
498,195,95
499,195,86
500,195,85
501,195,84
502,195,111
503,195,112
504,195,112
505,195,112
506,195,112
507,195,112
508,195,115
509,195,119
510,195,119
511,195,120
512,195,124
513,195,124
514,195,123
515,195,69
516,195,62
517,195,72
518,195,59
519,195,61
520,195,59
521,195,81
522,195,313
523,195,383
524,195,355
525,195,367
526,195,103
527,195,79
528,195,195
529,195,268
530,195,263
531,195,221
532,195,247
533,195,232
534,195,220
535,195,204
536,195,92
537,195,65
538,195,64
539,195,67
540,195,70
541,195,79
542,195,79
543,195,82
544,195,86
545,195,91
546,195,80
547,195,74
548,195,72
549,195,54
550,195,53
551,195,52
552,195,47
553,195,47
554,195,93
555,195,153
556,195,153
557,195,153
558,195,150
559,195,72
560,195,66
561,195,63
562,195,53
563,195,51
564,195,49
565,195,47
566,195,53
567,195,65
568,195,112
569,195,63
570,195,42
571,195,39
572,195,32
573,195,32
490,196,70
491,196,69
492,196,95
493,196,134
494,196,120
495,196,118
496,196,134
497,196,134
498,196,123
499,196,88
500,196,86
501,196,77
502,196,98
503,196,112
504,196,112
505,196,112
506,196,113
507,196,114
508,196,116
509,196,119
510,196,119
511,196,121
512,196,124
513,196,124
514,196,100
515,196,60
516,196,60
517,196,59
518,196,58
519,196,57
520,196,57
521,196,66
522,196,45
523,196,209
524,196,303
525,196,371
526,196,234
527,196,184
528,196,244
529,196,239
530,196,195
531,196,181
532,196,181
533,196,181
534,196,181
535,196,181
536,196,181
537,196,126
538,196,97
539,196,98
540,196,80
541,196,79
542,196,79
543,196,79
544,196,79
545,196,81
546,196,74
547,196,74
548,196,74
549,196,58
550,196,53
551,196,49
552,196,47
553,196,47
554,196,47
555,196,81
556,196,128
557,196,153
558,196,106
559,196,76
560,196,66
561,196,61
562,196,47
563,196,47
564,196,47
565,196,47
566,196,55
567,196,58
568,196,59
569,196,49
570,196,40
571,196,35
572,196,31
573,196,32
490,197,73
491,197,73
492,197,96
493,197,134
494,197,134
495,197,134
496,197,134
497,197,134
498,197,134
499,197,99
500,197,90
501,197,90
502,197,93
503,197,108
504,197,112
505,197,112
506,197,118
507,197,119
508,197,119
509,197,119
510,197,119
511,197,120
512,197,124
513,197,94
514,197,60
515,197,60
516,197,60
517,197,60
518,197,60
519,197,49
520,197,61
521,197,56
522,197,50
523,197,81
524,197,182
525,197,297
526,197,225
527,197,183
528,197,187
529,197,200
530,197,181
531,197,181
532,197,181
533,197,181
534,197,181
535,197,181
536,197,181
537,197,128
538,197,98
539,197,98
540,197,97
541,197,80
542,197,79
543,197,79
544,197,79
545,197,77
546,197,76
547,197,73
548,197,67
549,197,59
550,197,47
551,197,45
552,197,47
553,197,47
554,197,47
555,197,47
556,197,56
557,197,84
558,197,48
559,197,48
560,197,56
561,197,64
562,197,48
563,197,47
564,197,47
565,197,47
566,197,57
567,197,58
568,197,58
569,197,58
570,197,41
571,197,34
572,197,32
573,197,32
490,198,73
491,198,73
492,198,78
493,198,123
494,198,134
495,198,134
496,198,134
497,198,134
498,198,134
499,198,105
500,198,93
501,198,91
502,198,90
503,198,80
504,198,104
505,198,116
506,198,119
507,198,119
508,198,119
509,198,119
510,198,119
511,198,120
512,198,106
513,198,60
514,198,60
515,198,60
516,198,60
517,198,60
518,198,59
519,198,44
520,198,70
521,198,36
522,198,65
523,198,81
524,198,82
525,198,113
526,198,164
527,198,181
528,198,181
529,198,181
530,198,181
531,198,181
532,198,181
533,198,181
534,198,181
535,198,181
536,198,181
537,198,113
538,198,98
539,198,98
540,198,98
541,198,93
542,198,81
543,198,79
544,198,78
545,198,77
546,198,75
547,198,69
548,198,39
549,198,39
550,198,44
551,198,48
552,198,50
553,198,47
554,198,47
555,198,47
556,198,50
557,198,49
558,198,48
559,198,49
560,198,54
561,198,53
562,198,47
563,198,59
564,198,68
565,198,65
566,198,61
567,198,58
568,198,58
569,198,58
570,198,42
571,198,33
572,198,34
573,198,33
490,199,74
491,199,75
492,199,73
493,199,121
494,199,133
495,199,89
496,199,54
497,199,60
498,199,102
499,199,104
500,199,99
501,199,94
502,199,75
503,199,74
504,199,87
505,199,119
506,199,100
507,199,92
508,199,100
509,199,114
510,199,119
511,199,119
512,199,110
513,199,68
514,199,58
515,199,59
516,199,60
517,199,60
518,199,49
519,199,64
520,199,64
521,199,27
522,199,80
523,199,81
524,199,81
525,199,81
526,199,105
527,199,181
528,199,181
529,199,181
530,199,181
531,199,181
532,199,181
533,199,181
534,199,179
535,199,180
536,199,176
537,199,131
538,199,98
539,199,98
540,199,98
541,199,98
542,199,96
543,199,81
544,199,77
545,199,77
546,199,74
547,199,66
548,199,49
549,199,40
550,199,44
551,199,49
552,199,51
553,199,48
554,199,48
555,199,51
556,199,52
557,199,61
558,199,56
559,199,61
560,199,63
561,199,66
562,199,65
563,199,90
564,199,95
565,199,93
566,199,75
567,199,58
568,199,58
569,199,58
570,199,43
571,199,42
572,199,42
573,199,42
490,200,78
491,200,77
492,200,79
493,200,100
494,200,105
495,200,69
496,200,64
497,200,97
498,200,104
499,200,104
500,200,99
501,200,94
502,200,77
503,200,81
504,200,116
505,200,105
506,200,93
507,200,92
508,200,92
509,200,94
510,200,119
511,200,119
512,200,87
513,200,70
514,200,57
515,200,57
516,200,59
517,200,56
518,200,58
519,200,70
520,200,52
521,200,37
522,200,81
523,200,81
524,200,81
525,200,81
526,200,85
527,200,180
528,200,157
529,200,166
530,200,152
531,200,153
532,200,157
533,200,150
534,200,142
535,200,143
536,200,142
537,200,109
538,200,98
539,200,98
540,200,98
541,200,98
542,200,98
543,200,101
544,200,97
545,200,77
546,200,72
547,200,67
548,200,45
549,200,41
550,200,45
551,200,51
552,200,51
553,200,51
554,200,51
555,200,52
556,200,52
557,200,61
558,200,65
559,200,63
560,200,63
561,200,80
562,200,93
563,200,93
564,200,78
565,200,75
566,200,60
567,200,59
568,200,59
569,200,58
570,200,49
571,200,42
572,200,42
573,200,42
490,201,78
491,201,78
492,201,96
493,201,104
494,201,104
495,201,103
496,201,102
497,201,104
498,201,104
499,201,103
500,201,76
501,201,70
502,201,71
503,201,98
504,201,104
505,201,101
506,201,102
507,201,98
508,201,92
509,201,93
510,201,119
511,201,119
512,201,71
513,201,57
514,201,57
515,201,57
516,201,57
517,201,58
518,201,70
519,201,70
520,201,56
521,201,47
522,201,81
523,201,81
524,201,81
525,201,81
526,201,82
527,201,103
528,201,45
529,201,45
530,201,45
531,201,133
532,201,142
533,201,142
534,201,142
535,201,142
536,201,142
537,201,108
538,201,98
539,201,98
540,201,98
541,201,98
542,201,98
543,201,107
544,201,106
545,201,91
546,201,72
547,201,72
548,201,61
549,201,41
550,201,48
551,201,51
552,201,51
553,201,51
554,201,53
555,201,61
556,201,60
557,201,65
558,201,66
559,201,64
560,201,70
561,201,99
562,201,95
563,201,82
564,201,78
565,201,78
566,201,66
567,201,59
568,201,80
569,201,93
570,201,85
571,201,72
572,201,44
573,201,67
490,202,78
491,202,78
492,202,100
493,202,104
494,202,104
495,202,104
496,202,104
497,202,104
498,202,104
499,202,86
500,202,61
501,202,61
502,202,65
503,202,100
504,202,102
505,202,102
506,202,102
507,202,98
508,202,92
509,202,92
510,202,75
511,202,74
512,202,57
513,202,57
514,202,57
515,202,57
516,202,63
517,202,64
518,202,70
519,202,70
520,202,44
521,202,29
522,202,77
523,202,78
524,202,71
525,202,63
526,202,51
527,202,45
528,202,45
529,202,45
530,202,46
531,202,142
532,202,142
533,202,142
534,202,142
535,202,142
536,202,142
537,202,119
538,202,98
539,202,98
540,202,98
541,202,98
542,202,99
543,202,107
544,202,107
545,202,107
546,202,93
547,202,75
548,202,72
549,202,47
550,202,51
551,202,50
552,202,49
553,202,49
554,202,71
555,202,197
556,202,71
557,202,66
558,202,66
559,202,65
560,202,63
561,202,67
562,202,66
563,202,65
564,202,71
565,202,65
566,202,60
567,202,60
568,202,84
569,202,360
570,202,113
571,202,111
572,202,107
573,202,111
490,203,78
491,203,80
492,203,104
493,203,104
494,203,104
495,203,104
496,203,104
497,203,104
498,203,104
499,203,92
500,203,64
501,203,61
502,203,61
503,203,72
504,203,114
505,203,102
506,203,102
507,203,95
508,203,92
509,203,91
510,203,57
511,203,57
512,203,57
513,203,57
514,203,57
515,203,57
516,203,95
517,203,101
518,203,72
519,203,54
520,203,26
521,203,39
522,203,52
523,203,53
524,203,52
525,203,52
526,203,52
527,203,47
528,203,45
529,203,45
530,203,69
531,203,142
532,203,142
533,203,142
534,203,142
535,203,142
536,203,142
537,203,114
538,203,98
539,203,98
540,203,98
541,203,98
542,203,104
543,203,107
544,203,107
545,203,107
546,203,107
547,203,99
548,203,73
549,203,60
550,203,52
551,203,51
552,203,45
553,203,43
554,203,169
555,203,358
556,203,72
557,203,66
558,203,66
559,203,66
560,203,64
561,203,64
562,203,65
563,203,65
564,203,65
565,203,64
566,203,233
567,203,253
568,203,61
569,203,382
570,203,279
571,203,111
572,203,111
573,203,111
490,204,86
491,204,87
492,204,104
493,204,104
494,204,104
495,204,102
496,204,104
497,204,104
498,204,104
499,204,104
500,204,102
501,204,70
502,204,61
503,204,61
504,204,140
505,204,114
506,204,100
507,204,93
508,204,92
509,204,87
510,204,57
511,204,57
512,204,57
513,204,57
514,204,57
515,204,74
516,204,110
517,204,110
518,204,63
519,204,24
520,204,29
521,204,52
522,204,52
523,204,52
524,204,52
525,204,52
526,204,56
527,204,56
528,204,52
529,204,60
530,204,82
531,204,141
532,204,142
533,204,142
534,204,142
535,204,142
536,204,142
537,204,108
538,204,75
539,204,61
540,204,81
541,204,78
542,204,103
543,204,107
544,204,107
545,204,107
546,204,99
547,204,69
548,204,64
549,204,64
550,204,65
551,204,66
552,204,49
553,204,41
554,204,60
555,204,155
556,204,54
557,204,51
558,204,48
559,204,46
560,204,41
561,204,61
562,204,65
563,204,65
564,204,65
565,204,65
566,204,105
567,204,286
568,204,59
569,204,356
570,204,456
571,204,198
572,204,111
573,204,103
490,205,86
491,205,78
492,205,96
493,205,104
494,205,99
495,205,80
496,205,103
497,205,104
498,205,91
499,205,99
500,205,104
501,205,75
502,205,61
503,205,62
504,205,159
505,205,164
506,205,116
507,205,92
508,205,92
509,205,66
510,205,57
511,205,57
512,205,57
513,205,57
514,205,57
515,205,73
516,205,110
517,205,110
518,205,100
519,205,58
520,205,45
521,205,52
522,205,52
523,205,53
524,205,57
525,205,62
526,205,68
527,205,68
528,205,69
529,205,68
530,205,68
531,205,116
532,205,144
533,205,144
534,205,144
535,205,146
536,205,164
537,205,100
538,205,49
539,205,49
540,205,49
541,205,49
542,205,54
543,205,79
544,205,106
545,205,107
546,205,71
547,205,64
548,205,64
549,205,64
550,205,64
551,205,66
552,205,44
553,205,41
554,205,59
555,205,68
556,205,61
557,205,62
558,205,61
559,205,54
560,205,52
561,205,51
562,205,57
563,205,62
564,205,65
565,205,65
566,205,65
567,205,65
568,205,60
569,205,170
570,205,461
571,205,358
572,205,111
573,205,110
490,206,78
491,206,65
492,206,92
493,206,108
494,206,78
495,206,75
496,206,96
497,206,106
498,206,126
499,206,105
500,206,80
501,206,80
502,206,123
503,206,136
504,206,165
505,206,165
506,206,164
507,206,133
508,206,80
509,206,57
510,206,57
511,206,57
512,206,57
513,206,57
514,206,1989
515,206,261
516,206,110
517,206,110
518,206,110
519,206,110
520,206,110
521,206,74
522,206,55
523,206,62
524,206,68
525,206,68
526,206,68
527,206,71
528,206,69
529,206,65
530,206,55
531,206,95
532,206,238
533,206,236
534,206,218
535,206,236
536,206,268
537,206,181
538,206,55
539,206,49
540,206,49
541,206,49
542,206,52
543,206,37
544,206,44
545,206,78
546,206,51
547,206,58
548,206,64
549,206,86
550,206,59
551,206,65
552,206,54
553,206,56
554,206,73
555,206,67
556,206,59
557,206,59
558,206,57
559,206,61
560,206,51
561,206,60
562,206,44
563,206,44
564,206,61
565,206,65
566,206,65
567,206,65
568,206,60
569,206,97
570,206,451
571,206,272
572,206,142
573,206,141
490,207,71
491,207,74
492,207,90
493,207,123
494,207,99
495,207,79
496,207,77
497,207,85
498,207,136
499,207,132
500,207,79
501,207,78
502,207,152
503,207,165
504,207,165
505,207,165
506,207,165
507,207,165
508,207,135
509,207,57
510,207,57
511,207,57
512,207,57
513,207,57
514,207,1038
515,207,102
516,207,110
517,207,110
518,207,110
519,207,110
520,207,110
521,207,84
522,207,68
523,207,68
524,207,68
525,207,68
526,207,70
527,207,71
528,207,68
529,207,64
530,207,48
531,207,42
532,207,119
533,207,162
534,207,155
535,207,169
536,207,159
537,207,121
538,207,40
539,207,54
540,207,57
541,207,57
542,207,47
543,207,33
544,207,33
545,207,44
546,207,47
547,207,71
548,207,82
549,207,106
550,207,43
551,207,50
552,207,52
553,207,71
554,207,73
555,207,65
556,207,59
557,207,60
558,207,60
559,207,66
560,207,69
561,207,71
562,207,43
563,207,43
564,207,43
565,207,53
566,207,65
567,207,65
568,207,65
569,207,284
570,207,453
571,207,205
572,207,149
573,207,149
490,208,70
491,208,64
492,208,99
493,208,112
494,208,91
495,208,79
496,208,77
497,208,90
498,208,129
499,208,136
500,208,105
501,208,81
502,208,125
503,208,165
504,208,165
505,208,165
506,208,165
507,208,165
508,208,145
509,208,80
510,208,86
511,208,70
512,208,57
513,208,57
514,208,58
515,208,35
516,208,41
517,208,67
518,208,108
519,208,110
520,208,110
521,208,106
522,208,71
523,208,68
524,208,68
525,208,69
526,208,71
527,208,71
528,208,67
529,208,64
530,208,52
531,208,37
532,208,42
533,208,128
534,208,62
535,208,96
536,208,96
537,208,96
538,208,7
539,208,56
540,208,59
541,208,59
542,208,50
543,208,33
544,208,35
545,208,50
546,208,47
547,208,110
548,208,132
549,208,78
550,208,51
551,208,54
552,208,62
553,208,54
554,208,47
555,208,57
556,208,59
557,208,56
558,208,62
559,208,57
560,208,54
561,208,63
562,208,43
563,208,43
564,208,43
565,208,43
566,208,57
567,208,65
568,208,64
569,208,161
570,208,160
571,208,146
572,208,149
573,208,149
490,209,64
491,209,79
492,209,112
493,209,107
494,209,80
495,209,79
496,209,81
497,209,133
498,209,137
499,209,137
500,209,137
501,209,129
502,209,68
503,209,82
504,209,128
505,209,165
506,209,165
507,209,165
508,209,131
509,209,108
510,209,108
511,209,108
512,209,77
513,209,57
514,209,57
515,209,38
516,209,35
517,209,35
518,209,53
519,209,86
520,209,85
521,209,83
522,209,68
523,209,68
524,209,68
525,209,70
526,209,71
527,209,70
528,209,66
529,209,66
530,209,54
531,209,46
532,209,4
533,209,150
534,209,187
535,209,22
536,209,31
537,209,20
538,209,23
539,209,67
540,209,59
541,209,59
542,209,51
543,209,33
544,209,44
545,209,52
546,209,52
547,209,131
548,209,132
549,209,123
550,209,77
551,209,66
552,209,66
553,209,47
554,209,29
555,209,46
556,209,52
557,209,49
558,209,45
559,209,23
560,209,23
561,209,28
562,209,43
563,209,43
564,209,43
565,209,43
566,209,50
567,209,61
568,209,65
569,209,83
570,209,193
571,209,156
572,209,149
573,209,119
490,210,58
491,210,97
492,210,112
493,210,95
494,210,80
495,210,79
496,210,77
497,210,133
498,210,137
499,210,137
500,210,91
501,210,30
502,210,49
503,210,59
504,210,103
505,210,139
506,210,157
507,210,157
508,210,111
509,210,108
510,210,108
511,210,108
512,210,89
513,210,57
514,210,56
515,210,36
516,210,35
517,210,35
518,210,35
519,210,66
520,210,68
521,210,68
522,210,68
523,210,68
524,210,68
525,210,68
526,210,68
527,210,69
528,210,70
529,210,70
530,210,65
531,210,47
532,210,14
533,210,119
534,210,206
535,210,136
536,210,137
537,210,138
538,210,107
539,210,86
540,210,74
541,210,63
542,210,53
543,210,36
544,210,46
545,210,51
546,210,52
547,210,132
548,210,132
549,210,132
550,210,95
551,210,65
552,210,65
553,210,56
554,210,31
555,210,36
556,210,40
557,210,44
558,210,46
559,210,38
560,210,35
561,210,43
562,210,44
563,210,43
564,210,44
565,210,45
566,210,54
567,210,60
568,210,70
569,210,83
570,210,84
571,210,102
572,210,115
573,210,82
490,211,46
491,211,110
492,211,112
493,211,109
494,211,92
495,211,81
496,211,81
497,211,108
498,211,137
499,211,117
500,211,70
501,211,69
502,211,63
503,211,59
504,211,59
505,211,59
506,211,65
507,211,88
508,211,85
509,211,89
510,211,108
511,211,106
512,211,105
513,211,87
514,211,68
515,211,49
516,211,35
517,211,35
518,211,35
519,211,61
520,211,68
521,211,68
522,211,68
523,211,68
524,211,68
525,211,68
526,211,69
527,211,70
528,211,70
529,211,70
530,211,70
531,211,67
532,211,11
533,211,84
534,211,203
535,211,48
536,211,94
537,211,96
538,211,89
539,211,92
540,211,91
541,211,78
542,211,61
543,211,57
544,211,64
545,211,50
546,211,55
547,211,131
548,211,132
549,211,132
550,211,69
551,211,64
552,211,64
553,211,64
554,211,51
555,211,41
556,211,36
557,211,37
558,211,43
559,211,45
560,211,44
561,211,55
562,211,55
563,211,54
564,211,54
565,211,41
566,211,46
567,211,63
568,211,76
569,211,84
570,211,80
571,211,78
572,211,79
573,211,72
490,212,72
491,212,112
492,212,112
493,212,112
494,212,104
495,212,81
496,212,81
497,212,82
498,212,108
499,212,78
500,212,82
501,212,81
502,212,62
503,212,59
504,212,59
505,212,59
506,212,60
507,212,61
508,212,65
509,212,90
510,212,106
511,212,100
512,212,97
513,212,97
514,212,82
515,212,79
516,212,59
517,212,51
518,212,38
519,212,62
520,212,68
521,212,68
522,212,68
523,212,68
524,212,68
525,212,58
526,212,56
527,212,59
528,212,116
529,212,314
530,212,372
531,212,389
532,212,2444
533,212,387
534,212,184
535,212,54
536,212,139
537,212,138
538,212,98
539,212,92
540,212,84
541,212,74
542,212,63
543,212,59
544,212,64
545,212,68
546,212,75
547,212,124
548,212,121
549,212,120
550,212,76
551,212,69
552,212,64
553,212,64
554,212,53
555,212,46
556,212,45
557,212,40
558,212,40
559,212,42
560,212,42
561,212,52
562,212,56
563,212,54
564,212,45
565,212,40
566,212,55
567,212,66
568,212,66
569,212,68
570,212,71
571,212,73
572,212,73
573,212,72
490,213,110
491,213,112
492,213,110
493,213,108
494,213,98
495,213,81
496,213,81
497,213,82
498,213,68
499,213,77
500,213,81
501,213,72
502,213,66
503,213,60
504,213,60
505,213,61
506,213,61
507,213,61
508,213,86
509,213,108
510,213,97
511,213,95
512,213,95
513,213,95
514,213,92
515,213,80
516,213,80
517,213,80
518,213,53
519,213,35
520,213,44
521,213,64
522,213,66
523,213,47
524,213,39
525,213,40
526,213,43
527,213,43
528,213,259
529,213,303
530,213,186
531,213,174
532,213,86
533,213,199
534,213,193
535,213,112
536,213,155
537,213,176
538,213,109
539,213,120
540,213,91
541,213,74
542,213,70
543,213,54
544,213,58
545,213,79
546,213,83
547,213,83
548,213,85
549,213,87
550,213,87
551,213,66
552,213,52
553,213,51
554,213,50
555,213,46
556,213,46
557,213,46
558,213,40
559,213,41
560,213,43
561,213,43
562,213,45
563,213,52
564,213,47
565,213,82
566,213,87
567,213,66
568,213,66
569,213,66
570,213,67
571,213,72
572,213,70
573,213,63
