xv,yv,rho
490,148,112
491,148,49
492,148,43
493,148,50
494,148,43
495,148,94
496,148,421
497,148,669
498,148,481
499,148,1052
500,148,467
501,148,89
502,148,125
503,148,115
504,148,49
505,148,49
506,148,78
507,148,90
508,148,84
509,148,71
510,148,33
511,148,25
512,148,38
513,148,258
514,148,1203
515,148,600
516,148,2463
517,148,1377
518,148,243
519,148,694
520,148,165
521,148,57
522,148,94
523,148,165
524,148,333
525,148,2917
526,148,1947
527,148,689
528,148,505
529,148,212
530,148,236
531,148,93
532,148,54
533,148,26
534,148,65
535,148,181
536,148,688
537,148,64
538,148,50
539,148,83
540,148,119
541,148,37
542,148,155
543,148,283
544,148,223
545,148,178
546,148,93
547,148,132
548,148,74
549,148,38
550,148,38
551,148,38
552,148,71
553,148,79
554,148,77
555,148,126
556,148,405
557,148,1028
558,148,1310
559,148,4175
560,148,3306
561,148,573
562,148,147
563,148,89
564,148,63
565,148,91
566,148,1246
567,148,421
568,148,73
569,148,271
570,148,84
571,148,88
572,148,70
573,148,61
490,149,460
491,149,215
492,149,157
493,149,40
494,149,51
495,149,111
496,149,237
497,149,1218
498,149,3616
499,149,2544
500,149,3445
501,149,826
502,149,215
503,149,306
504,149,78
505,149,49
506,149,94
507,149,99
508,149,81
509,149,71
510,149,36
511,149,33
512,149,34
513,149,112
514,149,153
515,149,523
516,149,3694
517,149,709
518,149,157
519,149,542
520,149,533
521,149,122
522,149,182
523,149,167
524,149,434
525,149,2489
526,149,3059
527,149,2114
528,149,1777
529,149,345
530,149,312
531,149,190
532,149,26
533,149,26
534,149,85
535,149,228
536,149,167
537,149,58
538,149,88
539,149,118
540,149,115
541,149,37
542,149,64
543,149,120
544,149,98
545,149,65
546,149,87
547,149,70
548,149,51
549,149,56
550,149,46
551,149,54
552,149,155
553,149,97
554,149,72
555,149,99
556,149,344
557,149,297
558,149,612
559,149,1570
560,149,831
561,149,281
562,149,114
563,149,538
564,149,100
565,149,68
566,149,304
567,149,443
568,149,159
569,149,252
570,149,260
571,149,89
572,149,88
573,149,67
490,150,535
491,150,248
492,150,297
493,150,344
494,150,151
495,150,644
496,150,1901
497,150,3673
498,150,2248
499,150,2977
500,150,1518
501,150,2640
502,150,1899
503,150,430
504,150,166
505,150,85
506,150,58
507,150,78
508,150,68
509,150,104
510,150,72
511,150,58
512,150,22
513,150,21
514,150,30
515,150,71
516,150,896
517,150,871
518,150,220
519,150,334
520,150,158
521,150,151
522,150,172
523,150,281
524,150,799
525,150,1999
526,150,2948
527,150,3987
528,150,1237
529,150,280
530,150,233
531,150,342
532,150,569
533,150,426
534,150,268
535,150,336
536,150,128
537,150,61
538,150,94
539,150,175
540,150,1578
541,150,80
542,150,43
543,150,85
544,150,66
545,150,51
546,150,54
547,150,54
548,150,60
549,150,60
550,150,47
551,150,76
552,150,136
553,150,116
554,150,70
555,150,62
556,150,61
557,150,61
558,150,62
559,150,115
560,150,155
561,150,108
562,150,320
563,150,1131
564,150,101
565,150,68
566,150,85
567,150,115
568,150,107
569,150,129
570,150,351
571,150,67
572,150,62
573,150,360
490,151,377
491,151,127
492,151,237
493,151,254
494,151,134
495,151,339
496,151,710
497,151,2972
498,151,4997
499,151,2862
500,151,864
501,151,2818
502,151,3275
503,151,153
504,151,128
505,151,51
506,151,70
507,151,78
508,151,68
509,151,235
510,151,90
511,151,58
512,151,33
513,151,28
514,151,29
515,151,74
516,151,185
517,151,116
518,151,114
519,151,461
520,151,267
521,151,108
522,151,70
523,151,141
524,151,317
525,151,1181
526,151,1163
527,151,3698
528,151,1972
529,151,408
530,151,151
531,151,253
532,151,144
533,151,101
534,151,327
535,151,547
536,151,82
537,151,64
538,151,300
539,151,879
540,151,2336
541,151,321
542,151,162
543,151,54
544,151,52
545,151,83
546,151,75
547,151,55
548,151,63
549,151,63
550,151,47
551,151,85
552,151,94
553,151,110
554,151,112
555,151,62
556,151,58
557,151,53
558,151,54
559,151,71
560,151,85
561,151,64
562,151,94
563,151,127
564,151,61
565,151,68
566,151,93
567,151,120
568,151,120
569,151,120
570,151,117
571,151,89
572,151,132
573,151,831
490,152,151
491,152,76
492,152,127
493,152,112
494,152,133
495,152,395
496,152,853
497,152,517
498,152,3256
499,152,1788
500,152,724
501,152,1706
502,152,950
503,152,169
504,152,252
505,152,76
506,152,47
507,152,297
508,152,133
509,152,437
510,152,225
511,152,80
512,152,220
513,152,149
514,152,122
515,152,149
516,152,102
517,152,59
518,152,78
519,152,295
520,152,467
521,152,120
522,152,66
523,152,104
524,152,272
525,152,331
526,152,169
527,152,158
528,152,905
529,152,2993
530,152,817
531,152,81
532,152,84
533,152,88
534,152,293
535,152,758
536,152,81
537,152,101
538,152,764
539,152,1506
540,152,367
541,152,343
542,152,185
543,152,55
544,152,61
545,152,104
546,152,68
547,152,64
548,152,70
549,152,76
550,152,43
551,152,139
552,152,272
553,152,450
554,152,107
555,152,76
556,152,57
557,152,53
558,152,53
559,152,52
560,152,71
561,152,63
562,152,48
563,152,49
564,152,49
565,152,61
566,152,75
567,152,158
568,152,308
569,152,247
570,152,113
571,152,96
572,152,189
573,152,129
490,153,131
491,153,66
492,153,41
493,153,49
494,153,127
495,153,189
496,153,257
497,153,206
498,153,300
499,153,454
500,153,270
501,153,85
502,153,235
503,153,86
504,153,125
505,153,65
506,153,40
507,153,290
508,153,210
509,153,704
510,153,389
511,153,380
512,153,984
513,153,615
514,153,175
515,153,116
516,153,59
517,153,59
518,153,59
519,153,66
520,153,123
521,153,63
522,153,59
523,153,60
524,153,578
525,153,334
526,153,100
527,153,53
528,153,345
529,153,1353
530,153,520
531,153,81
532,153,168
533,153,279
534,153,571
535,153,189
536,153,68
537,153,125
538,153,981
539,153,732
540,153,532
541,153,110
542,153,82
543,153,155
544,153,145
545,153,354
546,153,68
547,153,78
548,153,146
549,153,78
550,153,48
551,153,237
552,153,851
553,153,781
554,153,46
555,153,62
556,153,61
557,153,71
558,153,124
559,153,211
560,153,286
561,153,112
562,153,45
563,153,49
564,153,63
565,153,78
566,153,79
567,153,109
568,153,486
569,153,655
570,153,287
571,153,140
572,153,229
573,153,411
490,154,126
491,154,44
492,154,30
493,154,30
494,154,113
495,154,213
496,154,192
497,154,168
498,154,201
499,154,153
500,154,71
501,154,233
502,154,302
503,154,410
504,154,433
505,154,31
506,154,31
507,154,182
508,154,909
509,154,1088
510,154,181
511,154,303
512,154,1496
513,154,2759
514,154,1589
515,154,249
516,154,177
517,154,250
518,154,123
519,154,79
520,154,152
521,154,60
522,154,709
523,154,163
524,154,566
525,154,448
526,154,60
527,154,66
528,154,147
529,154,117
530,154,142
531,154,316
532,154,454
533,154,844
534,154,725
535,154,163
536,154,51
537,154,70
538,154,258
539,154,173
540,154,36
541,154,12
542,154,112
543,154,269
544,154,1049
545,154,365
546,154,78
547,154,200
548,154,292
549,154,76
550,154,43
551,154,557
552,154,1842
553,154,397
554,154,77
555,154,86
556,154,76
557,154,76
558,154,138
559,154,65
560,154,43
561,154,43
562,154,52
563,154,68
564,154,69
565,154,71
566,154,126
567,154,142
568,154,117
569,154,168
570,154,179
571,154,144
572,154,1370
573,154,2455
490,155,146
491,155,30
492,155,30
493,155,46
494,155,218
495,155,303
496,155,76
497,155,90
498,155,179
499,155,332
500,155,216
501,155,331
502,155,551
503,155,788
504,155,654
505,155,123
506,155,37
507,155,52
508,155,320
509,155,391
510,155,192
511,155,131
512,155,1012
513,155,2014
514,155,2045
515,155,919
516,155,321
517,155,465
518,155,166
519,155,105
520,155,119
521,155,142
522,155,528
523,155,687
524,155,616
525,155,388
526,155,109
527,155,61
528,155,74
529,155,97
530,155,138
531,155,220
532,155,1223
533,155,2069
534,155,1578
535,155,52
536,155,138
537,155,254
538,155,143
539,155,86
540,155,12
541,155,14
542,155,113
543,155,120
544,155,99
545,155,85
546,155,113
547,155,218
548,155,159
549,155,172
550,155,724
551,155,1383
552,155,2334
553,155,1573
554,155,496
555,155,95
556,155,87
557,155,96
558,155,194
559,155,211
560,155,45
561,155,61
562,155,66
563,155,44
564,155,68
565,155,71
566,155,410
567,155,155
568,155,101
569,155,144
570,155,124
571,155,233
572,155,867
573,155,1287
490,156,240
491,156,57
492,156,50
493,156,615
494,156,610
495,156,191
496,156,309
497,156,216
498,156,471
499,156,1312
500,156,1953
501,156,839
502,156,313
503,156,231
504,156,509
505,156,254
506,156,38
507,156,31
508,156,27
509,156,35
510,156,310
511,156,155
512,156,33
513,156,425
514,156,2247
515,156,1521
516,156,1866
517,156,1446
518,156,465
519,156,177
520,156,159
521,156,170
522,156,882
523,156,2258
524,156,730
525,156,454
526,156,192
527,156,86
528,156,726
529,156,91
530,156,276
531,156,570
532,156,4008
533,156,2465
534,156,2128
535,156,76
536,156,419
537,156,296
538,156,35
539,156,13
540,156,84
541,156,487
542,156,121
543,156,189
544,156,93
545,156,84
546,156,165
547,156,139
548,156,88
549,156,193
550,156,944
551,156,1797
552,156,1525
553,156,3302
554,156,713
555,156,119
556,156,79
557,156,80
558,156,109
559,156,321
560,156,471
561,156,566
562,156,210
563,156,72
564,156,74
565,156,65
566,156,31
567,156,87
568,156,105
569,156,348
570,156,306
571,156,445
572,156,256
573,156,1490
490,157,201
491,157,321
492,157,69
493,157,464
494,157,499
495,157,859
496,157,1051
497,157,1884
498,157,1527
499,157,2499
500,157,2954
501,157,2543
502,157,376
503,157,267
504,157,146
505,157,98
506,157,39
507,157,45
508,157,46
509,157,51
510,157,90
511,157,114
512,157,42
513,157,87
514,157,163
515,157,321
516,157,2761
517,157,1887
518,157,1258
519,157,448
520,157,604
521,157,436
522,157,1477
523,157,4090
524,157,690
525,157,139
526,157,99
527,157,348
528,157,474
529,157,797
530,157,1156
531,157,2135
532,157,1391
533,157,1025
534,157,1218
535,157,1000
536,157,479
537,157,304
538,157,25
539,157,24
540,157,375
541,157,694
542,157,647
543,157,315
544,157,107
545,157,101
546,157,89
547,157,97
548,157,47
549,157,32
550,157,155
551,157,796
552,157,470
553,157,1153
554,157,573
555,157,508
556,157,72
557,157,73
558,157,68
559,157,134
560,157,1160
561,157,1584
562,157,313
563,157,220
564,157,125
565,157,165
566,157,58
567,157,1323
568,157,558
569,157,1432
570,157,826
571,157,1180
572,157,626
573,157,594
490,158,434
491,158,368
492,158,42
493,158,49
494,158,347
495,158,947
496,158,3360
497,158,5589
498,158,4866
499,158,4250
500,158,2667
501,158,1938
502,158,618
503,158,373
504,158,129
505,158,78
506,158,52
507,158,43
508,158,53
509,158,60
510,158,65
511,158,209
512,158,272
513,158,110
514,158,120
515,158,96
516,158,1198
517,158,2654
518,158,2860
519,158,923
520,158,683
521,158,569
522,158,1369
523,158,2132
524,158,1351
525,158,727
526,158,368
527,158,1023
528,158,941
529,158,1307
530,158,2602
531,158,1207
532,158,995
533,158,1087
534,158,1853
535,158,1526
536,158,1506
537,158,53
538,158,25
539,158,25
540,158,724
541,158,3041
542,158,1544
543,158,218
544,158,106
545,158,101
546,158,114
547,158,120
548,158,32
549,158,38
550,158,130
551,158,552
552,158,452
553,158,906
554,158,1534
555,158,697
556,158,173
557,158,57
558,158,28
559,158,29
560,158,66
561,158,149
562,158,178
563,158,202
564,158,198
565,158,204
566,158,159
567,158,281
568,158,708
569,158,4274
570,158,3217
571,158,2149
572,158,1705
573,158,122
490,159,2938
491,159,111
492,159,32
493,159,32
494,159,881
495,159,1652
496,159,300
497,159,2250
498,159,1976
499,159,3269
500,159,2335
501,159,4264
502,159,2639
503,159,2224
504,159,870
505,159,86
506,159,161
507,159,43
508,159,66
509,159,68
510,159,295
511,159,903
512,159,1122
513,159,514
514,159,299
515,159,179
516,159,132
517,159,251
518,159,1543
519,159,1455
520,159,988
521,159,1516
522,159,1135
523,159,2235
524,159,2163
525,159,2087
526,159,673
527,159,1377
528,159,3745
529,159,2848
530,159,2537
531,159,2257
532,159,2174
533,159,954
534,159,1656
535,159,1415
536,159,479
537,159,44
538,159,25
539,159,45
540,159,228
541,159,2203
542,159,494
543,159,160
544,159,107
545,159,102
546,159,98
547,159,171
548,159,216
549,159,180
550,159,162
551,159,442
552,159,398
553,159,453
554,159,569
555,159,71
556,159,61
557,159,62
558,159,31
559,159,28
560,159,757
561,159,283
562,159,80
563,159,65
564,159,122
565,159,159
566,159,168
567,159,138
568,159,89
569,159,2974
570,159,1320
571,159,429
572,159,135
573,159,180
490,160,2052
491,160,34
492,160,32
493,160,121
494,160,860
495,160,755
496,160,161
497,160,208
498,160,203
499,160,171
500,160,605
501,160,535
502,160,3072
503,160,1983
504,160,1268
505,160,684
506,160,2958
507,160,450
508,160,163
509,160,281
510,160,2554
511,160,2001
512,160,1105
513,160,1094
514,160,736
515,160,157
516,160,171
517,160,190
518,160,292
519,160,1740
520,160,2341
521,160,3420
522,160,838
523,160,1249
524,160,1418
525,160,1895
526,160,496
527,160,429
528,160,1039
529,160,1665
530,160,3116
531,160,3752
532,160,2239
533,160,952
534,160,2048
535,160,1019
536,160,37
537,160,25
538,160,30
539,160,92
540,160,364
541,160,492
542,160,193
543,160,129
544,160,100
545,160,99
546,160,94
547,160,232
548,160,247
549,160,247
550,160,123
551,160,130
552,160,203
553,160,142
554,160,42
555,160,57
556,160,132
557,160,91
558,160,75
559,160,37
560,160,42
561,160,38
562,160,37
563,160,67
564,160,106
565,160,111
566,160,149
567,160,79
568,160,55
569,160,561
570,160,706
571,160,1381
572,160,576
573,160,300
490,161,730
491,161,1025
492,161,2248
493,161,663
494,161,812
495,161,231
496,161,227
497,161,328
498,161,135
499,161,88
500,161,88
501,161,107
502,161,249
503,161,1816
504,161,3018
505,161,1596
506,161,2275
507,161,317
508,161,151
509,161,98
510,161,161
511,161,418
512,161,766
513,161,496
514,161,452
515,161,189
516,161,171
517,161,156
518,161,261
519,161,531
520,161,4080
521,161,3004
522,161,706
523,161,671
524,161,1035
525,161,894
526,161,938
527,161,113
528,161,99
529,161,895
530,161,2006
531,161,3248
532,161,1902
533,161,2819
534,161,1097
535,161,987
536,161,698
537,161,183
538,161,3032
539,161,1659
540,161,134
541,161,253
542,161,163
543,161,117
544,161,94
545,161,148
546,161,142
547,161,266
548,161,306
549,161,241
550,161,56
551,161,202
552,161,64
553,161,35
554,161,35
555,161,51
556,161,123
557,161,123
558,161,82
559,161,67
560,161,58
561,161,56
562,161,62
563,161,497
564,161,1535
565,161,64
566,161,87
567,161,55
568,161,216
569,161,3155
570,161,2979
571,161,139
572,161,368
573,161,578
490,162,841
491,162,1461
492,162,1826
493,162,746
494,162,352
495,162,245
496,162,248
497,162,1719
498,162,112
499,162,88
500,162,88
501,162,358
502,162,410
503,162,1102
504,162,2864
505,162,1340
506,162,276
507,162,231
508,162,368
509,162,341
510,162,129
511,162,245
512,162,151
513,162,181
514,162,372
515,162,573
516,162,362
517,162,127
518,162,185
519,162,263
520,162,2414
521,162,2856
522,162,1974
523,162,1899
524,162,2425
525,162,3753
526,162,2476
527,162,1579
528,162,1681
529,162,2991
530,162,2110
531,162,2353
532,162,4149
533,162,2854
534,162,2824
535,162,4862
536,162,5222
537,162,1559
538,162,5370
539,162,692
540,162,91
541,162,108
542,162,148
543,162,170
544,162,130
545,162,216
546,162,276
547,162,349
548,162,270
549,162,483
550,162,52
551,162,216
552,162,165
553,162,36
554,162,52
555,162,95
556,162,115
557,162,659
558,162,205
559,162,66
560,162,60
561,162,71
562,162,84
563,162,635
564,162,552
565,162,82
566,162,49
567,162,57
568,162,114
569,162,263
570,162,664
571,162,109
572,162,205
573,162,224
490,163,346
491,163,1622
492,163,206
493,163,1048
494,163,386
495,163,165
496,163,125
497,163,127
498,163,83
499,163,83
500,163,87
501,163,250
502,163,1294
503,163,1657
504,163,2005
505,163,844
506,163,681
507,163,1177
508,163,1427
509,163,930
510,163,763
511,163,1064
512,163,351
513,163,374
514,163,744
515,163,2411
516,163,1509
517,163,1415
518,163,3146
519,163,2354
520,163,3321
521,163,3191
522,163,2423
523,163,514
524,163,3249
525,163,5989
526,163,5322
527,163,4658
528,163,4651
529,163,6062
530,163,3900
531,163,1813
532,163,4424
533,163,2065
534,163,1452
535,163,1520
536,163,1317
537,163,3750
538,163,5280
539,163,169
540,163,161
541,163,345
542,163,239
543,163,151
544,163,188
545,163,1632
546,163,1929
547,163,416
548,163,88
549,163,118
550,163,60
551,163,58
552,163,54
553,163,66
554,163,77
555,163,98
556,163,564
557,163,1486
558,163,347
559,163,85
560,163,66
561,163,95
562,163,84
563,163,455
564,163,230
565,163,77
566,163,36
567,163,68
568,163,65
569,163,71
570,163,343
571,163,273
572,163,86
573,163,32
490,164,50
491,164,66
492,164,1061
493,164,546
494,164,258
495,164,44
496,164,60
497,164,80
498,164,82
499,164,81
500,164,86
501,164,88
502,164,503
503,164,776
504,164,3876
505,164,3927
506,164,1219
507,164,2659
508,164,3096
509,164,1596
510,164,2412
511,164,3621
512,164,1408
513,164,1219
514,164,1295
515,164,1176
516,164,798
517,164,3639
518,164,5080
519,164,3023
520,164,4253
521,164,4048
522,164,4741
523,164,3954
524,164,5448
525,164,6378
526,164,7283
527,164,4352
528,164,5133
529,164,5988
530,164,4585
531,164,4839
532,164,5509
533,164,3063
534,164,700
535,164,414
536,164,450
537,164,2067
538,164,1030
539,164,1890
540,164,609
541,164,731
542,164,465
543,164,1375
544,164,2830
545,164,3997
546,164,3725
547,164,1088
548,164,89
549,164,88
550,164,107
551,164,42
552,164,38
553,164,65
554,164,78
555,164,87
556,164,342
557,164,526
558,164,192
559,164,82
560,164,419
561,164,336
562,164,141
563,164,99
564,164,71
565,164,69
566,164,46
567,164,60
568,164,81
569,164,212
570,164,846
571,164,349
572,164,96
573,164,70
490,165,30
491,165,41
492,165,121
493,165,172
494,165,174
495,165,57
496,165,13
497,165,49
498,165,127
499,165,82
500,165,140
501,165,246
502,165,357
503,165,1098
504,165,1736
505,165,943
506,165,626
507,165,2223
508,165,1309
509,165,1951
510,165,2575
511,165,3530
512,165,1130
513,165,695
514,165,905
515,165,1562
516,165,1346
517,165,961
518,165,5477
519,165,3259
520,165,1494
521,165,3275
522,165,5339
523,165,4829
524,165,5072
525,165,5157
526,165,5730
527,165,5789
528,165,3795
529,165,1063
530,165,2231
531,165,4641
532,165,2405
533,165,5855
534,165,2257
535,165,1706
536,165,4195
537,165,4895
538,165,2656
539,165,2663
540,165,898
541,165,438
542,165,2414
543,165,1846
544,165,3705
545,165,4150
546,165,3505
547,165,2353
548,165,211
549,165,82
550,165,141
551,165,47
552,165,38
553,165,386
554,165,464
555,165,174
556,165,149
557,165,181
558,165,85
559,165,72
560,165,4285
561,165,497
562,165,175
563,165,136
564,165,757
565,165,129
566,165,53
567,165,32
568,165,91
569,165,131
570,165,172
571,165,59
572,165,88
573,165,533
490,166,32
491,166,52
492,166,452
493,166,343
494,166,546
495,166,883
496,166,197
497,166,110
498,166,289
499,166,255
500,166,135
501,166,231
502,166,366
503,166,1888
504,166,3111
505,166,736
506,166,328
507,166,386
508,166,785
509,166,1660
510,166,4829
511,166,2608
512,166,1286
513,166,655
514,166,2018
515,166,1932
516,166,3305
517,166,3081
518,166,4668
519,166,4776
520,166,4118
521,166,4174
522,166,3839
523,166,4684
524,166,5538
525,166,4874
526,166,5282
527,166,7198
528,166,2199
529,166,108
530,166,2414
531,166,8071
532,166,5742
533,166,8503
534,166,6967
535,166,3388
536,166,2567
537,166,2329
538,166,2489
539,166,4391
540,166,2460
541,166,317
542,166,1645
543,166,1827
544,166,3089
545,166,3655
546,166,3846
547,166,5314
548,166,107
549,166,100
550,166,516
551,166,136
552,166,67
553,166,47
554,166,241
555,166,167
556,166,82
557,166,59
558,166,85
559,166,87
560,166,1126
561,166,365
562,166,178
563,166,155
564,166,351
565,166,190
566,166,29
567,166,28
568,166,89
569,166,135
570,166,555
571,166,457
572,166,742
573,166,1907
490,167,30
491,167,469
492,167,1338
493,167,2333
494,167,1020
495,167,702
496,167,340
497,167,122
498,167,298
499,167,976
500,167,293
501,167,187
502,167,324
503,167,1231
504,167,885
505,167,266
506,167,841
507,167,2113
508,167,3101
509,167,676
510,167,2407
511,167,848
512,167,1221
513,167,2290
514,167,1564
515,167,2335
516,167,792
517,167,3810
518,167,6446
519,167,4074
520,167,3304
521,167,4881
522,167,3982
523,167,3499
524,167,2940
525,167,3723
526,167,5834
527,167,2507
528,167,508
529,167,810
530,167,4758
531,167,8236
532,167,6813
533,167,4502
534,167,7412
535,167,4394
536,167,4669
537,167,1876
538,167,1846
539,167,3725
540,167,2537
541,167,2078
542,167,3823
543,167,2725
544,167,3643
545,167,3642
546,167,4002
547,167,3214
548,167,226
549,167,85
550,167,332
551,167,1175
552,167,342
553,167,81
554,167,179
555,167,541
556,167,361
557,167,55
558,167,69
559,167,92
560,167,1738
561,167,341
562,167,274
563,167,381
564,167,1272
565,167,525
566,167,75
567,167,79
568,167,53
569,167,128
570,167,495
571,167,667
572,167,810
573,167,1664
490,168,434
491,168,716
492,168,770
493,168,603
494,168,256
495,168,270
496,168,192
497,168,86
498,168,203
499,168,559
500,168,592
501,168,610
502,168,213
503,168,204
504,168,656
505,168,176
506,168,817
507,168,1547
508,168,1037
509,168,1509
510,168,1774
511,168,569
512,168,1333
513,168,4824
514,168,3231
515,168,946
516,168,84
517,168,1342
518,168,4962
519,168,3143
520,168,5566
521,168,5389
522,168,4041
523,168,3502
524,168,5450
525,168,4677
526,168,4092
527,168,4479
528,168,2393
529,168,5327
530,168,7312
531,168,9000
532,168,8274
533,168,6816
534,168,7198
535,168,2380
536,168,5134
537,168,2296
538,168,2667
539,168,4484
540,168,3390
541,168,4625
542,168,3344
543,168,1269
544,168,1152
545,168,2253
546,168,4296
547,168,5096
548,168,230
549,168,58
550,168,3131
551,168,3902
552,168,1710
553,168,171
554,168,128
555,168,357
556,168,414
557,168,56
558,168,55
559,168,226
560,168,2336
561,168,1240
562,168,1397
563,168,360
564,168,419
565,168,218
566,168,84
567,168,40
568,168,32
569,168,60
570,168,94
571,168,4219
572,168,4271
573,168,744
490,169,2465
491,169,1807
492,169,295
493,169,119
494,169,340
495,169,146
496,169,35
497,169,95
498,169,239
499,169,390
500,169,394
501,169,347
502,169,585
503,169,1133
504,169,1713
505,169,796
506,169,335
507,169,149
508,169,939
509,169,2417
510,169,2549
511,169,1705
512,169,1310
513,169,2637
514,169,945
515,169,180
516,169,115
517,169,1815
518,169,4457
519,169,7025
520,169,3999
521,169,1718
522,169,3915
523,169,6656
524,169,5618
525,169,4705
526,169,5051
527,169,5853
528,169,6560
529,169,6413
530,169,6707
531,169,5273
532,169,6846
533,169,4672
534,169,5885
535,169,7710
536,169,5126
537,169,4071
538,169,3976
539,169,4023
540,169,4272
541,169,3615
542,169,2050
543,169,1583
544,169,647
545,169,1620
546,169,3538
547,169,1173
548,169,64
549,169,65
550,169,3280
551,169,2902
552,169,943
553,169,238
554,169,299
555,169,714
556,169,1500
557,169,118
558,169,151
559,169,490
560,169,474
561,169,753
562,169,654
563,169,1413
564,169,91
565,169,90
566,169,93
567,169,50
568,169,44
569,169,69
570,169,373
571,169,2067
572,169,5049
573,169,6017
490,170,534
491,170,1238
492,170,325
493,170,72
494,170,59
495,170,34
496,170,31
497,170,270
498,170,1773
499,170,1586
500,170,1601
501,170,1207
502,170,3513
503,170,2030
504,170,4213
505,170,3846
506,170,673
507,170,1678
508,170,4300
509,170,4641
510,170,2249
511,170,565
512,170,4146
513,170,4436
514,170,1749
515,170,1518
516,170,4113
517,170,3269
518,170,7259
519,170,4134
520,170,1095
521,170,767
522,170,1470
523,170,3384
524,170,5490
525,170,7316
526,170,6853
527,170,8810
528,170,9925
529,170,8443
530,170,5541
531,170,3577
532,170,4927
533,170,7226
534,170,4559
535,170,6881
536,170,2065
537,170,3260
538,170,1625
539,170,4721
540,170,4226
541,170,881
542,170,1845
543,170,1730
544,170,1413
545,170,337
546,170,1556
547,170,1569
548,170,429
549,170,237
550,170,485
551,170,1900
552,170,1315
553,170,305
554,170,355
555,170,632
556,170,178
557,170,97
558,170,104
559,170,95
560,170,145
561,170,153
562,170,120
563,170,1307
564,170,120
565,170,1776
566,170,1184
567,170,70
568,170,150
569,170,425
570,170,195
571,170,268
572,170,708
573,170,2218
490,171,125
491,171,104
492,171,80
493,171,76
494,171,60
495,171,33
496,171,31
497,171,105
498,171,712
499,171,1287
500,171,1186
501,171,2064
502,171,2562
503,171,2324
504,171,2598
505,171,2838
506,171,4538
507,171,4500
508,171,2803
509,171,2426
510,171,1578
511,171,2597
512,171,6250
513,171,2712
514,171,3408
515,171,5823
516,171,3135
517,171,2897
518,171,2232
519,171,380
520,171,1194
521,171,828
522,171,265
523,171,1108
524,171,2987
525,171,5055
526,171,4613
527,171,10198
528,171,7967
529,171,7130
530,171,6919
531,171,6711
532,171,6931
533,171,5563
534,171,5205
535,171,7450
536,171,4847
537,171,4670
538,171,4661
539,171,6013
540,171,5545
541,171,3425
542,171,4947
543,171,5481
544,171,1678
545,171,2383
546,171,3709
547,171,1653
548,171,1395
549,171,215
550,171,1681
551,171,1263
552,171,356
553,171,963
554,171,812
555,171,554
556,171,887
557,171,1156
558,171,195
559,171,338
560,171,99
561,171,161
562,171,232
563,171,1764
564,171,1222
565,171,4732
566,171,5327
567,171,583
568,171,126
569,171,181
570,171,1289
571,171,1172
572,171,141
573,171,148
490,172,94
491,172,73
492,172,116
493,172,64
494,172,43
495,172,33
496,172,31
497,172,32
498,172,226
499,172,137
500,172,398
501,172,623
502,172,278
503,172,578
504,172,418
505,172,1362
506,172,2327
507,172,797
508,172,255
509,172,2736
510,172,4162
511,172,1682
512,172,4644
513,172,3022
514,172,4850
515,172,4414
516,172,2139
517,172,2992
518,172,159
519,172,108
520,172,143
521,172,917
522,172,500
523,172,2284
524,172,3731
525,172,6219
526,172,5795
527,172,7107
528,172,10385
529,172,3873
530,172,8539
531,172,6877
532,172,5916
533,172,1580
534,172,4436
535,172,7014
536,172,6686
537,172,5004
538,172,5429
539,172,6228
540,172,5207
541,172,3194
542,172,5107
543,172,4303
544,172,3991
545,172,4723
546,172,4103
547,172,4086
548,172,1509
549,172,263
550,172,1029
551,172,1632
552,172,867
553,172,1596
554,172,1360
555,172,859
556,172,316
557,172,173
558,172,338
559,172,918
560,172,114
561,172,194
562,172,3184
563,172,5419
564,172,3895
565,172,6095
566,172,5226
567,172,1282
568,172,201
569,172,52
570,172,163
571,172,256
572,172,74
573,172,598
490,173,81
491,173,70
492,173,481
493,173,116
494,173,69
495,173,49
496,173,36
497,173,82
498,173,780
499,173,636
500,173,330
501,173,211
502,173,140
503,173,156
504,173,147
505,173,2384
506,173,3135
507,173,253
508,173,3217
509,173,4946
510,173,5648
511,173,3774
512,173,3544
513,173,4969
514,173,5619
515,173,5093
516,173,4557
517,173,1008
518,173,656
519,173,216
520,173,175
521,173,931
522,173,5022
523,173,3720
524,173,8755
525,173,7291
526,173,6295
527,173,4695
528,173,10274
529,173,8492
530,173,9930
531,173,7104
532,173,3293
533,173,1417
534,173,5047
535,173,6559
536,173,7470
537,173,4574
538,173,7412
539,173,5881
540,173,5517
541,173,3296
542,173,2287
543,173,1924
544,173,3354
545,173,6130
546,173,2873
547,173,4810
548,173,3450
549,173,1891
550,173,987
551,173,583
552,173,3135
553,173,4150
554,173,2544
555,173,3406
556,173,4168
557,173,617
558,173,436
559,173,276
560,173,773
561,173,284
562,173,1925
563,173,6287
564,173,6171
565,173,3817
566,173,3550
567,173,1007
568,173,101
569,173,45
570,173,106
571,173,56
572,173,45
573,173,1301
490,174,76
491,174,62
492,174,55
493,174,297
494,174,143
495,174,69
496,174,65
497,174,411
498,174,2143
499,174,1064
500,174,442
501,174,190
502,174,152
503,174,408
504,174,617
505,174,1338
506,174,977
507,174,124
508,174,1693
509,174,2342
510,174,2908
511,174,1467
512,174,2371
513,174,7042
514,174,5829
515,174,4461
516,174,5673
517,174,4499
518,174,6583
519,174,574
520,174,1778
521,174,2887
522,174,4964
523,174,6940
524,174,7065
525,174,7093
526,174,7052
527,174,7746
528,174,5924
529,174,9312
530,174,9225
531,174,6829
532,174,5972
533,174,7015
534,174,6775
535,174,3661
536,174,6874
537,174,5433
538,174,7570
539,174,6557
540,174,4485
541,174,3757
542,174,3630
543,174,3015
544,174,2036
545,174,6112
546,174,5350
547,174,3647
548,174,4151
549,174,2726
550,174,1453
551,174,2972
552,174,4476
553,174,4447
554,174,2983
555,174,4105
556,174,747
557,174,1123
558,174,1621
559,174,2069
560,174,3624
561,174,1470
562,174,812
563,174,1372
564,174,1126
565,174,1244
566,174,375
567,174,37
568,174,55
569,174,39
570,174,42
571,174,42
572,174,64
573,174,329
490,175,41
491,175,38
492,175,38
493,175,1749
494,175,2918
495,175,1915
496,175,1702
497,175,82
498,175,295
499,175,453
500,175,319
501,175,154
502,175,299
503,175,145
504,175,62
505,175,59
506,175,21
507,175,19
508,175,19
509,175,124
510,175,724
511,175,3844
512,175,6815
513,175,5113
514,175,4988
515,175,3018
516,175,4616
517,175,518
518,175,5488
519,175,5476
520,175,7127
521,175,5737
522,175,4368
523,175,7727
524,175,4228
525,175,2728
526,175,7753
527,175,10128
528,175,9685
529,175,8951
530,175,10168
531,175,7449
532,175,5952
533,175,8294
534,175,7768
535,175,5975
536,175,7728
537,175,6648
538,175,5427
539,175,6019
540,175,4968
541,175,6121
542,175,6383
543,175,4119
544,175,1851
545,175,6152
546,175,4333
547,175,3932
548,175,4549
549,175,4259
550,175,3867
551,175,2780
552,175,2794
553,175,748
554,175,1367
555,175,1977
556,175,119
557,175,72
558,175,139
559,175,209
560,175,201
561,175,195
562,175,32
563,175,63
564,175,364
565,175,65
566,175,82
567,175,47
568,175,5
569,175,3
570,175,23
571,175,50
572,175,59
573,175,224
490,176,168
491,176,173
492,176,117
493,176,3804
494,176,4504
495,176,2878
496,176,4247
497,176,116
498,176,482
499,176,1397
500,176,219
501,176,110
502,176,773
503,176,960
504,176,92
505,176,28
506,176,70
507,176,96
508,176,175
509,176,357
510,176,4316
511,176,5186
512,176,5920
513,176,4502
514,176,5433
515,176,5092
516,176,2274
517,176,338
518,176,1834
519,176,3674
520,176,1618
521,176,3904
522,176,2743
523,176,3695
524,176,10857
525,176,9493
526,176,5307
527,176,10047
528,176,9437
529,176,8600
530,176,11202
531,176,10866
532,176,8109
533,176,9622
534,176,7961
535,176,8284
536,176,6487
537,176,6159
538,176,5542
539,176,2340
540,176,3839
541,176,4219
542,176,2865
543,176,2483
544,176,1071
545,176,4770
546,176,5493
547,176,7225
548,176,5803
549,176,4040
550,176,5714
551,176,5852
552,176,1899
553,176,286
554,176,64
555,176,77
556,176,37
557,176,44
558,176,78
559,176,5
560,176,83
561,176,55
562,176,270
563,176,1455
564,176,5495
565,176,1738
566,176,140
567,176,123
568,176,92
569,176,16
570,176,14
571,176,55
572,176,59
573,176,646
490,177,556
491,177,206
492,177,131
493,177,386
494,177,841
495,177,806
496,177,971
497,177,215
498,177,891
499,177,635
500,177,381
501,177,1278
502,177,878
503,177,386
504,177,366
505,177,453
506,177,778
507,177,1200
508,177,2217
509,177,841
510,177,1254
511,177,3849
512,177,4706
513,177,3201
514,177,1176
515,177,2561
516,177,2327
517,177,3817
518,177,2796
519,177,5209
520,177,4056
521,177,2281
522,177,3800
523,177,6506
524,177,13965
525,177,8676
526,177,9957
527,177,4585
528,177,853
529,177,2873
530,177,9398
531,177,10607
532,177,10796
533,177,10235
534,177,8543
535,177,6333
536,177,7368
537,177,5139
538,177,3676
539,177,3757
540,177,6132
541,177,7321
542,177,1427
543,177,8891
544,177,6121
545,177,5374
546,177,2480
547,177,4966
548,177,5950
549,177,4745
550,177,5494
551,177,5855
552,177,1189
553,177,571
554,177,50
555,177,50
556,177,205
557,177,175
558,177,1030
559,177,962
560,177,1025
561,177,3325
562,177,2709
563,177,859
564,177,1055
565,177,476
566,177,136
567,177,165
568,177,125
569,177,36
570,177,4
571,177,58
572,177,57
573,177,53
490,178,1251
491,178,468
492,178,122
493,178,155
494,178,1478
495,178,653
496,178,1292
497,178,486
498,178,616
499,178,1614
500,178,3082
501,178,4817
502,178,251
503,178,89
504,178,117
505,178,1243
506,178,3029
507,178,1150
508,178,1516
509,178,4687
510,178,1734
511,178,3372
512,178,6149
513,178,2405
514,178,184
515,178,270
516,178,1921
517,178,6915
518,178,2692
519,178,3435
520,178,6539
521,178,7753
522,178,5236
523,178,6779
524,178,12719
525,178,13218
526,178,8874
527,178,9661
528,178,8967
529,178,15599
530,178,4544
531,178,11267
532,178,11858
533,178,9318
534,178,8054
535,178,6373
536,178,5958
537,178,2923
538,178,2975
539,178,4532
540,178,3150
541,178,4804
542,178,7385
543,178,6170
544,178,10031
545,178,7340
546,178,6792
547,178,2961
548,178,3308
549,178,5471
550,178,3502
551,178,544
552,178,3
553,178,45
554,178,863
555,178,1493
556,178,158
557,178,116
558,178,130
559,178,761
560,178,1726
561,178,3204
562,178,3774
563,178,1591
564,178,3159
565,178,1408
566,178,267
567,178,505
568,178,1926
569,178,48
570,178,0
571,178,37
572,178,53
573,178,53
490,179,568
491,179,197
492,179,172
493,179,252
494,179,323
495,179,2967
496,179,4254
497,179,3654
498,179,3440
499,179,3909
500,179,4175
501,179,3309
502,179,608
503,179,1065
504,179,271
505,179,2334
506,179,4073
507,179,1714
508,179,3077
509,179,2784
510,179,2009
511,179,4929
512,179,6147
513,179,2031
514,179,530
515,179,4301
516,179,9341
517,179,6587
518,179,3799
519,179,5120
520,179,9218
521,179,8334
522,179,11038
523,179,11825
524,179,6816
525,179,8323
526,179,4194
527,179,4767
528,179,2546
529,179,2617
530,179,1109
531,179,6339
532,179,8884
533,179,6556
534,179,6404
535,179,4068
536,179,2411
537,179,3343
538,179,3535
539,179,189
540,179,111
541,179,207
542,179,1383
543,179,1182
544,179,2482
545,179,399
546,179,4269
547,179,8266
548,179,3472
549,179,2179
550,179,263
551,179,8
552,179,24
553,179,59
554,179,174
555,179,207
556,179,1295
557,179,302
558,179,118
559,179,236
560,179,582
561,179,4077
562,179,4153
563,179,1497
564,179,3313
565,179,1242
566,179,335
567,179,409
568,179,804
569,179,114
570,179,0
571,179,1
572,179,19
573,179,17
490,180,415
491,180,161
492,180,259
493,180,2805
494,180,3674
495,180,2378
496,180,3174
497,180,4172
498,180,4153
499,180,4001
500,180,162
501,180,214
502,180,333
503,180,414
504,180,254
505,180,1203
506,180,4260
507,180,570
508,180,1478
509,180,4327
510,180,4623
511,180,3645
512,180,10632
513,180,5142
514,180,1525
515,180,5962
516,180,7912
517,180,4478
518,180,4955
519,180,5604
520,180,7637
521,180,6118
522,180,12054
523,180,6343
524,180,10157
525,180,9866
526,180,3505
527,180,816
528,180,2044
529,180,1304
530,180,1088
531,180,2110
532,180,1528
533,180,1524
534,180,7702
535,180,5879
536,180,3087
537,180,3591
538,180,1243
539,180,300
540,180,1038
541,180,475
542,180,1436
543,180,1175
544,180,42
545,180,160
546,180,3495
547,180,4908
548,180,162
549,180,216
550,180,106
551,180,18
552,180,24
553,180,24
554,180,63
555,180,168
556,180,3091
557,180,605
558,180,2496
559,180,1197
560,180,239
561,180,3197
562,180,2120
563,180,396
564,180,203
565,180,310
566,180,152
567,180,151
568,180,338
569,180,197
570,180,4
571,180,0
572,180,0
573,180,0
490,181,618
491,181,435
492,181,3882
493,181,3938
494,181,3206
495,181,2053
496,181,5861
497,181,3631
498,181,1792
499,181,1663
500,181,1008
501,181,186
502,181,536
503,181,1368
504,181,304
505,181,3877
506,181,3954
507,181,3121
508,181,5333
509,181,4277
510,181,5903
511,181,3416
512,181,4090
513,181,7607
514,181,4066
515,181,7179
516,181,6689
517,181,6150
518,181,3893
519,181,3061
520,181,5057
521,181,4516
522,181,1542
523,181,8348
524,181,15623
525,181,12736
526,181,9209
527,181,9938
528,181,4928
529,181,4024
530,181,4514
531,181,1990
532,181,2259
533,181,3476
534,181,10632
535,181,13223
536,181,8910
537,181,9080
538,181,5420
539,181,4884
540,181,8824
541,181,6601
542,181,4422
543,181,1341
544,181,0
545,181,32
546,181,86
547,181,1826
548,181,175
549,181,184
550,181,133
551,181,54
552,181,1485
553,181,884
554,181,162
555,181,170
556,181,1453
557,181,734
558,181,4398
559,181,1246
560,181,248
561,181,166
562,181,50
563,181,289
564,181,374
565,181,192
566,181,168
567,181,454
568,181,627
569,181,357
570,181,81
571,181,16
572,181,13
573,181,10
490,182,699
491,182,188
492,182,2150
493,182,2150
494,182,4419
495,182,4859
496,182,3138
497,182,236
498,182,365
499,182,284
500,182,73
501,182,114
502,182,1164
503,182,292
504,182,273
505,182,2813
506,182,1495
507,182,4418
508,182,2795
509,182,5103
510,182,4149
511,182,6382
512,182,5142
513,182,6343
514,182,4247
515,182,2822
516,182,2628
517,182,4135
518,182,3344
519,182,743
520,182,1005
521,182,773
522,182,1922
523,182,5808
524,182,15244
525,182,13889
526,182,11528
527,182,7825
528,182,3929
529,182,6066
530,182,10208
531,182,7972
532,182,7974
533,182,6629
534,182,10385
535,182,10645
536,182,8023
537,182,8407
538,182,1754
539,182,5076
540,182,9079
541,182,7710
542,182,7652
543,182,2918
544,182,114
545,182,301
546,182,364
547,182,222
548,182,307
549,182,468
550,182,377
551,182,1766
552,182,3481
553,182,2950
554,182,311
555,182,171
556,182,164
557,182,164
558,182,569
559,182,2116
560,182,140
561,182,110
562,182,24
563,182,42
564,182,145
565,182,143
566,182,239
567,182,928
568,182,2539
569,182,2425
570,182,112
571,182,56
572,182,25
573,182,23
490,183,386
491,183,93
492,183,892
493,183,650
494,183,231
495,183,954
496,183,629
497,183,305
498,183,823
499,183,202
500,183,56
501,183,107
502,183,1575
503,183,198
504,183,1113
505,183,4556
506,183,2008
507,183,4297
508,183,2974
509,183,1275
510,183,926
511,183,3213
512,183,3819
513,183,3732
514,183,4187
515,183,3493
516,183,3256
517,183,4129
518,183,4724
519,183,883
520,183,2581
521,183,7582
522,183,6531
523,183,7838
524,183,8016
525,183,11424
526,183,8050
527,183,4315
528,183,4221
529,183,9378
530,183,8374
531,183,8925
532,183,10606
533,183,11259
534,183,8985
535,183,7840
536,183,9865
537,183,3331
538,183,2011
539,183,9128
540,183,11020
541,183,10843
542,183,10819
543,183,4867
544,183,7683
545,183,5425
546,183,4484
547,183,2071
548,183,1928
549,183,4267
550,183,2554
551,183,4442
552,183,1456
553,183,2125
554,183,228
555,183,159
556,183,106
557,183,95
558,183,111
559,183,301
560,183,63
561,183,63
562,183,25
563,183,35
564,183,65
565,183,47
566,183,742
567,183,66
568,183,3712
569,183,7211
570,183,3232
571,183,462
572,183,61
573,183,23
490,184,143
491,184,93
492,184,58
493,184,100
494,184,76
495,184,506
496,184,814
497,184,965
498,184,936
499,184,137
500,184,69
501,184,113
502,184,249
503,184,203
504,184,397
505,184,2695
506,184,1697
507,184,3767
508,184,2176
509,184,252
510,184,459
511,184,1084
512,184,4084
513,184,4311
514,184,3448
515,184,2517
516,184,2406
517,184,5147
518,184,6708
519,184,4868
520,184,7223
521,184,7442
522,184,8140
523,184,5505
524,184,8337
525,184,9610
526,184,8366
527,184,10124
528,184,9422
529,184,9587
530,184,7509
531,184,10266
532,184,12498
533,184,8194
534,184,7975
535,184,10562
536,184,4218
537,184,617
538,184,2203
539,184,7650
540,184,10051
541,184,13345
542,184,12061
543,184,6649
544,184,6445
545,184,6167
546,184,4946
547,184,6519
548,184,6466
549,184,6707
550,184,4405
551,184,2186
552,184,6201
553,184,956
554,184,226
555,184,235
556,184,90
557,184,101
558,184,62
559,184,58
560,184,60
561,184,47
562,184,40
563,184,55
564,184,61
565,184,46
566,184,48
567,184,60
568,184,278
569,184,3264
570,184,2639
571,184,385
572,184,133
573,184,89
490,185,128
491,185,82
492,185,56
493,185,56
494,185,62
495,185,359
496,185,1423
497,185,162
498,185,186
499,185,123
500,185,84
501,185,94
502,185,105
503,185,160
504,185,354
505,185,1064
506,185,1645
507,185,2206
508,185,1520
509,185,982
510,185,2237
511,185,3031
512,185,5038
513,185,5981
514,185,5107
515,185,5399
516,185,5931
517,185,4908
518,185,5145
519,185,2474
520,185,2488
521,185,4191
522,185,5455
523,185,8609
524,185,6310
525,185,7390
526,185,6801
527,185,8812
528,185,8495
529,185,11920
530,185,10029
531,185,8218
532,185,11636
533,185,11499
534,185,10365
535,185,10395
536,185,5814
537,185,513
538,185,6509
539,185,9025
540,185,8516
541,185,6399
542,185,9817
543,185,8230
544,185,8238
545,185,5958
546,185,4965
547,185,6627
548,185,7102
549,185,6189
550,185,1604
551,185,1410
552,185,6879
553,185,4646
554,185,1567
555,185,2403
556,185,1985
557,185,321
558,185,45
559,185,40
560,185,40
561,185,43
562,185,56
563,185,62
564,185,49
565,185,46
566,185,51
567,185,59
568,185,65
569,185,251
570,185,377
571,185,76
572,185,69
573,185,54
490,186,296
491,186,86
492,186,58
493,186,55
494,186,61
495,186,298
496,186,390
497,186,142
498,186,112
499,186,345
500,186,808
501,186,191
502,186,122
503,186,261
504,186,760
505,186,254
506,186,1021
507,186,2933
508,186,2458
509,186,3327
510,186,5887
511,186,5177
512,186,7020
513,186,5885
514,186,4275
515,186,1533
516,186,4492
517,186,4260
518,186,3785
519,186,5223
520,186,5041
521,186,5522
522,186,4952
523,186,3303
524,186,5408
525,186,3062
526,186,1683
527,186,518
528,186,6504
529,186,10064
530,186,11750
531,186,8254
532,186,7700
533,186,9139
534,186,11823
535,186,4116
536,186,1003
537,186,4170
538,186,9562
539,186,8842
540,186,1760
541,186,2224
542,186,1932
543,186,5321
544,186,6394
545,186,6267
546,186,4812
547,186,7562
548,186,7400
549,186,5589
550,186,2554
551,186,2390
552,186,3860
553,186,4898
554,186,4443
555,186,3592
556,186,2753
557,186,1337
558,186,97
559,186,38
560,186,39
561,186,49
562,186,52
563,186,53
564,186,57
565,186,54
566,186,56
567,186,174
568,186,160
569,186,248
570,186,228
571,186,577
572,186,379
573,186,39
490,187,1133
491,187,608
492,187,89
493,187,67
494,187,65
495,187,98
496,187,116
497,187,140
498,187,156
499,187,1137
500,187,1024
501,187,416
502,187,480
503,187,694
504,187,606
505,187,158
506,187,212
507,187,543
508,187,2985
509,187,3413
510,187,4169
511,187,4335
512,187,4745
513,187,5654
514,187,5386
515,187,1414
516,187,881
517,187,3933
518,187,4537
519,187,1952
520,187,5338
521,187,1416
522,187,2998
523,187,2332
524,187,6051
525,187,3266
526,187,915
527,187,960
528,187,4533
529,187,10526
530,187,10550
531,187,5143
532,187,8072
533,187,11040
534,187,8360
535,187,897
536,187,4461
537,187,9940
538,187,10000
539,187,6820
540,187,2494
541,187,1060
542,187,5111
543,187,4275
544,187,6720
545,187,7938
546,187,5628
547,187,5814
548,187,4670
549,187,2696
550,187,3357
551,187,4522
552,187,5108
553,187,4363
554,187,3766
555,187,2314
556,187,1910
557,187,4007
558,187,928
559,187,38
560,187,45
561,187,52
562,187,52
563,187,54
564,187,61
565,187,90
566,187,661
567,187,2085
568,187,1845
569,187,2032
570,187,2470
571,187,1865
572,187,4595
573,187,1533
490,188,712
491,188,845
492,188,188
493,188,94
494,188,85
495,188,114
496,188,123
497,188,165
498,188,200
499,188,828
500,188,1068
501,188,241
502,188,272
503,188,1058
504,188,260
505,188,458
506,188,65
507,188,357
508,188,2534
509,188,1914
510,188,3602
511,188,4186
512,188,5334
513,188,5567
514,188,5973
515,188,5283
516,188,4898
517,188,4353
518,188,5572
519,188,3410
520,188,3953
521,188,5207
522,188,5572
523,188,4389
524,188,6769
525,188,3419
526,188,2720
527,188,2429
528,188,3880
529,188,4785
530,188,8889
531,188,9497
532,188,7558
533,188,9720
534,188,3643
535,188,1582
536,188,7996
537,188,9987
538,188,7331
539,188,2161
540,188,5684
541,188,3015
542,188,6253
543,188,6128
544,188,5936
545,188,4239
546,188,2654
547,188,5837
548,188,4826
549,188,1622
550,188,4677
551,188,3141
552,188,4954
553,188,4432
554,188,2377
555,188,1566
556,188,1759
557,188,1997
558,188,325
559,188,38
560,188,48
561,188,51
562,188,634
563,188,85
564,188,85
565,188,182
566,188,1643
567,188,3829
568,188,5548
569,188,6160
570,188,3158
571,188,5896
572,188,5371
573,188,6134
490,189,1722
491,189,1301
492,189,494
493,189,388
494,189,432
495,189,117
496,189,112
497,189,105
498,189,181
499,189,1111
500,189,996
501,189,187
502,189,150
503,189,268
504,189,387
505,189,804
506,189,153
507,189,304
508,189,517
509,189,1082
510,189,2726
511,189,3420
512,189,3079
513,189,3713
514,189,4326
515,189,6180
516,189,5353
517,189,6891
518,189,6932
519,189,5544
520,189,4529
521,189,3878
522,189,2862
523,189,6523
524,189,4223
525,189,3540
526,189,6037
527,189,6139
528,189,6954
529,189,4637
530,189,5946
531,189,9675
532,189,7894
533,189,8659
534,189,3567
535,189,1257
536,189,10613
537,189,8356
538,189,6933
539,189,2746
540,189,5508
541,189,1823
542,189,4416
543,189,6606
544,189,3974
545,189,1247
546,189,543
547,189,3064
548,189,2151
549,189,2737
550,189,4864
551,189,3571
552,189,4263
553,189,4217
554,189,3586
555,189,679
556,189,169
557,189,188
558,189,70
559,189,66
560,189,56
561,189,51
562,189,272
563,189,175
564,189,84
565,189,153
566,189,541
567,189,3506
568,189,4157
569,189,1460
570,189,2386
571,189,4770
572,189,5171
573,189,5031
490,190,1660
491,190,628
492,190,1528
493,190,1346
494,190,1866
495,190,117
496,190,145
497,190,169
498,190,523
499,190,2299
500,190,1073
501,190,172
502,190,94
503,190,46
504,190,641
505,190,1639
506,190,324
507,190,351
508,190,969
509,190,1828
510,190,3923
511,190,4104
512,190,2532
513,190,1527
514,190,6342
515,190,7230
516,190,6140
517,190,5700
518,190,5114
519,190,6634
520,190,5250
521,190,6652
522,190,1828
523,190,1973
524,190,4151
525,190,5384
526,190,5262
527,190,2088
528,190,6529
529,190,5003
530,190,4614
531,190,9722
532,190,7481
533,190,7811
534,190,7494
535,190,2645
536,190,7820
537,190,5294
538,190,6157
539,190,3831
540,190,5174
541,190,2944
542,190,4146
543,190,4998
544,190,2995
545,190,116
546,190,63
547,190,104
548,190,471
549,190,3557
550,190,5757
551,190,3356
552,190,1350
553,190,3766
554,190,3561
555,190,711
556,190,118
557,190,94
558,190,92
559,190,90
560,190,61
561,190,57
562,190,198
563,190,83
564,190,60
565,190,89
566,190,70
567,190,534
568,190,928
569,190,1601
570,190,221
571,190,247
572,190,943
573,190,982
490,191,294
491,191,161
492,191,331
493,191,1966
494,191,654
495,191,193
496,191,1168
497,191,318
498,191,371
499,191,1663
500,191,2071
501,191,318
502,191,58
503,191,40
504,191,300
505,191,295
506,191,420
507,191,473
508,191,2030
509,191,3790
510,191,1658
511,191,1290
512,191,3054
513,191,2691
514,191,2477
515,191,3878
516,191,2588
517,191,4271
518,191,3739
519,191,4330
520,191,7004
521,191,4335
522,191,2193
523,191,2661
524,191,2804
525,191,5554
526,191,5111
527,191,2526
528,191,3767
529,191,4345
530,191,9274
531,191,5700
532,191,5500
533,191,5180
534,191,6201
535,191,443
536,191,2854
537,191,4053
538,191,5769
539,191,2752
540,191,5780
541,191,6037
542,191,3431
543,191,1536
544,191,6388
545,191,3216
546,191,818
547,191,97
548,191,260
549,191,4902
550,191,6190
551,191,1854
552,191,2184
553,191,6226
554,191,4993
555,191,3445
556,191,618
557,191,105
558,191,175
559,191,675
560,191,79
561,191,219
562,191,407
563,191,273
564,191,67
565,191,71
566,191,72
567,191,133
568,191,313
569,191,104
570,191,196
571,191,292
572,191,157
573,191,192
490,192,365
491,192,216
492,192,201
493,192,1033
494,192,305
495,192,108
496,192,605
497,192,242
498,192,814
499,192,817
500,192,669
501,192,294
502,192,1087
503,192,852
504,192,117
505,192,169
506,192,139
507,192,382
508,192,1618
509,192,2376
510,192,1064
511,192,4351
512,192,1859
513,192,630
514,192,381
515,192,1395
516,192,2284
517,192,3191
518,192,4431
519,192,5002
520,192,4760
521,192,3026
522,192,1192
523,192,696
524,192,1357
525,192,4493
526,192,5416
527,192,4272
528,192,5599
529,192,5101
530,192,4685
531,192,6102
532,192,5098
533,192,6298
534,192,8038
535,192,399
536,192,3487
537,192,6430
538,192,4240
539,192,2883
540,192,3047
541,192,3602
542,192,793
543,192,1097
544,192,3171
545,192,4054
546,192,4220
547,192,321
548,192,153
549,192,1530
550,192,1913
551,192,107
552,192,339
553,192,5823
554,192,3033
555,192,1800
556,192,357
557,192,706
558,192,849
559,192,4343
560,192,869
561,192,796
562,192,199
563,192,111
564,192,78
565,192,82
566,192,110
567,192,236
568,192,1627
569,192,124
570,192,111
571,192,185
572,192,291
573,192,1887
490,193,667
491,193,167
492,193,177
493,193,178
494,193,97
495,193,73
496,193,140
497,193,212
498,193,1231
499,193,970
500,193,316
501,193,113
502,193,74
503,193,877
504,193,1035
505,193,241
506,193,239
507,193,351
508,193,502
509,193,757
510,193,2679
511,193,3647
512,193,2266
513,193,543
514,193,485
515,193,421
516,193,555
517,193,254
518,193,284
519,193,4070
520,193,3112
521,193,1936
522,193,258
523,193,164
524,193,511
525,193,3206
526,193,3853
527,193,4852
528,193,3039
529,193,3453
530,193,5161
531,193,6308
532,193,4894
533,193,6490
534,193,8374
535,193,2707
536,193,1277
537,193,4438
538,193,5747
539,193,3301
540,193,2107
541,193,3257
542,193,893
543,193,1274
544,193,413
545,193,461
546,193,661
547,193,332
548,193,168
549,193,390
550,193,167
551,193,133
552,193,184
553,193,986
554,193,116
555,193,102
556,193,79
557,193,618
558,193,1847
559,193,3025
560,193,1925
561,193,2845
562,193,554
563,193,215
564,193,149
565,193,164
566,193,886
567,193,1009
568,193,2320
569,193,313
570,193,108
571,193,210
572,193,282
573,193,1640
490,194,1790
491,194,129
492,194,76
493,194,222
494,194,98
495,194,102
496,194,52
497,194,162
498,194,180
499,194,206
500,194,184
501,194,369
502,194,183
503,194,903
504,194,3790
505,194,2111
506,194,975
507,194,597
508,194,386
509,194,869
510,194,1790
511,194,2773
512,194,1525
513,194,1379
514,194,3614
515,194,1211
516,194,384
517,194,535
518,194,302
519,194,259
520,194,253
521,194,332
522,194,268
523,194,181
524,194,339
525,194,1102
526,194,3310
527,194,3763
528,194,4702
529,194,4490
530,194,2830
531,194,4433
532,194,4574
533,194,5031
534,194,7709
535,194,5790
536,194,474
537,194,1850
538,194,4730
539,194,2361
540,194,1413
541,194,2476
542,194,2388
543,194,204
544,194,46
545,194,142
546,194,282
547,194,122
548,194,52
549,194,33
550,194,68
551,194,236
552,194,119
553,194,69
554,194,106
555,194,82
556,194,79
557,194,120
558,194,2419
559,194,2710
560,194,1863
561,194,2199
562,194,2294
563,194,1020
564,194,189
565,194,202
566,194,1555
567,194,2784
568,194,3434
569,194,807
570,194,163
571,194,278
572,194,323
573,194,471
490,195,420
491,195,69
492,195,70
493,195,270
494,195,179
495,195,63
496,195,78
497,195,97
498,195,161
499,195,183
500,195,331
501,195,340
502,195,1779
503,195,703
504,195,1743
505,195,753
506,195,772
507,195,3733
508,195,2340
509,195,3229
510,195,4240
511,195,2553
512,195,2677
513,195,4123
514,195,2288
515,195,474
516,195,292
517,195,682
518,195,1110
519,195,1860
520,195,2964
521,195,151
522,195,805
523,195,3996
524,195,4865
525,195,3983
526,195,4951
527,195,4961
528,195,3330
529,195,4541
530,195,3045
531,195,3163
532,195,3174
533,195,6882
534,195,5932
535,195,6118
536,195,1160
537,195,1765
538,195,1224
539,195,193
540,195,189
541,195,1813
542,195,3647
543,195,2313
544,195,214
545,195,47
546,195,109
547,195,126
548,195,52
549,195,34
550,195,33
551,195,205
552,195,45
553,195,26
554,195,58
555,195,94
556,195,99
557,195,524
558,195,3743
559,195,909
560,195,570
561,195,2040
562,195,3582
563,195,1685
564,195,189
565,195,310
566,195,2529
567,195,2941
568,195,1186
569,195,320
570,195,98
571,195,543
572,195,198
573,195,116
490,196,1579
491,196,240
492,196,66
493,196,44
494,196,69
495,196,107
496,196,97
497,196,227
498,196,408
499,196,303
500,196,315
501,196,977
502,196,622
503,196,391
504,196,773
505,196,572
506,196,408
507,196,1547
508,196,2131
509,196,2392
510,196,4945
511,196,2832
512,196,1037
513,196,865
514,196,741
515,196,151
516,196,53
517,196,242
518,196,1252
519,196,3280
520,196,3688
521,196,259
522,196,387
523,196,2376
524,196,4104
525,196,3595
526,196,3319
527,196,3444
528,196,906
529,196,972
530,196,2225
531,196,2882
532,196,2524
533,196,4848
534,196,2321
535,196,5324
536,196,878
537,196,301
538,196,233
539,196,182
540,196,62
541,196,513
542,196,3258
543,196,3905
544,196,1945
545,196,134
546,196,731
547,196,326
548,196,54
549,196,39
550,196,33
551,196,45
552,196,26
553,196,26
554,196,27
555,196,54
556,196,92
557,196,205
558,196,212
559,196,450
560,196,126
561,196,92
562,196,641
563,196,396
564,196,90
565,196,181
566,196,1136
567,196,2605
568,196,3156
569,196,487
570,196,381
571,196,187
572,196,100
573,196,58
490,197,950
491,197,193
492,197,127
493,197,45
494,197,50
495,197,553
496,197,2358
497,197,1722
498,197,995
499,197,1741
500,197,663
501,197,62
502,197,693
503,197,147
504,197,170
505,197,60
506,197,32
507,197,32
508,197,283
509,197,2586
510,197,3993
511,197,1866
512,197,1901
513,197,634
514,197,199
515,197,91
516,197,53
517,197,178
518,197,3637
519,197,4614
520,197,1551
521,197,241
522,197,200
523,197,635
524,197,809
525,197,494
526,197,869
527,197,499
528,197,79
529,197,70
530,197,434
531,197,4455
532,197,6329
533,197,5989
534,197,4363
535,197,7553
536,197,2535
537,197,258
538,197,175
539,197,114
540,197,109
541,197,119
542,197,1025
543,197,3710
544,197,2508
545,197,264
546,197,132
547,197,49
548,197,40
549,197,43
550,197,23
551,197,20
552,197,27
553,197,28
554,197,28
555,197,28
556,197,149
557,197,329
558,197,124
559,197,92
560,197,92
561,197,86
562,197,76
563,197,242
564,197,55
565,197,55
566,197,216
567,197,285
568,197,319
569,197,139
570,197,194
571,197,92
572,197,45
573,197,38
490,198,186
491,198,158
492,198,165
493,198,187
494,198,143
495,198,382
496,198,2337
497,198,3052
498,198,351
499,198,537
500,198,230
501,198,41
502,198,54
503,198,292
504,198,151
505,198,37
506,198,35
507,198,32
508,198,137
509,198,2152
510,198,6145
511,198,5067
512,198,1265
513,198,114
514,198,144
515,198,718
516,198,387
517,198,563
518,198,1954
519,198,2484
520,198,140
521,198,80
522,198,87
523,198,78
524,198,74
525,198,156
526,198,811
527,198,278
528,198,71
529,198,57
530,198,98
531,198,329
532,198,3381
533,198,1747
534,198,3478
535,198,6939
536,198,4548
537,198,591
538,198,224
539,198,48
540,198,47
541,198,75
542,198,167
543,198,430
544,198,752
545,198,828
546,198,68
547,198,14
548,198,25
549,198,24
550,198,16
551,198,26
552,198,33
553,198,29
554,198,28
555,198,29
556,198,154
557,198,1334
558,198,676
559,198,1018
560,198,409
561,198,89
562,198,76
563,198,344
564,198,553
565,198,321
566,198,89
567,198,47
568,198,77
569,198,469
570,198,112
571,198,112
572,198,62
573,198,37
490,199,459
491,199,151
492,199,171
493,199,333
494,199,299
495,199,757
496,199,1303
497,199,998
498,199,137
499,199,71
500,199,73
501,199,73
502,199,85
503,199,213
504,199,313
505,199,38
506,199,39
507,199,60
508,199,477
509,199,2843
510,199,4248
511,199,3874
512,199,2213
513,199,116
514,199,135
515,199,1610
516,199,1952
517,199,328
518,199,215
519,199,118
520,199,55
521,199,24
522,199,72
523,199,115
524,199,72
525,199,70
526,199,234
527,199,210
528,199,48
529,199,36
530,199,37
531,199,186
532,199,142
533,199,138
534,199,1226
535,199,5493
536,199,3179
537,199,508
538,199,868
539,199,499
540,199,327
541,199,178
542,199,79
543,199,153
544,199,350
545,199,1578
546,199,40
547,199,15
548,199,19
549,199,22
550,199,16
551,199,29
552,199,34
553,199,31
554,199,31
555,199,56
556,199,66
557,199,227
558,199,567
559,199,1006
560,199,424
561,199,180
562,199,101
563,199,92
564,199,1713
565,199,715
566,199,279
567,199,47
568,199,56
569,199,230
570,199,110
571,199,124
572,199,104
573,199,47
490,200,115
491,200,143
492,200,164
493,200,161
494,200,84
495,200,507
496,200,1389
497,200,473
498,200,85
499,200,71
500,200,73
501,200,78
502,200,86
503,200,97
504,200,98
505,200,52
506,200,88
507,200,69
508,200,1239
509,200,686
510,200,4918
511,200,2930
512,200,1032
513,200,157
514,200,163
515,200,317
516,200,1374
517,200,280
518,200,545
519,200,214
520,200,42
521,200,28
522,200,285
523,200,480
524,200,1530
525,200,2360
526,200,2556
527,200,95
528,200,39
529,200,37
530,200,62
531,200,275
532,200,194
533,200,144
534,200,186
535,200,3320
536,200,3005
537,200,1123
538,200,3375
539,200,4497
540,200,2466
541,200,132
542,200,43
543,200,40
544,200,60
545,200,502
546,200,396
547,200,177
548,200,22
549,200,21
550,200,18
551,200,33
552,200,34
553,200,34
554,200,44
555,200,64
556,200,66
557,200,113
558,200,165
559,200,421
560,200,411
561,200,88
562,200,92
563,200,86
564,200,97
565,200,160
566,200,114
567,200,32
568,200,65
569,200,83
570,200,155
571,200,187
572,200,62
573,200,41
490,201,142
491,201,194
492,201,84
493,201,26
494,201,192
495,201,806
496,201,1615
497,201,625
498,201,117
499,201,71
500,201,81
501,201,81
502,201,92
503,201,159
504,201,454
505,201,222
506,201,256
507,201,271
508,201,2461
509,201,3075
510,201,2444
511,201,1329
512,201,549
513,201,462
514,201,221
515,201,307
516,201,70
517,201,115
518,201,180
519,201,58
520,201,44
521,201,30
522,201,398
523,201,1478
524,201,3663
525,201,2465
526,201,3452
527,201,203
528,201,68
529,201,83
530,201,67
531,201,217
532,201,109
533,201,149
534,201,1037
535,201,2164
536,201,3216
537,201,86
538,201,842
539,201,1001
540,201,980
541,201,43
542,201,42
543,201,28
544,201,112
545,201,1963
546,201,1206
547,201,304
548,201,14
549,201,20
550,201,32
551,201,47
552,201,50
553,201,42
554,201,42
555,201,116
556,201,77
557,201,89
558,201,97
559,201,330
560,201,352
561,201,66
562,201,73
563,201,65
564,201,65
565,201,50
566,201,140
567,201,268
568,201,40
569,201,89
570,201,218
571,201,219
572,201,85
573,201,50
490,202,208
491,202,215
492,202,89
493,202,162
494,202,927
495,202,3790
496,202,4182
497,202,875
498,202,292
499,202,143
500,202,101
501,202,235
502,202,94
503,202,187
504,202,417
505,202,365
506,202,772
507,202,1360
508,202,348
509,202,1520
510,202,272
511,202,168
512,202,2132
513,202,1244
514,202,166
515,202,67
516,202,102
517,202,223
518,202,75
519,202,55
520,202,33
521,202,32
522,202,39
523,202,40
524,202,806
525,202,1089
526,202,840
527,202,70
528,202,139
529,202,184
530,202,1645
531,202,364
532,202,575
533,202,779
534,202,4083
535,202,5002
536,202,2763
537,202,353
538,202,26
539,202,32
540,202,311
541,202,86
542,202,41
543,202,27
544,202,80
545,202,2338
546,202,2128
547,202,861
548,202,12
549,202,29
550,202,59
551,202,69
552,202,95
553,202,118
554,202,587
555,202,1253
556,202,209
557,202,78
558,202,76
559,202,75
560,202,85
561,202,66
562,202,48
563,202,54
564,202,52
565,202,33
566,202,40
567,202,120
568,202,35
569,202,168
570,202,1341
571,202,1370
572,202,73
573,202,66
490,203,126
491,203,204
492,203,45
493,203,220
494,203,544
495,203,2364
496,203,1094
497,203,527
498,203,170
499,203,124
500,203,728
501,203,2395
502,203,93
503,203,108
504,203,275
505,203,413
506,203,451
507,203,721
508,203,582
509,203,600
510,203,140
511,203,56
512,203,121
513,203,1355
514,203,1733
515,203,156
516,203,276
517,203,1411
518,203,1078
519,203,54
520,203,24
521,203,45
522,203,63
523,203,68
524,203,601
525,203,588
526,203,190
527,203,92
528,203,88
529,203,853
530,203,1518
531,203,763
532,203,841
533,203,1655
534,203,4465
535,203,3462
536,203,3215
537,203,261
538,203,26
539,203,46
540,203,42
541,203,40
542,203,31
543,203,27
544,203,94
545,203,311
546,203,361
547,203,617
548,203,213
549,203,402
550,203,323
551,203,72
552,203,85
553,203,120
554,203,729
555,203,827
556,203,268
557,203,54
558,203,34
559,203,47
560,203,55
561,203,56
562,203,34
563,203,50
564,203,54
565,203,52
566,203,38
567,203,44
568,203,44
569,203,143
570,203,1408
571,203,1729
572,203,97
573,203,180
490,204,90
491,204,163
492,204,92
493,204,121
494,204,125
495,204,233
496,204,214
497,204,95
498,204,127
499,204,120
500,204,33
501,204,145
502,204,105
503,204,289
504,204,327
505,204,351
506,204,983
507,204,771
508,204,166
509,204,392
510,204,89
511,204,52
512,204,54
513,204,2067
514,204,1088
515,204,270
516,204,545
517,204,2561
518,204,468
519,204,22
520,204,35
521,204,64
522,204,75
523,204,107
524,204,1164
525,204,790
526,204,127
527,204,86
528,204,71
529,204,122
530,204,248
531,204,163
532,204,310
533,204,2104
534,204,701
535,204,434
536,204,2825
537,204,483
538,204,62
539,204,98
540,204,187
541,204,46
542,204,28
543,204,27
544,204,43
545,204,51
546,204,195
547,204,257
548,204,36
549,204,680
550,204,1245
551,204,82
552,204,31
553,204,29
554,204,1096
555,204,666
556,204,85
557,204,32
558,204,32
559,204,32
560,204,38
561,204,41
562,204,33
563,204,33
564,204,38
565,204,48
566,204,53
567,204,52
568,204,52
569,204,465
570,204,5222
571,204,3406
572,204,3077
573,204,1441
490,205,46
491,205,68
492,205,113
493,205,124
494,205,123
495,205,110
496,205,92
497,205,92
498,205,70
499,205,36
500,205,4
501,205,78
502,205,175
503,205,483
504,205,585
505,205,1655
506,205,4325
507,205,2431
508,205,394
509,205,68
510,205,39
511,205,40
512,205,266
513,205,1772
514,205,2791
515,205,1020
516,205,1802
517,205,505
518,205,294
519,205,141
520,205,307
521,205,176
522,205,597
523,205,1926
524,205,217
525,205,168
526,205,40
527,205,38
528,205,49
529,205,81
530,205,93
531,205,68
532,205,55
533,205,55
534,205,167
535,205,203
536,205,3054
537,205,561
538,205,106
539,205,498
540,205,279
541,205,64
542,205,40
543,205,41
544,205,51
545,205,51
546,205,167
547,205,48
548,205,36
549,205,115
550,205,453
551,205,200
552,205,29
553,205,29
554,205,83
555,205,102
556,205,62
557,205,45
558,205,37
559,205,31
560,205,30
561,205,30
562,205,32
563,205,33
564,205,38
565,205,51
566,205,216
567,205,986
568,205,239
569,205,1351
570,205,3564
571,205,3926
572,205,3627
573,205,1365
490,206,57
491,206,85
492,206,106
493,206,120
494,206,110
495,206,111
496,206,103
497,206,136
498,206,130
499,206,398
500,206,246
501,206,150
502,206,367
503,206,2433
504,206,3723
505,206,3004
506,206,3337
507,206,4571
508,206,2919
509,206,47
510,206,16
511,206,20
512,206,591
513,206,1455
514,206,2705
515,206,3446
516,206,4755
517,206,1182
518,206,333
519,206,393
520,206,434
521,206,2239
522,206,2176
523,206,79
524,206,23
525,206,33
526,206,35
527,206,41
528,206,84
529,206,118
530,206,73
531,206,64
532,206,25
533,206,24
534,206,135
535,206,252
536,206,2253
537,206,1435
538,206,264
539,206,1263
540,206,165
541,206,43
542,206,100
543,206,185
544,206,260
545,206,52
546,206,38
547,206,36
548,206,45
549,206,48
550,206,42
551,206,38
552,206,37
553,206,42
554,206,59
555,206,57
556,206,55
557,206,57
558,206,53
559,206,45
560,206,30
561,206,29
562,206,31
563,206,31
564,206,48
565,206,53
566,206,694
567,206,1834
568,206,723
569,206,3429
570,206,2720
571,206,2198
572,206,1586
573,206,871
490,207,62
491,207,85
492,207,88
493,207,49
494,207,56
495,207,108
496,207,125
497,207,1219
498,207,2885
499,207,3510
500,207,712
501,207,115
502,207,337
503,207,3446
504,207,3826
505,207,2707
506,207,4017
507,207,3314
508,207,1474
509,207,16
510,207,16
511,207,16
512,207,16
513,207,812
514,207,3814
515,207,3428
516,207,4132
517,207,3114
518,207,581
519,207,150
520,207,802
521,207,1699
522,207,3323
523,207,17
524,207,17
525,207,17
526,207,38
527,207,109
528,207,92
529,207,78
530,207,56
531,207,51
532,207,34
533,207,31
534,207,81
535,207,202
536,207,2164
537,207,1381
538,207,373
539,207,305
540,207,164
541,207,162
542,207,1042
543,207,4898
544,207,5065
545,207,2928
546,207,1016
547,207,37
548,207,48
549,207,46
550,207,34
551,207,34
552,207,35
553,207,56
554,207,59
555,207,64
556,207,69
557,207,67
558,207,51
559,207,50
560,207,31
561,207,29
562,207,31
563,207,92
564,207,190
565,207,41
566,207,67
567,207,99
568,207,1208
569,207,3338
570,207,2352
571,207,2159
572,207,2847
573,207,1891
490,208,55
491,208,54
492,208,34
493,208,28
494,208,77
495,208,97
496,208,529
497,208,1852
498,208,3008
499,208,906
500,208,412
501,208,240
502,208,421
503,208,1569
504,208,2723
505,208,2678
506,208,4188
507,208,1317
508,208,148
509,208,37
510,208,28
511,208,22
512,208,16
513,208,363
514,208,2894
515,208,3512
516,208,2969
517,208,2926
518,208,243
519,208,92
520,208,311
521,208,2197
522,208,3869
523,208,1191
524,208,17
525,208,29
526,208,42
527,208,124
528,208,93
529,208,58
530,208,57
531,208,50
532,208,33
533,208,33
534,208,56
535,208,137
536,208,857
537,208,2178
538,208,396
539,208,109
540,208,198
541,208,182
542,208,2097
543,208,3791
544,208,5706
545,208,4162
546,208,4653
547,208,2841
548,208,62
549,208,44
550,208,40
551,208,42
552,208,49
553,208,45
554,208,37
555,208,60
556,208,71
557,208,47
558,208,29
559,208,29
560,208,27
561,208,30
562,208,31
563,208,61
564,208,231
565,208,30
566,208,44
567,208,53
568,208,3365
569,208,4291
570,208,4023
571,208,3471
572,208,5160
573,208,1073
490,209,49
491,209,50
492,209,28
493,209,71
494,209,202
495,209,91
496,209,174
497,209,761
498,209,190
499,209,144
500,209,97
501,209,165
502,209,439
503,209,87
504,209,133
505,209,1158
506,209,5600
507,209,2792
508,209,960
509,209,73
510,209,35
511,209,35
512,209,23
513,209,16
514,209,1983
515,209,952
516,209,2175
517,209,3404
518,209,55
519,209,22
520,209,10
521,209,382
522,209,4169
523,209,1605
524,209,48
525,209,38
526,209,50
527,209,112
528,209,88
529,209,56
530,209,58
531,209,57
532,209,33
533,209,32
534,209,84
535,209,304
536,209,1320
537,209,4995
538,209,1499
539,209,96
540,209,768
541,209,144
542,209,280
543,209,2203
544,209,2549
545,209,3690
546,209,3154
547,209,545
548,209,143
549,209,51
550,209,54
551,209,54
552,209,54
553,209,39
554,209,19
555,209,47
556,209,48
557,209,24
558,209,20
559,209,20
560,209,20
561,209,22
562,209,31
563,209,30
564,209,30
565,209,30
566,209,32
567,209,35
568,209,684
569,209,1701
570,209,2326
571,209,1458
572,209,3468
573,209,171
490,210,45
491,210,419
492,210,85
493,210,198
494,210,317
495,210,192
496,210,45
497,210,35
498,210,35
499,210,35
500,210,77
501,210,113
502,210,86
503,210,70
504,210,51
505,210,19
506,210,467
507,210,2574
508,210,329
509,210,82
510,210,35
511,210,35
512,210,29
513,210,16
514,210,50
515,210,115
516,210,191
517,210,1091
518,210,54
519,210,13
520,210,55
521,210,425
522,210,303
523,210,355
524,210,1321
525,210,593
526,210,133
527,210,53
528,210,49
529,210,48
530,210,53
531,210,133
532,210,321
533,210,35
534,210,331
535,210,423
536,210,871
537,210,5184
538,210,882
539,210,51
540,210,425
541,210,127
542,210,118
543,210,2678
544,210,2868
545,210,4617
546,210,4012
547,210,231
548,210,146
549,210,75
550,210,56
551,210,53
552,210,48
553,210,45
554,210,21
555,210,27
556,210,27
557,210,26
558,210,21
559,210,26
560,210,26
561,210,29
562,210,31
563,210,30
564,210,30
565,210,31
566,210,35
567,210,35
568,210,43
569,210,311
570,210,1144
571,210,317
572,210,255
573,210,68
490,211,72
491,211,2538
492,211,2390
493,211,587
494,211,148
495,211,115
496,211,117
497,211,71
498,211,36
499,211,41
500,211,45
501,211,84
502,211,76
503,211,70
504,211,45
505,211,19
506,211,19
507,211,30
508,211,66
509,211,92
510,211,594
511,211,35
512,211,282
513,211,221
514,211,171
515,211,56
516,211,42
517,211,46
518,211,54
519,211,21
520,211,10
521,211,15
522,211,735
523,211,1045
524,211,4012
525,211,3262
526,211,1174
527,211,49
528,211,55
529,211,63
530,211,279
531,211,611
532,211,1496
533,211,398
534,211,251
535,211,840
536,211,230
537,211,716
538,211,998
539,211,156
540,211,38
541,211,94
542,211,64
543,211,70
544,211,226
545,211,523
546,211,1382
547,211,2346
548,211,887
549,211,90
550,211,57
551,211,48
552,211,38
553,211,38
554,211,34
555,211,30
556,211,27
557,211,27
558,211,24
559,211,32
560,211,32
561,211,45
562,211,44
563,211,41
564,211,40
565,211,30
566,211,35
567,211,37
568,211,107
569,211,147
570,211,252
571,211,145
572,211,117
573,211,40
490,212,89
491,212,564
492,212,3028
493,212,626
494,212,120
495,212,94
496,212,107
497,212,110
498,212,52
499,212,62
500,212,151
501,212,115
502,212,61
503,212,62
504,212,57
505,212,19
506,212,26
507,212,39
508,212,72
509,212,425
510,212,2060
511,212,99
512,212,191
513,212,1050
514,212,1688
515,212,226
516,212,80
517,212,482
518,212,137
519,212,14
520,212,31
521,212,117
522,212,1518
523,212,2432
524,212,3481
525,212,3308
526,212,3310
527,212,296
528,212,57
529,212,64
530,212,938
531,212,2826
532,212,1757
533,212,1330
534,212,794
535,212,190
536,212,302
537,212,693
538,212,283
539,212,205
540,212,72
541,212,101
542,212,65
543,212,37
544,212,35
545,212,100
546,212,177
547,212,1483
548,212,476
549,212,89
550,212,82
551,212,69
552,212,45
553,212,38
554,212,55
555,212,35
556,212,33
557,212,54
558,212,69
559,212,79
560,212,68
561,212,43
562,212,47
563,212,47
564,212,35
565,212,30
566,212,45
567,212,68
568,212,81
569,212,83
570,212,158
571,212,328
572,212,72
573,212,40
490,213,86
491,213,184
492,213,298
493,213,209
494,213,115
495,213,82
496,213,89
497,213,51
498,213,87
499,213,122
500,213,118
501,213,30
502,213,22
503,213,60
504,213,56
505,213,38
506,213,40
507,213,46
508,213,262
509,213,261
510,213,154
511,213,50
512,213,104
513,213,823
514,213,3737
515,213,956
516,213,238
517,213,1723
518,213,751
519,213,26
520,213,46
521,213,104
522,213,519
523,213,1542
524,213,1057
525,213,1861
526,213,2096
527,213,297
528,213,98
529,213,77
530,213,1749
531,213,1674
532,213,2894
533,213,1089
534,213,1365
535,213,1134
536,213,955
537,213,294
538,213,170
539,213,43
540,213,53
541,213,112
542,213,156
543,213,36
544,213,39
545,213,163
546,213,236
547,213,558
548,213,369
549,213,91
550,213,175
551,213,117
552,213,78
553,213,71
554,213,75
555,213,35
556,213,35
557,213,65
558,213,119
559,213,125
560,213,74
561,213,37
562,213,39
563,213,46
564,213,34
565,213,39
566,213,63
567,213,82
568,213,165
569,213,596
570,213,71
571,213,138
572,213,44
573,213,50
