xv,yv,rho
490,148,112
491,148,58
492,148,52
493,148,48
494,148,55
495,148,101
496,148,189
497,148,619
498,148,1237
499,148,1035
500,148,957
501,148,922
502,148,624
503,148,114
504,148,74
505,148,74
506,148,104
507,148,134
508,148,134
509,148,108
510,148,56
511,148,40
512,148,72
513,148,226
514,148,187
515,148,1060
516,148,1673
517,148,872
518,148,222
519,148,202
520,148,154
521,148,153
522,148,380
523,148,1019
524,148,1248
525,148,1252
526,148,1252
527,148,1252
528,148,1209
529,148,349
530,148,149
531,148,139
532,148,120
533,148,120
534,148,132
535,148,170
536,148,166
537,148,69
538,148,83
539,148,178
540,148,256
541,148,171
542,148,164
543,148,148
544,148,150
545,148,150
546,148,118
547,148,84
548,148,61
549,148,43
550,148,43
551,148,44
552,148,82
553,148,88
554,148,141
555,148,148
556,148,148
557,148,148
558,148,357
559,148,873
560,148,575
561,148,538
562,148,145
563,148,123
564,148,125
565,148,147
566,148,148
567,148,146
568,148,94
569,148,92
570,148,91
571,148,86
572,148,80
573,148,82
490,149,230
491,149,164
492,149,89
493,149,45
494,149,67
495,149,133
496,149,517
497,149,1506
498,149,1994
499,149,1947
500,149,1826
501,149,1550
502,149,910
503,149,599
504,149,109
505,149,74
506,149,119
507,149,134
508,149,139
509,149,122
510,149,63
511,149,61
512,149,74
513,149,180
514,149,222
515,149,1192
516,149,1722
517,149,1449
518,149,230
519,149,349
520,149,281
521,149,153
522,149,758
523,149,1232
524,149,1252
525,149,1252
526,149,1252
527,149,1252
528,149,1231
529,149,160
530,149,149
531,149,141
532,149,120
533,149,120
534,149,133
535,149,170
536,149,137
537,149,57
538,149,209
539,149,302
540,149,269
541,149,178
542,149,175
543,149,158
544,149,158
545,149,158
546,149,126
547,149,88
548,149,75
549,149,107
550,149,85
551,149,78
552,149,99
553,149,92
554,149,130
555,149,148
556,149,148
557,149,148
558,149,193
559,149,493
560,149,473
561,149,160
562,149,123
563,149,123
564,149,127
565,149,144
566,149,148
567,149,142
568,149,104
569,149,92
570,149,90
571,149,87
572,149,87
573,149,93
490,150,325
491,150,325
492,150,324
493,150,270
494,150,194
495,150,201
496,150,286
497,150,1259
498,150,1994
499,150,1994
500,150,1994
501,150,1319
502,150,925
503,150,851
504,150,199
505,150,104
506,150,85
507,150,155
508,150,164
509,150,223
510,150,165
511,150,119
512,150,96
513,150,119
514,150,95
515,150,95
516,150,950
517,150,1482
518,150,428
519,150,355
520,150,287
521,150,124
522,150,90
523,150,520
524,150,1252
525,150,1252
526,150,1252
527,150,1252
528,150,1241
529,150,480
530,150,149
531,150,142
532,150,120
533,150,120
534,150,125
535,150,170
536,150,117
537,150,57
538,150,246
539,150,302
540,150,248
541,150,178
542,150,177
543,150,161
544,150,158
545,150,158
546,150,117
547,150,88
548,150,115
549,150,119
550,150,103
551,150,98
552,150,99
553,150,100
554,150,143
555,150,145
556,150,146
557,150,146
558,150,148
559,150,137
560,150,132
561,150,123
562,150,123
563,150,124
564,150,140
565,150,148
566,150,131
567,150,117
568,150,103
569,150,92
570,150,91
571,150,87
572,150,87
573,150,95
490,151,325
491,151,325
492,151,325
493,151,284
494,151,201
495,151,201
496,151,201
497,151,650
498,151,1981
499,151,1914
500,151,1883
501,151,1289
502,151,924
503,151,239
504,151,127
505,151,66
506,151,88
507,151,162
508,151,168
509,151,258
510,151,180
511,151,121
512,151,78
513,151,127
514,151,117
515,151,73
516,151,385
517,151,343
518,151,139
519,151,293
520,151,270
521,151,122
522,151,88
523,151,404
524,151,1252
525,151,1252
526,151,1091
527,151,1106
528,151,1219
529,151,512
530,151,148
531,151,127
532,151,120
533,151,120
534,151,131
535,151,170
536,151,88
537,151,58
538,151,294
539,151,302
540,151,230
541,151,178
542,151,178
543,151,168
544,151,158
545,151,158
546,151,120
547,151,89
548,151,118
549,151,119
550,151,102
551,151,99
552,151,99
553,151,99
554,151,106
555,151,129
556,151,121
557,151,65
558,151,72
559,151,71
560,151,70
561,151,57
562,151,73
563,151,78
564,151,89
565,151,148
566,151,153
567,151,121
568,151,103
569,151,95
570,151,94
571,151,93
572,151,137
573,151,171
490,152,325
491,152,325
492,152,325
493,152,320
494,152,226
495,152,201
496,152,201
497,152,338
498,152,981
499,152,839
500,152,1158
501,152,864
502,152,648
503,152,202
504,152,127
505,152,76
506,152,60
507,152,150
508,152,163
509,152,234
510,152,186
511,152,129
512,152,156
513,152,302
514,152,262
515,152,114
516,152,82
517,152,82
518,152,82
519,152,141
520,152,188
521,152,156
522,152,121
523,152,271
524,152,684
525,152,521
526,152,303
527,152,84
528,152,331
529,152,450
530,152,247
531,152,120
532,152,120
533,152,124
534,152,142
535,152,170
536,152,92
537,152,126
538,152,302
539,152,272
540,152,179
541,152,178
542,152,178
543,152,167
544,152,158
545,152,158
546,152,102
547,152,89
548,152,118
549,152,116
550,152,98
551,152,242
552,152,666
553,152,573
554,152,312
555,152,115
556,152,117
557,152,76
558,152,64
559,152,60
560,152,76
561,152,106
562,152,82
563,152,52
564,152,56
565,152,94
566,152,99
567,152,155
568,152,123
569,152,132
570,152,119
571,152,107
572,152,192
573,152,227
490,153,325
491,153,308
492,153,232
493,153,247
494,153,308
495,153,240
496,153,201
497,153,201
498,153,202
499,153,272
500,153,516
501,153,793
502,153,288
503,153,201
504,153,181
505,153,98
506,153,105
507,153,159
508,153,163
509,153,248
510,153,172
511,153,129
512,153,188
513,153,319
514,153,315
515,153,193
516,153,82
517,153,82
518,153,81
519,153,79
520,153,80
521,153,210
522,153,219
523,153,478
524,153,413
525,153,326
526,153,95
527,153,136
528,153,418
529,153,451
530,153,322
531,153,122
532,153,518
533,153,1361
534,153,826
535,153,322
536,153,140
537,153,238
538,153,302
539,153,248
540,153,166
541,153,83
542,153,135
543,153,161
544,153,158
545,153,156
546,153,92
547,153,88
548,153,116
549,153,115
550,153,101
551,153,305
552,153,874
553,153,894
554,153,893
555,153,273
556,153,120
557,153,120
558,153,151
559,153,111
560,153,112
561,153,112
562,153,108
563,153,58
564,153,72
565,153,77
566,153,77
567,153,166
568,153,182
569,153,188
570,153,187
571,153,110
572,153,184
573,153,531
490,154,330
491,154,190
492,154,160
493,154,160
494,154,169
495,154,173
496,154,251
497,154,229
498,154,479
499,154,796
500,154,808
501,154,621
502,154,207
503,154,201
504,154,200
505,154,173
506,154,173
507,154,161
508,154,170
509,154,251
510,154,133
511,154,135
512,154,247
513,154,319
514,154,349
515,154,344
516,154,246
517,154,418
518,154,257
519,154,79
520,154,79
521,154,215
522,154,222
523,154,671
524,154,446
525,154,347
526,154,168
527,154,246
528,154,519
529,154,504
530,154,291
531,154,172
532,154,847
533,154,1528
534,154,1392
535,154,477
536,154,147
537,154,256
538,154,297
539,154,187
540,154,64
541,154,18
542,154,124
543,154,158
544,154,158
545,154,158
546,154,97
547,154,91
548,154,118
549,154,114
550,154,97
551,154,416
552,154,894
553,154,894
554,154,843
555,154,196
556,154,120
557,154,122
558,154,154
559,154,123
560,154,112
561,154,112
562,154,124
563,154,92
564,154,77
565,154,77
566,154,77
567,154,246
568,154,242
569,154,192
570,154,127
571,154,190
572,154,431
573,154,1985
490,155,417
491,155,162
492,155,160
493,155,160
494,155,160
495,155,365
496,155,798
497,155,789
498,155,808
499,155,808
500,155,808
501,155,438
502,155,201
503,155,200
504,155,181
505,155,173
506,155,145
507,155,66
508,155,90
509,155,121
510,155,154
511,155,131
512,155,246
513,155,334
514,155,379
515,155,439
516,155,555
517,155,555
518,155,523
519,155,248
520,155,109
521,155,219
522,155,390
523,155,765
524,155,474
525,155,351
526,155,176
527,155,480
528,155,960
529,155,970
530,155,487
531,155,180
532,155,825
533,155,1525
534,155,1079
535,155,323
536,155,189
537,155,267
538,155,252
539,155,108
540,155,18
541,155,19
542,155,134
543,155,158
544,155,158
545,155,145
546,155,88
547,155,102
548,155,119
549,155,110
550,155,97
551,155,377
552,155,845
553,155,894
554,155,712
555,155,126
556,155,120
557,155,132
558,155,157
559,155,152
560,155,118
561,155,127
562,155,133
563,155,110
564,155,82
565,155,85
566,155,233
567,155,455
568,155,376
569,155,243
570,155,221
571,155,256
572,155,369
573,155,1912
490,156,430
491,156,160
492,156,160
493,156,160
494,156,307
495,156,786
496,156,808
497,156,808
498,156,808
499,156,808
500,156,808
501,156,592
502,156,421
503,156,187
504,156,173
505,156,125
506,156,50
507,156,50
508,156,50
509,156,52
510,156,199
511,156,222
512,156,264
513,156,358
514,156,392
515,156,431
516,156,544
517,156,575
518,156,629
519,156,700
520,156,651
521,156,337
522,156,499
523,156,765
524,156,553
525,156,320
526,156,176
527,156,264
528,156,809
529,156,1078
530,156,975
531,156,976
532,156,1524
533,156,1528
534,156,1067
535,156,233
536,156,203
537,156,180
538,156,111
539,156,26
540,156,76
541,156,138
542,156,160
543,156,264
544,156,273
545,156,161
546,156,88
547,156,111
548,156,116
549,156,98
550,156,102
551,156,400
552,156,626
553,156,891
554,156,496
555,156,120
556,156,120
557,156,130
558,156,156
559,156,157
560,156,293
561,156,287
562,156,134
563,156,98
564,156,104
565,156,119
566,156,263
567,156,488
568,156,367
569,156,243
570,156,243
571,156,272
572,156,264
573,156,1110
490,157,568
491,157,229
492,157,160
493,157,160
494,157,590
495,157,808
496,157,808
497,157,808
498,157,808
499,157,808
500,157,808
501,157,808
502,157,806
503,157,521
504,157,184
505,157,99
506,157,49
507,157,50
508,157,95
509,157,229
510,157,244
511,157,304
512,157,282
513,157,339
514,157,440
515,157,554
516,157,555
517,157,651
518,157,718
519,157,718
520,157,1428
521,157,1320
522,157,881
523,157,765
524,157,765
525,157,730
526,157,442
527,157,239
528,157,599
529,157,1435
530,157,1435
531,157,1435
532,157,1456
533,157,1524
534,157,1150
535,157,715
536,157,182
537,157,134
538,157,117
539,157,108
540,157,318
541,157,177
542,157,233
543,157,451
544,157,461
545,157,424
546,157,188
547,157,118
548,157,102
549,157,97
550,157,208
551,157,458
552,157,372
553,157,643
554,157,323
555,157,141
556,157,153
557,157,156
558,157,132
559,157,146
560,157,375
561,157,296
562,157,132
563,157,106
564,157,82
565,157,130
566,157,117
567,157,402
568,157,407
569,157,243
570,157,250
571,157,274
572,157,245
573,157,490
490,158,573
491,158,258
492,158,150
493,158,155
494,158,294
495,158,487
496,158,755
497,158,808
498,158,793
499,158,751
500,158,806
501,158,808
502,158,674
503,158,273
504,158,195
505,158,142
506,158,73
507,158,48
508,158,175
509,158,305
510,158,305
511,158,290
512,158,205
513,158,210
514,158,335
515,158,555
516,158,556
517,158,704
518,158,718
519,158,916
520,158,1552
521,158,1553
522,158,1201
523,158,765
524,158,765
525,158,765
526,158,765
527,158,634
528,158,901
529,158,1435
530,158,1435
531,158,1435
532,158,1435
533,158,1309
534,158,1012
535,158,1012
536,158,630
537,158,118
538,158,117
539,158,117
540,158,432
541,158,400
542,158,448
543,158,461
544,158,461
545,158,454
546,158,443
547,158,233
548,158,100
549,158,114
550,158,418
551,158,331
552,158,259
553,158,244
554,158,196
555,158,196
556,158,196
557,158,197
558,158,118
559,158,118
560,158,120
561,158,118
562,158,120
563,158,109
564,158,80
565,158,91
566,158,117
567,158,215
568,158,288
569,158,258
570,158,257
571,158,269
572,158,245
573,158,245
490,159,556
491,159,147
492,159,147
493,159,147
494,159,258
495,159,331
496,159,430
497,159,602
498,159,529
499,159,412
500,159,488
501,159,592
502,159,200
503,159,195
504,159,195
505,159,140
506,159,110
507,159,47
508,159,259
509,159,361
510,159,305
511,159,305
512,159,254
513,159,197
514,159,194
515,159,312
516,159,549
517,159,718
518,159,766
519,159,1257
520,159,1553
521,159,1553
522,159,1475
523,159,792
524,159,765
525,159,765
526,159,754
527,159,575
528,159,1045
529,159,1389
530,159,1435
531,159,1435
532,159,1435
533,159,1238
534,159,1052
535,159,951
536,159,560
537,159,96
538,159,117
539,159,120
540,159,455
541,159,461
542,159,457
543,159,455
544,159,461
545,159,469
546,159,452
547,159,451
548,159,370
549,159,130
550,159,313
551,159,174
552,159,259
553,159,259
554,159,185
555,159,178
556,159,189
557,159,196
558,159,122
559,159,118
560,159,118
561,159,118
562,159,118
563,159,83
564,159,76
565,159,80
566,159,112
567,159,163
568,159,255
569,159,255
570,159,250
571,159,262
572,159,245
573,159,245
490,160,482
491,160,149
492,160,147
493,160,147
494,160,163
495,160,203
496,160,303
497,160,412
498,160,393
499,160,393
500,160,412
501,160,419
502,160,379
503,160,712
504,160,704
505,160,758
506,160,884
507,160,655
508,160,820
509,160,738
510,160,306
511,160,305
512,160,305
513,160,284
514,160,219
515,160,194
516,160,498
517,160,719
518,160,1254
519,160,1553
520,160,1553
521,160,1553
522,160,1741
523,160,1731
524,160,1377
525,160,765
526,160,713
527,160,1069
528,160,3021
529,160,1748
530,160,1435
531,160,1435
532,160,1356
533,160,1201
534,160,1195
535,160,1034
536,160,20
537,160,20
538,160,90
539,160,159
540,160,461
541,160,461
542,160,444
543,160,438
544,160,461
545,160,469
546,160,480
547,160,461
548,160,301
549,160,101
550,160,77
551,160,100
552,160,168
553,160,123
554,160,79
555,160,85
556,160,127
557,160,124
558,160,98
559,160,103
560,160,96
561,160,99
562,160,96
563,160,76
564,160,74
565,160,90
566,160,110
567,160,107
568,160,107
569,160,126
570,160,196
571,160,243
572,160,245
573,160,245
490,161,367
491,161,260
492,161,224
493,161,182
494,161,149
495,161,147
496,161,147
497,161,186
498,161,162
499,161,208
500,161,326
501,161,417
502,161,431
503,161,583
504,161,782
505,161,891
506,161,859
507,161,789
508,161,821
509,161,714
510,161,305
511,161,305
512,161,305
513,161,323
514,161,514
515,161,323
516,161,509
517,161,719
518,161,1339
519,161,1553
520,161,1553
521,161,1626
522,161,1819
523,161,2168
524,161,2871
525,161,1377
526,161,1543
527,161,2497
528,161,3406
529,161,1647
530,161,1435
531,161,1742
532,161,1253
533,161,1195
534,161,1195
535,161,1182
536,161,968
537,161,1301
538,161,3118
539,161,1675
540,161,511
541,161,488
542,161,457
543,161,434
544,161,454
545,161,461
546,161,484
547,161,439
548,161,233
549,161,141
550,161,77
551,161,77
552,161,77
553,161,77
554,161,77
555,161,85
556,161,101
557,161,98
558,161,80
559,161,66
560,161,65
561,161,65
562,161,71
563,161,107
564,161,79
565,161,90
566,161,107
567,161,128
568,161,282
569,161,406
570,161,414
571,161,310
572,161,240
573,161,241
490,162,269
491,162,266
492,162,266
493,162,266
494,162,256
495,162,159
496,162,147
497,162,147
498,162,147
499,162,147
500,162,147
501,162,544
502,162,564
503,162,577
504,162,578
505,162,626
506,162,718
507,162,900
508,162,821
509,162,815
510,162,463
511,162,525
512,162,448
513,162,478
514,162,961
515,162,961
516,162,1155
517,162,917
518,162,910
519,162,1544
520,162,1578
521,162,1785
522,162,1746
523,162,1719
524,162,3178
525,162,3733
526,162,3861
527,162,3557
528,162,3507
529,162,1784
530,162,1629
531,162,3112
532,162,2055
533,162,1195
534,162,1198
535,162,1917
536,162,4263
537,162,4688
538,162,4688
539,162,1789
540,162,623
541,162,563
542,162,495
543,162,434
544,162,438
545,162,463
546,162,481
547,162,402
548,162,271
549,162,106
550,162,77
551,162,77
552,162,77
553,162,82
554,162,124
555,162,123
556,162,98
557,162,98
558,162,82
559,162,66
560,162,66
561,162,69
562,162,73
563,162,119
564,162,106
565,162,67
566,162,172
567,162,306
568,162,487
569,162,488
570,162,480
571,162,251
572,162,231
573,162,240
490,163,266
491,163,266
492,163,266
493,163,266
494,163,265
495,163,168
496,163,147
497,163,147
498,163,147
499,163,212
500,163,329
501,163,578
502,163,578
503,163,578
504,163,578
505,163,578
506,163,1121
507,163,1370
508,163,976
509,163,821
510,163,821
511,163,774
512,163,464
513,163,462
514,163,791
515,163,1177
516,163,1141
517,163,1268
518,163,719
519,163,1330
520,163,1762
521,163,1818
522,163,1585
523,163,1923
524,163,3178
525,163,3916
526,163,3895
527,163,3652
528,163,3599
529,163,2262
530,163,1810
531,163,3945
532,163,4412
533,163,3304
534,163,3690
535,163,4688
536,163,4688
537,163,4688
538,163,3801
539,163,1500
540,163,1060
541,163,1351
542,163,793
543,163,644
544,163,631
545,163,622
546,163,485
547,163,485
548,163,485
549,163,179
550,163,76
551,163,69
552,163,70
553,163,157
554,163,170
555,163,121
556,163,114
557,163,98
558,163,93
559,163,76
560,163,68
561,163,45
562,163,47
563,163,118
564,163,119
565,163,100
566,163,224
567,163,395
568,163,431
569,163,368
570,163,275
571,163,119
572,163,136
573,163,160
490,164,201
491,164,261
492,164,266
493,164,266
494,164,251
495,164,147
496,164,147
497,164,147
498,164,231
499,164,441
500,164,578
501,164,578
502,164,578
503,164,578
504,164,578
505,164,578
506,164,898
507,164,1372
508,164,1050
509,164,821
510,164,821
511,164,821
512,164,686
513,164,463
514,164,607
515,164,1177
516,164,1113
517,164,1237
518,164,1861
519,164,2404
520,164,2061
521,164,1747
522,164,2020
523,164,3055
524,164,3249
525,164,4041
526,164,3913
527,164,3652
528,164,3603
529,164,2052
530,164,2249
531,164,4678
532,164,4688
533,164,4688
534,164,4688
535,164,4688
536,164,4688
537,164,4427
538,164,1934
539,164,1851
540,164,1735
541,164,1405
542,164,1234
543,164,773
544,164,763
545,164,713
546,164,553
547,164,485
548,164,485
549,164,408
550,164,24
551,164,19
552,164,23
553,164,158
554,164,170
555,164,154
556,164,157
557,164,114
558,164,98
559,164,72
560,164,71
561,164,30
562,164,28
563,164,119
564,164,119
565,164,119
566,164,84
567,164,224
568,164,278
569,164,278
570,164,270
571,164,132
572,164,140
573,164,813
490,165,122
491,165,137
492,165,222
493,165,267
494,165,238
495,165,147
496,165,147
497,165,244
498,165,585
499,165,578
500,165,578
501,165,578
502,165,578
503,165,578
504,165,578
505,165,578
506,165,646
507,165,1224
508,165,1060
509,165,821
510,165,821
511,165,821
512,165,820
513,165,476
514,165,912
515,165,1177
516,165,1126
517,165,1062
518,165,3578
519,165,3190
520,165,3130
521,165,1857
522,165,2877
523,165,3178
524,165,3589
525,165,4045
526,165,3853
527,165,3652
528,165,3466
529,165,1823
530,165,3039
531,165,4688
532,165,4688
533,165,4688
534,165,4688
535,165,4688
536,165,4688
537,165,3806
538,165,1851
539,165,1774
540,165,1420
541,165,1946
542,165,2137
543,165,772
544,165,724
545,165,744
546,165,677
547,165,604
548,165,699
549,165,710
550,165,53
551,165,43
552,165,68
553,165,165
554,165,170
555,165,160
556,165,157
557,165,156
558,165,89
559,165,71
560,165,104
561,165,66
562,165,66
563,165,119
564,165,119
565,165,119
566,165,62
567,165,74
568,165,216
569,165,230
570,165,218
571,165,509
572,165,1690
573,165,2107
490,166,122
491,166,125
492,166,346
493,166,396
494,166,354
495,166,208
496,166,268
497,166,530
498,166,602
499,166,597
500,166,583
501,166,578
502,166,578
503,166,578
504,166,578
505,166,555
506,166,648
507,166,986
508,166,961
509,166,860
510,166,821
511,166,821
512,166,824
513,166,917
514,166,1269
515,166,1177
516,166,1116
517,166,1894
518,166,3998
519,166,3676
520,166,2979
521,166,2446
522,166,2754
523,166,3576
524,166,3982
525,166,3924
526,166,3738
527,166,3645
528,166,2788
529,166,1810
530,166,3762
531,166,4688
532,166,4688
533,166,4688
534,166,4688
535,166,4688
536,166,4688
537,166,3726
538,166,1944
539,166,1623
540,166,1396
541,166,2275
542,166,2454
543,166,1335
544,166,723
545,166,723
546,166,723
547,166,714
548,166,663
549,166,554
550,166,139
551,166,170
552,166,170
553,166,167
554,166,163
555,166,158
556,166,175
557,166,194
558,166,78
559,166,76
560,166,188
561,166,219
562,166,170
563,166,119
564,166,119
565,166,94
566,166,43
567,166,44
568,166,75
569,166,93
570,166,98
571,166,965
572,166,2031
573,166,2107
490,167,122
491,167,246
492,167,465
493,167,461
494,167,411
495,167,430
496,167,590
497,167,603
498,167,603
499,167,603
500,167,559
501,167,555
502,167,578
503,167,568
504,167,578
505,167,469
506,167,358
507,167,898
508,167,947
509,167,1012
510,167,846
511,167,821
512,167,1223
513,167,1775
514,167,1688
515,167,1326
516,167,1936
517,167,3182
518,167,4082
519,167,4021
520,167,4187
521,167,3352
522,167,4019
523,167,4291
524,167,3903
525,167,3903
526,167,3894
527,167,4535
528,167,5034
529,167,4345
530,167,4685
531,167,4688
532,167,4688
533,167,4688
534,167,4688
535,167,4562
536,167,3810
537,167,3051
538,167,2893
539,167,2016
540,167,1613
541,167,2453
542,167,2454
543,167,2076
544,167,779
545,167,709
546,167,669
547,167,540
548,167,517
549,167,514
550,167,343
551,167,192
552,167,162
553,167,157
554,167,159
555,167,170
556,167,193
557,167,197
558,167,111
559,167,90
560,167,218
561,167,241
562,167,248
563,167,118
564,167,109
565,167,78
566,167,74
567,167,79
568,167,74
569,167,92
570,167,93
571,167,98
572,167,661
573,167,1923
490,168,158
491,168,443
492,168,465
493,168,465
494,168,460
495,168,438
496,168,475
497,168,603
498,168,603
499,168,603
500,168,587
501,168,400
502,168,376
503,168,374
504,168,549
505,168,418
506,168,295
507,168,423
508,168,1084
509,168,1119
510,168,1046
511,168,968
512,168,1552
513,168,1660
514,168,1882
515,168,2268
516,168,2233
517,168,3531
518,168,7048
519,168,5263
520,168,4692
521,168,4692
522,168,5021
523,168,5075
524,168,4686
525,168,4198
526,168,4761
527,168,5112
528,168,5112
529,168,5111
530,168,4819
531,168,4688
532,168,4688
533,168,4688
534,168,4947
535,168,3314
536,168,2982
537,168,2982
538,168,2982
539,168,2966
540,168,2477
541,168,2454
542,168,2454
543,168,2157
544,168,1201
545,168,1112
546,168,1124
547,168,1089
548,168,1071
549,168,1136
550,168,669
551,168,459
552,168,307
553,168,218
554,168,324
555,168,294
556,168,197
557,168,197
558,168,190
559,168,138
560,168,279
561,168,290
562,168,455
563,168,304
564,168,287
565,168,110
566,168,81
567,168,81
568,168,81
569,168,84
570,168,94
571,168,335
572,168,1367
573,168,2596
490,169,134
491,169,424
492,169,465
493,169,465
494,169,309
495,169,207
496,169,170
497,169,565
498,169,603
499,169,603
500,169,603
501,169,478
502,169,319
503,169,401
504,169,806
505,169,410
506,169,300
507,169,190
508,169,923
509,169,1119
510,169,1119
511,169,1122
512,169,1662
513,169,2415
514,169,2515
515,169,2652
516,169,2271
517,169,3662
518,169,7642
519,169,6626
520,169,1969
521,169,3190
522,169,4726
523,169,4636
524,169,4895
525,169,5077
526,169,5105
527,169,5112
528,169,5136
529,169,6052
530,169,5065
531,169,4688
532,169,4688
533,169,4688
534,169,7216
535,169,6283
536,169,2985
537,169,2982
538,169,2982
539,169,2673
540,169,2454
541,169,2454
542,169,2417
543,169,1713
544,169,1591
545,169,1353
546,169,1378
547,169,1320
548,169,1302
549,169,1299
550,169,750
551,169,502
552,169,502
553,169,502
554,169,502
555,169,502
556,169,273
557,169,334
558,169,356
559,169,290
560,169,212
561,169,134
562,169,615
563,169,1028
564,169,1028
565,169,510
566,169,81
567,169,82
568,169,83
569,169,86
570,169,131
571,169,675
572,169,2120
573,169,3998
490,170,122
491,170,204
492,170,446
493,170,221
494,170,123
495,170,139
496,170,141
497,170,526
498,170,603
499,170,603
500,170,603
501,170,531
502,170,510
503,170,768
504,170,1223
505,170,1011
506,170,1202
507,170,1634
508,170,1586
509,170,1120
510,170,1122
511,170,1168
512,170,1976
513,170,2654
514,170,2654
515,170,3178
516,170,3890
517,170,4522
518,170,6808
519,170,4440
520,170,1047
521,170,2078
522,170,4382
523,170,4382
524,170,4382
525,170,4434
526,170,4805
527,170,6094
528,170,6461
529,170,9328
530,170,8202
531,170,4847
532,170,4981
533,170,8100
534,170,7538
535,170,5351
536,170,2982
537,170,3407
538,170,6366
539,170,4447
540,170,2454
541,170,2454
542,170,2223
543,170,1598
544,170,1598
545,170,1582
546,170,1536
547,170,1470
548,170,1253
549,170,1485
550,170,858
551,170,494
552,170,498
553,170,501
554,170,502
555,170,500
556,170,484
557,170,484
558,170,504
559,170,217
560,170,132
561,170,132
562,170,756
563,170,1028
564,170,1039
565,170,866
566,170,269
567,170,86
568,170,86
569,170,86
570,170,106
571,170,196
572,170,904
573,170,1360
490,171,122
491,171,124
492,171,154
493,171,122
494,171,122
495,171,139
496,171,141
497,171,430
498,171,603
499,171,603
500,171,603
501,171,591
502,171,543
503,171,1006
504,171,1153
505,171,1475
506,171,2391
507,171,2386
508,171,2227
509,171,2067
510,171,1298
511,171,1201
512,171,1947
513,171,2682
514,171,3259
515,171,4300
516,171,3349
517,171,1986
518,171,1236
519,171,669
520,171,822
521,171,2446
522,171,4390
523,171,4382
524,171,4382
525,171,4382
526,171,7400
527,171,9417
528,171,9417
529,171,9417
530,171,9417
531,171,14023
532,171,15033
533,171,12570
534,171,6529
535,171,7366
536,171,6492
537,171,6968
538,171,7834
539,171,7382
540,171,4165
541,171,4222
542,171,1856
543,171,2492
544,171,1627
545,171,1706
546,171,1728
547,171,1651
548,171,1251
549,171,1441
550,171,1340
551,171,493
552,171,484
553,171,487
554,171,499
555,171,492
556,171,483
557,171,503
558,171,523
559,171,320
560,171,132
561,171,132
562,171,898
563,171,1097
564,171,2454
565,171,1794
566,171,1033
567,171,839
568,171,159
569,171,86
570,171,97
571,171,121
572,171,136
573,171,190
490,172,122
491,172,122
492,172,122
493,172,227
494,172,198
495,172,139
496,172,141
497,172,156
498,172,405
499,172,602
500,172,494
501,172,388
502,172,579
503,172,1211
504,172,387
505,172,676
506,172,1389
507,172,1054
508,172,1338
509,172,2513
510,172,1945
511,172,1385
512,172,1221
513,172,3041
514,172,4292
515,172,4244
516,172,850
517,172,426
518,172,402
519,172,510
520,172,570
521,172,4785
522,172,7731
523,172,5566
524,172,5998
525,172,5252
526,172,9372
527,172,9599
528,172,9417
529,172,9417
530,172,9590
531,172,14233
532,172,14736
533,172,11975
534,172,10043
535,172,7834
536,172,7834
537,172,7834
538,172,7834
539,172,7834
540,172,7671
541,172,3518
542,172,2881
543,172,4065
544,172,2593
545,172,1904
546,172,1904
547,172,2159
548,172,2004
549,172,1671
550,172,2589
551,172,1707
552,172,1293
553,172,1096
554,172,718
555,172,738
556,172,493
557,172,483
558,172,526
559,172,587
560,172,365
561,172,434
562,172,999
563,172,1123
564,172,3836
565,172,2824
566,172,1241
567,172,1229
568,172,1014
569,172,93
570,172,97
571,172,121
572,172,121
573,172,104
490,173,122
491,173,122
492,173,122
493,173,616
494,173,711
495,173,351
496,173,215
497,173,141
498,173,141
499,173,344
500,173,352
501,173,352
502,173,904
503,173,1104
504,173,384
505,173,368
506,173,368
507,173,588
508,173,896
509,173,2269
510,173,2513
511,173,2277
512,173,2900
513,173,4189
514,173,4271
515,173,4254
516,173,3774
517,173,2049
518,173,1516
519,173,2118
520,173,3271
521,173,6417
522,173,9417
523,173,9417
524,173,9417
525,173,9417
526,173,9417
527,173,11886
528,173,9445
529,173,9417
530,173,10666
531,173,15017
532,173,13520
533,173,11975
534,173,10793
535,173,7835
536,173,7834
537,173,7834
538,173,7834
539,173,7834
540,173,7090
541,173,3051
542,173,4051
543,173,4065
544,173,3754
545,173,2035
546,173,1904
547,173,2869
548,173,3187
549,173,3187
550,173,3060
551,173,1961
552,173,1939
553,173,1939
554,173,1917
555,173,1793
556,173,988
557,173,512
558,173,682
559,173,858
560,173,858
561,173,925
562,173,1028
563,173,2064
564,173,3960
565,173,3647
566,173,1440
567,173,1229
568,173,1171
569,173,109
570,173,106
571,173,121
572,173,121
573,173,75
490,174,122
491,174,125
492,174,134
493,174,832
494,174,1098
495,174,693
496,174,610
497,174,165
498,174,141
499,174,210
500,174,352
501,174,303
502,174,522
503,174,420
504,174,368
505,174,368
506,174,368
507,174,454
508,174,695
509,174,1039
510,174,1690
511,174,2808
512,174,3345
513,174,3734
514,174,3741
515,174,3383
516,174,3612
517,174,4356
518,174,4871
519,174,3702
520,174,3612
521,174,8832
522,174,9417
523,174,9417
524,174,9417
525,174,9417
526,174,10592
527,174,14152
528,174,12202
529,174,9417
530,174,14031
531,174,15160
532,174,12550
533,174,11975
534,174,11958
535,174,11425
536,174,8050
537,174,7834
538,174,7834
539,174,7801
540,174,5612
541,174,4065
542,174,4065
543,174,4065
544,174,4065
545,174,2579
546,174,2497
547,174,3101
548,174,3187
549,174,3171
550,174,2856
551,174,2055
552,174,1970
553,174,1939
554,174,1939
555,174,1136
556,174,523
557,174,523
558,174,682
559,174,858
560,174,858
561,174,980
562,174,994
563,174,1723
564,174,3273
565,174,3138
566,174,1871
567,174,1176
568,174,948
569,174,87
570,174,116
571,174,121
572,174,107
573,174,72
490,175,139
491,175,140
492,175,141
493,175,779
494,175,1461
495,175,1229
496,175,1445
497,175,682
498,175,431
499,175,300
500,175,379
501,175,226
502,175,252
503,175,368
504,175,376
505,175,481
506,175,598
507,175,613
508,175,617
509,175,788
510,175,1156
511,175,3174
512,175,3256
513,175,3256
514,175,3256
515,175,3256
516,175,3700
517,175,4941
518,175,4848
519,175,3881
520,175,3612
521,175,7700
522,175,8060
523,175,9575
524,175,13266
525,175,14301
526,175,13927
527,175,14242
528,175,11912
529,175,9417
530,175,14745
531,175,15160
532,175,14138
533,175,11975
534,175,11975
535,175,12283
536,175,11949
537,175,8802
538,175,7834
539,175,7189
540,175,5338
541,175,4893
542,175,4155
543,175,4065
544,175,3937
545,175,3191
546,175,3187
547,175,3187
548,175,3187
549,175,2816
550,175,2016
551,175,2016
552,175,2016
553,175,1958
554,175,1939
555,175,935
556,175,523
557,175,513
558,175,632
559,175,848
560,175,913
561,175,999
562,175,617
563,175,1008
564,175,1235
565,175,253
566,175,245
567,175,245
568,175,315
569,175,154
570,175,119
571,175,94
572,175,71
573,175,71
490,176,141
491,176,141
492,176,141
493,176,821
494,176,1465
495,176,1488
496,176,3333
497,176,693
498,176,629
499,176,464
500,176,355
501,176,207
502,176,231
503,176,354
504,176,524
505,176,616
506,176,616
507,176,616
508,176,896
509,176,939
510,176,2535
511,176,3256
512,176,3256
513,176,3256
514,176,3256
515,176,3256
516,176,3283
517,176,4329
518,176,4559
519,176,4396
520,176,6859
521,176,4140
522,176,4297
523,176,11805
524,176,17806
525,176,17806
526,176,16147
527,176,14242
528,176,14141
529,176,11961
530,176,14874
531,176,15160
532,176,12856
533,176,11975
534,176,11975
535,176,13360
536,176,14245
537,176,11049
538,176,7052
539,176,6987
540,176,5492
541,176,5492
542,176,5128
543,176,4065
544,176,4026
545,176,3426
546,176,3187
547,176,3178
548,176,2942
549,176,2794
550,176,2024
551,176,2016
552,176,2016
553,176,1976
554,176,1939
555,176,1244
556,176,464
557,176,400
558,176,392
559,176,556
560,176,881
561,176,1276
562,176,801
563,176,995
564,176,1212
565,176,276
566,176,245
567,176,234
568,176,234
569,176,232
570,176,108
571,176,71
572,176,71
573,176,71
490,177,141
491,177,141
492,177,120
493,177,179
494,177,849
495,177,989
496,177,1192
497,177,675
498,177,481
499,177,464
500,177,275
501,177,536
502,177,497
503,177,297
504,177,454
505,177,616
506,177,616
507,177,695
508,177,1370
509,177,1272
510,177,2165
511,177,3255
512,177,3256
513,177,3256
514,177,3256
515,177,3256
516,177,3206
517,177,3278
518,177,2841
519,177,7064
520,177,9242
521,177,5570
522,177,3820
523,177,14096
524,177,17806
525,177,18064
526,177,18631
527,177,16431
528,177,14678
529,177,13665
530,177,15152
531,177,18034
532,177,18273
533,177,12175
534,177,11975
535,177,13514
536,177,14011
537,177,9241
538,177,5492
539,177,5492
540,177,5492
541,177,5492
542,177,5139
543,177,4065
544,177,4065
545,177,4038
546,177,3923
547,177,2857
548,177,2089
549,177,2089
550,177,2089
551,177,2079
552,177,2052
553,177,2005
554,177,1875
555,177,873
556,177,392
557,177,392
558,177,392
559,177,390
560,177,1487
561,177,1597
562,177,1001
563,177,889
564,177,1247
565,177,440
566,177,246
567,177,234
568,177,234
569,177,234
570,177,120
571,177,71
572,177,71
573,177,71
490,178,141
491,178,130
492,178,96
493,178,260
494,178,464
495,178,462
496,178,1023
497,178,1226
498,178,983
499,178,1469
500,178,920
501,178,1916
502,178,803
503,178,316
504,178,367
505,178,856
506,178,832
507,178,942
508,178,1427
509,178,1363
510,178,1874
511,178,3289
512,178,3805
513,178,3895
514,178,3305
515,178,3512
516,178,3220
517,178,4852
518,178,5586
519,178,7139
520,178,8547
521,178,8969
522,178,11658
523,178,13917
524,178,17340
525,178,18971
526,178,19056
527,178,18940
528,178,12602
529,178,10807
530,178,14229
531,178,19785
532,178,27779
533,178,18158
534,178,12032
535,178,12832
536,178,13145
537,178,9805
538,178,9551
539,178,5492
540,178,5492
541,178,5481
542,178,4546
543,178,4065
544,178,4065
545,178,4065
546,178,4065
547,178,2772
548,178,2089
549,178,2089
550,178,2089
551,178,1589
552,178,937
553,178,1099
554,178,636
555,178,388
556,178,388
557,178,392
558,178,392
559,178,413
560,178,1566
561,178,1597
562,178,906
563,178,803
564,178,1247
565,178,507
566,178,246
567,178,234
568,178,234
569,178,234
570,178,164
571,178,71
572,178,71
573,178,71
490,179,161
491,179,136
492,179,111
493,179,1273
494,179,1778
495,179,1651
496,179,1916
497,179,1917
498,179,1920
499,179,1920
500,179,1920
501,179,1920
502,179,966
503,179,316
504,179,316
505,179,844
506,179,986
507,179,1201
508,179,1431
509,179,2120
510,179,2870
511,179,4072
512,179,4286
513,179,4286
514,179,4279
515,179,4186
516,179,4137
517,179,4137
518,179,4679
519,179,6147
520,179,7560
521,179,10423
522,179,13274
523,179,13346
524,179,18119
525,179,19073
526,179,14608
527,179,14821
528,179,10991
529,179,10801
530,179,13476
531,179,23100
532,179,25954
533,179,12280
534,179,12297
535,179,12056
536,179,11927
537,179,10902
538,179,9121
539,179,5657
540,179,8266
541,179,7419
542,179,5708
543,179,4896
544,179,4065
545,179,4065
546,179,4065
547,179,2664
548,179,2089
549,179,2089
550,179,2089
551,179,644
552,179,50
553,179,107
554,179,288
555,179,302
556,179,302
557,179,353
558,179,392
559,179,388
560,179,484
561,179,1353
562,179,687
563,179,438
564,179,875
565,179,706
566,179,248
567,179,243
568,179,242
569,179,240
570,179,253
571,179,123
572,179,71
573,179,71
490,180,318
491,180,162
492,180,211
493,180,1207
494,180,1920
495,180,1920
496,180,1920
497,180,1920
498,180,1918
499,180,1120
500,180,226
501,180,259
502,180,362
503,180,316
504,180,321
505,180,1159
506,180,1224
507,180,1237
508,180,1841
509,180,2522
510,180,2522
511,180,3023
512,180,4261
513,180,4286
514,180,4256
515,180,4145
516,180,4137
517,180,4137
518,180,4137
519,180,6405
520,180,7565
521,180,8994
522,180,13298
523,180,14000
524,180,19072
525,180,20877
526,180,18195
527,180,11770
528,180,10801
529,180,10801
530,180,11967
531,180,16868
532,180,15857
533,180,11420
534,180,21137
535,180,18203
536,180,15741
537,180,11281
538,180,10031
539,180,9595
540,180,11295
541,180,11295
542,180,10040
543,180,8136
544,180,4065
545,180,4065
546,180,4065
547,180,2624
548,180,2089
549,180,2089
550,180,2057
551,180,590
552,180,362
553,180,51
554,180,90
555,180,261
556,180,302
557,180,302
558,180,321
559,180,381
560,180,385
561,180,587
562,180,439
563,180,273
564,180,273
565,180,290
566,180,247
567,180,247
568,180,250
569,180,303
570,180,366
571,180,352
572,180,236
573,180,138
490,181,331
491,181,166
492,181,501
493,181,1902
494,181,1920
495,181,1920
496,181,1920
497,181,1392
498,181,745
499,181,121
500,181,132
501,181,190
502,181,316
503,181,316
504,181,459
505,181,1112
506,181,1210
507,181,1182
508,181,2251
509,181,2522
510,181,2522
511,181,2522
512,181,3484
513,181,4244
514,181,4158
515,181,4137
516,181,4137
517,181,4137
518,181,4137
519,181,6935
520,181,7565
521,181,10395
522,181,13298
523,181,17488
524,181,19922
525,181,25165
526,181,24901
527,181,17133
528,181,14262
529,181,15258
530,181,17072
531,181,9008
532,181,5371
533,181,11437
534,181,21441
535,181,21392
536,181,21392
537,181,13204
538,181,10986
539,181,11257
540,181,11295
541,181,11246
542,181,10220
543,181,8429
544,181,3966
545,181,3985
546,181,3926
547,181,2926
548,181,3022
549,181,3547
550,181,1927
551,181,809
552,181,422
553,181,236
554,181,174
555,181,313
556,181,302
557,181,302
558,181,290
559,181,334
560,181,295
561,181,356
562,181,273
563,181,273
564,181,273
565,181,270
566,181,256
567,181,249
568,181,290
569,181,375
570,181,375
571,181,375
572,181,359
573,181,293
490,182,417
491,182,169
492,182,245
493,182,795
494,182,1240
495,182,1210
496,182,1248
497,182,248
498,182,171
499,182,115
500,182,125
501,182,193
502,182,316
503,182,316
504,182,733
505,182,1381
506,182,1203
507,182,1182
508,182,2341
509,182,2522
510,182,2676
511,182,2951
512,182,3558
513,182,4147
514,182,4137
515,182,4137
516,182,4137
517,182,4129
518,182,4137
519,182,7763
520,182,7939
521,182,9219
522,182,12844
523,182,15996
524,182,23597
525,182,23505
526,182,18217
527,182,14811
528,182,15074
529,182,15898
530,182,17222
531,182,22253
532,182,23546
533,182,25940
534,182,25935
535,182,23233
536,182,19649
537,182,10903
538,182,11208
539,182,11295
540,182,11295
541,182,10932
542,182,10103
543,182,8435
544,182,3849
545,182,3852
546,182,3849
547,182,3849
548,182,3829
549,182,3823
550,182,2141
551,182,1816
552,182,749
553,182,424
554,182,424
555,182,385
556,182,491
557,182,350
558,182,272
559,182,272
560,182,272
561,182,280
562,182,273
563,182,273
564,182,273
565,182,270
566,182,269
567,182,272
568,182,360
569,182,375
570,182,345
571,182,292
572,182,276
573,182,273
490,183,508
491,183,170
492,183,235
493,183,241
494,183,241
495,183,350
496,183,428
497,183,195
498,183,184
499,183,115
500,183,125
501,183,216
502,183,316
503,183,316
504,183,1199
505,183,2526
506,183,1664
507,183,1182
508,183,1540
509,183,2186
510,183,3543
511,183,4068
512,183,4137
513,183,4137
514,183,4137
515,183,4137
516,183,4137
517,183,4050
518,183,3984
519,183,4714
520,183,9820
521,183,9792
522,183,10031
523,183,10031
524,183,10799
525,183,12119
526,183,13854
527,183,13633
528,183,15340
529,183,15449
530,183,20410
531,183,22091
532,183,23833
533,183,25250
534,183,23659
535,183,23802
536,183,14616
537,183,11038
538,183,11294
539,183,11295
540,183,11295
541,183,10624
542,183,10103
543,183,8476
544,183,3849
545,183,3849
546,183,3849
547,183,3849
548,183,3830
549,183,3823
550,183,2905
551,183,1924
552,183,1888
553,183,860
554,183,424
555,183,423
556,183,645
557,183,365
558,183,272
559,183,272
560,183,272
561,183,272
562,183,273
563,183,273
564,183,273
565,183,269
566,183,269
567,183,275
568,183,374
569,183,349
570,183,275
571,183,271
572,183,266
573,183,270
490,184,259
491,184,171
492,184,238
493,184,241
494,184,241
495,184,312
496,184,491
497,184,195
498,184,195
499,184,138
500,184,116
501,184,232
502,184,316
503,184,305
504,184,535
505,184,2857
506,184,1466
507,184,1182
508,184,1035
509,184,869
510,184,1503
511,184,2790
512,184,4100
513,184,4137
514,184,4137
515,184,4137
516,184,4111
517,184,4007
518,184,3950
519,184,4697
520,184,9977
521,184,10031
522,184,10031
523,184,10031
524,184,9975
525,184,9834
526,184,9829
527,184,10474
528,184,15353
529,184,15707
530,184,21884
531,184,22027
532,184,21232
533,184,15541
534,184,14862
535,184,14535
536,184,13745
537,184,11900
538,184,11295
539,184,11295
540,184,11295
541,184,10217
542,184,10103
543,184,7125
544,184,3903
545,184,3855
546,184,3849
547,184,3847
548,184,3825
549,184,3823
550,184,3660
551,184,2153
552,184,1924
553,184,1516
554,184,424
555,184,493
556,184,665
557,184,172
558,184,176
559,184,222
560,184,247
561,184,262
562,184,255
563,184,266
564,184,272
565,184,271
566,184,269
567,184,269
568,184,330
569,184,326
570,184,273
571,184,265
572,184,263
573,184,266
490,185,200
491,185,143
492,185,221
493,185,241
494,185,241
495,185,285
496,185,460
497,185,195
498,185,181
499,185,123
500,185,91
501,185,176
502,185,272
503,185,243
504,185,240
505,185,952
506,185,1135
507,185,979
508,185,884
509,185,1184
510,185,1595
511,185,1595
512,185,2749
513,185,3906
514,185,4067
515,185,3999
516,185,3969
517,185,3950
518,185,3950
519,185,3950
520,185,9072
521,185,10031
522,185,10031
523,185,9085
524,185,7528
525,185,9829
526,185,9829
527,185,11106
528,185,15449
529,185,19458
530,185,22027
531,185,22027
532,185,19944
533,185,15515
534,185,14535
535,185,14535
536,185,14535
537,185,12723
538,185,11922
539,185,13019
540,185,11625
541,185,10246
542,185,10103
543,185,7541
544,185,4583
545,185,4458
546,185,4129
547,185,3991
548,185,3823
549,185,3823
550,185,3823
551,185,3276
552,185,1924
553,185,1915
554,185,1210
555,185,708
556,185,583
557,185,183
558,185,176
559,185,142
560,185,142
561,185,175
562,185,249
563,185,254
564,185,258
565,185,266
566,185,272
567,185,336
568,185,364
569,185,287
570,185,268
571,185,273
572,185,296
573,185,364
490,186,145
491,186,85
492,186,175
493,186,238
494,186,241
495,186,289
496,186,315
497,186,112
498,186,81
499,186,100
500,186,159
501,186,208
502,186,240
503,186,240
504,186,245
505,186,930
506,186,834
507,186,838
508,186,1143
509,186,1529
510,186,1595
511,186,1595
512,186,3292
513,186,3690
514,186,3736
515,186,3742
516,186,3921
517,186,3950
518,186,3950
519,186,3874
520,186,6149
521,186,9912
522,186,9746
523,186,4580
524,186,3271
525,186,7312
526,186,10067
527,186,14013
528,186,15599
529,186,21998
530,186,22027
531,186,19667
532,186,15427
533,186,14351
534,186,14535
535,186,13766
536,186,12315
537,186,10286
538,186,10110
539,186,12252
540,186,4630
541,186,6510
542,186,7773
543,186,4722
544,186,4620
545,186,4620
546,186,4620
547,186,4201
548,186,3823
549,186,3794
550,186,3823
551,186,3150
552,186,1924
553,186,1924
554,186,1924
555,186,1052
556,186,544
557,186,193
558,186,182
559,186,139
560,186,168
561,186,242
562,186,238
563,186,250
564,186,254
565,186,256
566,186,324
567,186,362
568,186,343
569,186,296
570,186,285
571,186,391
572,186,389
573,186,427
490,187,466
491,187,399
492,187,222
493,187,228
494,187,244
495,187,232
496,187,130
497,187,71
498,187,120
499,187,297
500,187,347
501,187,306
502,187,240
503,187,240
504,187,357
505,187,810
506,187,810
507,187,1053
508,187,1590
509,187,1595
510,187,1595
511,187,1851
512,187,2894
513,187,3310
514,187,3736
515,187,3686
516,187,3851
517,187,3950
518,187,3950
519,187,3863
520,187,3767
521,187,4719
522,187,4889
523,187,3266
524,187,3266
525,187,3495
526,187,7592
527,187,12041
528,187,11267
529,187,16944
530,187,17983
531,187,9112
532,187,14088
533,187,14473
534,187,13662
535,187,8124
536,187,9159
537,187,10107
538,187,10110
539,187,10110
540,187,4176
541,187,3388
542,187,4456
543,187,4620
544,187,4620
545,187,4620
546,187,4620
547,187,4268
548,187,3701
549,187,2740
550,187,2822
551,187,2468
552,187,1924
553,187,1924
554,187,1924
555,187,1718
556,187,629
557,187,195
558,187,164
559,187,139
560,187,202
561,187,236
562,187,231
563,187,242
564,187,252
565,187,260
566,187,328
567,187,343
568,187,355
569,187,301
570,187,288
571,187,382
572,187,398
573,187,438
490,188,462
491,188,466
492,188,362
493,188,312
494,188,318
495,188,318
496,188,219
497,188,176
498,188,263
499,188,348
500,188,348
501,188,345
502,188,244
503,188,240
504,188,516
505,188,810
506,188,810
507,188,1265
508,188,1595
509,188,1595
510,188,1595
511,188,2224
512,188,2894
513,188,2939
514,188,3522
515,188,4255
516,188,4883
517,188,4154
518,188,4152
519,188,3819
520,188,3761
521,188,3349
522,188,3266
523,188,3266
524,188,3266
525,188,3795
526,188,4940
527,188,7508
528,188,8132
529,188,8132
530,188,8132
531,188,9138
532,188,11917
533,188,12067
534,188,9794
535,188,7155
536,188,7155
537,188,7889
538,188,9541
539,188,9196
540,188,3356
541,188,4036
542,188,4620
543,188,4620
544,188,4620
545,188,4620
546,188,4620
547,188,4426
548,188,3350
549,188,2471
550,188,2471
551,188,2400
552,188,2245
553,188,1944
554,188,1924
555,188,1863
556,188,724
557,188,239
558,188,155
559,188,139
560,188,217
561,188,219
562,188,215
563,188,232
564,188,238
565,188,236
566,188,264
567,188,345
568,188,422
569,188,392
570,188,283
571,188,284
572,188,367
573,188,437
490,189,420
491,189,463
492,189,366
493,189,319
494,189,318
495,189,318
496,189,320
497,189,321
498,189,370
499,189,386
500,189,376
501,189,350
502,189,258
503,189,240
504,189,674
505,189,810
506,189,827
507,189,1466
508,189,1595
509,189,1595
510,189,1601
511,189,2649
512,189,2894
513,189,2894
514,189,3245
515,189,4955
516,189,3092
517,189,4171
518,189,4541
519,189,3762
520,189,3673
521,189,3290
522,189,3266
523,189,3322
524,189,4273
525,189,4689
526,189,4761
527,189,6221
528,189,8132
529,189,8163
530,189,8164
531,189,9609
532,189,11911
533,189,11911
534,189,11496
535,189,7257
536,189,7155
537,189,7155
538,189,7182
539,189,6211
540,189,3272
541,189,4101
542,189,4620
543,189,4620
544,189,4620
545,189,4620
546,189,4620
547,189,4519
548,189,3230
549,189,2471
550,189,2471
551,189,2471
552,189,2471
553,189,2148
554,189,1924
555,189,1477
556,189,707
557,189,297
558,189,184
559,189,210
560,189,229
561,189,216
562,189,215
563,189,236
564,189,238
565,189,233
566,189,239
567,189,401
568,189,466
569,189,470
570,189,379
571,189,283
572,189,311
573,189,420
490,190,378
491,190,428
492,190,335
493,190,318
494,190,318
495,190,318
496,190,343
497,190,366
498,190,383
499,190,397
500,190,397
501,190,390
502,190,373
503,190,402
504,190,801
505,190,810
506,190,810
507,190,1430
508,190,1595
509,190,1595
510,190,2007
511,190,2894
512,190,2894
513,190,2879
514,190,3108
515,190,3590
516,190,2674
517,190,2413
518,190,2582
519,190,3177
520,190,3339
521,190,3266
522,190,3266
523,190,3270
524,190,4674
525,190,4761
526,190,4761
527,190,6427
528,190,6958
529,190,8269
530,190,8269
531,190,8341
532,190,11539
533,190,11911
534,190,11911
535,190,9052
536,190,7155
537,190,7155
538,190,7155
539,190,5210
540,190,3378
541,190,3385
542,190,4327
543,190,4620
544,190,4620
545,190,4620
546,190,4620
547,190,4118
548,190,3524
549,190,2471
550,190,2471
551,190,2471
552,190,2471
553,190,2239
554,190,1944
555,190,1084
556,190,707
557,190,532
558,190,316
559,190,238
560,190,227
561,190,216
562,190,220
563,190,237
564,190,238
565,190,241
566,190,253
567,190,352
568,190,469
569,190,482
570,190,391
571,190,283
572,190,249
573,190,268
490,191,346
491,191,361
492,191,128
493,191,300
494,191,318
495,191,318
496,191,297
497,191,259
498,191,265
499,191,318
500,191,397
501,191,397
502,191,412
503,191,451
504,191,810
505,191,810
506,191,693
507,191,1129
508,191,1459
509,191,1543
510,191,1718
511,191,2769
512,191,2894
513,191,2853
514,191,2725
515,191,2725
516,191,2430
517,191,2486
518,191,2684
519,191,3092
520,191,3266
521,191,3266
522,191,3266
523,191,3266
524,191,3904
525,191,4722
526,191,4759
527,191,4945
528,191,5365
529,191,7473
530,191,6853
531,191,7277
532,191,9695
533,191,10049
534,191,10545
535,191,9014
536,191,5854
537,191,6432
538,191,7143
539,191,6271
540,191,3386
541,191,3383
542,191,3510
543,191,2910
544,191,3011
545,191,4109
546,191,4320
547,191,3824
548,191,3437
549,191,1301
550,191,2183
551,191,2150
552,191,2471
553,191,2471
554,191,2039
555,191,1439
556,191,792
557,191,466
558,191,354
559,191,258
560,191,232
561,191,223
562,191,239
563,191,238
564,191,244
565,191,254
566,191,257
567,191,346
568,191,355
569,191,342
570,191,293
571,191,262
572,191,239
573,191,243
490,192,314
491,192,134
492,192,117
493,192,124
494,192,303
495,192,318
496,192,298
497,192,277
498,192,249
499,192,284
500,192,397
501,192,400
502,192,415
503,192,471
504,192,795
505,192,576
506,192,471
507,192,624
508,192,646
509,192,663
510,192,623
511,192,730
512,192,1532
513,192,2540
514,192,2725
515,192,2674
516,192,2382
517,192,2622
518,192,2966
519,192,3266
520,192,3266
521,192,3266
522,192,3266
523,192,3266
524,192,3219
525,192,3813
526,192,4562
527,192,4346
528,192,4238
529,192,4363
530,192,4364
531,192,4607
532,192,5672
533,192,5672
534,192,5672
535,192,5363
536,192,3229
537,192,3045
538,192,4582
539,192,6498
540,192,3463
541,192,3025
542,192,1173
543,192,481
544,192,481
545,192,534
546,192,1914
547,192,3820
548,192,2936
549,192,375
550,192,533
551,192,540
552,192,1657
553,192,2464
554,192,706
555,192,512
556,192,467
557,192,375
558,192,409
559,192,341
560,192,323
561,192,250
562,192,249
563,192,247
564,192,250
565,192,254
566,192,289
567,192,391
568,192,319
569,192,319
570,192,264
571,192,238
572,192,244
573,192,251
490,193,293
491,193,117
492,193,117
493,193,117
494,193,275
495,193,234
496,193,246
497,193,273
498,193,249
499,193,319
500,193,397
501,193,405
502,193,430
503,193,545
504,193,590
505,193,479
506,193,644
507,193,646
508,193,646
509,193,639
510,193,623
511,193,623
512,193,636
513,193,1016
514,193,1711
515,193,2545
516,193,2488
517,193,2810
518,193,3252
519,193,3266
520,193,3266
521,193,3266
522,193,2171
523,193,734
524,193,956
525,193,1059
526,193,4434
527,193,4107
528,193,3329
529,193,3984
530,193,4364
531,193,4381
532,193,5452
533,193,5672
534,193,5672
535,193,5672
536,193,4696
537,193,3045
538,193,3045
539,193,3195
540,193,3123
541,193,2341
542,193,1124
543,193,481
544,193,481
545,193,481
546,193,481
547,193,1657
548,193,1075
549,193,299
550,193,322
551,193,370
552,193,502
553,193,1454
554,193,480
555,193,439
556,193,379
557,193,375
558,193,1396
559,193,1423
560,193,363
561,193,270
562,193,278
563,193,306
564,193,311
565,193,289
566,193,350
567,193,339
568,193,319
569,193,308
570,193,231
571,193,243
572,193,244
573,193,244
490,194,209
491,194,117
492,194,117
493,194,121
494,194,132
495,194,132
496,194,143
497,194,311
498,194,255
499,194,249
500,194,356
501,194,428
502,194,586
503,194,639
504,194,636
505,194,605
506,194,646
507,194,646
508,194,645
509,194,878
510,194,938
511,194,2039
512,194,1585
513,194,952
514,194,952
515,194,1189
516,194,2236
517,194,2971
518,194,3266
519,194,3266
520,194,3181
521,194,3036
522,194,1902
523,194,594
524,194,457
525,194,1481
526,194,4223
527,194,3569
528,194,3368
529,194,4090
530,194,4364
531,194,4364
532,194,5403
533,194,5672
534,194,5672
535,194,5672
536,194,4495
537,194,3045
538,194,3045
539,194,3046
540,194,2278
541,194,1840
542,194,1324
543,194,539
544,194,481
545,194,481
546,194,400
547,194,113
548,194,103
549,194,64
550,194,64
551,194,69
552,194,72
553,194,238
554,194,472
555,194,388
556,194,375
557,194,375
558,194,984
559,194,924
560,194,376
561,194,364
562,194,362
563,194,362
564,194,356
565,194,289
566,194,275
567,194,310
568,194,319
569,194,236
570,194,130
571,194,175
572,194,174
573,194,185
490,195,124
491,195,117
492,195,137
493,195,235
494,195,137
495,195,148
496,195,253
497,195,333
498,195,291
499,195,249
500,195,264
501,195,412
502,195,518
503,195,498
504,195,498
505,195,600
506,195,646
507,195,646
508,195,1001
509,195,3663
510,195,3790
511,195,3864
512,195,1799
513,195,952
514,195,946
515,195,622
516,195,416
517,195,940
518,195,1553
519,195,1815
520,195,1356
521,195,313
522,195,1164
523,195,2099
524,195,2513
525,195,2307
526,195,3288
527,195,3307
528,195,3762
529,195,4286
530,195,4126
531,195,2970
532,195,4394
533,195,4012
534,195,3499
535,195,2821
536,195,2073
537,195,1510
538,195,1927
539,195,1499
540,195,751
541,195,1132
542,195,1132
543,195,984
544,195,730
545,195,492
546,195,257
547,195,113
548,195,110
549,195,66
550,195,64
551,195,63
552,195,40
553,195,39
554,195,199
555,195,375
556,195,375
557,195,375
558,195,375
559,195,376
560,195,376
561,195,366
562,195,321
563,195,295
564,195,267
565,195,234
566,195,270
567,195,295
568,195,313
569,195,120
570,195,73
571,195,81
572,195,82
573,195,91
490,196,146
491,196,127
492,196,208
493,196,333
494,196,289
495,196,284
496,196,333
497,196,333
498,196,313
499,196,252
500,196,247
501,196,336
502,196,312
503,196,493
504,196,493
505,196,384
506,196,441
507,196,639
508,196,1343
509,196,3855
510,196,3870
511,196,3250
512,196,952
513,196,952
514,196,791
515,196,381
516,196,229
517,196,328
518,196,721
519,196,1113
520,196,1194
521,196,147
522,196,182
523,196,3057
524,196,3767
525,196,2327
526,196,2237
527,196,2386
528,196,3945
529,196,3471
530,196,2032
531,196,1817
532,196,1817
533,196,1817
534,196,1817
535,196,1817
536,196,1817
537,196,755
538,196,172
539,196,172
540,196,214
541,196,1128
542,196,1132
543,196,1132
544,196,1132
545,196,678
546,196,129
547,196,113
548,196,113
549,196,77
550,196,63
551,196,48
552,196,39
553,196,39
554,196,39
555,196,145
556,196,295
557,196,375
558,196,262
559,196,315
560,196,368
561,196,342
562,196,214
563,196,114
564,196,119
565,196,115
566,196,266
567,196,295
568,196,295
569,196,104
570,196,78
571,196,81
572,196,82
573,196,72
490,197,163
491,197,163
492,197,228
493,197,331
494,197,333
495,197,333
496,197,333
497,197,333
498,197,333
499,197,278
500,197,168
501,197,79
502,197,129
503,197,419
504,197,236
505,197,90
506,197,538
507,197,624
508,197,1950
509,197,3791
510,197,3309
511,197,1983
512,197,952
513,197,735
514,197,383
515,197,229
516,197,229
517,197,229
518,197,229
519,197,243
520,197,846
521,197,155
522,197,270
523,197,965
524,197,2392
525,197,1154
526,197,1607
527,197,1802
528,197,2002
529,197,2375
530,197,1817
531,197,1817
532,197,1817
533,197,1817
534,197,1817
535,197,1817
536,197,1817
537,197,761
538,197,172
539,197,172
540,197,172
541,197,962
542,197,1132
543,197,1132
544,197,1132
545,197,488
546,197,213
547,197,108
548,197,72
549,197,77
550,197,37
551,197,30
552,197,39
553,197,39
554,197,39
555,197,39
556,197,75
557,197,202
558,197,118
559,197,118
560,197,241
561,197,288
562,197,90
563,197,87
564,197,87
565,197,87
566,197,160
567,197,140
568,197,134
569,197,76
570,197,80
571,197,72
572,197,73
573,197,65
490,198,163
491,198,163
492,198,175
493,198,302
494,198,333
495,198,333
496,198,333
497,198,333
498,198,333
499,198,197
500,198,100
501,198,77
502,198,79
503,198,109
504,198,89
505,198,355
506,198,622
507,198,620
508,198,1079
509,198,2431
510,198,3456
511,198,2656
512,198,1207
513,198,230
514,198,229
515,198,229
516,198,229
517,198,229
518,198,222
519,198,124
520,198,230
521,198,95
522,198,369
523,198,482
524,198,483
525,198,675
526,198,1600
527,198,1817
528,198,1817
529,198,1817
530,198,1817
531,198,1817
532,198,1817
533,198,1817
534,198,1817
535,198,1817
536,198,1817
537,198,476
538,198,172
539,198,172
540,198,172
541,198,417
542,198,1044
543,198,1076
544,198,533
545,198,228
546,198,173
547,198,28
548,198,23
549,198,23
550,198,25
551,198,37
552,198,43
553,198,39
554,198,39
555,198,39
556,198,65
557,198,106
558,198,118
559,198,117
560,198,111
561,198,121
562,198,87
563,198,108
564,198,121
565,198,118
566,198,121
567,198,97
568,198,77
569,198,79
570,198,60
571,198,53
572,198,53
573,198,54
490,199,165
491,199,167
492,199,163
493,199,292
494,199,326
495,199,445
496,199,542
497,199,558
498,199,291
499,199,83
500,199,62
501,199,48
502,199,115
503,199,118
504,199,243
505,199,619
506,199,432
507,199,350
508,199,749
509,199,2671
510,199,3633
511,199,3574
512,199,1401
513,199,277
514,199,195
515,199,223
516,199,229
517,199,229
518,199,149
519,199,206
520,199,205
521,199,56
522,199,469
523,199,482
524,199,482
525,199,482
526,199,804
527,199,1817
528,199,1817
529,199,1817
530,199,1817
531,199,1817
532,199,1817
533,199,1817
534,199,1755
535,199,1800
536,199,1666
537,199,767
538,199,172
539,199,172
540,199,172
541,199,172
542,199,274
543,199,359
544,199,228
545,199,228
546,199,104
547,199,28
548,199,24
549,199,24
550,199,25
551,199,40
552,199,44
553,199,41
554,199,43
555,199,70
556,199,78
557,199,85
558,199,104
559,199,101
560,199,99
561,199,111
562,199,116
563,199,140
564,199,140
565,199,140
566,199,124
567,199,137
568,199,113
569,199,84
570,199,51
571,199,49
572,199,49
573,199,50
490,200,173
491,200,173
492,200,150
493,200,77
494,200,116
495,200,517
496,200,803
497,200,702
498,200,172
499,200,79
500,200,80
501,200,51
502,200,107
503,200,195
504,200,579
505,200,479
506,200,347
507,200,350
508,200,350
509,200,444
510,200,1751
511,200,2533
512,200,649
513,200,298
514,200,175
515,200,175
516,200,221
517,200,203
518,200,178
519,200,230
520,200,152
521,200,135
522,200,482
523,200,482
524,200,482
525,200,482
526,200,535
527,200,1814
528,200,1520
529,200,1634
530,200,1473
531,200,1096
532,200,1055
533,200,812
534,200,549
535,200,584
536,200,541
537,200,262
538,200,172
539,200,172
540,200,172
541,200,172
542,200,172
543,200,120
544,200,114
545,200,241
546,200,114
547,200,38
548,200,24
549,200,24
550,200,28
551,200,44
552,200,44
553,200,44
554,200,58
555,200,78
556,200,78
557,200,82
558,200,85
559,200,96
560,200,99
561,200,133
562,200,140
563,200,140
564,200,140
565,200,134
566,200,85
567,200,85
568,200,76
569,200,75
570,200,61
571,200,49
572,200,49
573,200,49
490,201,174
491,201,174
492,201,96
493,201,64
494,201,394
495,201,1128
496,201,1121
497,201,658
498,201,177
499,201,80
500,201,132
501,201,131
502,201,141
503,201,305
504,201,336
505,201,309
506,201,298
507,201,319
508,201,350
509,201,355
510,201,916
511,201,726
512,201,310
513,201,214
514,201,206
515,201,198
516,201,216
517,201,204
518,201,230
519,201,230
520,201,170
521,201,210
522,201,482
523,201,482
524,201,482
525,201,482
526,201,462
527,201,867
528,201,163
529,201,163
530,201,171
531,201,504
532,201,541
533,201,541
534,201,541
535,201,541
536,201,541
537,201,253
538,201,172
539,201,172
540,201,172
541,201,172
542,201,170
543,201,46
544,201,77
545,201,915
546,201,946
547,201,505
548,201,27
549,201,24
550,201,36
551,201,44
552,201,44
553,201,44
554,201,50
555,201,80
556,201,82
557,201,84
558,201,84
559,201,93
560,201,107
561,201,140
562,201,136
563,201,135
564,201,140
565,201,140
566,201,101
567,201,79
568,201,174
569,201,237
570,201,212
571,201,172
572,201,60
573,201,150
490,202,174
491,202,174
492,202,79
493,202,80
494,202,422
495,202,1092
496,202,1124
497,202,515
498,202,130
499,202,112
500,202,159
501,202,159
502,202,173
503,202,292
504,202,298
505,202,298
506,202,298
507,202,315
508,202,350
509,202,350
510,202,326
511,202,326
512,202,215
513,202,215
514,202,215
515,202,215
516,202,343
517,202,429
518,202,292
519,202,230
520,202,121
521,202,72
522,202,444
523,202,454
524,202,392
525,202,317
526,202,207
527,202,166
528,202,163
529,202,163
530,202,166
531,202,540
532,202,541
533,202,541
534,202,541
535,202,541
536,202,541
537,202,351
538,202,172
539,202,172
540,202,172
541,202,172
542,202,164
543,202,43
544,202,175
545,202,946
546,202,950
547,202,689
548,202,29
549,202,29
550,202,43
551,202,59
552,202,92
553,202,113
554,202,131
555,202,247
556,202,90
557,202,84
558,202,84
559,202,89
560,202,99
561,202,103
562,202,101
563,202,101
564,202,119
565,202,98
566,202,81
567,202,79
568,202,214
569,202,1479
570,202,345
571,202,334
572,202,319
573,202,334
490,203,124
491,203,124
492,203,65
493,203,64
494,203,182
495,203,638
496,203,610
497,203,344
498,203,65
499,203,86
500,203,152
501,203,159
502,203,159
503,203,196
504,203,372
505,203,298
506,203,298
507,203,334
508,203,350
509,203,344
510,203,217
511,203,215
512,203,215
513,203,215
514,203,371
515,203,765
516,203,686
517,203,768
518,203,623
519,203,175
520,203,41
521,203,131
522,203,217
523,203,226
524,203,216
525,203,216
526,203,216
527,203,178
528,203,163
529,203,163
530,203,258
531,203,541
532,203,541
533,203,541
534,203,541
535,203,541
536,203,541
537,203,308
538,203,172
539,203,172
540,203,172
541,203,172
542,203,79
543,203,42
544,203,188
545,203,448
546,203,183
547,203,160
548,203,78
549,203,76
550,203,50
551,203,72
552,203,96
553,203,87
554,203,252
555,203,445
556,203,92
557,203,84
558,203,84
559,203,84
560,203,94
561,203,99
562,203,99
563,203,99
564,203,99
565,203,97
566,203,89
567,203,99
568,203,127
569,203,1596
570,203,1109
571,203,334
572,203,334
573,203,334
490,204,76
491,204,74
492,204,64
493,204,64
494,204,64
495,204,139
496,204,164
497,204,74
498,204,53
499,204,53
500,204,57
501,204,137
502,204,159
503,204,240
504,204,553
505,204,369
506,204,327
507,204,348
508,204,350
509,204,327
510,204,178
511,204,180
512,204,191
513,204,243
514,204,897
515,204,1163
516,204,1006
517,204,841
518,204,378
519,204,32
520,204,71
521,204,214
522,204,216
523,204,216
524,204,216
525,204,216
526,204,215
527,204,196
528,204,178
529,204,194
530,204,278
531,204,539
532,204,541
533,204,541
534,204,541
535,204,541
536,204,541
537,204,337
538,204,155
539,204,144
540,204,159
541,204,154
542,204,51
543,204,42
544,204,42
545,204,42
546,204,79
547,204,136
548,204,141
549,204,140
550,204,105
551,204,84
552,204,64
553,204,58
554,204,135
555,204,249
556,204,93
557,204,70
558,204,67
559,204,66
560,204,64
561,204,90
562,204,99
563,204,99
564,204,99
565,204,99
566,204,99
567,204,99
568,204,167
569,204,1641
570,204,1922
571,204,734
572,204,334
573,204,299
490,205,76
491,205,85
492,205,71
493,205,64
494,205,67
495,205,80
496,205,53
497,205,53
498,205,65
499,205,57
500,205,53
501,205,123
502,205,226
503,205,447
504,205,650
505,205,657
506,205,566
507,205,458
508,205,358
509,205,123
510,205,41
511,205,41
512,205,129
513,205,868
514,205,2184
515,205,2087
516,205,1863
517,205,933
518,205,382
519,205,207
520,205,209
521,205,229
522,205,216
523,205,216
524,205,215
525,205,213
526,205,212
527,205,203
528,205,177
529,205,212
530,205,212
531,205,406
532,205,482
533,205,474
534,205,533
535,205,549
536,205,524
537,205,272
538,205,135
539,205,135
540,205,135
541,205,135
542,205,129
543,205,80
544,205,42
545,205,42
546,205,98
547,205,140
548,205,141
549,205,141
550,205,139
551,205,88
552,205,61
553,205,58
554,205,122
555,205,134
556,205,86
557,205,77
558,205,69
559,205,50
560,205,45
561,205,43
562,205,82
563,205,93
564,205,99
565,205,99
566,205,99
567,205,99
568,205,383
569,205,1331
570,205,1943
571,205,1471
572,205,334
573,205,321
490,206,124
491,206,99
492,206,90
493,206,76
494,206,85
495,206,88
496,206,60
497,206,91
498,206,305
499,206,744
500,206,206
501,206,217
502,206,557
503,206,605
504,206,663
505,206,663
506,206,661
507,206,605
508,206,436
509,206,45
510,206,41
511,206,41
512,206,475
513,206,1407
514,206,2313
515,206,2313
516,206,2313
517,206,1140
518,206,381
519,206,362
520,206,362
521,206,276
522,206,215
523,206,213
524,206,212
525,206,212
526,206,201
527,206,91
528,206,72
529,206,104
530,206,116
531,206,138
532,206,110
533,206,112
534,206,311
535,206,468
536,206,449
537,206,323
538,206,144
539,206,135
540,206,135
541,206,136
542,206,140
543,206,79
544,206,58
545,206,74
546,206,97
547,206,127
548,206,141
549,206,183
550,206,109
551,206,109
552,206,66
553,206,66
554,206,74
555,206,73
556,206,72
557,206,72
558,206,49
559,206,39
560,206,36
561,206,39
562,206,49
563,206,50
564,206,89
565,206,99
566,206,99
567,206,99
568,206,416
569,206,1446
570,206,1943
571,206,1941
572,206,1171
573,206,116
490,207,143
491,207,100
492,207,103
493,207,214
494,207,212
495,207,117
496,207,79
497,207,521
498,207,1559
499,207,1515
500,207,572
501,207,103
502,207,575
503,207,663
504,207,663
505,207,663
506,207,663
507,207,663
508,207,439
509,207,41
510,207,41
511,207,41
512,207,41
513,207,1081
514,207,2313
515,207,2313
516,207,2307
517,207,1491
518,207,375
519,207,362
520,207,348
521,207,257
522,207,212
523,207,212
524,207,212
525,207,211
526,207,104
527,207,73
528,207,72
529,207,69
530,207,49
531,207,44
532,207,56
533,207,63
534,207,179
535,207,421
536,207,504
537,207,704
538,207,379
539,207,146
540,207,151
541,207,152
542,207,113
543,207,60
544,207,60
545,207,92
546,207,95
547,207,148
548,207,175
549,207,209
550,207,39
551,207,70
552,207,75
553,207,73
554,207,74
555,207,73
556,207,72
557,207,64
558,207,41
559,207,41
560,207,42
561,207,44
562,207,50
563,207,50
564,207,50
565,207,72
566,207,99
567,207,99
568,207,681
569,207,1623
570,207,1943
571,207,1943
572,207,1122
573,207,56
490,208,115
491,208,113
492,208,233
493,208,266
494,208,177
495,208,111
496,208,79
497,208,671
498,208,1384
499,208,1223
500,208,487
501,208,82
502,208,399
503,208,663
504,208,662
505,208,663
506,208,663
507,208,663
508,208,391
509,208,85
510,208,96
511,208,66
512,208,41
513,208,374
514,208,1711
515,208,2059
516,208,1155
517,208,215
518,208,278
519,208,349
520,208,337
521,208,319
522,208,220
523,208,212
524,208,212
525,208,156
526,208,73
527,208,73
528,208,70
529,208,69
530,208,54
531,208,44
532,208,28
533,208,24
534,208,135
535,208,397
536,208,859
537,208,912
538,208,822
539,208,181
540,208,156
541,208,156
542,208,121
543,208,60
544,208,63
545,208,87
546,208,64
547,208,186
548,208,271
549,208,122
550,208,46
551,208,49
552,208,56
553,208,50
554,208,45
555,208,66
556,208,72
557,208,49
558,208,39
559,208,38
560,208,36
561,208,44
562,208,50
563,208,50
564,208,50
565,208,50
566,208,80
567,208,96
568,208,841
569,208,1212
570,208,1197
571,208,1019
572,208,470
573,208,56
490,209,85
491,209,167
492,209,266
493,209,244
494,209,128
495,209,108
496,209,77
497,209,351
498,209,122
499,209,114
500,209,98
501,209,124
502,209,85
503,209,179
504,209,258
505,209,428
506,209,570
507,209,663
508,209,378
509,209,139
510,209,139
511,209,139
512,209,79
513,209,41
514,209,512
515,209,943
516,209,105
517,209,105
518,209,143
519,209,247
520,209,261
521,209,256
522,209,212
523,209,212
524,209,212
525,209,143
526,209,81
527,209,102
528,209,71
529,209,63
530,209,57
531,209,48
532,209,29
533,209,28
534,209,83
535,209,401
536,209,778
537,209,849
538,209,732
539,209,154
540,209,156
541,209,153
542,209,82
543,209,60
544,209,77
545,209,90
546,209,73
547,209,258
548,209,271
549,209,240
550,209,95
551,209,59
552,209,59
553,209,41
554,209,24
555,209,50
556,209,47
557,209,34
558,209,33
559,209,26
560,209,26
561,209,30
562,209,50
563,209,50
564,209,50
565,209,50
566,209,46
567,209,42
568,209,157
569,209,444
570,209,346
571,209,157
572,209,56
573,209,68
490,210,68
491,210,222
492,210,266
493,210,192
494,210,127
495,210,111
496,210,81
497,210,47
498,210,43
499,210,43
500,210,85
501,210,121
502,210,67
503,210,46
504,210,144
505,210,226
506,210,278
507,210,435
508,210,196
509,210,139
510,210,139
511,210,139
512,210,104
513,210,42
514,210,120
515,210,137
516,210,105
517,210,105
518,210,106
519,210,205
520,210,212
521,210,212
522,210,214
523,210,231
524,210,214
525,210,216
526,210,212
527,210,170
528,210,57
529,210,53
530,210,60
531,210,75
532,210,143
533,210,54
534,210,64
535,210,290
536,210,348
537,210,439
538,210,243
539,210,136
540,210,145
541,210,134
542,210,80
543,210,62
544,210,77
545,210,83
546,210,67
547,210,271
548,210,271
549,210,271
550,210,153
551,210,57
552,210,57
553,210,49
554,210,26
555,210,29
556,210,31
557,210,32
558,210,34
559,210,33
560,210,32
561,210,35
562,210,49
563,210,50
564,210,49
565,210,46
566,210,42
567,210,42
568,210,68
569,210,232
570,210,238
571,210,200
572,210,129
573,210,82
490,211,52
491,211,261
492,211,266
493,211,254
494,211,162
495,211,93
496,211,91
497,211,68
498,211,45
499,211,59
500,211,72
501,211,111
502,211,82
503,211,46
504,211,46
505,211,46
506,211,58
507,211,109
508,211,94
509,211,101
510,211,139
511,211,128
512,211,351
513,211,217
514,211,197
515,211,116
516,211,105
517,211,105
518,211,105
519,211,188
520,211,212
521,211,212
522,211,596
523,211,875
524,211,926
525,211,639
526,211,305
527,211,62
528,211,53
529,211,53
530,211,228
531,211,460
532,211,799
533,211,452
534,211,232
535,211,404
536,211,187
537,211,190
538,211,141
539,211,132
540,211,131
541,211,90
542,211,53
543,211,44
544,211,61
545,211,68
546,211,74
547,211,269
548,211,271
549,211,270
550,211,70
551,211,55
552,211,55
553,211,55
554,211,40
555,211,30
556,211,29
557,211,30
558,211,34
559,211,37
560,211,35
561,211,46
562,211,48
563,211,48
564,211,47
565,211,38
566,211,42
567,211,45
568,211,155
569,211,237
570,211,182
571,211,112
572,211,89
573,211,88
490,212,55
491,212,192
492,212,265
493,212,266
494,212,223
495,212,91
496,212,90
497,212,90
498,212,69
499,212,72
500,212,72
501,212,71
502,212,52
503,212,46
504,212,46
505,212,46
506,212,46
507,212,46
508,212,54
509,212,103
510,212,135
511,212,88
512,212,208
513,212,781
514,212,628
515,212,171
516,212,123
517,212,117
518,212,107
519,212,189
520,212,212
521,212,212
522,212,798
523,212,967
524,212,966
525,212,686
526,212,348
527,212,64
528,212,56
529,212,53
530,212,228
531,212,1020
532,212,1401
533,212,1166
534,212,644
535,212,494
536,212,387
537,212,289
538,212,155
539,212,132
540,212,108
541,212,80
542,212,55
543,212,45
544,212,57
545,212,107
546,212,210
547,212,266
548,212,247
549,212,243
550,212,98
551,212,80
552,212,54
553,212,55
554,212,44
555,212,30
556,212,30
557,212,39
558,212,48
559,212,47
560,212,36
561,212,41
562,212,48
563,212,48
564,212,42
565,212,38
566,212,48
567,212,62
568,212,65
569,212,82
570,212,85
571,212,92
572,212,92
573,212,91
490,213,51
491,213,87
492,213,229
493,213,246
494,213,187
495,213,85
496,213,84
497,213,68
498,213,69
499,213,72
500,213,70
501,213,45
502,213,41
503,213,46
504,213,46
505,213,47
506,213,47
507,213,47
508,213,96
509,213,139
510,213,112
511,213,56
512,213,84
513,213,1067
514,213,1060
515,213,259
516,213,138
517,213,138
518,213,111
519,213,94
520,213,125
521,213,174
522,213,842
523,213,967
524,213,941
525,213,658
526,213,482
527,213,129
528,213,64
529,213,48
530,213,396
531,213,863
532,213,1403
533,213,1096
534,213,1140
535,213,1115
536,213,1153
537,213,298
538,213,122
539,213,116
540,213,121
541,213,81
542,213,72
543,213,46
544,213,63
545,213,50
546,213,204
547,213,296
548,213,223
549,213,170
550,213,168
551,213,96
552,213,48
553,213,49
554,213,45
555,213,30
556,213,30
557,213,34
558,213,56
559,213,54
560,213,35
561,213,30
562,213,32
563,213,44
564,213,39
565,213,59
566,213,72
567,213,65
568,213,64
569,213,64
570,213,75
571,213,91
572,213,85
573,213,72
