xv,yv,rho
490,148,47
491,148,38
492,148,36
493,148,33
494,148,35
495,148,60
496,148,91
497,148,164
498,148,175
499,148,146
500,148,120
501,148,89
502,148,44
503,148,51
504,148,63
505,148,63
506,148,61
507,148,59
508,148,59
509,148,50
510,148,31
511,148,44
512,148,75
513,148,176
514,148,176
515,148,176
516,148,176
517,148,176
518,148,176
519,148,119
520,148,95
521,148,95
522,148,106
523,148,188
524,148,223
525,148,258
526,148,224
527,148,224
528,148,210
529,148,87
530,148,70
531,148,66
532,148,57
533,148,71
534,148,71
535,148,71
536,148,70
537,148,42
538,148,42
539,148,59
540,148,75
541,148,68
542,148,76
543,148,82
544,148,84
545,148,84
546,148,74
547,148,63
548,148,58
549,148,55
550,148,55
551,148,55
552,148,91
553,148,80
554,148,342
555,148,378
556,148,378
557,148,378
558,148,378
559,148,361
560,148,110
561,148,107
562,148,107
563,148,107
564,148,110
565,148,171
566,148,171
567,148,170
568,148,113
569,148,110
570,148,109
571,148,94
572,148,82
573,148,89
490,149,73
491,149,57
492,149,40
493,149,30
494,149,38
495,149,73
496,149,174
497,149,175
498,149,175
499,149,2618
500,149,1497
501,149,313
502,149,53
503,149,57
504,149,63
505,149,63
506,149,59
507,149,59
508,149,58
509,149,54
510,149,33
511,149,45
512,149,97
513,149,176
514,149,176
515,149,176
516,149,176
517,149,176
518,149,176
519,149,116
520,149,95
521,149,95
522,149,165
523,149,221
524,149,707
525,149,596
526,149,545
527,149,468
528,149,221
529,149,71
530,149,70
531,149,70
532,149,71
533,149,71
534,149,71
535,149,71
536,149,61
537,149,39
538,149,67
539,149,84
540,149,80
541,149,70
542,149,73
543,149,91
544,149,92
545,149,92
546,149,80
547,149,67
548,149,68
549,149,90
550,149,70
551,149,84
552,149,217
553,149,129
554,149,286
555,149,352
556,149,137
557,149,282
558,149,378
559,149,196
560,149,107
561,149,107
562,149,107
563,149,107
564,149,117
565,149,161
566,149,171
567,149,158
568,149,122
569,149,110
570,149,106
571,149,97
572,149,97
573,149,121
490,150,94
491,150,94
492,150,93
493,150,82
494,150,70
495,150,72
496,150,88
497,150,154
498,150,266
499,150,422
500,150,422
501,150,191
502,150,57
503,150,57
504,150,81
505,150,70
506,150,48
507,150,58
508,150,57
509,150,39
510,150,43
511,150,47
512,150,62
513,150,91
514,150,133
515,150,176
516,150,176
517,150,176
518,150,176
519,150,114
520,150,95
521,150,74
522,150,49
523,150,113
524,150,815
525,150,789
526,150,468
527,150,468
528,150,221
529,150,76
530,150,70
531,150,70
532,150,71
533,150,71
534,150,72
535,150,71
536,150,56
537,150,39
538,150,74
539,150,84
540,150,78
541,150,70
542,150,71
543,150,88
544,150,92
545,150,92
546,150,77
547,150,67
548,150,92
549,150,96
550,150,74
551,150,129
552,150,217
553,150,204
554,150,360
555,150,304
556,150,67
557,150,312
558,150,378
559,150,195
560,150,107
561,150,107
562,150,107
563,150,109
564,150,155
565,150,171
566,150,127
567,150,90
568,150,99
569,150,110
570,150,108
571,150,97
572,150,97
573,150,129
490,151,94
491,151,94
492,151,94
493,151,87
494,151,72
495,151,72
496,151,72
497,151,187
498,151,422
499,151,422
500,151,387
501,151,197
502,151,57
503,151,61
504,151,82
505,151,48
506,151,48
507,151,57
508,151,56
509,151,35
510,151,42
511,151,47
512,151,53
513,151,79
514,151,96
515,151,135
516,151,111
517,151,96
518,151,101
519,151,89
520,151,95
521,151,72
522,151,47
523,151,95
524,151,533
525,151,593
526,151,198
527,151,201
528,151,216
529,151,75
530,151,70
531,151,71
532,151,71
533,151,71
534,151,71
535,151,71
536,151,48
537,151,39
538,151,83
539,151,84
540,151,76
541,151,70
542,151,70
543,151,80
544,151,92
545,151,92
546,151,78
547,151,68
548,151,96
549,151,96
550,151,72
551,151,190
552,151,217
553,151,217
554,151,240
555,151,212
556,151,86
557,151,74
558,151,104
559,151,81
560,151,71
561,151,76
562,151,88
563,151,91
564,151,116
565,151,171
566,151,177
567,151,98
568,151,100
569,151,106
570,151,108
571,151,101
572,151,123
573,151,151
490,152,94
491,152,94
492,152,94
493,152,93
494,152,77
495,152,72
496,152,72
497,152,107
498,152,383
499,152,244
500,152,187
501,152,75
502,152,69
503,152,80
504,152,82
505,152,54
506,152,44
507,152,56
508,152,57
509,152,40
510,152,41
511,152,47
512,152,50
513,152,78
514,152,76
515,152,68
516,152,64
517,152,64
518,152,64
519,152,66
520,152,90
521,152,65
522,152,47
523,152,60
524,152,179
525,152,64
526,152,70
527,152,34
528,152,63
529,152,77
530,152,75
531,152,71
532,152,71
533,152,71
534,152,71
535,152,71
536,152,46
537,152,51
538,152,84
539,152,81
540,152,70
541,152,70
542,152,70
543,152,82
544,152,92
545,152,92
546,152,72
547,152,68
548,152,95
549,152,92
550,152,66
551,152,200
552,152,217
553,152,217
554,152,217
555,152,121
556,152,86
557,152,72
558,152,65
559,152,63
560,152,71
561,152,86
562,152,85
563,152,81
564,152,82
565,152,114
566,152,118
567,152,175
568,152,116
569,152,120
570,152,97
571,152,89
572,152,152
573,152,178
490,153,94
491,153,88
492,153,62
493,153,67
494,153,90
495,153,79
496,153,72
497,153,72
498,153,73
499,153,79
500,153,104
501,153,130
502,153,85
503,153,80
504,153,81
505,153,59
506,153,59
507,153,58
508,153,57
509,153,37
510,153,43
511,153,47
512,153,55
513,153,79
514,153,71
515,153,62
516,153,64
517,153,64
518,153,62
519,153,53
520,153,53
521,153,48
522,153,48
523,153,71
524,153,20
525,153,25
526,153,38
527,153,42
528,153,79
529,153,82
530,153,64
531,153,44
532,153,79
533,153,191
534,153,157
535,153,64
536,153,64
537,153,70
538,153,84
539,153,78
540,153,67
541,153,42
542,153,40
543,153,82
544,153,92
545,153,91
546,153,68
547,153,67
548,153,93
549,153,91
550,153,69
551,153,207
552,153,217
553,153,217
554,153,217
555,153,116
556,153,87
557,153,87
558,153,109
559,153,88
560,153,89
561,153,89
562,153,88
563,153,82
564,153,88
565,153,89
566,153,89
567,153,212
568,153,233
569,153,201
570,153,125
571,153,82
572,153,145
573,153,320
490,154,93
491,154,47
492,154,36
493,154,36
494,154,39
495,154,44
496,154,75
497,154,75
498,154,100
499,154,132
500,154,133
501,154,117
502,154,81
503,154,80
504,154,80
505,154,80
506,154,80
507,154,64
508,154,55
509,154,36
510,154,47
511,154,48
512,154,65
513,154,79
514,154,71
515,154,79
516,154,105
517,154,147
518,154,102
519,154,52
520,154,52
521,154,48
522,154,48
523,154,89
524,154,27
525,154,27
526,154,56
527,154,59
528,154,82
529,154,82
530,154,47
531,154,25
532,154,136
533,154,249
534,154,209
535,154,55
536,154,70
537,154,52
538,154,84
539,154,71
540,154,36
541,154,22
542,154,28
543,154,84
544,154,92
545,154,91
546,154,70
547,154,69
548,154,95
549,154,90
550,154,65
551,154,203
552,154,217
553,154,217
554,154,203
555,154,99
556,154,87
557,154,89
558,154,111
559,154,94
560,154,89
561,154,89
562,154,89
563,154,89
564,154,89
565,154,91
566,154,95
567,154,242
568,154,257
569,154,202
570,154,62
571,154,130
572,154,193
573,154,859
490,155,51
491,155,37
492,155,36
493,155,36
494,155,36
495,155,67
496,155,132
497,155,132
498,155,133
499,155,133
500,155,133
501,155,101
502,155,80
503,155,80
504,155,80
505,155,80
506,155,76
507,155,63
508,155,45
509,155,47
510,155,45
511,155,48
512,155,64
513,155,75
514,155,62
515,155,94
516,155,181
517,155,181
518,155,173
519,155,90
520,155,51
521,155,48
522,155,63
523,155,97
524,155,33
525,155,26
526,155,58
527,155,58
528,155,80
529,155,82
530,155,46
531,155,25
532,155,133
533,155,249
534,155,117
535,155,63
536,155,55
537,155,38
538,155,76
539,155,50
540,155,22
541,155,23
542,155,28
543,155,88
544,155,92
545,155,87
546,155,67
547,155,79
548,155,96
549,155,83
550,155,65
551,155,211
552,155,217
553,155,217
554,155,169
555,155,87
556,155,87
557,155,96
558,155,113
559,155,111
560,155,89
561,155,89
562,155,89
563,155,80
564,155,61
565,155,88
566,155,200
567,155,337
568,155,272
569,155,170
570,155,150
571,155,113
572,155,130
573,155,782
490,156,40
491,156,36
492,156,36
493,156,36
494,156,58
495,156,130
496,156,133
497,156,133
498,156,133
499,156,133
500,156,133
501,156,114
502,156,99
503,156,81
504,156,80
505,156,73
506,156,63
507,156,63
508,156,46
509,156,60
510,156,43
511,156,60
512,156,68
513,156,68
514,156,58
515,156,87
516,156,173
517,156,169
518,156,133
519,156,85
520,156,57
521,156,48
522,156,73
523,156,97
524,156,50
525,156,41
526,156,58
527,156,58
528,156,66
529,156,81
530,156,43
531,156,69
532,156,245
533,156,249
534,156,114
535,156,66
536,156,37
537,156,32
538,156,32
539,156,23
540,156,25
541,156,29
542,156,39
543,156,74
544,156,72
545,156,72
546,156,67
547,156,88
548,156,92
549,156,66
550,156,65
551,156,154
552,156,197
553,156,217
554,156,140
555,156,87
556,156,87
557,156,93
558,156,112
559,156,113
560,156,97
561,156,89
562,156,89
563,156,55
564,156,76
565,156,113
566,156,200
567,156,356
568,156,265
569,156,170
570,156,170
571,156,81
572,156,97
573,156,128
490,157,43
491,157,37
492,157,36
493,157,36
494,157,108
495,157,133
496,157,133
497,157,133
498,157,133
499,157,133
500,157,133
501,157,133
502,157,133
503,157,109
504,157,62
505,157,66
506,157,51
507,157,55
508,157,67
509,157,78
510,157,76
511,157,84
512,157,70
513,157,73
514,157,94
515,157,181
516,157,181
517,157,118
518,157,75
519,157,75
520,157,246
521,157,198
522,157,96
523,157,97
524,157,97
525,157,95
526,157,76
527,157,57
528,157,60
529,157,78
530,157,78
531,157,78
532,157,117
533,157,244
534,157,141
535,157,76
536,157,30
537,157,27
538,157,27
539,157,27
540,157,35
541,157,31
542,157,39
543,157,42
544,157,41
545,157,63
546,157,84
547,157,96
548,157,72
549,157,65
550,157,73
551,157,92
552,157,105
553,157,167
554,157,117
555,157,77
556,157,72
557,157,88
558,157,92
559,157,106
560,157,97
561,157,89
562,157,89
563,157,63
564,157,63
565,157,125
566,157,84
567,157,292
568,157,287
569,157,170
570,157,148
571,157,65
572,157,104
573,157,96
490,158,42
491,158,52
492,158,52
493,158,57
494,158,117
495,158,128
496,158,125
497,158,133
498,158,131
499,158,124
500,158,133
501,158,133
502,158,114
503,158,56
504,158,44
505,158,51
506,158,36
507,158,45
508,158,73
509,158,84
510,158,84
511,158,79
512,158,46
513,158,47
514,158,90
515,158,181
516,158,181
517,158,84
518,158,75
519,158,124
520,158,281
521,158,281
522,158,199
523,158,97
524,158,97
525,158,97
526,158,97
527,158,63
528,158,57
529,158,78
530,158,78
531,158,78
532,158,78
533,158,128
534,158,102
535,158,102
536,158,70
537,158,27
538,158,27
539,158,27
540,158,39
541,158,38
542,158,40
543,158,41
544,158,41
545,158,81
546,158,92
547,158,86
548,158,65
549,158,66
550,158,89
551,158,92
552,158,92
553,158,83
554,158,53
555,158,53
556,158,53
557,158,91
558,158,89
559,158,89
560,158,89
561,158,89
562,158,89
563,158,77
564,158,61
565,158,73
566,158,91
567,158,106
568,158,57
569,158,117
570,158,128
571,158,73
572,158,104
573,158,104
490,159,44
491,159,57
492,159,57
493,159,57
494,159,102
495,159,119
496,159,71
497,159,99
498,159,87
499,159,68
500,159,81
501,159,104
502,159,47
503,159,44
504,159,44
505,159,39
506,159,35
507,159,31
508,159,74
509,159,92
510,159,84
511,159,84
512,159,65
513,159,44
514,159,43
515,159,88
516,159,149
517,159,75
518,159,87
519,159,208
520,159,281
521,159,281
522,159,255
523,159,110
524,159,97
525,159,97
526,159,95
527,159,47
528,159,55
529,159,91
530,159,78
531,159,78
532,159,78
533,159,90
534,159,89
535,159,95
536,159,65
537,159,25
538,159,27
539,159,27
540,159,40
541,159,41
542,159,45
543,159,46
544,159,41
545,159,77
546,159,91
547,159,92
548,159,88
549,159,63
550,159,80
551,159,75
552,159,92
553,159,91
554,159,58
555,159,53
556,159,56
557,159,94
558,159,90
559,159,89
560,159,89
561,159,89
562,159,89
563,159,64
564,159,57
565,159,58
566,159,72
567,159,64
568,159,47
569,159,116
570,159,149
571,159,91
572,159,104
573,159,104
490,160,50
491,160,58
492,160,57
493,160,57
494,160,64
495,160,73
496,160,64
497,160,68
498,160,68
499,160,68
500,160,68
501,160,102
502,160,125
503,160,92
504,160,88
505,160,92
506,160,103
507,160,91
508,160,150
509,160,140
510,160,84
511,160,84
512,160,84
513,160,77
514,160,52
515,160,43
516,160,44
517,160,72
518,160,207
519,160,281
520,160,281
521,160,281
522,160,252
523,160,203
524,160,84
525,160,97
526,160,83
527,160,43
528,160,184
529,160,206
530,160,106
531,160,78
532,160,63
533,160,38
534,160,32
535,160,483
536,160,21
537,160,21
538,160,25
539,160,29
540,160,41
541,160,41
542,160,59
543,160,66
544,160,41
545,160,50
546,160,70
547,160,84
548,160,88
549,160,61
550,160,55
551,160,60
552,160,74
553,160,64
554,160,56
555,160,61
556,160,87
557,160,83
558,160,74
559,160,79
560,160,75
561,160,77
562,160,74
563,160,58
564,160,57
565,160,63
566,160,76
567,160,83
568,160,84
569,160,97
570,160,142
571,160,140
572,160,104
573,160,104
490,161,83
491,161,89
492,161,79
493,161,67
494,161,58
495,161,57
496,161,57
497,161,59
498,161,58
499,161,60
500,161,65
501,161,96
502,161,162
503,161,155
504,161,126
505,161,109
506,161,104
507,161,110
508,161,150
509,161,136
510,161,84
511,161,84
512,161,84
513,161,90
514,161,150
515,161,89
516,161,53
517,161,55
518,161,226
519,161,281
520,161,281
521,161,270
522,161,240
523,161,100
524,161,122
525,161,135
526,161,137
527,161,69
528,161,254
529,161,150
530,161,138
531,161,214
532,161,43
533,161,32
534,161,67
535,161,819
536,161,457
537,161,26
538,161,36
539,161,52
540,161,50
541,161,70
542,161,68
543,161,71
544,161,47
545,161,41
546,161,65
547,161,70
548,161,88
549,161,69
550,161,55
551,161,55
552,161,55
553,161,55
554,161,55
555,161,52
556,161,43
557,161,38
558,161,51
559,161,56
560,161,56
561,161,56
562,161,56
563,161,58
564,161,54
565,161,63
566,161,84
567,161,90
568,161,122
569,161,117
570,161,143
571,161,124
572,161,103
573,161,103
490,162,90
491,162,90
492,162,90
493,162,90
494,162,88
495,162,61
496,162,57
497,162,57
498,162,57
499,162,57
500,162,57
501,162,153
502,162,162
503,162,162
504,162,162
505,162,155
506,162,164
507,162,164
508,162,150
509,162,149
510,162,104
511,162,112
512,162,81
513,162,82
514,162,273
515,162,290
516,162,170
517,162,48
518,162,97
519,162,279
520,162,277
521,162,245
522,162,194
523,162,47
524,162,186
525,162,429
526,162,424
527,162,254
528,162,271
529,162,141
530,162,139
531,162,825
532,162,271
533,162,32
534,162,458
535,162,808
536,162,159
537,162,41
538,162,42
539,162,68
540,162,86
541,162,121
542,162,101
543,162,71
544,162,66
545,162,43
546,162,62
547,162,73
548,162,84
549,162,61
550,162,55
551,162,55
552,162,55
553,162,57
554,162,79
555,162,60
556,162,38
557,162,38
558,162,49
559,162,56
560,162,56
561,162,57
562,162,57
563,162,58
564,162,54
565,162,60
566,162,101
567,162,127
568,162,165
569,162,165
570,162,163
571,162,112
572,162,102
573,162,103
490,163,90
491,163,90
492,163,90
493,163,90
494,163,90
495,163,63
496,163,57
497,163,57
498,163,57
499,163,73
500,163,101
501,163,162
502,163,162
503,163,162
504,163,162
505,163,162
506,163,273
507,163,323
508,163,199
509,163,150
510,163,150
511,163,140
512,163,77
513,163,158
514,163,205
515,163,357
516,163,281
517,163,65
518,163,42
519,163,194
520,163,249
521,163,240
522,163,93
523,163,82
524,163,199
525,163,504
526,163,449
527,163,273
528,163,279
529,163,176
530,163,159
531,163,973
532,163,930
533,163,609
534,163,122
535,163,41
536,163,41
537,163,41
538,163,51
539,163,70
540,163,72
541,163,121
542,163,137
543,163,150
544,163,145
545,163,128
546,163,66
547,163,66
548,163,66
549,163,58
550,163,55
551,163,49
552,163,48
553,163,95
554,163,101
555,163,57
556,163,46
557,163,38
558,163,42
559,163,56
560,163,57
561,163,41
562,163,41
563,163,58
564,163,58
565,163,53
566,163,89
567,163,136
568,163,148
569,163,128
570,163,104
571,163,95
572,163,96
573,163,134
490,164,78
491,164,89
492,164,90
493,164,90
494,164,86
495,164,57
496,164,57
497,164,57
498,164,77
499,164,128
500,164,162
501,164,162
502,164,162
503,164,162
504,164,162
505,164,162
506,164,227
507,164,324
508,164,222
509,164,150
510,164,150
511,164,150
512,164,122
513,164,76
514,164,133
515,164,357
516,164,288
517,164,127
518,164,142
519,164,139
520,164,223
521,164,195
522,164,42
523,164,140
524,164,229
525,164,556
526,164,462
527,164,273
528,164,279
529,164,159
530,164,299
531,164,1007
532,164,1007
533,164,999
534,164,693
535,164,173
536,164,41
537,164,46
538,164,69
539,164,70
540,164,80
541,164,116
542,164,142
543,164,197
544,164,182
545,164,158
546,164,83
547,164,66
548,164,66
549,164,67
550,164,13
551,164,9
552,164,11
553,164,94
554,164,101
555,164,81
556,164,69
557,164,46
558,164,39
559,164,56
560,164,57
561,164,31
562,164,27
563,164,58
564,164,58
565,164,58
566,164,48
567,164,85
568,164,99
569,164,99
570,164,99
571,164,96
572,164,104
573,164,380
490,165,63
491,165,65
492,165,82
493,165,91
494,165,82
495,165,57
496,165,57
497,165,82
498,165,169
499,165,162
500,165,162
501,165,162
502,165,162
503,165,162
504,165,162
505,165,162
506,165,175
507,165,290
508,165,225
509,165,150
510,165,150
511,165,150
512,165,150
513,165,79
514,165,253
515,165,357
516,165,302
517,165,168
518,165,595
519,165,146
520,165,150
521,165,90
522,165,80
523,165,197
524,165,370
525,165,558
526,165,419
527,165,273
528,165,270
529,165,140
530,165,510
531,165,1007
532,165,1007
533,165,1007
534,165,1007
535,165,773
536,165,41
537,165,54
538,165,70
539,165,77
540,165,105
541,165,266
542,165,362
543,165,160
544,165,127
545,165,156
546,165,115
547,165,96
548,165,120
549,165,124
550,165,15
551,165,24
552,165,38
553,165,98
554,165,101
555,165,76
556,165,69
557,165,72
558,165,51
559,165,57
560,165,55
561,165,47
562,165,42
563,165,58
564,165,58
565,165,58
566,165,41
567,165,44
568,165,83
569,165,87
570,165,96
571,165,240
572,165,676
573,165,830
490,166,63
491,166,63
492,166,95
493,166,108
494,166,103
495,166,75
496,166,94
497,166,166
498,166,185
499,166,181
500,166,167
501,166,162
502,166,162
503,166,162
504,166,162
505,166,155
506,166,141
507,166,197
508,166,191
509,166,160
510,166,150
511,166,150
512,166,150
513,166,157
514,166,335
515,166,357
516,166,292
517,166,391
518,166,940
519,166,623
520,166,163
521,166,73
522,166,101
523,166,148
524,166,378
525,166,409
526,166,312
527,166,274
528,166,221
529,166,139
530,166,728
531,166,1007
532,166,1007
533,166,1007
534,166,1007
535,166,1005
536,166,224
537,166,103
538,166,93
539,166,94
540,166,107
541,166,361
542,166,412
543,166,227
544,166,126
545,166,126
546,166,126
547,166,130
548,166,147
549,166,170
550,166,82
551,166,101
552,166,101
553,166,94
554,166,84
555,166,72
556,166,78
557,166,88
558,166,52
559,166,53
560,166,51
561,166,56
562,166,64
563,166,58
564,166,58
565,166,51
566,166,36
567,166,37
568,166,46
569,166,52
570,166,53
571,166,388
572,166,800
573,166,830
490,167,63
491,167,79
492,167,109
493,167,109
494,167,109
495,167,122
496,167,180
497,167,185
498,167,185
499,167,185
500,167,170
501,167,158
502,167,162
503,167,159
504,167,162
505,167,132
506,167,76
507,167,172
508,167,189
509,167,225
510,167,161
511,167,150
512,167,127
513,167,482
514,167,319
515,167,351
516,167,349
517,167,671
518,167,960
519,167,960
520,167,820
521,167,429
522,167,219
523,167,173
524,167,105
525,167,105
526,167,132
527,167,405
528,167,496
529,167,425
530,167,906
531,167,1007
532,167,1007
533,167,1007
534,167,1007
535,167,959
536,167,414
537,167,344
538,167,334
539,167,189
540,167,169
541,167,412
542,167,412
543,167,377
544,167,220
545,167,132
546,167,146
547,167,191
548,167,199
549,167,199
550,167,135
551,167,101
552,167,83
553,167,69
554,167,70
555,167,75
556,167,87
557,167,89
558,167,62
559,167,52
560,167,49
561,167,53
562,167,71
563,167,58
564,167,52
565,167,51
566,167,58
567,167,61
568,167,57
569,167,53
570,167,52
571,167,104
572,167,349
573,167,691
490,168,67
491,168,105
492,168,109
493,168,109
494,168,109
495,168,109
496,168,140
497,168,185
498,168,185
499,168,185
500,168,181
501,168,122
502,168,110
503,168,113
504,168,154
505,168,119
506,168,87
507,168,110
508,168,273
509,168,281
510,168,249
511,168,163
512,168,88
513,168,211
514,168,308
515,168,363
516,168,369
517,168,510
518,168,960
519,168,960
520,168,960
521,168,960
522,168,409
523,168,309
524,168,241
525,168,157
526,168,391
527,168,508
528,168,508
529,168,509
530,168,861
531,168,1007
532,168,1007
533,168,1007
534,168,1072
535,168,477
536,168,356
537,168,356
538,168,356
539,168,358
540,168,384
541,168,412
542,168,412
543,168,387
544,168,279
545,168,143
546,168,119
547,168,123
548,168,138
549,168,199
550,168,131
551,168,100
552,168,87
553,168,83
554,168,96
555,168,94
556,168,89
557,168,89
558,168,87
559,168,61
560,168,61
561,168,72
562,168,156
563,168,110
564,168,103
565,168,68
566,168,62
567,168,62
568,168,62
569,168,60
570,168,121
571,168,279
572,168,590
573,168,568
490,169,64
491,169,103
492,169,109
493,169,109
494,169,88
495,169,102
496,169,114
497,169,179
498,169,185
499,169,185
500,169,185
501,169,147
502,169,98
503,169,127
504,169,261
505,169,117
506,169,78
507,169,51
508,169,229
509,169,272
510,169,281
511,169,280
512,169,323
513,169,327
514,169,379
515,169,405
516,169,372
517,169,525
518,169,960
519,169,960
520,169,960
521,169,907
522,169,427
523,169,450
524,169,368
525,169,311
526,169,468
527,169,508
528,169,507
529,169,534
530,169,961
531,169,1007
532,169,1007
533,169,1007
534,169,1678
535,169,1361
536,169,357
537,169,356
538,169,356
539,169,397
540,169,412
541,169,412
542,169,410
543,169,305
544,169,282
545,169,116
546,169,133
547,169,93
548,169,94
549,169,170
550,169,146
551,169,104
552,169,104
553,169,104
554,169,104
555,169,104
556,169,93
557,169,97
558,169,98
559,169,88
560,169,78
561,169,75
562,169,231
563,169,365
564,169,365
565,169,200
566,169,63
567,169,64
568,169,65
569,169,67
570,169,93
571,169,220
572,169,273
573,169,268
490,170,63
491,170,74
492,170,105
493,170,76
494,170,64
495,170,107
496,170,111
497,170,173
498,170,185
499,170,185
500,170,185
501,170,164
502,170,157
503,170,247
504,170,413
505,170,284
506,170,106
507,170,99
508,170,122
509,170,199
510,170,276
511,170,196
512,170,305
513,170,405
514,170,405
515,170,469
516,170,557
517,170,594
518,170,825
519,170,960
520,170,960
521,170,827
522,170,530
523,170,530
524,170,530
525,170,513
526,170,496
527,170,494
528,170,487
529,170,446
530,170,589
531,170,991
532,170,1278
533,170,3501
534,170,1744
535,170,1078
536,170,356
537,170,435
538,170,984
539,170,724
540,170,412
541,170,412
542,170,380
543,170,287
544,170,287
545,170,273
546,170,238
547,170,166
548,170,98
549,170,208
550,170,222
551,170,130
552,170,118
553,170,106
554,170,104
555,170,104
556,170,105
557,170,105
558,170,105
559,170,81
560,170,75
561,170,75
562,170,277
563,170,365
564,170,356
565,170,105
566,170,66
567,170,70
568,170,70
569,170,70
570,170,76
571,170,133
572,170,180
573,170,186
490,171,63
491,171,63
492,171,66
493,171,63
494,171,63
495,171,108
496,171,111
497,171,158
498,171,185
499,171,185
500,171,185
501,171,181
502,171,161
503,171,333
504,171,352
505,171,338
506,171,139
507,171,133
508,171,156
509,171,228
510,171,177
511,171,138
512,171,275
513,171,408
514,171,478
515,171,623
516,171,498
517,171,163
518,171,84
519,171,266
520,171,545
521,171,799
522,171,530
523,171,530
524,171,530
525,171,530
526,171,729
527,171,770
528,171,759
529,171,722
530,171,696
531,171,7383
532,171,10577
533,171,6649
534,171,1076
535,171,1167
536,171,1007
537,171,1095
538,171,1255
539,171,1184
540,171,664
541,171,625
542,171,188
543,171,253
544,171,285
545,171,278
546,171,276
547,171,221
548,171,98
549,171,188
550,171,313
551,171,159
552,171,158
553,171,150
554,171,113
555,171,104
556,171,104
557,171,105
558,171,106
559,171,89
560,171,75
561,171,75
562,171,323
563,171,416
564,171,1385
565,171,604
566,171,42
567,171,47
568,171,68
569,171,70
570,171,71
571,171,75
572,171,87
573,171,131
490,172,63
491,172,63
492,172,63
493,172,191
494,172,165
495,172,107
496,172,111
497,172,113
498,172,154
499,172,185
500,172,143
501,172,106
502,172,175
503,172,409
504,172,122
505,172,153
506,172,139
507,172,134
508,172,176
509,172,236
510,172,194
511,172,152
512,172,142
513,172,448
514,172,850
515,172,947
516,172,148
517,172,145
518,172,155
519,172,105
520,172,79
521,172,580
522,172,761
523,172,764
524,172,901
525,172,729
526,172,1650
527,172,1639
528,172,1461
529,172,1482
530,172,1461
531,172,9433
532,172,9420
533,172,5500
534,172,3521
535,172,1255
536,172,1255
537,172,1255
538,172,1255
539,172,1254
540,172,1129
541,172,415
542,172,170
543,172,232
544,172,258
545,172,274
546,172,275
547,172,244
548,172,170
549,172,150
550,172,349
551,172,380
552,172,305
553,172,269
554,172,187
555,172,160
556,172,107
557,172,104
558,172,110
559,172,146
560,172,138
561,172,168
562,172,355
563,172,434
564,172,2639
565,172,1801
566,172,37
567,172,36
568,172,42
569,172,70
570,172,71
571,172,75
572,172,75
573,172,66
490,173,63
491,173,63
492,173,63
493,173,456
494,173,687
495,173,332
496,173,189
497,173,111
498,173,111
499,173,120
500,173,92
501,173,92
502,173,295
503,173,372
504,173,123
505,173,118
506,173,118
507,173,135
508,173,157
509,173,224
510,173,236
511,173,218
512,173,601
513,173,953
514,173,975
515,173,970
516,173,859
517,173,544
518,173,725
519,173,362
520,173,462
521,173,672
522,173,877
523,173,1346
524,173,1675
525,173,1675
526,173,1675
527,173,3023
528,173,1533
529,173,4410
530,173,4365
531,173,8367
532,173,3964
533,173,5500
534,173,4280
535,173,1257
536,173,1255
537,173,1255
538,173,1255
539,173,1187
540,173,944
541,173,190
542,173,231
543,173,232
544,173,239
545,173,278
546,173,282
547,173,282
548,173,282
549,173,282
550,173,296
551,173,412
552,173,422
553,173,422
554,173,418
555,173,389
556,173,210
557,173,105
558,173,185
559,173,271
560,173,271
561,173,308
562,173,365
563,173,1121
564,173,2717
565,173,2880
566,173,123
567,173,36
568,173,37
569,173,69
570,173,73
571,173,75
572,173,75
573,173,45
490,174,63
491,174,74
492,174,109
493,174,479
494,174,747
495,174,688
496,174,602
497,174,137
498,174,111
499,174,106
500,174,92
501,174,114
502,174,197
503,174,135
504,174,118
505,174,118
506,174,118
507,174,124
508,174,136
509,174,163
510,174,196
511,174,449
512,174,732
513,174,833
514,174,835
515,174,741
516,174,814
517,174,1514
518,174,2283
519,174,509
520,174,509
521,174,841
522,174,877
523,174,934
524,174,1593
525,174,1675
526,174,2333
527,174,4354
528,174,4163
529,174,5025
530,174,9589
531,174,10696
532,174,7439
533,174,5500
534,174,5482
535,174,4928
536,174,1480
537,174,1255
538,174,1250
539,174,1133
540,174,594
541,174,232
542,174,232
543,174,232
544,174,232
545,174,275
546,174,282
547,174,282
548,174,282
549,174,282
550,174,289
551,174,310
552,174,380
553,174,421
554,174,422
555,174,242
556,174,106
557,174,106
558,174,185
559,174,271
560,174,271
561,174,339
562,174,342
563,174,789
564,174,2036
565,174,2574
566,174,865
567,174,35
568,174,44
569,174,70
570,174,74
571,174,75
572,174,66
573,174,43
490,175,125
491,175,131
492,175,133
493,175,456
494,175,800
495,175,747
496,175,699
497,175,676
498,175,325
499,175,129
500,175,127
501,175,155
502,175,145
503,175,118
504,175,117
505,175,118
506,175,119
507,175,119
508,175,119
509,175,149
510,175,200
511,175,464
512,175,534
513,175,612
514,175,639
515,175,707
516,175,1165
517,175,2445
518,175,2208
519,175,509
520,175,510
521,175,796
522,175,829
523,175,915
524,175,2020
525,175,2391
526,175,4005
527,175,4404
528,175,4721
529,175,5060
530,175,10297
531,175,10696
532,175,9034
533,175,5500
534,175,5500
535,175,5601
536,175,4678
537,175,2057
538,175,1186
539,175,890
540,175,454
541,175,265
542,175,236
543,175,232
544,175,239
545,175,277
546,175,267
547,175,270
548,175,282
549,175,293
550,175,318
551,175,318
552,175,318
553,175,396
554,175,422
555,175,198
556,175,106
557,175,104
558,175,173
559,175,267
560,175,302
561,175,345
562,175,88
563,175,49
564,175,47
565,175,54
566,175,51
567,175,29
568,175,33
569,175,56
570,175,74
571,175,57
572,175,42
573,175,42
490,176,133
491,176,133
492,176,133
493,176,477
494,176,800
495,176,800
496,176,720
497,176,671
498,176,531
499,176,148
500,176,139
501,176,156
502,176,150
503,176,117
504,176,116
505,176,119
506,176,119
507,176,119
508,176,143
509,176,159
510,176,353
511,176,474
512,176,474
513,176,474
514,176,474
515,176,645
516,176,735
517,176,1890
518,176,1915
519,176,651
520,176,1442
521,176,762
522,176,697
523,176,1848
524,176,2905
525,176,2905
526,176,4112
527,176,4404
528,176,4418
529,176,5222
530,176,10409
531,176,9419
532,176,7478
533,176,5500
534,176,5500
535,176,6167
536,176,6594
537,176,5455
538,176,2324
539,176,2281
540,176,1125
541,176,483
542,176,804
543,176,1096
544,176,952
545,176,423
546,176,230
547,176,250
548,176,275
549,176,276
550,176,310
551,176,317
552,176,318
553,176,361
554,176,422
555,176,266
556,176,92
557,176,78
558,176,75
559,176,144
560,176,285
561,176,379
562,176,142
563,176,50
564,176,46
565,176,53
566,176,50
567,176,29
568,176,29
569,176,29
570,176,56
571,176,42
572,176,42
573,176,42
490,177,133
491,177,133
492,177,93
493,177,39
494,177,438
495,177,952
496,177,1044
497,177,582
498,177,182
499,177,148
500,177,129
501,177,151
502,177,108
503,177,97
504,177,97
505,177,119
506,177,119
507,177,126
508,177,182
509,177,164
510,177,216
511,177,473
512,177,474
513,177,474
514,177,495
515,177,662
516,177,793
517,177,1399
518,177,993
519,177,1563
520,177,2126
521,177,1147
522,177,680
523,177,2332
524,177,2905
525,177,4308
526,177,16993
527,177,11516
528,177,6966
529,177,7008
530,177,10640
531,177,12951
532,177,11636
533,177,5692
534,177,5500
535,177,6242
536,177,6746
537,177,7618
538,177,4727
539,177,4727
540,177,4210
541,177,1204
542,177,2243
543,177,2778
544,177,1099
545,177,1058
546,177,904
547,177,389
548,177,251
549,177,251
550,177,251
551,177,260
552,177,285
553,177,333
554,177,401
555,177,183
556,177,75
557,177,75
558,177,75
559,177,67
560,177,407
561,177,441
562,177,218
563,177,51
564,177,46
565,177,52
566,177,53
567,177,29
568,177,29
569,177,29
570,177,38
571,177,42
572,177,42
573,177,42
490,178,133
491,178,111
492,178,51
493,178,41
494,178,165
495,178,1132
496,178,935
497,178,507
498,178,278
499,178,220
500,178,122
501,178,125
502,178,92
503,178,79
504,178,93
505,178,243
506,178,231
507,178,201
508,178,186
509,178,176
510,178,165
511,178,361
512,178,327
513,178,304
514,178,482
515,178,598
516,178,1357
517,178,1083
518,178,988
519,178,1348
520,178,1621
521,178,2051
522,178,3108
523,178,3620
524,178,3778
525,178,8998
526,178,10683
527,178,18843
528,178,17825
529,178,14057
530,178,10856
531,178,16633
532,178,23612
533,178,25239
534,178,16439
535,178,6415
536,178,7088
537,178,7628
538,178,6015
539,178,4727
540,178,3588
541,178,1254
542,178,3956
543,178,4132
544,178,1099
545,178,1099
546,178,1099
547,178,544
548,178,251
549,178,251
550,178,251
551,178,196
552,178,124
553,178,180
554,178,118
555,178,75
556,178,75
557,178,75
558,178,75
559,178,73
560,178,431
561,178,441
562,178,181
563,178,53
564,178,46
565,178,52
566,178,52
567,178,29
568,178,29
569,178,29
570,178,34
571,178,42
572,178,42
573,178,42
490,179,126
491,179,89
492,179,48
493,179,63
494,179,85
495,179,398
496,179,462
497,179,514
498,179,525
499,179,220
500,179,123
501,179,123
502,179,97
503,179,79
504,179,79
505,179,264
506,179,322
507,179,388
508,179,186
509,179,262
510,179,275
511,179,213
512,179,420
513,179,420
514,179,203
515,179,503
516,179,904
517,179,988
518,179,988
519,179,911
520,179,799
521,179,2321
522,179,3731
523,179,3789
524,179,8549
525,179,9677
526,179,10552
527,179,13656
528,179,17295
529,179,12356
530,179,10872
531,179,43107
532,179,38849
533,179,24919
534,179,18971
535,179,6406
536,179,6408
537,179,6442
538,179,5877
539,179,4670
540,179,3125
541,179,2820
542,179,4736
543,179,4641
544,179,1574
545,179,1099
546,179,1099
547,179,499
548,179,251
549,179,251
550,179,251
551,179,94
552,179,27
553,179,36
554,179,67
555,179,69
556,179,69
557,179,73
558,179,75
559,179,61
560,179,78
561,179,362
562,179,104
563,179,80
564,179,64
565,179,50
566,179,41
567,179,26
568,179,26
569,179,27
570,179,28
571,179,42
572,179,42
573,179,42
490,180,109
491,180,79
492,180,81
493,180,90
494,180,90
495,180,123
496,180,171
497,180,218
498,180,524
499,180,185
500,180,123
501,180,113
502,180,85
503,180,79
504,180,82
505,180,443
506,180,472
507,180,484
508,180,270
509,180,304
510,180,304
511,180,274
512,180,203
513,180,420
514,180,292
515,180,639
516,180,977
517,180,988
518,180,988
519,180,812
520,180,798
521,180,1528
522,180,3741
523,180,4370
524,180,9500
525,180,11285
526,180,13652
527,180,16684
528,180,17722
529,180,39986
530,180,21960
531,180,25650
532,180,23543
533,180,20612
534,180,36735
535,180,18506
536,180,12250
537,180,7380
538,180,6374
539,180,4055
540,180,2723
541,180,2723
542,180,2105
543,180,2035
544,180,4111
545,180,1100
546,180,1099
547,180,481
548,180,251
549,180,251
550,180,222
551,180,78
552,180,65
553,180,27
554,180,33
555,180,62
556,180,69
557,180,69
558,180,68
559,180,50
560,180,47
561,180,113
562,180,106
563,180,91
564,180,91
565,180,47
566,180,25
567,180,25
568,180,25
569,180,32
570,180,39
571,180,40
572,180,41
573,180,39
490,181,113
491,181,90
492,181,76
493,181,90
494,181,90
495,181,117
496,181,138
497,181,131
498,181,169
499,181,80
500,181,122
501,181,109
502,181,79
503,181,79
504,181,147
505,181,429
506,181,481
507,181,484
508,181,340
509,181,304
510,181,304
511,181,304
512,181,248
513,181,162
514,181,327
515,181,706
516,181,988
517,181,988
518,181,988
519,181,822
520,181,798
521,181,2255
522,181,3741
523,181,7872
524,181,10062
525,181,13367
526,181,14065
527,181,23442
528,181,25415
529,181,31601
530,181,27437
531,181,46100
532,181,39873
533,181,50837
534,181,39837
535,181,17151
536,181,19412
537,181,12530
538,181,9693
539,181,3264
540,181,2723
541,181,2630
542,181,668
543,181,620
544,181,3030
545,181,2552
546,181,549
547,181,347
548,181,178
549,181,115
550,181,90
551,181,77
552,181,73
553,181,50
554,181,42
555,181,64
556,181,69
557,181,70
558,181,79
559,181,66
560,181,83
561,181,59
562,181,91
563,181,91
564,181,91
565,181,79
566,181,36
567,181,27
568,181,30
569,181,40
570,181,40
571,181,40
572,181,37
573,181,28
490,182,127
491,182,60
492,182,74
493,182,85
494,182,90
495,182,114
496,182,135
497,182,121
498,182,103
499,182,290
500,182,112
501,182,109
502,182,79
503,182,79
504,182,175
505,182,437
506,182,479
507,182,484
508,182,328
509,182,304
510,182,281
511,182,240
512,182,165
513,182,82
514,182,129
515,182,425
516,182,629
517,182,818
518,182,806
519,182,608
520,182,770
521,182,1595
522,182,3316
523,182,6716
524,182,16078
525,182,11996
526,182,22234
527,182,26335
528,182,23396
529,182,17370
530,182,24129
531,182,44663
532,182,52734
533,182,42783
534,182,32122
535,182,21465
536,182,14799
537,182,11140
538,182,4728
539,182,2723
540,182,2723
541,182,2029
542,182,443
543,182,389
544,182,239
545,182,312
546,182,239
547,182,239
548,182,134
549,182,105
550,182,92
551,182,88
552,182,76
553,182,73
554,182,73
555,182,72
556,182,80
557,182,75
558,182,93
559,182,93
560,182,93
561,182,89
562,182,91
563,182,91
564,182,91
565,182,61
566,182,50
567,182,49
568,182,41
569,182,40
570,182,35
571,182,25
572,182,22
573,182,27
490,183,158
491,183,69
492,183,81
493,183,77
494,183,90
495,183,108
496,183,137
497,183,121
498,183,112
499,183,290
500,183,169
501,183,103
502,183,79
503,183,79
504,183,245
505,183,554
506,183,484
507,183,484
508,183,410
509,183,214
510,183,67
511,183,64
512,183,64
513,183,64
514,183,62
515,183,62
516,183,17
517,183,88
518,183,196
519,183,118
520,183,607
521,183,631
522,183,613
523,183,613
524,183,1383
525,183,5310
526,183,19660
527,183,20423
528,183,18683
529,183,17571
530,183,19560
531,183,17024
532,183,27458
533,183,39814
534,183,29772
535,183,25911
536,183,12694
537,183,5931
538,183,2735
539,183,2723
540,183,2723
541,183,1440
542,183,443
543,183,391
544,183,239
545,183,239
546,183,239
547,183,239
548,183,139
549,183,105
550,183,97
551,183,90
552,183,89
553,183,78
554,183,73
555,183,73
556,183,88
557,183,61
558,183,79
559,183,93
560,183,93
561,183,92
562,183,91
563,183,91
564,183,90
565,183,51
566,183,50
567,183,50
568,183,41
569,183,36
570,183,22
571,183,25
572,183,33
573,183,27
490,184,168
491,184,89
492,184,86
493,184,74
494,184,87
495,184,102
496,184,141
497,184,121
498,184,121
499,184,203
500,184,183
501,184,100
502,184,79
503,184,78
504,184,127
505,184,1232
506,184,484
507,184,484
508,184,301
509,184,67
510,184,55
511,184,59
512,184,64
513,184,64
514,184,62
515,184,62
516,184,60
517,184,129
518,184,168
519,184,209
520,184,609
521,184,613
522,184,613
523,184,613
524,184,1117
525,184,2408
526,184,2461
527,184,4191
528,184,17293
529,184,17338
530,184,11740
531,184,11611
532,184,11120
533,184,8015
534,184,7364
535,184,6764
536,184,6953
537,184,5317
538,184,2669
539,184,2723
540,184,2723
541,184,662
542,184,307
543,184,244
544,184,239
545,184,239
546,184,239
547,184,231
548,184,115
549,184,105
550,184,104
551,184,92
552,184,90
553,184,85
554,184,73
555,184,77
556,184,89
557,184,53
558,184,51
559,184,69
560,184,85
561,184,82
562,184,42
563,184,73
564,184,89
565,184,69
566,184,50
567,184,50
568,184,45
569,184,31
570,184,22
571,184,35
572,184,37
573,184,32
490,185,139
491,185,80
492,185,77
493,185,75
494,185,73
495,185,96
496,185,139
497,185,121
498,185,111
499,185,72
500,185,60
501,185,106
502,185,75
503,185,73
504,185,72
505,185,362
506,185,433
507,185,234
508,185,111
509,185,59
510,185,53
511,185,53
512,185,96
513,185,123
514,185,67
515,185,114
516,185,157
517,185,168
518,185,168
519,185,168
520,185,542
521,185,613
522,185,613
523,185,579
524,185,1561
525,185,2461
526,185,2461
527,185,5899
528,185,17571
529,185,13946
530,185,11611
531,185,11611
532,185,10091
533,185,7553
534,185,6764
535,185,6764
536,185,6764
537,185,4287
538,185,1843
539,185,2170
540,185,2560
541,185,938
542,185,170
543,185,190
544,185,239
545,185,239
546,185,239
547,185,200
548,185,105
549,185,105
550,185,105
551,185,100
552,185,90
553,185,90
554,185,89
555,185,92
556,185,81
557,185,46
558,185,48
559,185,64
560,185,64
561,185,50
562,185,37
563,185,39
564,185,49
565,185,63
566,185,49
567,185,43
568,185,40
569,185,25
570,185,30
571,185,37
572,185,35
573,185,28
490,186,93
491,186,73
492,186,51
493,186,85
494,186,82
495,186,90
496,186,70
497,186,62
498,186,41
499,186,47
500,186,48
501,186,105
502,186,72
503,186,72
504,186,73
505,186,260
506,186,109
507,186,67
508,186,60
509,186,55
510,186,53
511,186,53
512,186,142
513,186,164
514,186,146
515,186,168
516,186,168
517,186,168
518,186,168
519,186,136
520,186,290
521,186,603
522,186,595
523,186,255
524,186,171
525,186,1588
526,186,3101
527,186,13709
528,186,17436
529,186,11637
530,186,11611
531,186,11058
532,186,7660
533,186,5625
534,186,6764
535,186,5754
536,186,3861
537,186,1248
538,186,1021
539,186,1007
540,186,687
541,186,540
542,186,186
543,186,237
544,186,239
545,186,239
546,186,239
547,186,168
548,186,105
549,186,108
550,186,105
551,186,99
552,186,90
553,186,90
554,186,90
555,186,91
556,186,76
557,186,45
558,186,55
559,186,89
560,186,89
561,186,57
562,186,29
563,186,36
564,186,39
565,186,29
566,186,35
567,186,41
568,186,41
569,186,33
570,186,35
571,186,27
572,186,28
573,186,32
490,187,169
491,187,145
492,187,75
493,187,82
494,187,90
495,187,90
496,187,41
497,187,33
498,187,102
499,187,47
500,187,59
501,187,86
502,187,72
503,187,72
504,187,74
505,187,82
506,187,82
507,187,69
508,187,53
509,187,53
510,187,53
511,187,64
512,187,109
513,187,138
514,187,168
515,187,168
516,187,168
517,187,168
518,187,168
519,187,131
520,187,91
521,187,244
522,187,276
523,187,169
524,187,169
525,187,246
526,187,3159
527,187,10058
528,187,7874
529,187,7894
530,187,8635
531,187,2433
532,187,4524
533,187,6142
534,187,6037
535,187,1106
536,187,811
537,187,894
538,187,1017
539,187,1021
540,187,699
541,187,611
542,187,288
543,187,239
544,187,239
545,187,239
546,187,239
547,187,180
548,187,116
549,187,210
550,187,202
551,187,132
552,187,90
553,187,90
554,187,90
555,187,90
556,187,85
557,187,45
558,187,69
559,187,89
560,187,86
561,187,53
562,187,19
563,187,48
564,187,28
565,187,19
566,187,36
567,187,41
568,187,30
569,187,26
570,187,31
571,187,26
572,187,28
573,187,33
490,188,169
491,188,169
492,188,157
493,188,108
494,188,92
495,188,92
496,188,59
497,188,31
498,188,247
499,188,104
500,188,75
501,188,79
502,188,73
503,188,72
504,188,77
505,188,82
506,188,82
507,188,65
508,188,53
509,188,53
510,188,53
511,188,81
512,188,109
513,188,112
514,188,144
515,188,167
516,188,168
517,188,168
518,188,168
519,188,105
520,188,91
521,188,156
522,188,169
523,188,169
524,188,169
525,188,282
526,188,532
527,188,1244
528,188,1441
529,188,1441
530,188,1441
531,188,1370
532,188,1180
533,188,1498
534,188,1314
535,188,565
536,188,565
537,188,670
538,188,819
539,188,939
540,188,654
541,188,415
542,188,239
543,188,239
544,188,239
545,188,239
546,188,239
547,188,206
548,188,151
549,188,236
550,188,236
551,188,217
552,188,176
553,188,95
554,188,90
555,188,90
556,188,92
557,188,50
558,188,77
559,188,89
560,188,80
561,188,42
562,188,16
563,188,62
564,188,36
565,188,19
566,188,24
567,188,35
568,188,22
569,188,14
570,188,27
571,188,23
572,188,27
573,188,33
490,189,171
491,189,169
492,189,145
493,189,92
494,189,92
495,189,92
496,189,86
497,189,60
498,189,71
499,189,77
500,189,77
501,189,79
502,189,74
503,189,72
504,189,80
505,189,82
506,189,82
507,189,58
508,189,53
509,189,53
510,189,54
511,189,99
512,189,109
513,189,109
514,189,118
515,189,166
516,189,168
517,189,172
518,189,158
519,189,91
520,189,105
521,189,165
522,189,169
523,189,181
524,189,383
525,189,471
526,189,487
527,189,948
528,189,1453
529,189,2064
530,189,1379
531,189,1298
532,189,1167
533,189,1167
534,189,1115
535,189,578
536,189,565
537,189,565
538,189,569
539,189,666
540,189,632
541,189,362
542,189,239
543,189,239
544,189,239
545,189,239
546,189,239
547,189,222
548,189,162
549,189,236
550,189,236
551,189,236
552,189,236
553,189,150
554,189,90
555,189,91
556,189,92
557,189,54
558,189,79
559,189,85
560,189,73
561,189,33
562,189,13
563,189,72
564,189,38
565,189,18
566,189,21
567,189,37
568,189,36
569,189,38
570,189,33
571,189,23
572,189,35
573,189,34
490,190,259
491,190,164
492,190,140
493,190,92
494,190,92
495,190,92
496,190,82
497,190,77
498,190,77
499,190,77
500,190,77
501,190,77
502,190,97
503,190,115
504,190,83
505,190,82
506,190,82
507,190,59
508,190,53
509,190,53
510,190,71
511,190,109
512,190,109
513,190,115
514,190,161
515,190,168
516,190,173
517,190,202
518,190,149
519,190,113
520,190,158
521,190,169
522,190,169
523,190,170
524,190,468
525,190,487
526,190,487
527,190,960
528,190,5056
529,190,1385
530,190,1167
531,190,1167
532,190,1167
533,190,1167
534,190,1167
535,190,805
536,190,565
537,190,565
538,190,565
539,190,537
540,190,475
541,190,467
542,190,293
543,190,239
544,190,239
545,190,239
546,190,239
547,190,155
548,190,134
549,190,236
550,190,236
551,190,236
552,190,236
553,190,174
554,190,95
555,190,91
556,190,92
557,190,81
558,190,87
559,190,78
560,190,66
561,190,25
562,190,27
563,190,78
564,190,30
565,190,21
566,190,24
567,190,77
568,190,52
569,190,44
570,190,35
571,190,23
572,190,42
573,190,43
490,191,295
491,191,145
492,191,75
493,191,90
494,191,92
495,191,91
496,191,43
497,191,75
498,191,80
499,191,78
500,191,77
501,191,77
502,191,116
503,191,120
504,191,82
505,191,82
506,191,95
507,191,82
508,191,63
509,191,62
510,191,117
511,191,115
512,191,109
513,191,124
514,191,168
515,191,168
516,191,201
517,191,176
518,191,122
519,191,131
520,191,169
521,191,169
522,191,169
523,191,169
524,191,264
525,191,478
526,191,486
527,191,604
528,191,690
529,191,1044
530,191,915
531,191,987
532,191,965
533,191,960
534,191,1015
535,191,836
536,191,414
537,191,478
538,191,563
539,191,542
540,191,467
541,191,467
542,191,404
543,191,205
544,191,207
545,191,229
546,191,188
547,191,105
548,191,103
549,191,132
550,191,211
551,191,207
552,191,236
553,191,236
554,191,223
555,191,137
556,191,133
557,191,167
558,191,160
559,191,81
560,191,55
561,191,29
562,191,57
563,191,78
564,191,63
565,191,25
566,191,29
567,191,114
568,191,124
569,191,132
570,191,82
571,191,30
572,191,41
573,191,44
490,192,267
491,192,79
492,192,74
493,192,74
494,192,90
495,192,92
496,192,43
497,192,48
498,192,80
499,192,79
500,192,77
501,192,85
502,192,124
503,192,118
504,192,84
505,192,107
506,192,124
507,192,124
508,192,124
509,192,149
510,192,215
511,192,210
512,192,172
513,192,153
514,192,168
515,192,173
516,192,206
517,192,137
518,192,110
519,192,102
520,192,167
521,192,169
522,192,169
523,192,169
524,192,167
525,192,356
526,192,477
527,192,469
528,192,448
529,192,473
530,192,472
531,192,472
532,192,472
533,192,472
534,192,472
535,192,424
536,192,101
537,192,73
538,192,257
539,192,543
540,192,472
541,192,374
542,192,215
543,192,156
544,192,156
545,192,157
546,192,139
547,192,105
548,192,90
549,192,50
550,192,64
551,192,64
552,192,164
553,192,236
554,192,236
555,192,236
556,192,208
557,192,198
558,192,210
559,192,112
560,192,90
561,192,72
562,192,72
563,192,73
564,192,60
565,192,25
566,192,73
567,192,101
568,192,147
569,192,147
570,192,82
571,192,40
572,192,40
573,192,40
490,193,246
491,193,74
492,193,74
493,193,74
494,193,81
495,193,60
496,193,37
497,193,53
498,193,80
499,193,78
500,193,77
501,193,97
502,193,124
503,193,122
504,193,116
505,193,124
506,193,124
507,193,124
508,193,125
509,193,203
510,193,215
511,193,215
512,193,217
513,193,257
514,193,223
515,193,187
516,193,176
517,193,117
518,193,98
519,193,98
520,193,147
521,193,169
522,193,144
523,193,109
524,193,114
525,193,155
526,193,472
527,193,420
528,193,261
529,193,397
530,193,472
531,193,472
532,193,472
533,193,472
534,193,472
535,193,472
536,193,320
537,193,73
538,193,73
539,193,236
540,193,392
541,193,166
542,193,156
543,193,156
544,193,156
545,193,156
546,193,156
547,193,108
548,193,71
549,193,50
550,193,50
551,193,50
552,193,61
553,193,231
554,193,236
555,193,221
556,193,199
557,193,198
558,193,561
559,193,540
560,193,107
561,193,69
562,193,68
563,193,65
564,193,56
565,193,92
566,193,112
567,193,134
568,193,147
569,193,134
570,193,41
571,193,40
572,193,39
573,193,32
490,194,164
491,194,74
492,194,74
493,194,60
494,194,23
495,194,47
496,194,27
497,194,114
498,194,80
499,194,80
500,194,77
501,194,105
502,194,124
503,194,124
504,194,124
505,194,124
506,194,124
507,194,155
508,194,184
509,194,215
510,194,215
511,194,215
512,194,250
513,194,268
514,194,268
515,194,215
516,194,131
517,194,110
518,194,98
519,194,98
520,194,133
521,194,169
522,194,293
523,194,155
524,194,102
525,194,213
526,194,442
527,194,310
528,194,269
529,194,416
530,194,472
531,194,472
532,194,472
533,194,472
534,194,472
535,194,472
536,194,193
537,194,73
538,194,73
539,194,74
540,194,140
541,194,138
542,194,129
543,194,152
544,194,156
545,194,156
546,194,139
547,194,80
548,194,74
549,194,51
550,194,51
551,194,51
552,194,54
553,194,135
554,194,233
555,194,202
556,194,198
557,194,198
558,194,414
559,194,335
560,194,110
561,194,67
562,194,59
563,194,59
564,194,59
565,194,103
566,194,90
567,194,135
568,194,147
569,194,96
570,194,41
571,194,40
572,194,37
573,194,30
490,195,81
491,195,74
492,195,79
493,195,83
494,195,26
495,195,31
496,195,90
497,195,133
498,195,91
499,195,80
500,195,79
501,195,88
502,195,123
503,195,124
504,195,124
505,195,124
506,195,124
507,195,124
508,195,165
509,195,215
510,195,215
511,195,218
512,195,268
513,195,268
514,195,265
515,195,96
516,195,70
517,195,81
518,195,82
519,195,85
520,195,83
521,195,99
522,195,397
523,195,487
524,195,449
525,195,471
526,195,275
527,195,256
528,195,358
529,195,465
530,195,454
531,195,355
532,195,416
533,195,380
534,195,352
535,195,315
536,195,118
537,195,74
538,195,73
539,195,77
540,195,88
541,195,110
542,195,110
543,195,121
544,195,138
545,195,155
546,195,110
547,195,80
548,195,78
549,195,52
550,195,51
551,195,51
552,195,52
553,195,52
554,195,120
555,195,198
556,195,198
557,195,198
558,195,194
559,195,117
560,195,111
561,195,98
562,195,56
563,195,54
564,195,52
565,195,50
566,195,54
567,195,64
568,195,123
569,195,63
570,195,40
571,195,39
572,195,30
573,195,31
490,196,81
491,196,77
492,196,99
493,196,133
494,196,109
495,196,107
496,196,133
497,196,133
498,196,121
499,196,81
500,196,80
501,196,76
502,196,96
503,196,124
504,196,124
505,196,124
506,196,138
507,196,153
508,196,172
509,196,215
510,196,215
511,196,228
512,196,268
513,196,268
514,196,192
515,196,68
516,196,68
517,196,69
518,196,74
519,196,79
520,196,80
521,196,74
522,196,56
523,196,281
524,196,379
525,196,446
526,196,334
527,196,295
528,196,409
529,196,397
530,196,293
531,196,259
532,196,259
533,196,259
534,196,259
535,196,259
536,196,259
537,196,162
538,196,110
539,196,111
540,196,91
541,196,110
542,196,110
543,196,110
544,196,110
545,196,114
546,196,80
547,196,80
548,196,80
549,196,59
550,196,51
551,196,52
552,196,52
553,196,52
554,196,52
555,196,98
556,196,163
557,196,198
558,196,132
559,196,111
560,196,109
561,196,94
562,196,50
563,196,50
564,196,50
565,196,50
566,196,54
567,196,55
568,196,56
569,196,47
570,196,40
571,196,35
572,196,30
573,196,31
490,197,89
491,197,89
492,197,106
493,197,133
494,197,133
495,197,133
496,197,133
497,197,133
498,197,133
499,197,89
500,197,73
501,197,71
502,197,78
503,197,120
504,197,124
505,197,125
506,197,200
507,197,215
508,197,215
509,197,215
510,197,215
511,197,226
512,197,268
513,197,176
514,197,68
515,197,68
516,197,68
517,197,68
518,197,68
519,197,57
520,197,78
521,197,62
522,197,74
523,197,130
524,197,222
525,197,335
526,197,290
527,197,261
528,197,275
529,197,305
530,197,259
531,197,259
532,197,259
533,197,259
534,197,259
535,197,259
536,197,259
537,197,164
538,197,111
539,197,111
540,197,110
541,197,108
542,197,110
543,197,110
544,197,110
545,197,87
546,197,78
547,197,89
548,197,79
549,197,60
550,197,47
551,197,47
552,197,52
553,197,52
554,197,52
555,197,52
556,197,67
557,197,102
558,197,50
559,197,50
560,197,79
561,197,104
562,197,52
563,197,50
564,197,50
565,197,50
566,197,57
567,197,62
568,197,62
569,197,63
570,197,41
571,197,35
572,197,31
573,197,31
490,198,89
491,198,89
492,198,92
493,198,125
494,198,133
495,198,133
496,198,133
497,198,133
498,198,133
499,198,96
500,198,80
501,198,72
502,198,71
503,198,93
504,198,120
505,198,170
506,198,215
507,198,211
508,198,215
509,198,215
510,198,215
511,198,216
512,198,194
513,198,68
514,198,68
515,198,68
516,198,68
517,198,68
518,198,67
519,198,49
520,198,77
521,198,39
522,198,100
523,198,130
524,198,130
525,198,163
526,198,238
527,198,259
528,198,259
529,198,259
530,198,259
531,198,259
532,198,259
533,198,259
534,198,259
535,198,259
536,198,259
537,198,139
538,198,111
539,198,111
540,198,111
541,198,111
542,198,110
543,198,108
544,198,89
545,198,78
546,198,86
547,198,101
548,198,30
549,198,30
550,198,44
551,198,54
552,198,58
553,198,52
554,198,52
555,198,52
556,198,61
557,198,56
558,198,50
559,198,51
560,198,56
561,198,65
562,198,50
563,198,65
564,198,74
565,198,72
566,198,62
567,198,61
568,198,64
569,198,63
570,198,45
571,198,34
572,198,35
573,198,34
490,199,89
491,199,89
492,199,89
493,199,123
494,199,132
495,199,100
496,199,74
497,199,78
498,199,115
499,199,120
500,199,102
501,199,85
502,199,103
503,199,105
504,199,133
505,199,213
506,199,149
507,199,120
508,199,146
509,199,197
510,199,215
511,199,215
512,199,192
513,199,87
514,199,62
515,199,67
516,199,68
517,199,69
518,199,55
519,199,71
520,199,71
521,199,31
522,199,127
523,199,130
524,199,130
525,199,130
526,199,161
527,199,259
528,199,259
529,199,259
530,199,259
531,199,259
532,199,259
533,199,259
534,199,255
535,199,258
536,199,249
537,199,169
538,199,111
539,199,111
540,199,111
541,199,111
542,199,111
543,199,89
544,199,78
545,199,78
546,199,96
547,199,93
548,199,55
549,199,34
550,199,44
551,199,56
552,199,59
553,199,55
554,199,55
555,199,63
556,199,66
557,199,60
558,199,56
559,199,63
560,199,64
561,199,71
562,199,71
563,199,100
564,199,104
565,199,102
566,199,77
567,199,56
568,199,59
569,199,63
570,199,46
571,199,45
572,199,45
573,199,45
490,200,90
491,200,90
492,200,93
493,200,116
494,200,120
495,200,89
496,200,84
497,200,114
498,200,120
499,200,120
500,200,110
501,200,85
502,200,102
503,200,122
504,200,206
505,200,165
506,200,119
507,200,120
508,200,120
509,200,125
510,200,213
511,200,215
512,200,134
513,200,91
514,200,59
515,200,59
516,200,66
517,200,64
518,200,64
519,200,77
520,200,57
521,200,49
522,200,130
523,200,130
524,200,130
525,200,130
526,200,135
527,200,259
528,200,221
529,200,236
530,200,213
531,200,206
532,200,210
533,200,195
534,200,178
535,200,180
536,200,178
537,200,127
538,200,111
539,200,111
540,200,111
541,200,111
542,200,111
543,200,107
544,200,96
545,200,79
546,200,103
547,200,95
548,200,44
549,200,36
550,200,46
551,200,58
552,200,59
553,200,59
554,200,62
555,200,66
556,200,66
557,200,61
558,200,59
559,200,64
560,200,64
561,200,88
562,200,102
563,200,102
564,200,88
565,200,82
566,200,57
567,200,57
568,200,62
569,200,64
570,200,53
571,200,45
572,200,45
573,200,45
490,201,90
491,201,90
492,201,111
493,201,120
494,201,120
495,201,119
496,201,118
497,201,120
498,201,120
499,201,119
500,201,87
501,201,74
502,201,90
503,201,125
504,201,123
505,201,115
506,201,111
507,201,115
508,201,120
509,201,122
510,201,213
511,201,215
512,201,94
513,201,59
514,201,59
515,201,59
516,201,59
517,201,62
518,201,77
519,201,77
520,201,62
521,201,67
522,201,130
523,201,130
524,201,130
525,201,130
526,201,124
527,201,134
528,201,42
529,201,42
530,201,42
531,201,165
532,201,178
533,201,178
534,201,178
535,201,178
536,201,178
537,201,126
538,201,111
539,201,111
540,201,111
541,201,111
542,201,111
543,201,105
544,201,104
545,201,99
546,201,107
547,201,107
548,201,82
549,201,36
550,201,53
551,201,59
552,201,59
553,201,59
554,201,59
555,201,63
556,201,62
557,201,59
558,201,61
559,201,63
560,201,73
561,201,108
562,201,103
563,201,89
564,201,87
565,201,87
566,201,68
567,201,56
568,201,90
569,201,120
570,201,101
571,201,85
572,201,49
573,201,77
490,202,90
491,202,90
492,202,116
493,202,120
494,202,120
495,202,120
496,202,120
497,202,120
498,202,120
499,202,99
500,202,71
501,202,71
502,202,75
503,202,110
504,202,111
505,202,111
506,202,111
507,202,114
508,202,120
509,202,120
510,202,101
511,202,101
512,202,59
513,202,59
514,202,59
515,202,59
516,202,71
517,202,70
518,202,77
519,202,77
520,202,49
521,202,33
522,202,120
523,202,122
524,202,105
525,202,85
526,202,55
527,202,42
528,202,42
529,202,42
530,202,43
531,202,177
532,202,178
533,202,178
534,202,178
535,202,178
536,202,178
537,202,143
538,202,111
539,202,111
540,202,111
541,202,111
542,202,110
543,202,105
544,202,105
545,202,105
546,202,106
547,202,107
548,202,107
549,202,49
550,202,58
551,202,57
552,202,53
553,202,50
554,202,70
555,202,214
556,202,66
557,202,62
558,202,62
559,202,63
560,202,64
561,202,69
562,202,68
563,202,68
564,202,77
565,202,65
566,202,57
567,202,57
568,202,104
569,202,553
570,202,140
571,202,136
572,202,132
573,202,136
490,203,90
491,203,92
492,203,119
493,203,120
494,203,120
495,203,120
496,203,120
497,203,120
498,203,120
499,203,106
500,203,74
501,203,71
502,203,71
503,203,81
504,203,143
505,203,111
506,203,111
507,203,117
508,203,120
509,203,118
510,203,59
511,203,59
512,203,59
513,203,59
514,203,59
515,203,59
516,203,143
517,203,154
518,203,89
519,203,59
520,203,28
521,203,42
522,203,57
523,203,60
524,203,57
525,203,57
526,203,57
527,203,46
528,203,42
529,203,42
530,203,76
531,203,178
532,203,178
533,203,178
534,203,178
535,203,178
536,203,178
537,203,136
538,203,111
539,203,111
540,203,111
541,203,111
542,203,107
543,203,105
544,203,105
545,203,105
546,203,105
547,203,98
548,203,92
549,203,71
550,203,59
551,203,56
552,203,48
553,203,47
554,203,186
555,203,400
556,203,69
557,203,62
558,203,62
559,203,62
560,203,64
561,203,66
562,203,67
563,203,67
564,203,67
565,203,66
566,203,342
567,203,378
568,203,73
569,203,595
570,203,416
571,203,136
572,203,136
573,203,136
490,204,75
491,204,92
492,204,120
493,204,120
494,204,120
495,204,118
496,204,119
497,204,120
498,204,120
499,204,120
500,204,118
501,204,81
502,204,71
503,204,71
504,204,219
505,204,142
506,204,113
507,204,120
508,204,120
509,204,112
510,204,64
511,204,64
512,204,62
513,204,59
514,204,59
515,204,97
516,204,176
517,204,176
518,204,94
519,204,26
520,204,32
521,204,57
522,204,57
523,204,57
524,204,57
525,204,57
526,204,62
527,204,59
528,204,52
529,204,63
530,204,94
531,204,177
532,204,178
533,204,178
534,204,178
535,204,178
536,204,178
537,204,129
538,204,81
539,204,63
540,204,89
541,204,85
542,204,101
543,204,105
544,204,105
545,204,105
546,204,98
547,204,69
548,204,64
549,204,64
550,204,62
551,204,62
552,204,54
553,204,49
554,204,75
555,204,177
556,204,57
557,204,50
558,204,47
559,204,46
560,204,43
561,204,63
562,204,67
563,204,67
564,204,67
565,204,67
566,204,133
567,204,432
568,204,69
569,204,555
570,204,712
571,204,280
572,204,136
573,204,125
490,205,83
491,205,82
492,205,112
493,205,120
494,205,115
495,205,96
496,205,119
497,205,120
498,205,114
499,205,118
500,205,119
501,205,87
502,205,71
503,205,72
504,205,256
505,205,265
506,205,165
507,205,120
508,205,120
509,205,93
510,205,83
511,205,83
512,205,81
513,205,74
514,205,59
515,205,93
516,205,176
517,205,176
518,205,158
519,205,85
520,205,55
521,205,57
522,205,57
523,205,58
524,205,63
525,205,68
526,205,74
527,205,74
528,205,75
529,205,74
530,205,74
531,205,141
532,205,180
533,205,180
534,205,180
535,205,182
536,205,193
537,205,107
538,205,49
539,205,49
540,205,49
541,205,49
542,205,54
543,205,79
544,205,105
545,205,105
546,205,67
547,205,64
548,205,64
549,205,64
550,205,64
551,205,62
552,205,51
553,205,49
554,205,73
555,205,82
556,205,61
557,205,59
558,205,58
559,205,53
560,205,47
561,205,48
562,205,60
563,205,65
564,205,67
565,205,67
566,205,67
567,205,67
568,205,67
569,205,258
570,205,720
571,205,548
572,205,136
573,205,134
490,206,81
491,206,80
492,206,109
493,206,118
494,206,93
495,206,91
496,206,116
497,206,130
498,206,197
499,206,158
500,206,110
501,206,115
502,206,187
503,206,213
504,206,269
505,206,269
506,206,266
507,206,203
508,206,112
509,206,83
510,206,83
511,206,83
512,206,83
513,206,83
514,206,2325
515,206,344
516,206,176
517,206,176
518,206,176
519,206,176
520,206,176
521,206,102
522,206,61
523,206,67
524,206,74
525,206,74
526,206,74
527,206,73
528,206,74
529,206,73
530,206,58
531,206,102
532,206,233
533,206,232
534,206,223
535,206,231
536,206,248
537,206,168
538,206,55
539,206,49
540,206,49
541,206,50
542,206,57
543,206,53
544,206,62
545,206,78
546,206,43
547,206,55
548,206,64
549,206,91
550,206,60
551,206,63
552,206,60
553,206,66
554,206,87
555,206,74
556,206,58
557,206,58
558,206,55
559,206,61
560,206,47
561,206,61
562,206,46
563,206,46
564,206,63
565,206,67
566,206,67
567,206,67
568,206,67
569,206,132
570,206,704
571,206,409
572,206,192
573,206,192
490,207,81
491,207,101
492,207,98
493,207,147
494,207,136
495,207,100
496,207,108
497,207,124
498,207,215
499,207,207
500,207,113
501,207,110
502,207,245
503,207,269
504,207,269
505,207,269
506,207,269
507,207,269
508,207,217
509,207,83
510,207,83
511,207,83
512,207,83
513,207,83
514,207,1237
515,207,161
516,207,176
517,207,176
518,207,176
519,207,176
520,207,176
521,207,112
522,207,74
523,207,74
524,207,74
525,207,74
526,207,74
527,207,73
528,207,74
529,207,74
530,207,48
531,207,53
532,207,141
533,207,183
534,207,178
535,207,187
536,207,181
537,207,157
538,207,65
539,207,60
540,207,67
541,207,68
542,207,65
543,207,54
544,207,54
545,207,50
546,207,41
547,207,69
548,207,86
549,207,118
550,207,45
551,207,51
552,207,54
553,207,84
554,207,87
555,207,71
556,207,58
557,207,60
558,207,58
559,207,65
560,207,70
561,207,70
562,207,46
563,207,46
564,207,46
565,207,55
566,207,67
567,207,67
568,207,68
569,207,428
570,207,707
571,207,298
572,207,207
573,207,207
490,208,92
491,208,81
492,208,138
493,208,158
494,208,120
495,208,102
496,208,108
497,208,132
498,208,202
499,208,216
500,208,159
501,208,116
502,208,196
503,208,269
504,208,269
505,208,269
506,208,269
507,208,269
508,208,226
509,208,96
510,208,99
511,208,90
512,208,84
513,208,83
514,208,85
515,208,38
516,208,47
517,208,95
518,208,171
519,208,176
520,208,176
521,208,165
522,208,81
523,208,74
524,208,74
525,208,74
526,208,73
527,208,73
528,208,73
529,208,74
530,208,54
531,208,47
532,208,100
533,208,208
534,208,143
535,208,171
536,208,171
537,208,171
538,208,81
539,208,68
540,208,72
541,208,74
542,208,66
543,208,54
544,208,53
545,208,56
546,208,42
547,208,120
548,208,149
549,208,86
550,208,53
551,208,56
552,208,65
553,208,59
554,208,54
555,208,58
556,208,58
557,208,57
558,208,65
559,208,60
560,208,56
561,208,64
562,208,46
563,208,46
564,208,46
565,208,46
566,208,60
567,208,67
568,208,67
569,208,225
570,208,222
571,208,202
572,208,207
573,208,207
490,209,83
491,209,103
492,209,158
493,209,149
494,209,99
495,209,102
496,209,115
497,209,210
498,209,218
499,209,218
500,209,218
501,209,204
502,209,85
503,209,109
504,209,197
505,209,269
506,209,269
507,209,269
508,209,174
509,209,111
510,209,111
511,209,111
512,209,94
513,209,83
514,209,83
515,209,44
516,209,37
517,209,37
518,209,69
519,209,117
520,209,116
521,209,111
522,209,75
523,209,74
524,209,74
525,209,74
526,209,74
527,209,74
528,209,74
529,209,73
530,209,58
531,209,46
532,209,52
533,209,222
534,209,266
535,209,102
536,209,109
537,209,100
538,209,87
539,209,78
540,209,74
541,209,74
542,209,67
543,209,53
544,209,52
545,209,58
546,209,47
547,209,148
548,209,149
549,209,137
550,209,83
551,209,69
552,209,69
553,209,50
554,209,30
555,209,45
556,209,52
557,209,51
558,209,46
559,209,22
560,209,22
561,209,28
562,209,46
563,209,46
564,209,46
565,209,46
566,209,54
567,209,69
568,209,70
569,209,93
570,209,276
571,209,217
572,209,207
573,209,157
490,210,74
491,210,134
492,210,158
493,210,126
494,210,99
495,210,102
496,210,107
497,210,209
498,210,218
499,210,218
500,210,129
501,210,60
502,210,62
503,210,66
504,210,149
505,210,219
506,210,253
507,210,245
508,210,120
509,210,111
510,210,111
511,210,111
512,210,101
513,210,84
514,210,82
515,210,40
516,210,37
517,210,37
518,210,38
519,210,72
520,210,74
521,210,74
522,210,74
523,210,74
524,210,74
525,210,74
526,210,74
527,210,73
528,210,72
529,210,72
530,210,68
531,210,47
532,210,51
533,210,187
534,210,284
535,210,199
536,210,201
537,210,202
538,210,133
539,210,91
540,210,83
541,210,72
542,210,68
543,210,44
544,210,47
545,210,55
546,210,43
547,210,149
548,210,149
549,210,149
550,210,103
551,210,67
552,210,68
553,210,58
554,210,32
555,210,33
556,210,39
557,210,45
558,210,47
559,210,40
560,210,38
561,210,46
562,210,47
563,210,46
564,210,46
565,210,49
566,210,60
567,210,67
568,210,75
569,210,95
570,210,96
571,210,126
572,210,147
573,210,96
490,211,51
491,211,155
492,211,158
493,211,153
494,211,121
495,211,99
496,211,98
497,211,157
498,211,218
499,211,176
500,211,71
501,211,72
502,211,70
503,211,66
504,211,66
505,211,66
506,211,76
507,211,120
508,211,94
509,211,98
510,211,111
511,211,111
512,211,111
513,211,100
514,211,87
515,211,56
516,211,37
517,211,37
518,211,37
519,211,66
520,211,74
521,211,74
522,211,74
523,211,74
524,211,74
525,211,74
526,211,73
527,211,72
528,211,72
529,211,72
530,211,72
531,211,68
532,211,54
533,211,158
534,211,286
535,211,132
536,211,117
537,211,120
538,211,96
539,211,96
540,211,95
541,211,68
542,211,53
543,211,60
544,211,74
545,211,50
546,211,47
547,211,148
548,211,149
549,211,149
550,211,72
551,211,66
552,211,66
553,211,66
554,211,50
555,211,37
556,211,34
557,211,35
558,211,46
559,211,50
560,211,50
561,211,57
562,211,57
563,211,56
564,211,57
565,211,45
566,211,53
567,211,68
568,211,88
569,211,96
570,211,85
571,211,78
572,211,80
573,211,75
490,212,93
491,212,158
492,212,158
493,212,158
494,212,144
495,212,99
496,212,98
497,212,102
498,212,156
499,212,91
500,212,63
501,212,63
502,212,66
503,212,66
504,212,66
505,212,66
506,212,69
507,212,76
508,212,80
509,212,98
510,212,111
511,212,112
512,212,113
513,212,112
514,212,100
515,212,97
516,212,70
517,212,59
518,212,41
519,212,67
520,212,74
521,212,74
522,212,74
523,212,74
524,212,74
525,212,63
526,212,60
527,212,61
528,212,122
529,212,333
530,212,396
531,212,417
532,212,2129
533,212,429
534,212,263
535,212,158
536,212,203
537,212,201
538,212,111
539,212,96
540,212,82
541,212,63
542,212,53
543,212,61
544,212,75
545,212,81
546,212,83
547,212,140
548,212,133
549,212,132
550,212,76
551,212,70
552,212,66
553,212,66
554,212,54
555,212,41
556,212,40
557,212,42
558,212,48
559,212,51
560,212,49
561,212,55
562,212,58
563,212,57
564,212,48
565,212,44
566,212,61
567,212,76
568,212,77
569,212,78
570,212,71
571,212,68
572,212,68
573,212,68
490,213,156
491,213,158
492,213,153
493,213,149
494,213,131
495,213,93
496,213,92
497,213,77
498,213,74
499,213,66
500,213,63
501,213,64
502,213,65
503,213,66
504,213,68
505,213,75
506,213,77
507,213,77
508,213,95
509,213,111
510,213,113
511,213,113
512,213,113
513,213,113
514,213,110
515,213,97
516,213,97
517,213,97
518,213,61
519,213,37
520,213,47
521,213,69
522,213,73
523,213,53
524,213,45
525,213,45
526,213,48
527,213,48
528,213,276
529,213,323
530,213,199
531,213,221
532,213,164
533,213,273
534,213,271
535,213,196
536,213,218
537,213,221
538,213,121
539,213,136
540,213,93
541,213,63
542,213,59
543,213,53
544,213,65
545,213,96
546,213,101
547,213,101
548,213,91
549,213,83
550,213,83
551,213,67
552,213,57
553,213,56
554,213,54
555,213,41
556,213,41
557,213,43
558,213,50
559,213,50
560,213,49
561,213,49
562,213,50
563,213,55
564,213,50
565,213,86
566,213,96
567,213,77
568,213,77
569,213,77
570,213,76
571,213,69
572,213,68
573,213,66
