xv,yv,rho
490,148,82
491,148,48
492,148,43
493,148,39
494,148,44
495,148,84
496,148,75
497,148,53
498,148,788
499,148,731
500,148,247
501,148,172
502,148,61
503,148,58
504,148,68
505,148,68
506,148,81
507,148,94
508,148,94
509,148,80
510,148,52
511,148,43
512,148,54
513,148,112
514,148,112
515,148,817
516,148,1319
517,148,651
518,148,112
519,148,122
520,148,127
521,148,127
522,148,342
523,148,938
524,148,1146
525,148,1154
526,148,1154
527,148,1153
528,148,1070
529,148,275
530,148,129
531,148,118
532,148,93
533,148,104
534,148,106
535,148,109
536,148,107
537,148,51
538,148,57
539,148,112
540,148,159
541,148,113
542,148,127
543,148,138
544,148,136
545,148,136
546,148,101
547,148,66
548,148,56
549,148,49
550,148,49
551,148,50
552,148,75
553,148,73
554,148,82
555,148,83
556,148,83
557,148,83
558,148,282
559,148,648
560,148,107
561,148,107
562,148,107
563,148,107
564,148,110
565,148,167
566,148,168
567,148,166
568,148,103
569,148,100
570,148,99
571,148,93
572,148,87
573,148,86
490,149,129
491,149,95
492,149,58
493,149,36
494,149,48
495,149,85
496,149,51
497,149,50
498,149,1396
499,149,2203
500,149,1963
501,149,1422
502,149,170
503,149,141
504,149,74
505,149,68
506,149,88
507,149,94
508,149,92
509,149,86
510,149,51
511,149,48
512,149,79
513,149,112
514,149,112
515,149,919
516,149,1360
517,149,1116
518,149,112
519,149,123
520,149,127
521,149,127
522,149,692
523,149,1134
524,149,1154
525,149,1154
526,149,1154
527,149,1154
528,149,1135
529,149,137
530,149,129
531,149,122
532,149,104
533,149,104
534,149,106
535,149,109
536,149,91
537,149,44
538,149,133
539,149,187
540,149,168
541,149,118
542,149,119
543,149,129
544,149,129
545,149,129
546,149,106
547,149,78
548,149,74
549,149,108
550,149,75
551,149,64
552,149,89
553,149,79
554,149,80
555,149,83
556,149,83
557,149,83
558,149,83
559,149,99
560,149,107
561,149,107
562,149,107
563,149,107
564,149,117
565,149,158
566,149,168
567,149,161
568,149,119
569,149,100
570,149,98
571,149,94
572,149,94
573,149,98
490,150,175
491,150,175
492,150,174
493,150,148
494,150,96
495,150,97
496,150,90
497,150,81
498,150,911
499,150,2287
500,150,2295
501,150,977
502,150,208
503,150,208
504,150,101
505,150,78
506,150,62
507,150,85
508,150,82
509,150,48
510,150,46
511,150,50
512,150,96
513,150,112
514,150,112
515,150,129
516,150,602
517,150,995
518,150,112
519,150,123
520,150,127
521,150,99
522,150,66
523,150,468
524,150,1154
525,150,1154
526,150,1154
527,150,1154
528,150,1132
529,150,165
530,150,129
531,150,123
532,150,104
533,150,104
534,150,105
535,150,109
536,150,79
537,150,44
538,150,154
539,150,187
540,150,156
541,150,118
542,150,118
543,150,127
544,150,129
545,150,129
546,150,100
547,150,79
548,150,114
549,150,118
550,150,81
551,150,76
552,150,89
553,150,86
554,150,83
555,150,83
556,150,83
557,150,83
558,150,83
559,150,99
560,150,107
561,150,107
562,150,107
563,150,109
564,150,152
565,150,168
566,150,146
567,150,128
568,150,113
569,150,100
570,150,99
571,150,94
572,150,94
573,150,99
490,151,175
491,151,175
492,151,175
493,151,150
494,151,97
495,151,97
496,151,97
497,151,480
498,151,2270
499,151,2139
500,151,2078
501,151,914
502,151,207
503,151,192
504,151,90
505,151,56
506,151,61
507,151,82
508,151,80
509,151,39
510,151,45
511,151,50
512,151,81
513,151,112
514,151,112
515,151,95
516,151,122
517,151,221
518,151,81
519,151,108
520,151,127
521,151,97
522,151,64
523,151,359
524,151,1154
525,151,1154
526,151,1001
527,151,1015
528,151,1112
529,151,265
530,151,128
531,151,110
532,151,104
533,151,104
534,151,105
535,151,109
536,151,62
537,151,45
538,151,182
539,151,187
540,151,147
541,151,118
542,151,118
543,151,123
544,151,129
545,151,129
546,151,102
547,151,80
548,151,117
549,151,118
550,151,79
551,151,85
552,151,89
553,151,89
554,151,88
555,151,84
556,151,84
557,151,67
558,151,68
559,151,71
560,151,72
561,151,64
562,151,74
563,151,79
564,151,102
565,151,168
566,151,173
567,151,132
568,151,112
569,151,99
570,151,100
571,151,97
572,151,129
573,151,154
490,152,175
491,152,175
492,152,175
493,152,172
494,152,113
495,152,97
496,152,97
497,152,97
498,152,463
499,152,544
500,152,814
501,152,119
502,152,152
503,152,124
504,152,90
505,152,62
506,152,53
507,152,79
508,152,82
509,152,50
510,152,45
511,152,50
512,152,85
513,152,112
514,152,102
515,152,66
516,152,65
517,152,65
518,152,65
519,152,76
520,152,119
521,152,110
522,152,81
523,152,167
524,152,465
525,152,325
526,152,257
527,152,50
528,152,254
529,152,319
530,152,188
531,152,104
532,152,104
533,152,107
534,152,106
535,152,109
536,152,59
537,152,84
538,152,187
539,152,170
540,152,118
541,152,118
542,152,118
543,152,124
544,152,129
545,152,129
546,152,89
547,152,80
548,152,117
549,152,111
550,152,68
551,152,157
552,152,528
553,152,456
554,152,254
555,152,85
556,152,85
557,152,79
558,152,68
559,152,66
560,152,81
561,152,109
562,152,88
563,152,61
564,152,62
565,152,98
566,152,96
567,152,173
568,152,134
569,152,120
570,152,101
571,152,97
572,152,166
573,152,194
490,153,175
491,153,166
492,153,126
493,153,134
494,153,165
495,153,121
496,153,97
497,153,97
498,153,97
499,153,158
500,153,363
501,153,589
502,153,173
503,153,124
504,153,115
505,153,77
506,153,81
507,153,83
508,153,82
509,153,43
510,153,46
511,153,50
512,153,86
513,153,112
514,153,91
515,153,63
516,153,65
517,153,65
518,153,64
519,153,62
520,153,63
521,153,126
522,153,130
523,153,215
524,153,130
525,153,109
526,153,54
527,153,88
528,153,295
529,153,320
530,153,220
531,153,74
532,153,352
533,153,973
534,153,587
535,153,98
536,153,95
537,153,147
538,153,187
539,153,157
540,153,111
541,153,62
542,153,107
543,153,129
544,153,129
545,153,128
546,153,82
547,153,79
548,153,114
549,153,110
550,153,70
551,153,190
552,153,670
553,153,705
554,153,704
555,153,208
556,153,84
557,153,84
558,153,127
559,153,113
560,153,115
561,153,115
562,153,112
563,153,63
564,153,64
565,153,65
566,153,65
567,153,185
568,153,206
569,153,178
570,153,113
571,153,89
572,153,165
573,153,462
490,154,181
491,154,104
492,154,87
493,154,87
494,154,93
495,154,92
496,154,142
497,154,121
498,154,333
499,154,603
500,154,614
501,154,463
502,154,129
503,154,124
504,154,124
505,154,124
506,154,124
507,154,93
508,154,78
509,154,39
510,154,49
511,154,57
512,154,107
513,154,112
514,154,90
515,154,114
516,154,179
517,154,299
518,154,186
519,154,61
520,154,62
521,154,128
522,154,131
523,154,279
524,154,147
525,154,117
526,154,89
527,154,159
528,154,320
529,154,320
530,154,158
531,154,52
532,154,565
533,154,1087
534,154,889
535,154,77
536,154,112
537,154,179
538,154,184
539,154,123
540,154,52
541,154,25
542,154,109
543,154,130
544,154,129
545,154,129
546,154,85
547,154,82
548,154,117
549,154,108
550,154,67
551,154,267
552,154,705
553,154,705
554,154,638
555,154,144
556,154,84
557,154,87
558,154,130
559,154,120
560,154,115
561,154,115
562,154,115
563,154,79
564,154,65
565,154,65
566,154,65
567,154,239
568,154,248
569,154,182
570,154,52
571,154,183
572,154,282
573,154,1463
490,155,295
491,155,89
492,155,87
493,155,87
494,155,87
495,155,255
496,155,605
497,155,598
498,155,614
499,155,614
500,155,614
501,155,315
502,155,124
503,155,124
504,155,124
505,155,124
506,155,106
507,155,54
508,155,60
509,155,44
510,155,48
511,155,53
512,155,110
513,155,101
514,155,68
515,155,155
516,155,394
517,155,394
518,155,372
519,155,168
520,155,76
521,155,130
522,155,186
523,155,310
524,155,161
525,155,118
526,155,92
527,155,98
528,155,303
529,155,320
530,155,152
531,155,52
532,155,549
533,155,1085
534,155,435
535,155,92
536,155,141
537,155,192
538,155,159
539,155,77
540,155,25
541,155,26
542,155,116
543,155,130
544,155,129
545,155,120
546,155,79
547,155,96
548,155,118
549,155,98
550,155,67
551,155,235
552,155,619
553,155,705
554,155,477
555,155,84
556,155,84
557,155,100
558,155,134
559,155,132
560,155,115
561,155,115
562,155,115
563,155,89
564,155,52
565,155,67
566,155,199
567,155,391
568,155,322
569,155,206
570,155,179
571,155,203
572,155,214
573,155,1336
490,156,316
491,156,87
492,156,87
493,156,87
494,156,208
495,156,596
496,156,614
497,156,614
498,156,614
499,156,614
500,156,614
501,156,440
502,156,301
503,156,126
504,156,124
505,156,94
506,156,48
507,156,48
508,156,48
509,156,48
510,156,41
511,156,115
512,156,114
513,156,84
514,156,58
515,156,137
516,156,371
517,156,381
518,156,345
519,156,297
520,156,174
521,156,130
522,156,222
523,156,310
524,156,201
525,156,121
526,156,92
527,156,92
528,156,195
529,156,402
530,156,221
531,156,418
532,156,1075
533,156,1087
534,156,418
535,156,101
536,156,146
537,156,121
538,156,81
539,156,30
540,156,42
541,156,120
542,156,136
543,156,108
544,156,106
545,156,95
546,156,79
547,156,109
548,156,112
549,156,68
550,156,71
551,156,223
552,156,314
553,156,700
554,156,339
555,156,84
556,156,84
557,156,97
558,156,133
559,156,134
560,156,122
561,156,115
562,156,115
563,156,64
564,156,76
565,156,108
566,156,226
567,156,419
568,156,314
569,156,206
570,156,206
571,156,180
572,156,155
573,156,204
490,157,433
491,157,146
492,157,87
493,157,88
494,157,441
495,157,614
496,157,614
497,157,614
498,157,614
499,157,614
500,157,614
501,157,614
502,157,612
503,157,393
504,157,122
505,157,76
506,157,41
507,157,43
508,157,77
509,157,163
510,157,164
511,157,209
512,157,122
513,157,97
514,157,157
515,157,391
516,157,394
517,157,330
518,157,287
519,157,287
520,157,930
521,157,735
522,157,314
523,157,310
524,157,310
525,157,297
526,157,191
527,157,109
528,157,180
529,157,674
530,157,674
531,157,674
532,157,768
533,157,1073
534,157,664
535,157,383
536,157,107
537,157,86
538,157,86
539,157,80
540,157,65
541,157,134
542,157,120
543,157,71
544,157,69
545,157,95
546,157,108
547,157,117
548,157,79
549,157,67
550,157,159
551,157,367
552,157,233
553,157,474
554,157,243
555,157,87
556,157,88
557,157,104
558,157,118
559,157,128
560,157,122
561,157,115
562,157,115
563,157,75
564,157,48
565,157,121
566,157,103
567,157,345
568,157,339
569,157,206
570,157,200
571,157,170
572,157,152
573,157,140
490,158,437
491,158,189
492,158,100
493,158,108
494,158,227
495,158,373
496,158,566
497,158,614
498,158,600
499,158,562
500,158,612
501,158,614
502,158,506
503,158,184
504,158,121
505,158,94
506,158,48
507,158,38
508,158,128
509,158,212
510,158,212
511,158,197
512,158,90
513,158,90
514,158,179
515,158,394
516,158,393
517,158,296
518,158,287
519,158,472
520,158,1067
521,158,1067
522,158,727
523,158,310
524,158,310
525,158,310
526,158,310
527,158,230
528,158,370
529,158,674
530,158,674
531,158,674
532,158,674
533,158,726
534,158,537
535,158,537
536,158,341
537,158,86
538,158,86
539,158,86
540,158,71
541,158,83
542,158,72
543,158,69
544,158,69
545,158,121
546,158,134
547,158,109
548,158,67
549,158,80
550,158,334
551,158,205
552,158,114
553,158,109
554,158,94
555,158,94
556,158,94
557,158,119
558,158,115
559,158,115
560,158,115
561,158,115
562,158,115
563,158,89
564,158,45
565,158,63
566,158,102
567,158,128
568,158,61
569,158,138
570,158,194
571,158,167
572,158,152
573,158,151
490,159,423
491,159,104
492,159,104
493,159,104
494,159,197
495,159,248
496,159,273
497,159,428
498,159,363
499,159,257
500,159,325
501,159,426
502,159,125
503,159,121
504,159,121
505,159,87
506,159,56
507,159,30
508,159,168
509,159,240
510,159,212
511,159,212
512,159,155
513,159,90
514,159,86
515,159,187
516,159,338
517,159,282
518,159,332
519,159,791
520,159,1067
521,159,1067
522,159,769
523,159,318
524,159,310
525,159,310
526,159,303
527,159,194
528,159,252
529,159,587
530,159,674
531,159,674
532,159,674
533,159,540
534,159,485
535,159,469
536,159,303
537,159,71
538,159,86
539,159,86
540,159,70
541,159,69
542,159,73
543,159,75
544,159,71
545,159,131
546,159,134
547,159,134
548,159,127
549,159,103
550,159,242
551,159,91
552,159,114
553,159,113
554,159,92
555,159,90
556,159,93
557,159,121
558,159,117
559,159,115
560,159,115
561,159,115
562,159,115
563,159,70
564,159,55
565,159,51
566,159,94
567,159,81
568,159,52
569,159,138
570,159,200
571,159,171
572,159,152
573,159,152
490,160,323
491,160,105
492,160,104
493,160,104
494,160,118
495,160,146
496,160,194
497,160,257
498,160,246
499,160,246
500,160,257
501,160,278
502,160,260
503,160,295
504,160,288
505,160,301
506,160,347
507,160,294
508,160,469
509,160,429
510,160,213
511,160,212
512,160,212
513,160,189
514,160,115
515,160,86
516,160,88
517,160,133
518,160,779
519,160,1067
520,160,1067
521,160,1067
522,160,600
523,160,370
524,160,272
525,160,310
526,160,278
527,160,187
528,160,695
529,160,758
530,160,693
531,160,674
532,160,530
533,160,245
534,160,235
535,160,205
536,160,22
537,160,22
538,160,68
539,160,85
540,160,69
541,160,69
542,160,87
543,160,93
544,160,69
545,160,92
546,160,133
547,160,133
548,160,139
549,160,77
550,160,65
551,160,71
552,160,89
553,160,78
554,160,66
555,160,73
556,160,112
557,160,103
558,160,82
559,160,97
560,160,89
561,160,93
562,160,88
563,160,60
564,160,58
565,160,67
566,160,99
567,160,105
568,160,106
569,160,121
570,160,172
571,160,188
572,160,152
573,160,152
490,161,226
491,161,181
492,161,157
493,161,128
494,161,106
495,161,104
496,161,104
497,161,127
498,161,113
499,161,139
500,161,207
501,161,273
502,161,315
503,161,320
504,161,339
505,161,350
506,161,353
507,161,368
508,161,471
509,161,417
510,161,212
511,161,212
512,161,212
513,161,220
514,161,302
515,161,210
516,161,123
517,161,84
518,161,815
519,161,1067
520,161,1067
521,161,884
522,161,407
523,161,232
524,161,497
525,161,511
526,161,536
527,161,278
528,161,1140
529,161,739
530,161,714
531,161,1066
532,161,341
533,161,235
534,161,235
535,161,232
536,161,117
537,161,27
538,161,50
539,161,86
540,161,85
541,161,109
542,161,100
543,161,97
544,161,76
545,161,70
546,161,130
547,161,134
548,161,141
549,161,97
550,161,65
551,161,65
552,161,65
553,161,65
554,161,65
555,161,60
556,161,45
557,161,37
558,161,46
559,161,52
560,161,52
561,161,52
562,161,53
563,161,68
564,161,56
565,161,73
566,161,106
567,161,129
568,161,284
569,161,410
570,161,416
571,161,285
572,161,199
573,161,194
490,162,185
491,162,185
492,162,185
493,162,185
494,162,178
495,162,113
496,162,104
497,162,104
498,162,104
499,162,104
500,162,104
501,162,299
502,162,315
503,162,315
504,162,315
505,162,320
506,162,371
507,162,534
508,162,471
509,162,467
510,162,291
511,162,323
512,162,290
513,162,306
514,162,501
515,162,496
516,162,375
517,162,133
518,162,309
519,162,1057
520,162,1004
521,162,490
522,162,350
523,162,176
524,162,789
525,162,2045
526,162,1921
527,162,952
528,162,1712
529,162,736
530,162,715
531,162,2651
532,162,1345
533,162,235
534,162,235
535,162,194
536,162,63
537,162,39
538,162,39
539,162,97
540,162,137
541,162,178
542,162,146
543,162,97
544,162,92
545,162,75
546,162,122
547,162,135
548,162,139
549,162,80
550,162,65
551,162,65
552,162,65
553,162,70
554,162,109
555,162,76
556,162,37
557,162,37
558,162,45
559,162,52
560,162,52
561,162,51
562,162,51
563,162,71
564,162,64
565,162,54
566,162,171
567,162,309
568,162,492
569,162,492
570,162,483
571,162,235
572,162,198
573,162,204
490,163,185
491,163,185
492,163,185
493,163,185
494,163,185
495,163,118
496,163,104
497,163,104
498,163,104
499,163,136
500,163,193
501,163,315
502,163,315
503,163,315
504,163,315
505,163,315
506,163,864
507,163,1115
508,163,652
509,163,471
510,163,471
511,163,448
512,163,301
513,163,299
514,163,432
515,163,589
516,163,614
517,163,258
518,163,84
519,163,608
520,163,549
521,163,407
522,163,224
523,163,332
524,163,846
525,163,2438
526,163,2069
527,163,1021
528,163,1903
529,163,1148
530,163,715
531,163,3702
532,163,4385
533,163,2897
534,163,95
535,163,39
536,163,39
537,163,39
538,163,64
539,163,118
540,163,122
541,163,178
542,163,276
543,163,395
544,163,376
545,163,343
546,163,132
547,163,132
548,163,132
549,163,82
550,163,65
551,163,59
552,163,60
553,163,139
554,163,151
555,163,72
556,163,59
557,163,37
558,163,39
559,163,59
560,163,51
561,163,35
562,163,36
563,163,70
564,163,71
565,163,61
566,163,218
567,163,402
568,163,438
569,163,377
570,163,286
571,163,129
572,163,139
573,163,155
490,164,146
491,164,182
492,164,185
493,164,185
494,164,175
495,164,104
496,164,104
497,164,104
498,164,145
499,164,248
500,164,315
501,164,315
502,164,315
503,164,315
504,164,315
505,164,315
506,164,639
507,164,1117
508,164,740
509,164,471
510,164,471
511,164,471
512,164,406
513,164,300
514,164,358
515,164,589
516,164,635
517,164,585
518,164,561
519,164,739
520,164,525
521,164,351
522,164,160
523,164,587
524,164,1000
525,164,2708
526,164,2146
527,164,1021
528,164,1847
529,164,946
530,164,1329
531,164,4728
532,164,4743
533,164,4701
534,164,3211
535,164,670
536,164,39
537,164,46
538,164,117
539,164,119
540,164,131
541,164,177
542,164,285
543,164,576
544,164,529
545,164,449
546,164,194
547,164,132
548,164,132
549,164,147
550,164,22
551,164,18
552,164,21
553,164,140
554,164,151
555,164,121
556,164,116
557,164,58
558,164,38
559,164,50
560,164,50
561,164,26
562,164,24
563,164,71
564,164,71
565,164,71
566,164,60
567,164,229
568,164,290
569,164,290
570,164,282
571,164,143
572,164,144
573,164,621
490,165,99
491,165,108
492,165,161
493,165,186
494,165,166
495,165,104
496,165,104
497,165,166
498,165,339
499,165,315
500,165,315
501,165,315
502,165,315
503,165,315
504,165,315
505,165,315
506,165,384
507,165,952
508,165,751
509,165,471
510,165,471
511,165,471
512,165,470
513,165,306
514,165,481
515,165,589
516,165,626
517,165,769
518,165,1660
519,165,1074
520,165,1045
521,165,295
522,165,318
523,165,834
524,165,1735
525,165,2719
526,165,1886
527,165,1021
528,165,1864
529,165,727
530,165,2434
531,165,4743
532,165,4743
533,165,4743
534,165,4743
535,165,3590
536,165,39
537,165,64
538,165,119
539,165,127
540,165,163
541,165,1010
542,165,1508
543,165,465
544,165,351
545,165,446
546,165,308
547,165,241
548,165,329
549,165,345
550,165,34
551,165,39
552,165,61
553,165,146
554,165,151
555,165,124
556,165,117
557,165,121
558,165,54
559,165,50
560,165,52
561,165,42
562,165,44
563,165,71
564,165,71
565,165,71
566,165,39
567,165,63
568,165,223
569,165,238
570,165,229
571,165,405
572,165,1242
573,165,1538
490,166,99
491,166,102
492,166,301
493,166,343
494,166,294
495,166,145
496,166,181
497,166,350
498,166,395
499,166,379
500,166,333
501,166,315
502,166,315
503,166,315
504,166,315
505,166,285
506,166,316
507,166,522
508,166,550
509,166,456
510,166,471
511,166,471
512,166,473
513,166,648
514,166,744
515,166,589
516,166,633
517,166,1159
518,166,2129
519,166,1709
520,166,820
521,166,171
522,166,320
523,166,486
524,166,1712
525,166,1862
526,166,1266
527,166,1143
528,166,1572
529,166,715
530,166,3446
531,166,4743
532,166,4743
533,166,4743
534,166,4743
535,166,4725
536,166,929
537,166,408
538,166,279
539,166,149
540,166,166
541,166,1516
542,166,1792
543,166,860
544,166,351
545,166,351
546,166,351
547,166,345
548,166,317
549,166,261
550,166,123
551,166,151
552,166,151
553,166,143
554,166,132
555,166,120
556,166,141
557,166,167
558,166,49
559,166,49
560,166,56
561,166,94
562,166,118
563,166,71
564,166,71
565,166,57
566,166,29
567,166,30
568,166,70
569,166,94
570,166,98
571,166,719
572,166,1483
573,166,1538
490,167,99
491,167,211
492,167,408
493,167,405
494,167,359
495,167,353
496,167,393
497,167,397
498,167,397
499,167,397
500,167,342
501,167,296
502,167,315
503,167,307
504,167,315
505,167,174
506,167,143
507,167,417
508,167,433
509,167,445
510,167,470
511,167,471
512,167,497
513,167,1131
514,167,1282
515,167,717
516,167,525
517,167,1600
518,167,2255
519,167,2156
520,167,1917
521,167,1013
522,167,1220
523,167,768
524,167,195
525,167,195
526,167,330
527,167,1859
528,167,2464
529,167,2072
530,167,4280
531,167,4743
532,167,4743
533,167,4743
534,167,4743
535,167,4543
536,167,2096
537,167,1967
538,167,1897
539,167,791
540,167,499
541,167,1790
542,167,1792
543,167,1540
544,167,596
545,167,343
546,167,321
547,167,249
548,167,236
549,167,236
550,167,217
551,167,165
552,167,131
553,167,117
554,167,119
555,167,134
556,167,165
557,167,171
558,167,84
559,167,49
560,167,58
561,167,89
562,167,184
563,167,71
564,167,64
565,167,55
566,167,60
567,167,65
568,167,60
569,167,92
570,167,94
571,167,95
572,167,374
573,167,1175
490,168,131
491,168,388
492,168,408
493,168,408
494,168,404
495,168,384
496,168,361
497,168,397
498,168,397
499,168,397
500,168,380
501,168,179
502,168,148
503,168,147
504,168,286
505,168,106
506,168,96
507,168,281
508,168,457
509,168,460
510,168,462
511,168,460
512,168,407
513,168,525
514,168,1442
515,168,1036
516,168,486
517,168,2251
518,168,6908
519,168,3556
520,168,2269
521,168,2269
522,168,1987
523,168,1927
524,168,1353
525,168,632
526,168,1808
527,168,2467
528,168,2467
529,168,2473
530,168,4076
531,168,4743
532,168,4743
533,168,4743
534,168,4869
535,168,2519
536,168,2048
537,168,2048
538,168,2048
539,168,2039
540,168,1736
541,168,1792
542,168,1792
543,168,1590
544,168,750
545,168,312
546,168,222
547,168,223
548,168,225
549,168,236
550,168,334
551,168,341
552,168,232
553,168,172
554,168,255
555,168,235
556,168,171
557,168,171
558,168,163
559,168,102
560,168,142
561,168,193
562,168,360
563,168,229
564,168,215
565,168,88
566,168,67
567,168,67
568,168,67
569,168,74
570,168,84
571,168,99
572,168,99
573,168,2708
490,169,110
491,169,372
492,169,408
493,169,408
494,169,268
495,169,177
496,169,139
497,169,374
498,169,397
499,169,397
500,169,397
501,169,267
502,169,101
503,169,166
504,169,475
505,169,95
506,169,98
507,169,148
508,169,390
509,169,497
510,169,460
511,169,459
512,169,655
513,169,871
514,169,1041
515,169,1013
516,169,535
517,169,2436
518,169,7840
519,169,6549
520,169,756
521,169,1469
522,169,3022
523,169,3311
524,169,2510
525,169,1946
526,169,2361
527,169,2467
528,169,2502
529,169,4037
530,169,5048
531,169,4743
532,169,4743
533,169,4743
534,169,6294
535,169,5152
536,169,2051
537,169,2048
538,169,2048
539,169,1898
540,169,1792
541,169,1792
542,169,1770
543,169,921
544,169,755
545,169,283
546,169,333
547,169,217
548,169,189
549,169,223
550,169,385
551,169,373
552,169,373
553,169,373
554,169,373
555,169,373
556,169,224
557,169,272
558,169,289
559,169,239
560,169,176
561,169,117
562,169,498
563,169,824
564,169,824
565,169,405
566,169,67
567,169,67
568,169,68
569,169,72
570,169,119
571,169,169
572,169,1706
573,169,5749
490,170,99
491,170,172
492,170,391
493,170,188
494,170,99
495,170,117
496,170,118
497,170,351
498,170,397
499,170,397
500,170,397
501,170,322
502,170,300
503,170,503
504,170,812
505,170,570
506,170,511
507,170,766
508,170,973
509,170,806
510,170,456
511,170,393
512,170,727
513,170,1015
514,170,1015
515,170,1842
516,170,2984
517,170,3681
518,170,6307
519,170,4151
520,170,244
521,170,1433
522,170,4094
523,170,4094
524,170,4094
525,170,3933
526,170,3093
527,170,3861
528,170,4382
529,170,8452
530,170,7593
531,170,4872
532,170,5090
533,170,8343
534,170,6334
535,170,4276
536,170,2048
537,170,2362
538,170,4547
539,170,3214
540,170,1792
541,170,1792
542,170,1528
543,170,770
544,170,770
545,170,738
546,170,638
547,170,455
548,170,113
549,170,522
550,170,586
551,170,352
552,170,362
553,170,372
554,170,373
555,170,374
556,170,381
557,170,384
558,170,409
559,170,184
560,170,116
561,170,116
562,170,609
563,170,824
564,170,802
565,170,157
566,170,68
567,170,68
568,170,68
569,170,68
570,170,94
571,170,184
572,170,660
573,170,1517
490,171,99
491,171,101
492,171,127
493,171,99
494,171,99
495,171,117
496,171,118
497,171,293
498,171,397
499,171,397
500,171,397
501,171,384
502,171,332
503,171,664
504,171,758
505,171,871
506,171,1082
507,171,1056
508,171,929
509,171,736
510,171,455
511,171,347
512,171,690
513,171,1059
514,171,1970
515,171,3604
516,171,2741
517,171,736
518,171,185
519,171,197
520,171,216
521,171,1832
522,171,4101
523,171,4094
524,171,4094
525,171,4094
526,171,6647
527,171,8579
528,171,8579
529,171,8579
530,171,8579
531,171,15521
532,171,17017
533,171,14712
534,171,4773
535,171,5285
536,171,4640
537,171,4991
538,171,5631
539,171,5309
540,171,3012
541,171,3003
542,171,929
543,171,812
544,171,794
545,171,860
546,171,878
547,171,707
548,171,109
549,171,445
550,171,913
551,171,335
552,171,329
553,171,336
554,171,365
555,171,378
556,171,382
557,171,408
558,171,432
559,171,269
560,171,116
561,171,116
562,171,722
563,171,912
564,171,2281
565,171,915
566,171,60
567,171,60
568,171,68
569,171,68
570,171,84
571,171,119
572,171,132
573,171,181
490,172,99
491,172,99
492,172,99
493,172,222
494,172,186
495,172,117
496,172,118
497,172,128
498,172,278
499,172,395
500,172,280
501,172,165
502,172,306
503,172,803
504,172,162
505,172,387
506,172,629
507,172,371
508,172,430
509,172,710
510,172,553
511,172,398
512,172,356
513,172,2192
514,172,3514
515,172,3424
516,172,435
517,172,182
518,172,182
519,172,184
520,172,187
521,172,4129
522,172,7077
523,172,5148
524,172,5533
525,172,4869
526,172,8539
527,172,8906
528,172,8579
529,172,8579
530,172,8836
531,172,15782
532,172,16816
533,172,14519
534,172,10373
535,172,5631
536,172,5631
537,172,5631
538,172,5631
539,172,5631
540,172,5500
541,172,2164
542,172,771
543,172,921
544,172,990
545,172,1025
546,172,1025
547,172,803
548,172,387
549,172,308
550,172,1062
551,172,1164
552,172,881
553,172,747
554,172,497
555,172,546
556,172,388
557,172,382
558,172,435
559,172,504
560,172,328
561,172,365
562,172,801
563,172,944
564,172,4290
565,172,2502
566,172,73
567,172,55
568,172,58
569,172,68
570,172,84
571,172,118
572,172,118
573,172,107
490,173,99
491,173,99
492,173,99
493,173,529
494,173,772
495,173,368
496,173,207
497,173,118
498,173,119
499,173,190
500,173,127
501,173,127
502,173,561
503,173,720
504,173,160
505,173,147
506,173,147
507,173,236
508,173,339
509,173,654
510,173,710
511,173,645
512,173,2034
513,173,3357
514,173,3439
515,173,3418
516,173,3007
517,173,1612
518,173,1332
519,173,1456
520,173,2263
521,173,5504
522,173,8579
523,173,8579
524,173,8579
525,173,8579
526,173,8579
527,173,13024
528,173,8628
529,173,8579
530,173,10446
531,173,16955
532,173,15804
533,173,14519
534,173,11981
535,173,5632
536,173,5631
537,173,5631
538,173,5631
539,173,5631
540,173,4762
541,173,857
542,173,920
543,173,921
544,173,936
545,173,1018
546,173,1025
547,173,873
548,173,823
549,173,823
550,173,874
551,173,1261
552,173,1322
553,173,1322
554,173,1307
555,173,1231
556,173,721
557,173,419
558,173,597
559,173,778
560,173,778
561,173,796
562,173,824
563,173,2129
564,173,4449
565,173,3777
566,173,368
567,173,55
568,173,56
569,173,68
570,173,97
571,173,118
572,173,118
573,173,83
490,174,99
491,174,101
492,174,106
493,174,531
494,174,848
495,174,773
496,174,675
497,174,147
498,174,118
499,174,121
500,174,127
501,174,138
502,174,308
503,174,187
504,174,147
505,174,147
506,174,147
507,174,178
508,174,246
509,174,372
510,174,521
511,174,1323
512,174,2313
513,174,2782
514,174,2791
515,174,2353
516,174,2638
517,174,3746
518,174,4618
519,174,2610
520,174,2524
521,174,7968
522,174,8579
523,174,8579
524,174,8579
525,174,8579
526,174,10695
527,174,17107
528,174,13594
529,174,8579
530,174,15481
531,174,17169
532,174,14998
533,174,14519
534,174,14482
535,174,13338
536,174,6094
537,174,5631
538,174,5631
539,174,5589
540,174,2855
541,174,921
542,174,921
543,174,921
544,174,921
545,174,948
546,174,931
547,174,836
548,174,823
549,174,820
550,174,769
551,174,652
552,174,1025
553,174,1318
554,174,1322
555,174,817
556,174,432
557,174,432
558,174,597
559,174,778
560,174,778
561,174,811
562,174,788
563,174,1649
564,174,3525
565,174,3330
566,174,1290
567,174,54
568,174,58
569,174,70
570,174,111
571,174,118
572,174,107
573,174,80
490,175,109
491,175,110
492,175,110
493,175,498
494,175,915
495,175,994
496,175,1557
497,175,760
498,175,405
499,175,212
500,175,226
501,175,170
502,175,156
503,175,147
504,175,147
505,175,157
506,175,167
507,175,168
508,175,169
509,175,302
510,175,429
511,175,1061
512,175,1370
513,175,1741
514,175,1870
515,175,2196
516,175,2874
517,175,4766
518,175,4559
519,175,2782
520,175,2525
521,175,6826
522,175,7216
523,175,8793
524,175,13817
525,175,15225
526,175,16464
527,175,17268
528,175,13071
529,175,8579
530,175,16549
531,175,17169
532,175,16318
533,175,14519
534,175,14519
535,175,14796
536,175,12995
537,175,7363
538,175,5631
539,175,4726
540,175,2162
541,175,1729
542,175,1009
543,175,921
544,175,907
545,175,823
546,175,823
547,175,823
548,175,823
549,175,747
550,175,582
551,175,582
552,175,582
553,175,1142
554,175,1322
555,175,692
556,175,432
557,175,420
558,175,528
559,175,767
560,175,793
561,175,792
562,175,381
563,175,624
564,175,775
565,175,52
566,175,45
567,175,31
568,175,36
569,175,70
570,175,117
571,175,97
572,175,79
573,175,79
490,176,110
491,176,110
492,176,110
493,176,527
494,176,916
495,176,943
496,176,3466
497,176,773
498,176,643
499,176,308
500,176,230
501,176,160
502,176,158
503,176,153
504,176,159
505,176,168
506,176,168
507,176,168
508,176,250
509,176,332
510,176,772
511,176,1081
512,176,1081
513,176,1081
514,176,1081
515,176,1901
516,176,2238
517,176,3911
518,176,4185
519,176,3339
520,176,6053
521,176,3286
522,176,3436
523,176,12509
524,176,19996
525,176,19996
526,176,18768
527,176,17268
528,176,17088
529,176,13016
530,176,16740
531,176,17169
532,176,15252
533,176,14519
534,176,14519
535,176,16096
536,176,17104
537,176,13327
538,176,6550
539,176,6437
540,176,2976
541,176,2312
542,176,2302
543,176,3292
544,176,4049
545,176,1863
546,176,825
547,176,828
548,176,967
549,176,975
550,176,683
551,176,584
552,176,582
553,176,886
554,176,1322
555,176,885
556,176,353
557,176,266
558,176,254
559,176,438
560,176,782
561,176,1580
562,176,800
563,176,615
564,176,758
565,176,69
566,176,45
567,176,30
568,176,30
569,176,32
570,176,92
571,176,79
572,176,79
573,176,79
490,177,110
491,177,110
492,177,84
493,177,215
494,177,592
495,177,571
496,177,1590
497,177,747
498,177,344
499,177,308
500,177,170
501,177,162
502,177,149
503,177,156
504,177,143
505,177,168
506,177,168
507,177,191
508,177,387
509,177,262
510,177,362
511,177,1080
512,177,1081
513,177,1081
514,177,1185
515,177,1982
516,177,2203
517,177,2718
518,177,2483
519,177,6369
520,177,8642
521,177,4792
522,177,2957
523,177,15453
524,177,19996
525,177,19777
526,177,21820
527,177,19876
528,177,17982
529,177,16948
530,177,17169
531,177,18126
532,177,17303
533,177,14608
534,177,14519
535,177,16272
536,177,16975
537,177,13186
538,177,8383
539,177,8383
540,177,7517
541,177,2312
542,177,3175
543,177,5102
544,177,4644
545,177,4529
546,177,4031
547,177,1910
548,177,1467
549,177,1467
550,177,1467
551,177,1346
552,177,1018
553,177,713
554,177,1236
555,177,587
556,177,254
557,177,254
558,177,254
559,177,251
560,177,2219
561,177,2421
562,177,1208
563,177,544
564,177,784
565,177,190
566,177,47
567,177,31
568,177,30
569,177,30
570,177,65
571,177,79
572,177,79
573,177,79
490,178,110
491,178,96
492,178,53
493,178,103
494,178,213
495,178,188
496,178,1179
497,178,2137
498,178,900
499,178,687
500,178,147
501,178,197
502,178,148
503,178,122
504,178,145
505,178,408
506,178,384
507,178,321
508,178,404
509,178,332
510,178,200
511,178,1211
512,178,1807
513,178,1925
514,178,1262
515,178,2367
516,178,3054
517,178,4697
518,178,4807
519,178,6170
520,178,7663
521,178,8340
522,178,10997
523,178,13690
524,178,18881
525,178,18936
526,178,19296
527,178,22418
528,178,17161
529,178,14808
530,178,16532
531,178,22455
532,178,26150
533,178,29263
534,178,16852
535,178,17244
536,178,16708
537,178,14798
538,178,13715
539,178,8383
540,178,6409
541,178,2338
542,178,4626
543,178,5472
544,178,4644
545,178,4644
546,178,4644
547,178,2566
548,178,1467
549,178,1467
550,178,1467
551,178,1120
552,178,666
553,178,365
554,178,248
555,178,247
556,178,248
557,178,254
558,178,254
559,178,293
560,178,2367
561,178,2421
562,178,1013
563,178,486
564,178,784
565,178,239
566,178,46
567,178,31
568,178,30
569,178,30
570,178,51
571,178,79
572,178,79
573,178,79
490,179,135
491,179,103
492,179,75
493,179,80
494,179,127
495,179,613
496,179,1671
497,179,1973
498,179,1970
499,179,1897
500,179,233
501,179,207
502,179,156
503,179,122
504,179,122
505,179,506
506,179,652
507,179,811
508,179,404
509,179,346
510,179,715
511,179,2184
512,179,2443
513,179,2443
514,179,2434
515,179,3833
516,179,4823
517,179,4924
518,179,4901
519,179,5405
520,179,6314
521,179,9534
522,179,12656
523,179,12731
524,179,17826
525,179,18843
526,179,16330
527,179,17591
528,179,14555
529,179,13452
530,179,15907
531,179,61763
532,179,49349
533,179,18789
534,179,17315
535,179,17620
536,179,17394
537,179,15489
538,179,13150
539,179,8544
540,179,9967
541,179,7763
542,179,7658
543,179,6407
544,179,4774
545,179,4644
546,179,4644
547,179,2392
548,179,1467
549,179,1467
550,179,1467
551,179,409
552,179,53
553,179,63
554,179,96
555,179,99
556,179,99
557,179,187
558,179,254
559,179,249
560,179,420
561,179,1984
562,179,580
563,179,207
564,179,517
565,179,386
566,179,47
567,179,41
568,179,40
569,179,37
570,179,60
571,179,94
572,179,79
573,179,79
490,180,311
491,180,124
492,180,118
493,180,135
494,180,135
495,180,198
496,180,796
497,180,1909
498,180,1350
499,180,758
500,180,217
501,180,187
502,180,133
503,180,122
504,180,128
505,180,1036
506,180,1073
507,180,473
508,180,351
509,180,312
510,180,312
511,180,917
512,180,2413
513,180,2443
514,180,2864
515,180,4425
516,180,4911
517,180,4924
518,180,4924
519,180,5849
520,180,6321
521,180,7907
522,180,12680
523,180,13430
524,180,18843
525,180,21150
526,180,20827
527,180,16219
528,180,15079
529,180,19830
530,180,13825
531,180,15285
532,180,12248
533,180,12136
534,180,32250
535,180,21583
536,180,21380
537,180,15982
538,180,14346
539,180,12762
540,180,14033
541,180,14033
542,180,11643
543,180,8800
544,180,5467
545,180,4644
546,180,4644
547,180,2327
548,180,1467
549,180,1467
550,180,1260
551,180,186
552,180,129
553,180,54
554,180,61
555,180,91
556,180,99
557,180,99
558,180,132
559,180,235
560,180,242
561,180,606
562,180,310
563,180,85
564,180,85
565,180,84
566,180,46
567,180,46
568,180,49
569,180,105
570,180,172
571,180,174
572,180,135
573,180,83
490,181,326
491,181,135
492,181,126
493,181,135
494,181,135
495,181,186
496,181,323
497,181,396
498,181,102
499,181,96
500,181,203
501,181,180
502,181,122
503,181,122
504,181,238
505,181,535
506,181,796
507,181,264
508,181,302
509,181,312
510,181,312
511,181,312
512,181,1474
513,181,1781
514,181,2265
515,181,4588
516,181,4924
517,181,4924
518,181,4924
519,181,6064
520,181,6321
521,181,9460
522,181,12680
523,181,17151
524,181,19910
525,181,26501
526,181,26444
527,181,21618
528,181,19638
529,181,25395
530,181,24156
531,181,12997
532,181,10056
533,181,28496
534,181,47265
535,181,39172
536,181,32097
537,181,19014
538,181,15178
539,181,14171
540,181,14033
541,181,13878
542,181,10620
543,181,8168
544,181,4014
545,181,4101
546,181,2862
547,181,1974
548,181,907
549,181,392
550,181,331
551,181,193
552,181,144
553,181,99
554,181,84
555,181,112
556,181,99
557,181,99
558,181,106
559,181,181
560,181,140
561,181,207
562,181,85
563,181,85
564,181,85
565,181,77
566,181,50
567,181,47
568,181,91
569,181,182
570,181,182
571,181,181
572,181,159
573,181,66
490,182,302
491,182,115
492,182,125
493,182,135
494,182,135
495,182,181
496,182,184
497,182,111
498,182,94
499,182,54
500,182,154
501,182,179
502,182,122
503,182,122
504,182,512
505,182,852
506,182,325
507,182,264
508,182,306
509,182,312
510,182,290
511,182,250
512,182,418
513,182,428
514,182,599
515,182,2302
516,182,3109
517,182,4060
518,182,4342
519,182,6052
520,182,6654
521,182,8137
522,182,12098
523,182,15385
524,182,24548
525,182,24544
526,182,22300
527,182,20189
528,182,20132
529,182,20710
530,182,26705
531,182,40289
532,182,35076
533,182,43291
534,182,42884
535,182,40921
536,182,35887
537,182,15493
538,182,14355
539,182,14033
540,182,14033
541,182,12880
542,182,10247
543,182,8011
544,182,1861
545,182,1918
546,182,1861
547,182,1861
548,182,640
549,182,297
550,182,328
551,182,318
552,182,185
553,182,144
554,182,144
555,182,130
556,182,139
557,182,103
558,182,114
559,182,114
560,182,114
561,182,119
562,182,85
563,182,85
564,182,85
565,182,64
566,182,56
567,182,59
568,182,165
569,182,182
570,182,139
571,182,64
572,182,42
573,182,38
490,183,192
491,183,121
492,183,130
493,183,135
494,183,135
495,183,170
496,183,191
497,183,111
498,183,103
499,183,55
500,183,151
501,183,168
502,183,122
503,183,122
504,183,1014
505,183,2475
506,183,1021
507,183,264
508,183,267
509,183,218
510,183,94
511,183,82
512,183,77
513,183,84
514,183,100
515,183,100
516,183,44
517,183,304
518,183,814
519,183,1065
520,183,8260
521,183,8303
522,183,8515
523,183,8515
524,183,9429
525,183,11760
526,183,18066
527,183,17341
528,183,20075
529,183,20052
530,183,26989
531,183,28527
532,183,33303
533,183,39029
534,183,35372
535,183,35382
536,183,21360
537,183,14984
538,183,14035
539,183,14033
540,183,14033
541,183,11903
542,183,10247
543,183,8065
544,183,1861
545,183,1861
546,183,1861
547,183,1861
548,183,700
549,183,297
550,183,314
551,183,332
552,183,327
553,183,199
554,183,144
555,183,144
556,183,174
557,183,79
558,183,93
559,183,114
560,183,114
561,183,113
562,183,85
563,183,85
564,183,84
565,183,57
566,183,56
567,183,63
568,183,180
569,183,144
570,183,41
571,183,40
572,183,46
573,183,42
490,184,201
491,184,134
492,184,133
493,184,135
494,184,135
495,184,158
496,184,213
497,184,111
498,184,111
499,184,72
500,184,129
501,184,161
502,184,122
503,184,117
504,184,375
505,184,4084
506,184,710
507,184,264
508,184,179
509,184,75
510,184,216
511,184,162
512,184,80
513,184,78
514,184,97
515,184,100
516,184,146
517,184,448
518,184,586
519,184,1321
520,184,8437
521,184,8515
522,184,8515
523,184,8515
524,184,8683
525,184,9113
526,184,9130
527,184,10384
528,184,19866
529,184,20280
530,184,25749
531,184,25875
532,184,24905
533,184,18378
534,184,17411
535,184,16731
536,184,16461
537,184,15193
538,184,14033
539,184,14033
540,184,14033
541,184,10610
542,184,10247
543,184,6205
544,184,1891
545,184,1865
546,184,1861
547,184,1769
548,184,410
549,184,297
550,184,300
551,184,327
552,184,332
553,184,281
554,184,144
555,184,155
556,184,175
557,184,53
558,184,46
559,184,77
560,184,102
561,184,102
562,184,66
563,184,78
564,184,84
565,184,70
566,184,56
567,184,56
568,184,128
569,184,112
570,184,38
571,184,47
572,184,49
573,184,45
490,185,162
491,185,117
492,185,127
493,185,135
494,185,135
495,185,147
496,185,202
497,185,111
498,185,102
499,185,69
500,185,76
501,185,170
502,185,100
503,185,85
504,185,83
505,185,483
506,185,248
507,185,151
508,185,90
509,185,144
510,185,237
511,185,237
512,185,892
513,185,1252
514,185,143
515,185,675
516,185,535
517,185,586
518,185,586
519,185,586
520,185,7262
521,185,8515
522,185,8515
523,185,7498
524,185,6289
525,185,9130
526,185,9130
527,185,11611
528,185,20052
529,185,23601
530,185,25875
531,185,25875
532,185,22800
533,185,17218
534,185,16731
535,185,16731
536,185,16731
537,185,14589
538,185,14138
539,185,16084
540,185,14403
541,185,10914
542,185,10247
543,185,6528
544,185,2268
545,185,2198
546,185,2016
547,185,1490
548,185,297
549,185,297
550,185,297
551,185,307
552,185,332
553,185,331
554,185,245
555,185,185
556,185,155
557,185,59
558,185,61
559,185,95
560,185,95
561,185,58
562,185,56
563,185,65
564,185,69
565,185,70
566,185,57
567,185,72
568,185,146
569,185,50
570,185,44
571,185,55
572,185,71
573,185,110
490,186,120
491,186,79
492,186,109
493,186,134
494,186,135
495,186,135
496,186,124
497,186,57
498,186,40
499,186,47
500,186,72
501,186,165
502,186,83
503,186,83
504,186,84
505,186,187
506,186,141
507,186,82
508,186,116
509,186,214
510,186,237
511,186,237
512,186,1625
513,186,2048
514,186,1705
515,186,1891
516,186,586
517,186,586
518,186,586
519,186,391
520,186,3310
521,186,8356
522,186,8206
523,186,2580
524,186,1155
525,186,6070
526,186,9593
527,186,17261
528,186,20185
529,186,25849
530,186,25875
531,186,22482
532,186,16130
533,186,15262
534,186,16731
535,186,15642
536,186,13593
537,186,10724
538,186,10477
539,186,13810
540,186,3965
541,186,5965
542,186,6952
543,186,2436
544,186,2288
545,186,2288
546,186,2288
547,186,1241
548,186,297
549,186,307
550,186,297
551,186,309
552,186,332
553,186,332
554,186,332
555,186,227
556,186,146
557,186,62
558,186,87
559,186,181
560,186,172
561,186,87
562,186,36
563,186,55
564,186,65
565,186,47
566,186,63
567,186,78
568,186,78
569,186,62
570,186,67
571,186,139
572,186,133
573,186,99
490,187,318
491,187,272
492,187,142
493,187,126
494,187,135
495,187,136
496,187,93
497,187,31
498,187,57
499,187,144
500,187,187
501,187,147
502,187,83
503,187,83
504,187,93
505,187,132
506,187,132
507,187,150
508,187,236
509,187,237
510,187,237
511,187,280
512,187,455
513,187,1286
514,187,2138
515,187,1828
516,187,586
517,187,586
518,187,586
519,187,361
520,187,113
521,187,2435
522,187,2917
523,187,1150
524,187,1150
525,187,1428
526,187,6934
527,187,14001
528,187,12491
529,187,18992
530,187,20398
531,187,8308
532,187,14226
533,187,16230
534,187,15581
535,187,8234
536,187,9363
537,187,10472
538,187,10477
539,187,10477
540,187,3213
541,187,2111
542,187,2264
543,187,2288
544,187,2288
545,187,2288
546,187,2288
547,187,1410
548,187,338
549,187,656
550,187,629
551,187,434
552,187,332
553,187,332
554,187,332
555,187,307
556,187,167
557,187,63
558,187,127
559,187,181
560,187,159
561,187,85
562,187,26
563,187,47
564,187,35
565,187,29
566,187,65
567,187,78
568,187,63
569,187,43
570,187,78
571,187,133
572,187,135
573,187,102
490,188,318
491,188,318
492,188,284
493,188,171
494,188,138
495,188,138
496,188,111
497,188,45
498,188,101
499,188,187
500,188,187
501,188,185
502,188,87
503,188,83
504,188,107
505,188,132
506,188,132
507,188,193
508,188,237
509,188,237
510,188,237
511,188,342
512,188,455
513,188,543
514,188,1511
515,188,2334
516,188,2118
517,188,935
518,188,908
519,188,230
520,188,126
521,188,979
522,188,1150
523,188,1150
524,188,1150
525,188,1794
526,188,3153
527,188,6210
528,188,7060
529,188,7060
530,188,7060
531,188,8241
532,188,11510
533,188,11808
534,188,9723
535,188,7016
536,188,7016
537,188,7876
538,188,9810
539,188,9357
540,188,2209
541,188,2204
542,188,2288
543,188,2288
544,188,2288
545,188,2288
546,188,2288
547,188,1803
548,188,455
549,188,745
550,188,745
551,188,692
552,188,575
553,188,347
554,188,332
555,188,324
556,188,187
557,188,73
558,188,146
559,188,181
560,188,151
561,188,57
562,188,25
563,188,57
564,188,39
565,188,28
566,188,41
567,188,70
568,188,55
569,188,37
570,188,72
571,188,76
572,188,118
573,188,102
490,189,315
491,189,318
492,189,262
493,189,138
494,189,138
495,189,138
496,189,137
497,189,121
498,189,141
499,189,165
500,189,171
501,189,186
502,189,100
503,189,83
504,189,120
505,189,132
506,189,134
507,189,220
508,189,237
509,189,237
510,189,238
511,189,414
512,189,455
513,189,455
514,189,793
515,189,2431
516,189,593
517,189,1706
518,189,1927
519,189,115
520,189,308
521,189,1101
522,189,1150
523,189,1218
524,189,2370
525,189,2873
526,189,2961
527,189,4944
528,189,7060
529,189,7194
530,189,7196
531,189,8853
532,189,11499
533,189,11499
534,189,11107
535,189,7112
536,189,7016
537,189,7016
538,189,7047
539,189,5773
540,189,2087
541,189,2195
542,189,2288
543,189,2288
544,189,2288
545,189,2288
546,189,2288
547,189,2037
548,189,494
549,189,745
550,189,745
551,189,745
552,189,745
553,189,502
554,189,332
555,189,278
556,189,185
557,189,87
558,189,154
559,189,168
560,189,134
561,189,35
562,189,23
563,189,64
564,189,40
565,189,27
566,189,34
567,189,78
568,189,81
569,189,84
570,189,84
571,189,75
572,189,80
573,189,98
490,190,182
491,190,304
492,190,249
493,190,138
494,190,138
495,190,138
496,190,143
497,190,146
498,190,151
499,190,158
500,190,158
501,190,162
502,190,120
503,190,60
504,190,131
505,190,132
506,190,132
507,190,215
508,190,237
509,190,237
510,190,306
511,190,455
512,190,455
513,190,435
514,190,616
515,190,1084
516,190,243
517,190,304
518,190,278
519,190,260
520,190,998
521,190,1150
522,190,1150
523,190,1155
524,190,2855
525,190,2961
526,190,2961
527,190,4988
528,190,5747
529,190,7654
530,190,7657
531,190,7733
532,190,11106
533,190,11499
534,190,11499
535,190,8804
536,190,7016
537,190,7016
538,190,7016
539,190,4474
540,190,2032
541,190,2030
542,190,2227
543,190,2288
544,190,2288
545,190,2288
546,190,2288
547,190,1034
548,190,397
549,190,745
550,190,745
551,190,745
552,190,745
553,190,570
554,190,347
555,190,231
556,190,185
557,190,156
558,190,174
559,190,148
560,190,119
561,190,30
562,190,32
563,190,68
564,190,35
565,190,35
566,190,50
567,190,99
568,190,96
569,190,93
570,190,85
571,190,75
572,190,59
573,190,62
490,191,126
491,191,246
492,191,93
493,191,134
494,191,138
495,191,138
496,191,113
497,191,116
498,191,118
499,191,137
500,191,158
501,191,157
502,191,70
503,191,61
504,191,132
505,191,132
506,191,108
507,191,160
508,191,211
509,191,232
510,191,281
511,191,438
512,191,455
513,191,401
514,191,232
515,191,232
516,191,300
517,191,294
518,191,260
519,191,549
520,191,1150
521,191,1150
522,191,1150
523,191,1150
524,191,1694
525,191,2913
526,191,2959
527,191,3399
528,191,3905
529,191,6566
530,191,5716
531,191,6296
532,191,8906
533,191,9273
534,191,9866
535,191,8133
536,191,4928
537,191,5906
538,191,6998
539,191,5848
540,191,2034
541,191,2030
542,191,1997
543,191,1411
544,191,1463
545,191,2026
546,191,1540
547,191,300
548,191,286
549,191,355
550,191,650
551,191,639
552,191,745
553,191,745
554,191,578
555,191,292
556,191,259
557,191,272
558,191,264
559,191,156
560,191,90
561,191,36
562,191,58
563,191,68
564,191,62
565,191,51
566,191,55
567,191,123
568,191,130
569,191,134
570,191,95
571,191,63
572,191,51
573,191,56
490,192,119
491,192,101
492,192,90
493,192,92
494,192,134
495,192,138
496,192,112
497,192,109
498,192,117
499,192,127
500,192,158
501,192,137
502,192,53
503,192,64
504,192,129
505,192,85
506,192,53
507,192,53
508,192,53
509,192,86
510,192,155
511,192,169
512,192,275
513,192,305
514,192,232
515,192,243
516,192,311
517,192,271
518,192,209
519,192,211
520,192,1113
521,192,1150
522,192,1150
523,192,1150
524,192,1121
525,192,2135
526,192,2738
527,192,2507
528,192,2313
529,192,2304
530,192,2304
531,192,2626
532,192,4041
533,192,4041
534,192,4041
535,192,3648
536,192,941
537,192,708
538,192,3067
539,192,6130
540,192,2137
541,192,1825
542,192,617
543,192,165
544,192,165
545,192,193
546,192,292
547,192,297
548,192,233
549,192,47
550,192,99
551,192,102
552,192,474
553,192,743
554,192,118
555,192,59
556,192,274
557,192,308
558,192,374
559,192,212
560,192,182
561,192,71
562,192,70
563,192,70
564,192,65
565,192,51
566,192,88
567,192,119
568,192,141
569,192,141
570,192,81
571,192,48
572,192,52
573,192,56
490,193,116
491,193,90
492,193,90
493,193,90
494,193,126
495,193,111
496,193,102
497,193,111
498,193,117
499,193,137
500,193,158
501,193,113
502,193,53
503,193,133
504,193,854
505,193,269
506,193,264
507,193,53
508,193,54
509,193,141
510,193,155
511,193,155
512,193,172
513,193,512
514,193,427
515,193,272
516,193,293
517,193,237
518,193,157
519,193,154
520,193,837
521,193,1150
522,193,759
523,193,247
524,193,326
525,193,542
526,193,2604
527,193,2221
528,193,1290
529,193,1930
530,193,2304
531,193,2326
532,193,3748
533,193,4041
534,193,4041
535,193,4041
536,193,2802
537,193,708
538,193,708
539,193,1267
540,193,1885
541,193,1447
542,193,610
543,193,165
544,193,165
545,193,165
546,193,165
547,193,186
548,193,113
549,193,46
550,193,46
551,193,47
552,193,89
553,193,385
554,193,37
555,193,141
556,193,296
557,193,308
558,193,2285
559,193,2310
560,193,215
561,193,106
562,193,120
563,193,169
564,193,169
565,193,100
566,193,122
567,193,135
568,193,141
569,193,129
570,193,44
571,193,52
572,193,52
573,193,51
490,194,103
491,194,90
492,194,90
493,194,87
494,194,78
495,194,78
496,194,81
497,194,131
498,194,119
499,194,117
500,194,147
501,194,145
502,194,58
503,194,63
504,194,640
505,194,1562
506,194,1052
507,194,88
508,194,120
509,194,554
510,194,658
511,194,2418
512,194,1433
513,194,574
514,194,574
515,194,435
516,194,254
517,194,208
518,194,154
519,194,154
520,194,664
521,194,1075
522,194,514
523,194,148
524,194,148
525,194,766
526,194,2365
527,194,1578
528,194,1324
529,194,2034
530,194,2304
531,194,2304
532,194,3683
533,194,4041
534,194,4041
535,194,4041
536,194,2558
537,194,708
538,194,708
539,194,710
540,194,1139
541,194,995
542,194,581
543,194,181
544,194,165
545,194,165
546,194,147
547,194,81
548,194,74
549,194,45
550,194,45
551,194,45
552,194,42
553,194,39
554,194,38
555,194,274
556,194,308
557,194,308
558,194,1488
559,194,1318
560,194,230
561,194,259
562,194,265
563,194,265
564,194,255
565,194,110
566,194,91
567,194,131
568,194,141
569,194,94
570,194,46
571,194,52
572,194,52
573,194,51
490,195,91
491,195,90
492,195,94
493,195,110
494,195,80
495,195,83
496,195,114
497,195,137
498,195,128
499,195,117
500,195,121
501,195,177
502,195,216
503,195,246
504,195,245
505,195,268
506,195,986
507,195,740
508,195,671
509,195,5015
510,195,5220
511,195,5273
512,195,1633
513,195,574
514,195,567
515,195,214
516,195,159
517,195,184
518,195,294
519,195,273
520,195,304
521,195,188
522,195,133
523,195,740
524,195,1194
525,195,945
526,195,1294
527,195,1264
528,195,1719
529,195,2268
530,195,2208
531,195,1668
532,195,2923
533,195,2792
534,195,2407
535,195,1896
536,195,1125
537,195,412
538,195,492
539,195,409
540,195,265
541,195,338
542,195,338
543,195,299
544,195,231
545,195,168
546,195,114
547,195,81
548,195,78
549,195,46
550,195,45
551,195,45
552,195,41
553,195,41
554,195,124
555,195,308
556,195,308
557,195,308
558,195,304
559,195,235
560,195,230
561,195,226
562,195,189
563,195,141
564,195,92
565,195,56
566,195,69
567,195,85
568,195,125
569,195,63
570,195,47
571,195,52
572,195,51
573,195,50
490,196,96
491,196,92
492,196,110
493,196,137
494,196,124
495,196,123
496,196,137
497,196,137
498,196,133
499,196,118
500,196,116
501,196,138
502,196,157
503,196,252
504,196,252
505,196,96
506,196,69
507,196,86
508,196,136
509,196,1362
510,196,4779
511,196,4080
512,196,574
513,196,574
514,196,415
515,196,156
516,196,156
517,196,172
518,196,237
519,196,300
520,196,313
521,196,96
522,196,51
523,196,2445
524,196,3069
525,196,1261
526,196,994
527,196,1029
528,196,1964
529,196,1896
530,196,1329
531,196,1142
532,196,1142
533,196,1142
534,196,1142
535,196,1142
536,196,1142
537,196,503
538,196,153
539,196,153
540,196,161
541,196,337
542,196,338
543,196,338
544,196,338
545,196,223
546,196,87
547,196,81
548,196,81
549,196,55
550,196,45
551,196,42
552,196,41
553,196,41
554,196,41
555,196,125
556,196,244
557,196,308
558,196,191
559,196,199
560,196,224
561,196,183
562,196,56
563,196,56
564,196,56
565,196,56
566,196,73
567,196,81
568,196,81
569,196,51
570,196,50
571,196,52
572,196,51
573,196,46
490,197,101
491,197,101
492,197,115
493,197,137
494,197,137
495,197,137
496,197,137
497,197,137
498,197,137
499,197,103
500,197,63
501,197,50
502,197,75
503,197,219
504,197,128
505,197,55
506,197,139
507,197,155
508,197,155
509,197,155
510,197,3483
511,197,1120
512,197,574
513,197,382
514,197,156
515,197,156
516,197,156
517,197,156
518,197,156
519,197,133
520,197,233
521,197,78
522,197,74
523,197,678
524,197,2285
525,197,669
526,197,994
527,197,1131
528,197,1226
529,197,1396
530,197,1142
531,197,1142
532,197,1142
533,197,1142
534,197,1142
535,197,1142
536,197,1142
537,197,507
538,197,153
539,197,153
540,197,153
541,197,305
542,197,338
543,197,338
544,197,338
545,197,186
546,197,119
547,197,73
548,197,55
549,197,57
550,197,36
551,197,35
552,197,41
553,197,41
554,197,41
555,197,41
556,197,64
557,197,136
558,197,44
559,197,44
560,197,133
561,197,210
562,197,60
563,197,56
564,197,56
565,197,56
566,197,71
567,197,63
568,197,62
569,197,55
570,197,52
571,197,46
572,197,47
573,197,42
490,198,101
491,198,101
492,198,104
493,198,131
494,198,137
495,198,137
496,198,137
497,198,137
498,198,137
499,198,75
500,198,50
501,198,50
502,198,51
503,198,90
504,198,65
505,198,105
506,198,155
507,198,156
508,198,155
509,198,155
510,198,3661
511,198,1372
512,198,265
513,198,157
514,198,156
515,198,156
516,198,156
517,198,156
518,198,148
519,198,72
520,198,95
521,198,52
522,198,95
523,198,118
524,198,119
525,198,270
526,198,975
527,198,1142
528,198,1142
529,198,1142
530,198,1142
531,198,1142
532,198,1142
533,198,1142
534,198,1142
535,198,1142
536,198,1142
537,198,336
538,198,153
539,198,153
540,198,153
541,198,200
542,198,321
543,198,325
544,198,197
545,198,125
546,198,99
547,198,29
548,198,22
549,198,23
550,198,32
551,198,43
552,198,48
553,198,41
554,198,41
555,198,41
556,198,50
557,198,48
558,198,44
559,198,45
560,198,50
561,198,94
562,198,56
563,198,79
564,198,92
565,198,90
566,198,77
567,198,64
568,198,56
569,198,57
570,198,42
571,198,36
572,198,36
573,198,36
490,199,103
491,199,104
492,199,101
493,199,128
494,199,135
495,199,234
496,199,314
497,199,294
498,199,126
499,199,51
500,199,49
501,199,49
502,199,105
503,199,109
504,199,119
505,199,155
506,199,174
507,199,182
508,199,175
509,199,160
510,199,195
511,199,155
512,199,155
513,199,119
514,199,98
515,199,146
516,199,156
517,199,154
518,199,84
519,199,88
520,199,88
521,199,41
522,199,116
523,199,118
524,199,118
525,199,118
526,199,365
527,199,1142
528,199,1142
529,199,1142
530,199,1142
531,199,1142
532,199,1142
533,199,1142
534,199,1104
535,199,1131
536,199,1050
537,199,509
538,199,153
539,199,153
540,199,153
541,199,153
542,199,172
543,199,163
544,199,125
545,199,125
546,199,67
547,199,29
548,199,24
549,199,26
550,199,32
551,199,45
552,199,48
553,199,44
554,199,44
555,199,52
556,199,55
557,199,53
558,199,50
559,199,58
560,199,59
561,199,77
562,199,87
563,199,113
564,199,113
565,199,112
566,199,91
567,199,80
568,199,70
569,199,59
570,199,39
571,199,38
572,199,38
573,199,39
490,200,108
491,200,108
492,200,93
493,200,44
494,200,40
495,200,409
496,200,708
497,200,545
498,200,50
499,200,50
500,200,51
501,200,49
502,200,100
503,200,116
504,200,151
505,200,169
506,200,180
507,200,182
508,200,182
509,200,181
510,200,155
511,200,155
512,200,107
513,200,83
514,200,64
515,200,64
516,200,139
517,200,134
518,200,80
519,200,95
520,200,72
521,200,55
522,200,118
523,200,118
524,200,118
525,200,118
526,200,159
527,200,1140
528,200,946
529,200,1021
530,200,915
531,200,697
532,200,678
533,200,531
534,200,371
535,200,393
536,200,366
537,200,205
538,200,153
539,200,153
540,200,153
541,200,153
542,200,153
543,200,106
544,200,71
545,200,120
546,200,51
547,200,37
548,200,24
549,200,27
550,200,34
551,200,48
552,200,48
553,200,48
554,200,51
555,200,55
556,200,55
557,200,53
558,200,53
559,200,60
560,200,59
561,200,103
562,200,113
563,200,113
564,200,113
565,200,106
566,200,75
567,200,74
568,200,61
569,200,55
570,200,46
571,200,38
572,200,38
573,200,38
490,201,109
491,201,109
492,201,57
493,201,35
494,201,208
495,201,1363
496,201,1345
497,201,479
498,201,50
499,201,50
500,201,67
501,201,68
502,201,95
503,201,144
504,201,155
505,201,157
506,201,155
507,201,166
508,201,182
509,201,182
510,201,155
511,201,155
512,201,85
513,201,64
514,201,64
515,201,64
516,201,69
517,201,81
518,201,95
519,201,95
520,201,78
521,201,69
522,201,118
523,201,118
524,201,118
525,201,118
526,201,182
527,201,514
528,201,49
529,201,49
530,201,54
531,201,335
532,201,366
533,201,366
534,201,366
535,201,366
536,201,366
537,201,199
538,201,153
539,201,153
540,201,153
541,201,153
542,201,151
543,201,47
544,201,73
545,201,662
546,201,680
547,201,371
548,201,29
549,201,27
550,201,41
551,201,48
552,201,48
553,201,48
554,201,51
555,201,61
556,201,54
557,201,53
558,201,62
559,201,62
560,201,70
561,201,113
562,201,109
563,201,108
564,201,113
565,201,113
566,201,88
567,201,74
568,201,139
569,201,171
570,201,114
571,201,94
572,201,43
573,201,84
490,202,109
491,202,109
492,202,46
493,202,35
494,202,110
495,202,1297
496,202,1357
497,202,214
498,202,50
499,202,60
500,202,75
501,202,75
502,202,83
503,202,152
504,202,155
505,202,155
506,202,155
507,202,164
508,202,182
509,202,182
510,202,94
511,202,88
512,202,64
513,202,64
514,202,64
515,202,64
516,202,97
517,202,82
518,202,95
519,202,95
520,202,63
521,202,48
522,202,116
523,202,116
524,202,112
525,202,106
526,202,91
527,202,52
528,202,49
529,202,49
530,202,51
531,202,365
532,202,366
533,202,366
534,202,366
535,202,366
536,202,366
537,202,256
538,202,153
539,202,153
540,202,153
541,202,153
542,202,146
543,202,45
544,202,138
545,202,685
546,202,688
547,202,502
548,202,32
549,202,30
550,202,48
551,202,46
552,202,42
553,202,39
554,202,77
555,202,316
556,202,71
557,202,64
558,202,65
559,202,63
560,202,59
561,202,66
562,202,78
563,202,78
564,202,95
565,202,84
566,202,75
567,202,74
568,202,169
569,202,1030
570,202,175
571,202,167
572,202,160
573,202,167
490,203,109
491,203,104
492,203,36
493,203,35
494,203,35
495,203,471
496,203,395
497,203,46
498,203,46
499,203,53
500,203,73
501,203,75
502,203,75
503,203,96
504,203,215
505,203,155
506,203,155
507,203,174
508,203,182
509,203,177
510,203,65
511,203,64
512,203,64
513,203,64
514,203,64
515,203,64
516,203,284
517,203,309
518,203,133
519,203,75
520,203,39
521,203,70
522,203,99
523,203,100
524,203,99
525,203,99
526,203,99
527,203,63
528,203,49
529,203,49
530,203,129
531,203,366
532,203,366
533,203,366
534,203,366
535,203,366
536,203,366
537,203,232
538,203,153
539,203,153
540,203,153
541,203,153
542,203,74
543,203,44
544,203,147
545,203,331
546,203,128
547,203,92
548,203,50
549,203,55
550,203,49
551,203,46
552,203,41
553,203,42
554,203,269
555,203,623
556,203,77
557,203,65
558,203,65
559,203,65
560,203,61
561,203,67
562,203,77
563,203,77
564,203,77
565,203,76
566,203,75
567,203,77
568,203,103
569,203,1131
570,203,747
571,203,167
572,203,167
573,203,167
490,204,221
491,204,79
492,204,35
493,204,35
494,204,35
495,204,38
496,204,41
497,204,44
498,204,44
499,204,44
500,204,45
501,204,69
502,204,75
503,204,75
504,204,353
505,204,211
506,204,159
507,204,181
508,204,182
509,204,164
510,204,57
511,204,57
512,204,59
513,204,64
514,204,64
515,204,164
516,204,369
517,204,369
518,204,187
519,204,37
520,204,49
521,204,98
522,204,99
523,204,99
524,204,99
525,204,99
526,204,99
527,204,83
528,204,65
529,204,82
530,204,153
531,204,365
532,204,366
533,204,366
534,204,366
535,204,366
536,204,366
537,204,232
538,204,107
539,204,78
540,204,119
541,204,110
542,204,47
543,204,44
544,204,44
545,204,44
546,204,51
547,204,78
548,204,83
549,204,83
550,204,71
551,204,65
552,204,51
553,204,46
554,204,81
555,204,250
556,204,60
557,204,51
558,204,48
559,204,47
560,204,42
561,204,67
562,204,77
563,204,77
564,204,77
565,204,77
566,204,77
567,204,77
568,204,91
569,204,1052
570,204,1357
571,204,467
572,204,167
573,204,151
490,205,83
491,205,78
492,205,44
493,205,35
494,205,42
495,205,71
496,205,44
497,205,44
498,205,64
499,205,51
500,205,44
501,205,66
502,205,75
503,205,78
504,205,423
505,205,441
506,205,261
507,205,182
508,205,182
509,205,72
510,205,33
511,205,33
512,205,35
513,205,44
514,205,64
515,205,154
516,205,369
517,205,369
518,205,329
519,205,167
520,205,98
521,205,99
522,205,99
523,205,99
524,205,100
525,205,100
526,205,101
527,205,98
528,205,91
529,205,101
530,205,101
531,205,268
532,205,356
533,205,355
534,205,355
535,205,343
536,205,297
537,205,127
538,205,55
539,205,55
540,205,55
541,205,55
542,205,54
543,205,50
544,205,44
545,205,44
546,205,57
547,205,83
548,205,83
549,205,83
550,205,82
551,205,66
552,205,48
553,205,46
554,205,73
555,205,81
556,205,61
557,205,59
558,205,56
559,205,45
560,205,44
561,205,43
562,205,63
563,205,72
564,205,77
565,205,77
566,205,77
567,205,77
568,205,87
569,205,551
570,205,1372
571,205,1018
572,205,167
573,205,161
490,206,78
491,206,77
492,206,76
493,206,56
494,206,75
495,206,80
496,206,55
497,206,46
498,206,316
499,206,778
500,206,80
501,206,100
502,206,291
503,206,342
504,206,446
505,206,446
506,206,441
507,206,329
508,206,129
509,206,33
510,206,33
511,206,33
512,206,33
513,206,656
514,206,3581
515,206,2794
516,206,369
517,206,369
518,206,369
519,206,369
520,206,369
521,206,198
522,206,99
523,206,100
524,206,101
525,206,101
526,206,98
527,206,68
528,206,63
529,206,70
530,206,66
531,206,105
532,206,148
533,206,153
534,206,185
535,206,155
536,206,97
537,206,79
538,206,56
539,206,55
540,206,55
541,206,56
542,206,68
543,206,60
544,206,59
545,206,51
546,206,47
547,206,69
548,206,83
549,206,116
550,206,68
551,206,73
552,206,53
553,206,56
554,206,67
555,206,62
556,206,55
557,206,55
558,206,46
559,206,43
560,206,40
561,206,43
562,206,37
563,206,37
564,206,69
565,206,77
566,206,77
567,206,77
568,206,87
569,206,705
570,206,1372
571,206,1371
572,206,808
573,206,76
490,207,78
491,207,94
492,207,96
493,207,209
494,207,196
495,207,99
496,207,85
497,207,176
498,207,1635
499,207,1544
500,207,148
501,207,90
502,207,392
503,207,446
504,207,446
505,207,446
506,207,446
507,207,446
508,207,332
509,207,33
510,207,33
511,207,33
512,207,33
513,207,1548
514,207,4300
515,207,3920
516,207,375
517,207,369
518,207,369
519,207,369
520,207,369
521,207,200
522,207,101
523,207,101
524,207,101
525,207,101
526,207,72
527,207,63
528,207,62
529,207,61
530,207,43
531,207,45
532,207,71
533,207,63
534,207,61
535,207,65
536,207,192
537,207,501
538,207,294
539,207,73
540,207,84
541,207,85
542,207,79
543,207,61
544,207,61
545,207,73
546,207,58
547,207,84
548,207,110
549,207,143
550,207,30
551,207,46
552,207,50
553,207,65
554,207,67
555,207,61
556,207,55
557,207,53
558,207,44
559,207,44
560,207,45
561,207,44
562,207,37
563,207,37
564,207,37
565,207,54
566,207,76
567,207,77
568,207,77
569,207,943
570,207,1372
571,207,1372
572,207,746
573,207,50
490,208,86
491,208,101
492,208,218
493,208,254
494,208,158
495,208,97
496,208,85
497,208,401
498,208,1370
499,208,1047
500,208,132
501,208,82
502,208,283
503,208,446
504,208,446
505,208,446
506,208,446
507,208,446
508,208,353
509,208,67
510,208,76
511,208,52
512,208,33
513,208,42
514,208,902
515,208,744
516,208,112
517,208,208
518,208,360
519,208,369
520,208,369
521,208,339
522,208,118
523,208,101
524,208,101
525,208,86
526,208,63
527,208,63
528,208,62
529,208,61
530,208,47
531,208,45
532,208,54
533,208,30
534,208,22
535,208,48
536,208,749
537,208,830
538,208,742
539,208,111
540,208,92
541,208,94
542,208,82
543,208,61
544,208,64
545,208,98
546,208,60
547,208,150
548,208,187
549,208,88
550,208,37
551,208,40
552,208,48
553,208,46
554,208,44
555,208,53
556,208,55
557,208,46
558,208,44
559,208,40
560,208,38
561,208,43
562,208,37
563,208,37
564,208,37
565,208,37
566,208,62
567,208,75
568,208,74
569,208,391
570,208,377
571,208,165
572,208,208
573,208,50
490,209,77
491,209,159
492,209,254
493,209,230
494,209,105
495,209,96
496,209,82
497,209,119
498,209,120
499,209,37
500,209,37
501,209,42
502,209,64
503,209,132
504,209,305
505,209,446
506,209,446
507,209,446
508,209,263
509,209,109
510,209,109
511,209,109
512,209,63
513,209,33
514,209,33
515,209,82
516,209,91
517,209,91
518,209,156
519,209,215
520,209,210
521,209,198
522,209,102
523,209,101
524,209,101
525,209,82
526,209,66
527,209,71
528,209,62
529,209,61
530,209,50
531,209,42
532,209,56
533,209,46
534,209,47
535,209,86
536,209,649
537,209,741
538,209,668
539,209,109
540,209,94
541,209,94
542,209,83
543,209,60
544,209,79
545,209,104
546,209,62
547,209,186
548,209,187
549,209,168
550,209,75
551,209,52
552,209,52
553,209,40
554,209,28
555,209,43
556,209,44
557,209,39
558,209,37
559,209,22
560,209,22
561,209,26
562,209,37
563,209,37
564,209,37
565,209,37
566,209,40
567,209,45
568,209,56
569,209,125
570,209,129
571,209,88
572,209,50
573,209,53
490,210,68
491,210,212
492,210,254
493,210,174
494,210,104
495,210,98
496,210,86
497,210,41
498,210,37
499,210,37
500,210,46
501,210,48
502,210,46
503,210,45
504,210,210
505,210,348
506,210,415
507,210,395
508,210,146
509,210,109
510,210,109
511,210,109
512,210,82
513,210,33
514,210,35
515,210,87
516,210,91
517,210,91
518,210,91
519,210,100
520,210,101
521,210,101
522,210,101
523,210,101
524,210,101
525,210,101
526,210,101
527,210,91
528,210,63
529,210,62
530,210,58
531,210,42
532,210,53
533,210,48
534,210,65
535,210,216
536,210,218
537,210,219
538,210,174
539,210,136
540,210,117
541,210,89
542,210,84
543,210,46
544,210,69
545,210,93
546,210,49
547,210,187
548,210,187
549,210,187
550,210,115
551,210,56
552,210,54
553,210,46
554,210,30
555,210,32
556,210,34
557,210,37
558,210,38
559,210,34
560,210,32
561,210,36
562,210,37
563,210,37
564,210,38
565,210,40
566,210,45
567,210,45
568,210,69
569,210,127
570,210,129
571,210,113
572,210,83
573,210,56
490,211,49
491,211,250
492,211,254
493,211,241
494,211,155
495,211,92
496,211,91
497,211,65
498,211,37
499,211,42
500,211,55
501,211,50
502,211,47
503,211,45
504,211,45
505,211,45
506,211,66
507,211,143
508,211,78
509,211,83
510,211,109
511,211,99
512,211,93
513,211,78
514,211,94
515,211,105
516,211,91
517,211,91
518,211,91
519,211,98
520,211,101
521,211,101
522,211,101
523,211,101
524,211,101
525,211,101
526,211,92
527,211,64
528,211,62
529,211,62
530,211,62
531,211,59
532,211,829
533,211,108
534,211,68
535,211,335
536,211,153
537,211,155
538,211,142
539,211,145
540,211,144
541,211,77
542,211,45
543,211,39
544,211,62
545,211,67
546,211,54
547,211,186
548,211,187
549,211,187
550,211,67
551,211,58
552,211,58
553,211,58
554,211,43
555,211,32
556,211,32
557,211,32
558,211,37
559,211,39
560,211,38
561,211,55
562,211,55
563,211,54
564,211,56
565,211,45
566,211,45
567,211,52
568,211,103
569,211,129
570,211,106
571,211,77
572,211,67
573,211,61
490,212,51
491,212,184
492,212,253
493,212,254
494,212,215
495,212,91
496,212,91
497,212,89
498,212,46
499,212,53
500,212,55
501,212,54
502,212,45
503,212,45
504,212,45
505,212,45
506,212,45
507,212,45
508,212,50
509,212,84
510,212,94
511,212,59
512,212,39
513,212,387
514,212,254
515,212,136
516,212,116
517,212,107
518,212,94
519,212,99
520,212,101
521,212,101
522,212,101
523,212,101
524,212,101
525,212,78
526,212,55
527,212,54
528,212,54
529,212,34
530,212,28
531,212,320
532,212,2257
533,212,1358
534,212,178
535,212,355
536,212,220
537,212,218
538,212,156
539,212,145
540,212,106
541,212,60
542,212,45
543,212,44
544,212,56
545,212,99
546,212,152
547,212,185
548,212,168
549,212,166
550,212,82
551,212,68
552,212,56
553,212,58
554,212,45
555,212,33
556,212,33
557,212,36
558,212,42
559,212,42
560,212,37
561,212,49
562,212,57
563,212,57
564,212,50
565,212,45
566,212,51
567,212,66
568,212,68
569,212,74
570,212,69
571,212,69
572,212,69
573,212,67
490,213,48
491,213,83
492,213,216
493,213,230
494,213,181
495,213,85
496,213,84
497,213,66
498,213,55
499,213,55
500,213,53
501,213,32
502,213,33
503,213,45
504,213,45
505,213,45
506,213,45
507,213,45
508,213,80
509,213,108
510,213,40
511,213,27
512,213,32
513,213,832
514,213,760
515,213,136
516,213,136
517,213,136
518,213,109
519,213,91
520,213,93
521,213,89
522,213,95
523,213,78
524,213,67
525,213,47
526,213,44
527,213,44
528,213,31
529,213,23
530,213,26
531,213,334
532,213,2014
533,213,1756
534,213,1448
535,213,823
536,213,695
537,213,102
538,213,132
539,213,124
540,213,128
541,213,61
542,213,55
543,213,43
544,213,59
545,213,51
546,213,154
547,213,215
548,213,151
549,213,105
550,213,105
551,213,70
552,213,47
553,213,48
554,213,44
555,213,33
556,213,33
557,213,34
558,213,44
559,213,43
560,213,36
561,213,35
562,213,38
563,213,53
564,213,47
565,213,68
566,213,78
567,213,68
568,213,68
569,213,68
570,213,68
571,213,69
572,213,65
573,213,56
