xv,yv,rho
490,148,38
491,148,35
492,148,33
493,148,30
494,148,33
495,148,61
496,148,87
497,148,146
498,148,155
499,148,130
500,148,108
501,148,79
502,148,37
503,148,45
504,148,57
505,148,57
506,148,56
507,148,55
508,148,55
509,148,46
510,148,28
511,148,44
512,148,70
513,148,147
514,148,147
515,148,147
516,148,147
517,148,147
518,148,147
519,148,103
520,148,85
521,148,85
522,148,48
523,148,7
524,148,0
525,148,0
526,148,0
527,148,0
528,148,4
529,148,53
530,148,66
531,148,62
532,148,53
533,148,67
534,148,66
535,148,60
536,148,60
537,148,41
538,148,36
539,148,48
540,148,63
541,148,67
542,148,74
543,148,79
544,148,81
545,148,81
546,148,72
547,148,61
548,148,57
549,148,55
550,148,55
551,148,55
552,148,85
553,148,73
554,148,248
555,148,272
556,148,272
557,148,272
558,148,272
559,148,262
560,148,108
561,148,106
562,148,106
563,148,106
564,148,110
565,148,175
566,148,176
567,148,175
568,148,115
569,148,112
570,148,110
571,148,93
572,148,81
573,148,90
490,149,76
491,149,59
492,149,39
493,149,27
494,149,35
495,149,72
496,149,154
497,149,155
498,149,155
499,149,2333
500,149,1202
501,149,212
502,149,39
503,149,46
504,149,57
505,149,57
506,149,55
507,149,55
508,149,56
509,149,51
510,149,30
511,149,45
512,149,87
513,149,147
514,149,147
515,149,147
516,149,147
517,149,147
518,149,147
519,149,101
520,149,85
521,149,85
522,149,37
523,149,1
524,149,553
525,149,466
526,149,426
527,149,366
528,149,1
529,149,65
530,149,66
531,149,66
532,149,67
533,149,67
534,149,65
535,149,60
536,149,54
537,149,39
538,149,58
539,149,70
540,149,70
541,149,69
542,149,72
543,149,89
544,149,90
545,149,90
546,149,78
547,149,64
548,149,67
549,149,90
550,149,70
551,149,77
552,149,179
553,149,111
554,149,211
555,149,255
556,149,111
557,149,208
558,149,272
559,149,160
560,149,106
561,149,106
562,149,106
563,149,106
564,149,117
565,149,164
566,149,176
567,149,160
568,149,123
569,149,112
570,149,106
571,149,95
572,149,95
573,149,122
490,150,103
491,150,103
492,150,102
493,150,88
494,150,68
495,150,70
496,150,83
497,150,133
498,150,198
499,150,271
500,150,271
501,150,126
502,150,42
503,150,42
504,150,78
505,150,68
506,150,48
507,150,59
508,150,60
509,150,38
510,150,43
511,150,48
512,150,62
513,150,88
514,150,117
515,150,147
516,150,147
517,150,147
518,150,147
519,150,99
520,150,85
521,150,68
522,150,47
523,150,29
524,150,637
525,150,617
526,150,366
527,150,366
528,150,1
529,150,64
530,150,66
531,150,66
532,150,67
533,150,67
534,150,67
535,150,60
536,150,50
537,150,39
538,150,63
539,150,70
540,150,70
541,150,69
542,150,70
543,150,86
544,150,90
545,150,90
546,150,75
547,150,64
548,150,92
549,150,96
550,150,73
551,150,112
552,150,179
553,150,167
554,150,262
555,150,224
556,150,65
557,150,228
558,150,272
559,150,160
560,150,106
561,150,106
562,150,106
563,150,108
564,150,158
565,150,176
566,150,125
567,150,83
568,150,97
569,150,112
570,150,109
571,150,95
572,150,95
573,150,131
490,151,103
491,151,103
492,151,103
493,151,92
494,151,70
495,151,70
496,151,70
497,151,136
498,151,271
499,151,271
500,151,251
501,151,139
502,151,42
503,151,48
504,151,80
505,151,47
506,151,48
507,151,60
508,151,59
509,151,34
510,151,42
511,151,48
512,151,53
513,151,79
514,151,91
515,151,116
516,151,98
517,151,87
518,151,91
519,151,81
520,151,85
521,151,66
522,151,45
523,151,33
524,151,417
525,151,464
526,151,4
527,151,4
528,151,2
529,151,54
530,151,66
531,151,67
532,151,67
533,151,67
534,151,66
535,151,60
536,151,45
537,151,39
538,151,69
539,151,70
540,151,69
541,151,69
542,151,69
543,151,79
544,151,90
545,151,90
546,151,76
547,151,66
548,151,96
549,151,96
550,151,71
551,151,158
552,151,179
553,151,179
554,151,192
555,151,167
556,151,86
557,151,68
558,151,88
559,151,74
560,151,69
561,151,78
562,151,91
563,151,93
564,151,120
565,151,176
566,151,180
567,151,92
568,151,98
569,151,108
570,151,110
571,151,101
572,151,119
573,151,145
490,152,103
491,152,103
492,152,103
493,152,101
494,152,77
495,152,70
496,152,70
497,152,90
498,152,249
499,152,169
500,152,136
501,152,71
502,152,61
503,152,75
504,152,80
505,152,53
506,152,44
507,152,58
508,152,60
509,152,40
510,152,41
511,152,48
512,152,49
513,152,78
514,152,76
515,152,66
516,152,64
517,152,64
518,152,64
519,152,64
520,152,81
521,152,59
522,152,44
523,152,42
524,152,140
525,152,6
526,152,25
527,152,31
528,152,40
529,152,75
530,152,72
531,152,67
532,152,67
533,152,67
534,152,64
535,152,60
536,152,44
537,152,47
538,152,70
539,152,70
540,152,69
541,152,69
542,152,69
543,152,80
544,152,90
545,152,90
546,152,69
547,152,65
548,152,95
549,152,92
550,152,64
551,152,166
552,152,179
553,152,179
554,152,179
555,152,111
556,152,86
557,152,70
558,152,62
559,152,60
560,152,69
561,152,85
562,152,87
563,152,85
564,152,86
565,152,118
566,152,121
567,152,176
568,152,114
569,152,122
570,152,98
571,152,92
572,152,146
573,152,168
490,153,103
491,153,96
492,153,65
493,153,71
494,153,98
495,153,80
496,153,70
497,153,70
498,153,70
499,153,71
500,153,75
501,153,79
502,153,76
503,153,76
504,153,77
505,153,57
506,153,57
507,153,60
508,153,60
509,153,36
510,153,43
511,153,48
512,153,55
513,153,79
514,153,70
515,153,60
516,153,64
517,153,64
518,153,62
519,153,54
520,153,54
521,153,43
522,153,42
523,153,49
524,153,2
525,153,11
526,153,35
527,153,40
528,153,77
529,153,80
530,153,63
531,153,42
532,153,42
533,153,56
534,153,57
535,153,55
536,153,56
537,153,60
538,153,70
539,153,70
540,153,66
541,153,40
542,153,40
543,153,80
544,153,90
545,153,89
546,153,66
547,153,64
548,153,93
549,153,91
550,153,66
551,153,171
552,153,179
553,153,179
554,153,179
555,153,107
556,153,86
557,153,86
558,153,105
559,153,87
560,153,88
561,153,88
562,153,88
563,153,86
564,153,90
565,153,91
566,153,91
567,153,219
568,153,241
569,153,203
570,153,118
571,153,84
572,153,140
573,153,291
490,154,101
491,154,47
492,154,35
493,154,35
494,154,38
495,154,43
496,154,68
497,154,71
498,154,75
499,154,80
500,154,80
501,154,79
502,154,76
503,154,76
504,154,76
505,154,76
506,154,76
507,154,65
508,154,58
509,154,34
510,154,47
511,154,48
512,154,64
513,154,79
514,154,69
515,154,71
516,154,92
517,154,122
518,154,89
519,154,53
520,154,53
521,154,42
522,154,42
523,154,56
524,154,7
525,154,13
526,154,51
527,154,56
528,154,80
529,154,80
530,154,46
531,154,24
532,154,37
533,154,50
534,154,48
535,154,50
536,154,59
537,154,40
538,154,70
539,154,69
540,154,34
541,154,19
542,154,28
543,154,82
544,154,90
545,154,89
546,154,68
547,154,67
548,154,95
549,154,90
550,154,63
551,154,168
552,154,179
553,154,179
554,154,169
555,154,95
556,154,86
557,154,88
558,154,107
559,154,93
560,154,88
561,154,88
562,154,88
563,154,90
564,154,91
565,154,90
566,154,88
567,154,242
568,154,261
569,154,203
570,154,59
571,154,124
572,154,183
573,154,758
490,155,29
491,155,36
492,155,35
493,155,35
494,155,35
495,155,49
496,155,79
497,155,80
498,155,80
499,155,80
500,155,80
501,155,77
502,155,76
503,155,76
504,155,76
505,155,76
506,155,73
507,155,66
508,155,46
509,155,48
510,155,45
511,155,48
512,155,63
513,155,74
514,155,59
515,155,81
516,155,146
517,155,146
518,155,140
519,155,81
520,155,51
521,155,42
522,155,47
523,155,58
524,155,11
525,155,12
526,155,53
527,155,54
528,155,78
529,155,80
530,155,45
531,155,24
532,155,37
533,155,50
534,155,43
535,155,55
536,155,44
537,155,27
538,155,66
539,155,48
540,155,19
541,155,20
542,155,28
543,155,86
544,155,90
545,155,85
546,155,64
547,155,78
548,155,96
549,155,83
550,155,63
551,155,174
552,155,179
553,155,179
554,155,145
555,155,86
556,155,86
557,155,94
558,155,109
559,155,107
560,155,88
561,155,88
562,155,88
563,155,80
564,155,61
565,155,82
566,155,181
567,155,324
568,155,257
569,155,152
570,155,134
571,155,104
572,155,117
573,155,685
490,156,12
491,156,35
492,156,35
493,156,35
494,156,45
495,156,78
496,156,80
497,156,80
498,156,80
499,156,80
500,156,80
501,156,78
502,156,77
503,156,76
504,156,76
505,156,72
506,156,66
507,156,66
508,156,47
509,156,63
510,156,43
511,156,57
512,156,67
513,156,66
514,156,54
515,156,76
516,156,140
517,156,137
518,156,110
519,156,75
520,156,51
521,156,42
522,156,50
523,156,58
524,156,24
525,156,28
526,156,53
527,156,53
528,156,60
529,156,71
530,156,34
531,156,34
532,156,50
533,156,50
534,156,43
535,156,57
536,156,29
537,156,27
538,156,29
539,156,20
540,156,23
541,156,29
542,156,39
543,156,72
544,156,70
545,156,70
546,156,64
547,156,88
548,156,92
549,156,64
550,156,63
551,156,128
552,156,162
553,156,179
554,156,124
555,156,86
556,156,86
557,156,92
558,156,108
559,156,109
560,156,95
561,156,88
562,156,88
563,156,55
564,156,76
565,156,110
566,156,188
567,156,344
568,156,250
569,156,152
570,156,152
571,156,71
572,156,77
573,156,103
490,157,1
491,157,29
492,157,35
493,157,35
494,157,70
495,157,80
496,157,80
497,157,80
498,157,80
499,157,80
500,157,80
501,157,80
502,157,80
503,157,78
504,157,60
505,157,67
506,157,53
507,157,57
508,157,68
509,157,73
510,157,71
511,157,75
512,157,68
513,157,72
514,157,81
515,157,146
516,157,146
517,157,99
518,157,67
519,157,67
520,157,202
521,157,163
522,157,68
523,157,58
524,157,58
525,157,58
526,157,56
527,157,52
528,157,51
529,157,42
530,157,42
531,157,42
532,157,44
533,157,50
534,157,63
535,157,56
536,157,27
537,157,25
538,157,25
539,157,25
540,157,33
541,157,31
542,157,39
543,157,40
544,157,39
545,157,58
546,157,81
547,157,96
548,157,71
549,157,63
550,157,67
551,157,76
552,157,86
553,157,138
554,157,107
555,157,76
556,157,71
557,157,86
558,157,91
559,157,103
560,157,95
561,157,88
562,157,88
563,157,62
564,157,60
565,157,125
566,157,81
567,157,281
568,157,274
569,157,152
570,157,132
571,157,56
572,157,82
573,157,75
490,158,0
491,158,39
492,158,49
493,158,53
494,158,91
495,158,91
496,158,78
497,158,80
498,158,79
499,158,78
500,158,80
501,158,80
502,158,72
503,158,50
504,158,45
505,158,53
506,158,36
507,158,46
508,158,71
509,158,75
510,158,75
511,158,71
512,158,44
513,158,45
514,158,77
515,158,146
516,158,146
517,158,74
518,158,67
519,158,106
520,158,230
521,158,230
522,158,153
523,158,58
524,158,58
525,158,58
526,158,58
527,158,48
528,158,42
529,158,42
530,158,42
531,158,42
532,158,42
533,158,55
534,158,72
535,158,72
536,158,52
537,158,25
538,158,25
539,158,25
540,158,38
541,158,37
542,158,39
543,158,39
544,158,39
545,158,73
546,158,82
547,158,82
548,158,63
549,158,64
550,158,74
551,158,76
552,158,76
553,158,70
554,158,50
555,158,50
556,158,50
557,158,88
558,158,88
559,158,88
560,158,88
561,158,88
562,158,88
563,158,75
564,158,57
565,158,71
566,158,89
567,158,101
568,158,56
569,158,106
570,158,114
571,158,61
572,158,82
573,158,81
490,159,3
491,159,54
492,159,54
493,159,54
494,159,82
495,159,93
496,159,65
497,159,72
498,159,69
499,159,65
500,159,68
501,159,75
502,159,47
503,159,45
504,159,45
505,159,39
506,159,33
507,159,30
508,159,65
509,159,79
510,159,75
511,159,75
512,159,59
513,159,41
514,159,40
515,159,75
516,159,122
517,159,67
518,159,77
519,159,172
520,159,230
521,159,230
522,159,209
523,159,71
524,159,58
525,159,58
526,159,58
527,159,43
528,159,49
529,159,62
530,159,42
531,159,42
532,159,42
533,159,58
534,159,64
535,159,66
536,159,49
537,159,24
538,159,25
539,159,25
540,159,39
541,159,39
542,159,43
543,159,44
544,159,39
545,159,72
546,159,82
547,159,82
548,159,78
549,159,58
550,159,68
551,159,65
552,159,76
553,159,75
554,159,54
555,159,50
556,159,53
557,159,91
558,159,89
559,159,88
560,159,88
561,159,88
562,159,88
563,159,63
564,159,56
565,159,55
566,159,67
567,159,60
568,159,46
569,159,105
570,159,133
571,159,76
572,159,82
573,159,80
490,160,21
491,160,54
492,160,54
493,160,54
494,160,58
495,160,64
496,160,60
497,160,65
498,160,64
499,160,64
500,160,65
501,160,91
502,160,109
503,160,75
504,160,72
505,160,73
506,160,81
507,160,72
508,160,105
509,160,101
510,160,75
511,160,75
512,160,75
513,160,69
514,160,48
515,160,40
516,160,42
517,160,59
518,160,171
519,160,230
520,160,230
521,160,230
522,160,210
523,160,168
524,160,51
525,160,58
526,160,54
527,160,42
528,160,142
529,160,158
530,160,73
531,160,42
532,160,37
533,160,30
534,160,27
535,160,252
536,160,21
537,160,21
538,160,24
539,160,27
540,160,39
541,160,39
542,160,55
543,160,61
544,160,39
545,160,48
546,160,67
547,160,77
548,160,75
549,160,56
550,160,52
551,160,55
552,160,64
553,160,58
554,160,53
555,160,58
556,160,86
557,160,82
558,160,74
559,160,79
560,160,75
561,160,77
562,160,74
563,160,57
564,160,56
565,160,60
566,160,70
567,160,74
568,160,74
569,160,86
570,160,126
571,160,114
572,160,81
573,160,80
490,161,66
491,161,77
492,161,70
493,161,61
494,161,54
495,161,54
496,161,54
497,161,55
498,161,54
499,161,56
500,161,61
501,161,86
502,161,138
503,161,131
504,161,103
505,161,86
506,161,82
507,161,85
508,161,105
509,161,99
510,161,75
511,161,75
512,161,75
513,161,82
514,161,156
515,161,83
516,161,47
517,161,48
518,161,185
519,161,230
520,161,230
521,161,222
522,161,202
523,161,77
524,161,90
525,161,82
526,161,82
527,161,60
528,161,164
529,161,118
530,161,109
531,161,117
532,161,30
533,161,27
534,161,44
535,161,420
536,161,240
537,161,26
538,161,35
539,161,48
540,161,47
541,161,67
542,161,64
543,161,65
544,161,45
545,161,39
546,161,64
547,161,66
548,161,73
549,161,61
550,161,52
551,161,52
552,161,52
553,161,52
554,161,52
555,161,50
556,161,43
557,161,38
558,161,52
559,161,57
560,161,57
561,161,57
562,161,57
563,161,56
564,161,53
565,161,59
566,161,74
567,161,75
568,161,75
569,161,75
570,161,76
571,161,74
572,161,68
573,161,70
490,162,78
491,162,78
492,162,78
493,162,78
494,162,76
495,162,57
496,162,54
497,162,54
498,162,54
499,162,54
500,162,54
501,162,131
502,162,138
503,162,138
504,162,138
505,162,131
506,162,135
507,162,118
508,162,105
509,162,105
510,162,84
511,162,86
512,162,20
513,162,9
514,162,289
515,162,330
516,162,159
517,162,32
518,162,85
519,162,228
520,162,227
521,162,205
522,162,161
523,162,29
524,162,144
525,162,169
526,162,190
527,162,191
528,162,95
529,162,110
530,162,111
531,162,428
532,162,146
533,162,27
534,162,240
535,162,416
536,162,98
537,162,40
538,162,41
539,162,62
540,162,80
541,162,116
542,162,96
543,162,66
544,162,61
545,162,41
546,162,60
547,162,67
548,162,71
549,162,56
550,162,52
551,162,52
552,162,52
553,162,54
554,162,73
555,162,57
556,162,38
557,162,38
558,162,50
559,162,57
560,162,57
561,162,58
562,162,58
563,162,55
564,162,52
565,162,49
566,162,72
567,162,75
568,162,76
569,162,76
570,162,76
571,162,64
572,162,66
573,162,67
490,163,78
491,163,78
492,163,78
493,163,78
494,163,78
495,163,58
496,163,54
497,163,54
498,163,54
499,163,66
500,163,89
501,163,138
502,163,138
503,163,138
504,163,138
505,163,138
506,163,192
507,163,217
508,163,137
509,163,105
510,163,105
511,163,91
512,163,1
513,163,124
514,163,191
515,163,414
516,163,296
517,163,18
518,163,42
519,163,162
520,163,208
521,163,202
522,163,71
523,163,58
524,163,155
525,163,174
526,163,188
527,163,205
528,163,74
529,163,82
530,163,120
531,163,498
532,163,475
533,163,315
534,163,78
535,163,40
536,163,40
537,163,40
538,163,48
539,163,64
540,163,66
541,163,116
542,163,125
543,163,128
544,163,124
545,163,112
546,163,65
547,163,65
548,163,65
549,163,55
550,163,52
551,163,46
552,163,45
553,163,87
554,163,93
555,163,55
556,163,45
557,163,38
558,163,42
559,163,56
560,163,58
561,163,43
562,163,43
563,163,55
564,163,55
565,163,51
566,163,53
567,163,73
568,163,74
569,163,72
570,163,67
571,163,50
572,163,53
573,163,90
490,164,66
491,164,77
492,164,78
493,164,78
494,164,75
495,164,54
496,164,54
497,164,54
498,164,70
499,164,111
500,164,138
501,164,138
502,164,138
503,164,138
504,164,138
505,164,138
506,164,170
507,164,218
508,164,152
509,164,105
510,164,105
511,164,105
512,164,66
513,164,0
514,164,84
515,164,414
516,164,305
517,164,57
518,164,81
519,164,93
520,164,180
521,164,162
522,164,25
523,164,106
524,164,157
525,164,177
526,164,187
527,164,205
528,164,82
529,164,96
530,164,185
531,164,514
532,164,514
533,164,510
534,164,360
535,164,105
536,164,40
537,164,44
538,164,63
539,164,64
540,164,73
541,164,109
542,164,130
543,164,165
544,164,148
545,164,129
546,164,70
547,164,65
548,164,65
549,164,58
550,164,12
551,164,8
552,164,10
553,164,86
554,164,93
555,164,75
556,164,63
557,164,45
558,164,39
559,164,58
560,164,59
561,164,33
562,164,29
563,164,55
564,164,55
565,164,55
566,164,44
567,164,60
568,164,68
569,164,68
570,164,67
571,164,52
572,164,58
573,164,306
490,165,52
491,165,54
492,165,69
493,165,78
494,165,72
495,165,54
496,165,54
497,165,71
498,165,139
499,165,138
500,165,138
501,165,138
502,165,138
503,165,138
504,165,138
505,165,138
506,165,144
507,165,201
508,165,154
509,165,105
510,165,105
511,165,105
512,165,105
513,165,4
514,165,260
515,165,414
516,165,327
517,165,95
518,165,370
519,165,81
520,165,86
521,165,65
522,165,57
523,165,153
524,165,166
525,165,177
526,165,191
527,165,205
528,165,70
529,165,110
530,165,283
531,165,514
532,165,514
533,165,514
534,165,514
535,165,399
536,165,40
537,165,51
538,165,64
539,165,70
540,165,97
541,165,161
542,165,204
543,165,119
544,165,84
545,165,118
546,165,80
547,165,74
548,165,82
549,165,82
550,165,12
551,165,22
552,165,35
553,165,90
554,165,93
555,165,70
556,165,64
557,165,63
558,165,51
559,165,58
560,165,56
561,165,48
562,165,42
563,165,55
564,165,55
565,165,55
566,165,41
567,165,41
568,165,62
569,165,64
570,165,62
571,165,180
572,165,570
573,165,708
490,166,52
491,166,52
492,166,69
493,166,77
494,166,77
495,166,66
496,166,79
497,166,128
498,166,141
499,166,141
500,166,138
501,166,138
502,166,138
503,166,138
504,166,138
505,166,135
506,166,121
507,166,158
508,166,145
509,166,121
510,166,105
511,166,105
512,166,105
513,166,34
514,166,319
515,166,414
516,166,310
517,166,239
518,166,592
519,166,388
520,166,100
521,166,57
522,166,79
523,166,126
524,166,148
525,166,171
526,166,193
527,166,187
528,166,68
529,166,111
530,166,384
531,166,514
532,166,514
533,166,514
534,166,514
535,166,513
536,166,130
537,166,58
538,166,67
539,166,87
540,166,99
541,166,198
542,166,218
543,166,131
544,166,84
545,166,84
546,166,84
547,166,88
548,166,111
549,166,144
550,166,75
551,166,93
552,166,93
553,166,86
554,166,77
555,166,66
556,166,65
557,166,66
558,166,52
559,166,54
560,166,50
561,166,52
562,166,58
563,166,55
564,166,55
565,166,49
566,166,37
567,166,37
568,166,46
569,166,51
570,166,52
571,166,335
572,166,683
573,166,708
490,167,52
491,167,61
492,167,77
493,167,77
494,167,77
495,167,88
496,167,137
497,167,141
498,167,141
499,167,141
500,167,135
501,167,135
502,167,138
503,167,136
504,167,138
505,167,127
506,167,74
507,167,144
508,167,155
509,167,174
510,167,114
511,167,105
512,167,55
513,167,377
514,167,97
515,167,350
516,167,331
517,167,456
518,167,605
519,167,605
520,167,518
521,167,277
522,167,192
523,167,161
524,167,102
525,167,102
526,167,119
527,167,307
528,167,368
529,167,324
530,167,481
531,167,514
532,167,514
533,167,514
534,167,514
535,167,484
536,167,179
537,167,107
538,167,107
539,167,102
540,167,123
541,167,218
542,167,218
543,167,207
544,167,145
545,167,91
546,167,109
547,167,168
548,167,178
549,167,178
550,167,121
551,167,92
552,167,76
553,167,64
554,167,64
555,167,64
556,167,66
557,167,66
558,167,56
559,167,52
560,167,47
561,167,49
562,167,60
563,167,55
564,167,49
565,167,48
566,167,54
567,167,56
568,167,53
569,167,52
570,167,51
571,167,40
572,167,145
573,167,529
490,168,54
491,168,75
492,168,77
493,168,77
494,168,77
495,168,77
496,168,104
497,168,141
498,168,141
499,168,141
500,168,139
501,168,109
502,168,103
503,168,105
504,168,134
505,168,122
506,168,90
507,168,93
508,168,203
509,168,207
510,168,182
511,168,110
512,168,16
513,168,165
514,168,19
515,168,227
516,168,336
517,168,400
518,168,605
519,168,605
520,168,605
521,168,605
522,168,329
523,168,279
524,168,220
525,168,147
526,168,305
527,168,388
528,168,388
529,168,388
530,168,477
531,168,514
532,168,514
533,168,514
534,168,461
535,168,167
536,168,110
537,168,110
538,168,110
539,168,113
540,168,192
541,168,218
542,168,218
543,168,212
544,168,184
545,168,114
546,168,106
547,168,110
548,168,123
549,168,178
550,168,113
551,168,84
552,168,74
553,168,68
554,168,75
555,168,73
556,168,66
557,168,66
558,168,65
559,168,56
560,168,53
561,168,60
562,168,125
563,168,88
564,168,82
565,168,61
566,168,57
567,168,57
568,168,57
569,168,56
570,168,39
571,168,1
572,168,462
573,168,338
490,169,52
491,169,74
492,169,77
493,169,77
494,169,66
495,169,85
496,169,99
497,169,138
498,169,141
499,169,141
500,169,141
501,169,121
502,169,95
503,169,116
504,169,216
505,169,122
506,169,80
507,169,45
508,169,170
509,169,200
510,169,207
511,169,206
512,169,254
513,169,264
514,169,290
515,169,345
516,169,337
517,169,403
518,169,605
519,169,605
520,169,605
521,169,572
522,169,244
523,169,229
524,169,259
525,169,280
526,169,366
527,169,388
528,169,387
529,169,388
530,169,500
531,169,514
532,169,514
533,169,514
534,169,125
535,169,38
536,169,110
537,169,110
538,169,110
539,169,188
540,169,218
541,169,218
542,169,218
543,169,193
544,169,186
545,169,95
546,169,104
547,169,82
548,169,86
549,169,153
550,169,125
551,169,87
552,169,87
553,169,87
554,169,87
555,169,87
556,169,70
557,169,69
558,169,69
559,169,66
560,169,66
561,169,66
562,169,188
563,169,293
564,169,293
565,169,166
566,169,58
567,169,61
568,169,64
569,169,65
570,169,79
571,169,77
572,169,12
573,169,19
490,170,52
491,170,58
492,170,75
493,170,59
494,170,53
495,170,94
496,170,98
497,170,134
498,170,141
499,170,141
500,170,141
501,170,130
502,170,126
503,170,193
504,170,327
505,170,234
506,170,86
507,170,63
508,170,75
509,170,137
510,170,204
511,170,159
512,170,257
513,170,345
514,170,345
515,170,311
516,170,259
517,170,260
518,170,512
519,170,605
520,170,605
521,170,480
522,170,201
523,170,201
524,170,201
525,170,207
526,170,298
527,170,379
528,170,374
529,170,347
530,170,389
531,170,510
532,170,734
533,170,2186
534,170,12
535,170,58
536,170,110
537,170,160
538,170,510
539,170,390
540,170,218
541,170,218
542,170,211
543,170,189
544,170,189
545,170,175
546,170,160
547,170,112
548,170,95
549,170,181
550,170,187
551,170,110
552,170,99
553,170,89
554,170,87
555,170,85
556,170,74
557,170,72
558,170,67
559,170,65
560,170,66
561,170,66
562,170,224
563,170,293
564,170,286
565,170,98
566,170,66
567,170,72
568,170,72
569,170,72
570,170,72
571,170,109
572,170,129
573,170,122
490,171,52
491,171,52
492,171,53
493,171,52
494,171,52
495,171,95
496,171,98
497,171,125
498,171,141
499,171,141
500,171,141
501,171,139
502,171,129
503,171,263
504,171,282
505,171,263
506,171,86
507,171,82
508,171,101
509,171,148
510,171,140
511,171,125
512,171,238
513,171,343
514,171,305
515,171,263
516,171,211
517,171,37
518,171,3
519,171,128
520,171,320
521,171,455
522,171,201
523,171,201
524,171,201
525,171,201
526,171,424
527,171,509
528,171,503
529,171,485
530,171,472
531,171,5789
532,171,8301
533,171,4298
534,171,462
535,171,626
536,171,524
537,171,580
538,171,682
539,171,643
540,171,351
541,171,313
542,171,62
543,171,170
544,171,182
545,171,158
546,171,152
547,171,123
548,171,95
549,171,165
550,171,261
551,171,136
552,171,135
553,171,128
554,171,95
555,171,79
556,171,72
557,171,67
558,171,63
559,171,64
560,171,66
561,171,66
562,171,260
563,171,341
564,171,1233
565,171,519
566,171,41
567,171,47
568,171,70
569,171,72
570,171,69
571,171,63
572,171,72
573,171,106
490,172,52
491,172,52
492,172,52
493,172,176
494,172,150
495,172,94
496,172,98
497,172,99
498,172,123
499,172,141
500,172,120
501,172,101
502,172,154
503,172,324
504,172,112
505,172,135
506,172,105
507,172,114
508,172,139
509,172,153
510,172,141
511,172,129
512,172,128
513,172,246
514,172,563
515,172,699
516,172,57
517,172,115
518,172,134
519,172,46
520,172,0
521,172,361
522,172,456
523,172,375
524,172,467
525,172,344
526,172,1004
527,172,919
528,172,854
529,172,870
530,172,854
531,172,7368
532,172,7209
533,172,3048
534,172,1945
535,172,682
536,172,682
537,172,682
538,172,682
539,172,681
540,172,576
541,172,170
542,172,92
543,172,176
544,172,156
545,172,169
546,172,174
547,172,164
548,172,141
549,172,131
550,172,278
551,172,315
552,172,254
553,172,225
554,172,157
555,172,122
556,172,74
557,172,72
558,172,67
559,172,92
560,172,102
561,172,134
562,172,285
563,172,358
564,172,2370
565,172,1541
566,172,35
567,172,34
568,172,41
569,172,72
570,172,69
571,172,63
572,172,63
573,172,50
490,173,52
491,173,52
492,173,52
493,173,396
494,173,652
495,173,312
496,173,173
497,173,98
498,173,98
499,173,106
500,173,93
501,173,93
502,173,241
503,173,296
504,173,113
505,173,109
506,173,109
507,173,122
508,173,135
509,173,151
510,173,153
511,173,148
512,173,462
513,173,716
514,173,732
515,173,729
516,173,640
517,173,441
518,173,580
519,173,292
520,173,337
521,173,461
522,173,584
523,173,842
524,173,1023
525,173,1023
526,173,1023
527,173,1021
528,173,898
529,173,3093
530,173,3201
531,173,6496
532,173,2330
533,173,3048
534,173,2368
535,173,683
536,173,682
537,173,682
538,173,682
539,173,620
540,173,476
541,173,106
542,173,175
543,173,176
544,173,181
545,173,211
546,173,214
547,173,214
548,173,214
549,173,214
550,173,227
551,173,341
552,173,349
553,173,349
554,173,345
555,173,319
556,173,159
557,173,65
558,173,118
559,173,178
560,173,178
561,173,223
562,173,293
563,173,1005
564,173,2447
565,173,2468
566,173,103
567,173,34
568,173,36
569,173,71
570,173,67
571,173,63
572,173,63
573,173,31
490,174,52
491,174,61
492,174,90
493,174,352
494,174,617
495,174,658
496,174,574
497,174,123
498,174,98
499,174,97
500,174,93
501,174,114
502,174,173
503,174,122
504,174,109
505,174,109
506,174,109
507,174,113
508,174,121
509,174,136
510,174,144
511,174,338
512,174,568
513,174,636
514,174,638
515,174,574
516,174,624
517,174,1129
518,174,1687
519,174,379
520,174,379
521,174,564
522,174,584
523,174,615
524,174,978
525,174,1023
526,174,1038
527,174,1086
528,174,1749
529,174,3559
530,174,7453
531,174,8398
532,174,5061
533,174,3048
534,174,3038
535,174,2729
536,174,807
537,174,682
538,174,677
539,174,574
540,174,330
541,174,176
542,174,176
543,174,176
544,174,176
545,174,209
546,174,214
547,174,214
548,174,214
549,174,214
550,174,227
551,174,260
552,174,319
553,174,348
554,174,349
555,174,186
556,174,63
557,174,63
558,174,118
559,174,178
560,174,178
561,174,261
562,174,275
563,174,703
564,174,1834
565,174,2210
566,174,741
567,174,34
568,174,43
569,174,72
570,174,64
571,174,63
572,174,53
573,174,29
490,175,104
491,175,109
492,175,110
493,175,338
494,175,581
495,175,617
496,175,651
497,175,646
498,175,305
499,175,115
500,175,118
501,175,153
502,175,142
503,175,109
504,175,108
505,175,107
506,175,106
507,175,106
508,175,106
509,175,131
510,175,169
511,175,360
512,175,414
513,175,476
514,175,497
515,175,551
516,175,882
517,175,1807
518,175,1632
519,175,379
520,175,379
521,175,525
522,175,538
523,175,602
524,175,1146
525,175,1332
526,175,1110
527,175,1087
528,175,2293
529,175,3586
530,175,8058
531,175,8398
532,175,6687
533,175,3048
534,175,3048
535,175,3144
536,175,2740
537,175,1164
538,175,619
539,175,438
540,175,287
541,175,149
542,175,173
543,175,176
544,175,181
545,175,211
546,175,205
547,175,207
548,175,214
549,175,233
550,175,274
551,175,274
552,175,274
553,175,330
554,175,349
555,175,146
556,175,63
557,175,62
558,175,113
559,175,175
560,175,215
561,175,277
562,175,74
563,175,39
564,175,35
565,175,60
566,175,56
567,175,29
568,175,33
569,175,53
570,175,62
571,175,44
572,175,28
573,175,28
490,176,110
491,176,110
492,176,110
493,176,352
494,176,580
495,176,580
496,176,611
497,176,642
498,176,505
499,176,133
500,176,125
501,176,155
502,176,148
503,176,109
504,176,105
505,176,106
506,176,106
507,176,106
508,176,121
509,176,137
510,176,282
511,176,367
512,176,367
513,176,367
514,176,367
515,176,502
516,176,571
517,176,1413
518,176,1423
519,176,469
520,176,972
521,176,454
522,176,409
523,176,1015
524,176,1554
525,176,1554
526,176,1780
527,176,1087
528,176,1139
529,176,2885
530,176,8153
531,176,7084
532,176,5085
533,176,3048
534,176,3048
535,176,3563
536,176,3892
537,176,3633
538,176,1794
539,176,1764
540,176,893
541,176,302
542,176,640
543,176,764
544,176,489
545,176,265
546,176,183
547,176,194
548,176,192
549,176,193
550,176,256
551,176,273
552,176,274
553,176,305
554,176,349
555,176,208
556,176,57
557,176,51
558,176,50
559,176,95
560,176,196
561,176,257
562,176,96
563,176,40
564,176,35
565,176,59
566,176,55
567,176,29
568,176,29
569,176,29
570,176,44
571,176,28
572,176,28
573,176,28
490,177,110
491,177,110
492,177,82
493,177,22
494,177,312
495,177,820
496,177,1001
497,177,555
498,177,166
499,177,133
500,177,114
501,177,149
502,177,105
503,177,92
504,177,89
505,177,106
506,177,106
507,177,110
508,177,146
509,177,147
510,177,190
511,177,366
512,177,367
513,177,367
514,177,384
515,177,515
516,177,644
517,177,1257
518,177,798
519,177,1063
520,177,1407
521,177,720
522,177,393
523,177,1253
524,177,1554
525,177,2311
526,177,13687
527,177,8265
528,177,3864
529,177,4122
530,177,8333
531,177,10982
532,177,9814
533,177,3260
534,177,3048
535,177,3621
536,177,4104
537,177,6194
538,177,4259
539,177,4259
540,177,3773
541,177,944
542,177,1989
543,177,2358
544,177,552
545,177,535
546,177,469
547,177,216
548,177,118
549,177,118
550,177,118
551,177,139
552,177,197
553,177,284
554,177,331
555,177,143
556,177,50
557,177,50
558,177,50
559,177,49
560,177,241
561,177,259
562,177,137
563,177,42
564,177,34
565,177,55
566,177,59
567,177,29
568,177,29
569,177,29
570,177,28
571,177,28
572,177,28
573,177,28
490,178,110
491,178,95
492,178,52
493,178,38
494,178,150
495,178,1100
496,178,872
497,178,399
498,178,224
499,178,184
500,178,110
501,178,119
502,178,88
503,178,75
504,178,88
505,178,234
506,178,221
507,178,184
508,178,149
509,178,149
510,178,142
511,178,238
512,178,170
513,178,139
514,178,365
515,178,425
516,178,1201
517,178,764
518,178,649
519,178,887
520,178,1000
521,178,1298
522,178,1557
523,178,1811
524,178,1992
525,178,4735
526,178,6335
527,178,15566
528,178,16183
529,178,12061
530,178,8478
531,178,14316
532,178,22055
533,178,20848
534,178,12622
535,178,4350
536,178,4733
537,178,6304
538,178,4744
539,178,4259
540,178,3187
541,178,992
542,178,3717
543,178,3814
544,178,552
545,178,552
546,178,552
547,178,268
548,178,118
549,178,118
550,178,118
551,178,95
552,178,66
553,178,153
554,178,100
555,178,51
556,178,50
557,178,50
558,178,50
559,178,53
560,178,254
561,178,259
562,178,117
563,178,44
564,178,34
565,178,53
566,178,58
567,178,29
568,178,29
569,178,29
570,178,28
571,178,28
572,178,28
573,178,28
490,179,105
491,179,78
492,179,48
493,179,64
494,179,86
495,179,361
496,179,356
497,179,389
498,179,397
499,179,185
500,179,117
501,179,117
502,179,92
503,179,75
504,179,75
505,179,258
506,179,318
507,179,383
508,179,149
509,179,277
510,179,253
511,179,42
512,179,329
513,179,329
514,179,2
515,179,245
516,179,576
517,179,646
518,179,646
519,179,496
520,179,279
521,179,1133
522,179,1852
523,179,1881
524,179,4478
525,179,5339
526,179,7037
527,179,10561
528,179,16679
529,179,10355
530,179,8419
531,179,35818
532,179,33789
533,179,21772
534,179,15110
535,179,4779
536,179,4789
537,179,4905
538,179,4692
539,179,4164
540,179,2058
541,179,1963
542,179,4151
543,179,4405
544,179,1063
545,179,552
546,179,552
547,179,245
548,179,118
549,179,118
550,179,118
551,179,60
552,179,26
553,179,35
554,179,63
555,179,65
556,179,65
557,179,57
558,179,50
559,179,49
560,179,65
561,179,217
562,179,76
563,179,79
564,179,57
565,179,48
566,179,44
567,179,26
568,179,26
569,179,27
570,179,27
571,179,29
572,179,28
573,179,28
490,180,93
491,180,67
492,180,81
493,180,90
494,180,90
495,180,122
496,180,155
497,180,176
498,180,397
499,180,160
500,180,117
501,180,108
502,180,81
503,180,75
504,180,78
505,180,443
506,180,476
507,180,489
508,180,270
509,180,349
510,180,349
511,180,250
512,180,5
513,180,329
514,180,74
515,180,356
516,180,637
517,180,646
518,180,646
519,180,305
520,180,277
521,180,669
522,180,1855
523,180,2198
524,180,4997
525,180,7157
526,180,10539
527,180,15248
528,180,16898
529,180,42318
530,180,23529
531,180,27424
532,180,27696
533,180,24558
534,180,38130
535,180,17691
536,180,9546
537,180,5804
538,180,4794
539,180,2680
540,180,923
541,180,923
542,180,1076
543,180,1771
544,180,3792
545,180,553
546,180,552
547,180,236
548,180,118
549,180,118
550,180,112
551,180,67
552,180,57
553,180,26
554,180,32
555,180,59
556,180,65
557,180,65
558,180,62
559,180,49
560,180,48
561,180,84
562,180,93
563,180,93
564,180,93
565,180,47
566,180,25
567,180,25
568,180,25
569,180,28
570,180,31
571,180,31
572,180,30
573,180,27
490,181,96
491,181,77
492,181,74
493,181,90
494,181,90
495,181,116
496,181,132
497,181,113
498,181,142
499,181,80
500,181,116
501,181,104
502,181,75
503,181,75
504,181,145
505,181,408
506,181,484
507,181,489
508,181,377
509,181,349
510,181,349
511,181,349
512,181,159
513,181,17
514,181,180
515,181,411
516,181,646
517,181,646
518,181,646
519,181,323
520,181,277
521,181,1058
522,181,1855
523,181,4109
524,181,5611
525,181,9224
526,181,10112
527,181,22617
528,181,25406
529,181,27264
530,181,19597
531,181,54286
532,181,49061
533,181,56002
534,181,36029
535,181,5852
536,181,12639
537,181,7877
538,181,3916
539,181,1303
540,181,923
541,181,892
542,181,236
543,181,393
544,181,2886
545,181,2326
546,181,323
547,181,195
548,181,109
549,181,95
550,181,85
551,181,69
552,181,64
553,181,45
554,181,38
555,181,58
556,181,65
557,181,66
558,181,75
559,181,65
560,181,80
561,181,59
562,181,93
563,181,93
564,181,93
565,181,80
566,181,35
567,181,27
568,181,27
569,181,31
570,181,31
571,181,31
572,181,29
573,181,24
490,182,106
491,182,50
492,182,72
493,182,86
494,182,90
495,182,114
496,182,127
497,182,106
498,182,94
499,182,229
500,182,103
501,182,104
502,182,75
503,182,75
504,182,173
505,182,420
506,182,481
507,182,489
508,182,368
509,182,349
510,182,322
511,182,274
512,182,163
513,182,55
514,182,96
515,182,275
516,182,415
517,182,536
518,182,511
519,182,206
520,182,260
521,182,704
522,182,1625
523,182,3838
524,182,12480
525,182,8321
526,182,20999
527,182,26462
528,182,22765
529,182,14220
530,182,20728
531,182,43991
532,182,54192
533,182,40379
534,182,27106
535,182,11920
536,182,3889
537,182,4490
538,182,1768
539,182,923
540,182,923
541,182,691
542,182,161
543,182,170
544,182,194
545,182,264
546,182,194
547,182,194
548,182,116
549,182,94
550,182,86
551,182,83
552,182,68
553,182,64
554,182,64
555,182,64
556,182,78
557,182,73
558,182,88
559,182,88
560,182,88
561,182,86
562,182,93
563,182,93
564,182,93
565,182,60
566,182,49
567,182,47
568,182,33
569,182,31
570,182,27
571,182,19
572,182,17
573,182,24
490,183,129
491,183,58
492,183,81
493,183,78
494,183,90
495,183,108
496,183,130
497,183,106
498,183,100
499,183,229
500,183,145
501,183,98
502,183,75
503,183,75
504,183,245
505,183,471
506,183,489
507,183,489
508,183,426
509,183,241
510,183,71
511,183,68
512,183,68
513,183,66
514,183,61
515,183,61
516,183,17
517,183,67
518,183,137
519,183,52
520,183,163
521,183,173
522,183,162
523,183,162
524,183,765
525,183,4285
526,183,19421
527,183,20096
528,183,16835
529,183,15436
530,183,16300
531,183,13031
532,183,24192
533,183,37495
534,183,26758
535,183,22315
536,183,8347
537,183,2367
538,183,928
539,183,923
540,183,923
541,183,494
542,183,161
543,183,170
544,183,194
545,183,194
546,183,194
547,183,194
548,183,119
549,183,94
550,183,89
551,183,85
552,183,84
553,183,70
554,183,64
555,183,64
556,183,87
557,183,61
558,183,76
559,183,88
560,183,88
561,183,88
562,183,92
563,183,93
564,183,91
565,183,50
566,183,49
567,183,48
568,183,32
569,183,28
570,183,17
571,183,21
572,183,32
573,183,24
490,184,136
491,184,76
492,184,86
493,184,75
494,184,88
495,184,102
496,184,136
497,184,106
498,184,106
499,184,165
500,184,153
501,184,95
502,184,75
503,184,74
504,184,123
505,184,262
506,184,489
507,184,489
508,184,303
509,184,67
510,184,54
511,184,60
512,184,68
513,184,68
514,184,62
515,184,61
516,184,53
517,184,96
518,184,124
519,184,127
520,184,162
521,184,162
522,184,162
523,184,162
524,184,466
525,184,1243
526,184,1275
527,184,2896
528,184,15175
529,184,15106
530,184,7195
531,184,7013
532,184,6709
533,184,5110
534,184,4623
535,184,4015
536,184,3823
537,184,2406
538,184,907
539,184,923
540,184,923
541,184,234
542,184,115
543,184,143
544,184,194
545,184,194
546,184,194
547,184,188
548,184,101
549,184,94
550,184,93
551,184,86
552,184,85
553,184,79
554,184,64
555,184,71
556,184,89
557,184,53
558,184,51
559,184,67
560,184,81
561,184,78
562,184,41
563,184,73
564,184,90
565,184,69
566,184,49
567,184,49
568,184,39
569,184,24
570,184,17
571,184,35
572,184,37
573,184,31
490,185,118
491,185,71
492,185,76
493,185,76
494,185,74
495,185,96
496,185,133
497,185,106
498,185,97
499,185,64
500,185,56
501,185,101
502,185,71
503,185,69
504,185,68
505,185,310
506,185,437
507,185,235
508,185,111
509,185,58
510,185,53
511,185,53
512,185,81
513,185,100
514,185,68
515,185,92
516,185,117
517,185,124
518,185,124
519,185,124
520,185,156
521,185,162
522,185,162
523,185,170
524,185,805
525,185,1275
526,185,1275
527,185,4497
528,185,15436
529,185,10312
530,185,7013
531,185,7013
532,185,5964
533,185,4385
534,185,4015
535,185,4015
536,185,4015
537,185,2385
538,185,647
539,185,749
540,185,872
541,185,333
542,185,68
543,185,123
544,185,194
545,185,194
546,185,194
547,185,165
548,185,94
549,185,94
550,185,94
551,185,91
552,185,85
553,185,85
554,185,86
555,185,92
556,185,81
557,185,44
558,185,46
559,185,60
560,185,60
561,185,49
562,185,36
563,185,38
564,185,49
565,185,63
566,185,48
567,185,43
568,185,34
569,185,21
570,185,28
571,185,37
572,185,35
573,185,28
490,186,94
491,186,75
492,186,44
493,186,85
494,186,83
495,186,90
496,186,54
497,186,58
498,186,39
499,186,43
500,186,44
501,186,100
502,186,68
503,186,68
504,186,69
505,186,261
506,186,109
507,186,67
508,186,60
509,186,54
510,186,53
511,186,53
512,186,107
513,186,121
514,186,112
515,186,124
516,186,124
517,186,124
518,186,124
519,186,107
520,186,114
521,186,161
522,186,160
523,186,111
524,186,100
525,186,827
526,186,1875
527,186,11816
528,186,15244
529,186,7050
530,186,7013
531,186,6664
532,186,4286
533,186,3009
534,186,4015
535,186,3380
536,186,2188
537,186,531
538,186,388
539,186,385
540,186,319
541,186,257
542,186,112
543,186,191
544,186,194
545,186,194
546,186,194
547,186,141
548,186,94
549,186,96
550,186,94
551,186,90
552,186,85
553,186,85
554,186,85
555,186,90
556,186,76
557,186,42
558,186,50
559,186,77
560,186,77
561,186,49
562,186,29
563,186,35
564,186,38
565,186,29
566,186,35
567,186,41
568,186,41
569,186,33
570,186,35
571,186,27
572,186,28
573,186,34
490,187,159
491,187,136
492,187,65
493,187,77
494,187,90
495,187,91
496,187,19
497,187,34
498,187,85
499,187,43
500,187,55
501,187,82
502,187,68
503,187,68
504,187,71
505,187,82
506,187,82
507,187,69
508,187,53
509,187,53
510,187,53
511,187,59
512,187,84
513,187,103
514,187,124
515,187,124
516,187,124
517,187,124
518,187,124
519,187,105
520,187,84
521,187,109
522,187,114
523,187,99
524,187,99
525,187,139
526,187,2437
527,187,8526
528,187,6446
529,187,4669
530,187,5137
531,187,1215
532,187,2168
533,187,3504
534,187,3575
535,187,572
536,187,332
537,187,354
538,187,387
539,187,388
540,187,321
541,187,300
542,187,208
543,187,194
544,187,194
545,187,194
546,187,194
547,187,150
548,187,103
549,187,179
550,187,173
551,187,117
552,187,85
553,187,85
554,187,85
555,187,86
556,187,85
557,187,42
558,187,61
559,187,77
560,187,72
561,187,44
562,187,19
563,187,47
564,187,28
565,187,20
566,187,36
567,187,41
568,187,30
569,187,26
570,187,31
571,187,26
572,187,28
573,187,35
490,188,159
491,188,159
492,188,146
493,188,104
494,188,93
495,188,93
496,188,45
497,188,25
498,188,193
499,188,90
500,188,74
501,188,75
502,188,69
503,188,68
504,188,75
505,188,82
506,188,82
507,188,65
508,188,53
509,188,53
510,188,53
511,188,68
512,188,84
513,188,86
514,188,108
515,188,123
516,188,124
517,188,124
518,188,124
519,188,91
520,188,84
521,188,96
522,188,99
523,188,99
524,188,99
525,188,174
526,188,323
527,188,541
528,188,601
529,188,601
530,188,601
531,188,573
532,188,502
533,188,702
534,188,660
535,188,266
536,188,266
537,188,294
538,188,334
539,188,369
540,188,312
541,188,244
542,188,194
543,188,194
544,188,194
545,188,194
546,188,194
547,188,169
548,188,131
549,188,200
550,188,200
551,188,185
552,188,153
553,188,89
554,188,85
555,188,85
556,188,92
557,188,47
558,188,67
559,188,77
560,188,63
561,188,38
562,188,16
563,188,61
564,188,36
565,188,20
566,188,25
567,188,35
568,188,22
569,188,14
570,188,27
571,188,23
572,188,27
573,188,35
490,189,161
491,189,159
492,189,138
493,189,93
494,189,93
495,189,93
496,189,86
497,189,54
498,189,71
499,189,77
500,189,77
501,189,76
502,189,70
503,189,68
504,189,79
505,189,82
506,189,82
507,189,58
508,189,53
509,189,53
510,189,53
511,189,78
512,189,84
513,189,84
514,189,90
515,189,122
516,189,124
517,189,133
518,189,127
519,189,84
520,189,86
521,189,98
522,189,99
523,189,107
524,189,241
525,189,299
526,189,310
527,189,450
528,189,613
529,189,1259
530,189,577
531,189,545
532,189,494
533,189,494
534,189,474
535,189,271
536,189,266
537,189,266
538,189,267
539,189,301
540,189,310
541,189,240
542,189,194
543,189,194
544,189,194
545,189,194
546,189,194
547,189,181
548,189,140
549,189,200
550,189,200
551,189,200
552,189,200
553,189,132
554,189,85
555,189,88
556,189,92
557,189,52
558,189,69
559,189,70
560,189,56
561,189,32
562,189,12
563,189,71
564,189,38
565,189,19
566,189,21
567,189,38
568,189,38
569,189,40
570,189,34
571,189,23
572,189,37
573,189,36
490,190,246
491,190,154
492,190,134
493,190,93
494,190,93
495,190,93
496,190,82
497,190,77
498,190,77
499,190,77
500,190,77
501,190,77
502,190,93
503,190,110
504,190,83
505,190,82
506,190,82
507,190,59
508,190,53
509,190,53
510,190,63
511,190,84
512,190,84
513,190,88
514,190,119
515,190,124
516,190,135
517,190,192
518,190,145
519,190,104
520,190,97
521,190,99
522,190,99
523,190,99
524,190,297
525,190,310
526,190,310
527,190,452
528,190,4414
529,190,710
530,190,494
531,190,494
532,190,494
533,190,494
534,190,494
535,190,357
536,190,266
537,190,266
538,190,266
539,190,287
540,190,307
541,190,306
542,190,221
543,190,194
544,190,194
545,190,194
546,190,194
547,190,131
548,190,117
549,190,200
550,190,200
551,190,200
552,190,200
553,190,151
554,190,89
555,190,90
556,190,92
557,190,79
558,190,75
559,190,60
560,190,52
561,190,25
562,190,26
563,190,77
564,190,31
565,190,21
566,190,24
567,190,79
568,190,54
569,190,46
570,190,36
571,190,23
572,190,46
573,190,48
490,191,281
491,191,139
492,191,78
493,191,91
494,191,93
495,191,91
496,191,19
497,191,70
498,191,78
499,191,77
500,191,77
501,191,77
502,191,112
503,191,115
504,191,82
505,191,82
506,191,94
507,191,80
508,191,62
509,191,58
510,191,90
511,191,87
512,191,84
513,191,94
514,191,124
515,191,124
516,191,189
517,191,171
518,191,120
519,191,104
520,191,99
521,191,99
522,191,99
523,191,99
524,191,162
525,191,304
526,191,309
527,191,320
528,191,270
529,191,463
530,191,431
531,191,449
532,191,443
533,191,442
534,191,456
535,191,402
536,191,208
537,191,230
538,191,265
539,191,275
540,191,306
541,191,306
542,191,273
543,191,155
544,191,157
545,191,182
546,191,156
547,191,94
548,191,92
549,191,116
550,191,180
551,191,177
552,191,200
553,191,200
554,191,190
555,191,123
556,191,131
557,191,165
558,191,154
559,191,64
560,191,47
561,191,29
562,191,57
563,191,77
564,191,63
565,191,24
566,191,29
567,191,117
568,191,127
569,191,135
570,191,84
571,191,30
572,191,44
573,191,49
490,192,255
491,192,81
492,192,77
493,192,77
494,192,91
495,192,93
496,192,19
497,192,27
498,192,78
499,192,78
500,192,77
501,192,85
502,192,119
503,192,114
504,192,84
505,192,104
506,192,119
507,192,119
508,192,119
509,192,126
510,192,148
511,192,145
512,192,122
513,192,113
514,192,124
515,192,135
516,192,199
517,192,134
518,192,108
519,192,96
520,192,99
521,192,99
522,192,99
523,192,99
524,192,99
525,192,229
526,192,238
527,192,164
528,192,203
529,192,321
530,192,321
531,192,321
532,192,321
533,192,321
534,192,321
535,192,290
536,192,82
537,192,64
538,192,140
539,192,266
540,192,305
541,192,244
542,192,138
543,192,99
544,192,99
545,192,100
546,192,100
547,192,94
548,192,82
549,192,50
550,192,61
551,192,61
552,192,142
553,192,200
554,192,200
555,192,200
556,192,196
557,192,195
558,192,191
559,192,100
560,192,78
561,192,72
562,192,72
563,192,73
564,192,60
565,192,24
566,192,74
567,192,104
568,192,150
569,192,150
570,192,84
571,192,42
572,192,42
573,192,41
490,193,236
491,193,77
492,193,77
493,193,77
494,193,79
495,193,50
496,193,13
497,193,35
498,193,78
499,193,77
500,193,77
501,193,95
502,193,119
503,193,117
504,193,112
505,193,119
506,193,119
507,193,119
508,193,119
509,193,144
510,193,148
511,193,148
512,193,150
513,193,203
514,193,174
515,193,159
516,193,171
517,193,115
518,193,96
519,193,96
520,193,98
521,193,99
522,193,99
523,193,99
524,193,99
525,193,128
526,193,195
527,193,148
528,193,97
529,193,243
530,193,321
531,193,321
532,193,321
533,193,321
534,193,321
535,193,321
536,193,223
537,193,64
538,193,64
539,193,164
540,193,256
541,193,105
542,193,99
543,193,99
544,193,99
545,193,99
546,193,99
547,193,90
548,193,68
549,193,50
550,193,50
551,193,50
552,193,59
553,193,196
554,193,200
555,193,198
556,193,195
557,193,195
558,193,74
559,193,36
560,193,91
561,193,68
562,193,67
563,193,63
564,193,54
565,193,93
566,193,115
567,193,137
568,193,150
569,193,137
570,193,42
571,193,42
572,193,41
573,193,32
490,194,160
491,194,77
492,194,77
493,194,57
494,194,0
495,194,37
496,194,6
497,194,122
498,194,78
499,194,78
500,194,77
501,194,102
502,194,119
503,194,119
504,194,119
505,194,119
506,194,119
507,194,129
508,194,138
509,194,148
510,194,148
511,194,148
512,194,193
513,194,215
514,194,215
515,194,181
516,194,128
517,194,108
518,194,96
519,194,96
520,194,96
521,194,102
522,194,222
523,194,138
524,194,99
525,194,164
526,194,160
527,194,113
528,194,109
529,194,263
530,194,321
531,194,321
532,194,321
533,194,321
534,194,321
535,194,321
536,194,141
537,194,64
538,194,64
539,194,65
540,194,93
541,194,90
542,194,86
543,194,97
544,194,99
545,194,99
546,194,94
547,194,80
548,194,74
549,194,51
550,194,51
551,194,51
552,194,55
553,194,120
554,194,198
555,194,195
556,194,195
557,194,195
558,194,123
559,194,63
560,194,93
561,194,61
562,194,55
563,194,55
564,194,55
565,194,104
566,194,91
567,194,138
568,194,150
569,194,98
570,194,42
571,194,42
572,194,38
573,194,30
490,195,83
491,195,77
492,195,83
493,195,82
494,195,4
495,195,12
496,195,90
497,195,148
498,195,93
499,195,78
500,195,78
501,195,87
502,195,118
503,195,119
504,195,119
505,195,119
506,195,119
507,195,119
508,195,132
509,195,148
510,195,148
511,195,152
512,195,215
513,195,215
514,195,213
515,195,87
516,195,68
517,195,78
518,195,70
519,195,74
520,195,70
521,195,88
522,195,316
523,195,385
524,195,357
525,195,369
526,195,119
527,195,96
528,195,226
529,195,317
530,195,310
531,195,251
532,195,287
533,195,266
534,195,249
535,195,227
536,195,95
537,195,65
538,195,64
539,195,68
540,195,69
541,195,77
542,195,77
543,195,82
544,195,90
545,195,98
546,195,87
547,195,80
548,195,78
549,195,52
550,195,51
551,195,51
552,195,54
553,195,54
554,195,116
555,195,195
556,195,195
557,195,195
558,195,190
559,195,101
560,195,93
561,195,84
562,195,53
563,195,52
564,195,51
565,195,50
566,195,54
567,195,66
568,195,126
569,195,65
570,195,42
571,195,41
572,195,30
573,195,31
490,196,82
491,196,79
492,196,107
493,196,148
494,196,116
495,196,113
496,196,148
497,196,148
498,196,132
499,196,80
500,196,78
501,196,77
502,196,97
503,196,119
504,196,119
505,196,119
506,196,123
507,196,128
508,196,134
509,196,148
510,196,148
511,196,164
512,196,215
513,196,215
514,196,158
515,196,66
516,196,66
517,196,66
518,196,66
519,196,66
520,196,66
521,196,73
522,196,50
523,196,229
524,196,314
525,196,375
526,196,245
527,196,198
528,196,283
529,196,276
530,196,214
531,196,194
532,196,194
533,196,194
534,196,194
535,196,194
536,196,194
537,196,134
538,196,102
539,196,103
540,196,81
541,196,77
542,196,77
543,196,77
544,196,77
545,196,83
546,196,80
547,196,80
548,196,80
549,196,59
550,196,51
551,196,53
552,196,54
553,196,54
554,196,54
555,196,98
556,196,161
557,196,195
558,196,130
559,196,100
560,196,92
561,196,81
562,196,50
563,196,50
564,196,50
565,196,50
566,196,55
567,196,57
568,196,58
569,196,49
570,196,42
571,196,36
572,196,30
573,196,31
490,197,89
491,197,89
492,197,112
493,197,148
494,197,148
495,197,148
496,197,148
497,197,148
498,197,148
499,197,94
500,197,79
501,197,79
502,197,84
503,197,116
504,197,119
505,197,119
506,197,143
507,197,148
508,197,148
509,197,148
510,197,148
511,197,162
512,197,215
513,197,147
514,197,66
515,197,66
516,197,66
517,197,66
518,197,66
519,197,54
520,197,69
521,197,62
522,197,66
523,197,114
524,197,205
525,197,308
526,197,237
527,197,196
528,197,203
529,197,221
530,197,194
531,197,194
532,197,194
533,197,194
534,197,194
535,197,194
536,197,194
537,197,135
538,197,103
539,197,103
540,197,102
541,197,79
542,197,77
543,197,77
544,197,77
545,197,70
546,197,71
547,197,87
548,197,79
549,197,60
550,197,50
551,197,51
552,197,54
553,197,54
554,197,54
555,197,54
556,197,70
557,197,102
558,197,50
559,197,50
560,197,71
561,197,88
562,197,51
563,197,50
564,197,50
565,197,50
566,197,58
567,197,64
568,197,64
569,197,65
570,197,43
571,197,35
572,197,31
573,197,31
490,198,89
491,198,89
492,198,93
493,198,137
494,198,148
495,198,148
496,198,148
497,198,148
498,198,148
499,198,104
500,198,86
501,198,80
502,198,79
503,198,93
504,198,115
505,198,133
506,198,148
507,198,146
508,198,148
509,198,148
510,198,148
511,198,149
512,198,146
513,198,66
514,198,66
515,198,66
516,198,66
517,198,66
518,198,65
519,198,48
520,198,77
521,198,39
522,198,89
523,198,114
524,198,115
525,198,142
526,198,181
527,198,194
528,198,194
529,198,194
530,198,194
531,198,194
532,198,194
533,198,194
534,198,194
535,198,194
536,198,194
537,198,120
538,198,103
539,198,103
540,198,103
541,198,96
542,198,80
543,198,76
544,198,71
545,198,67
546,198,78
547,198,99
548,198,32
549,198,32
550,198,49
551,198,57
552,198,60
553,198,54
554,198,54
555,198,54
556,198,66
557,198,57
558,198,50
559,198,51
560,198,57
561,198,61
562,198,50
563,198,64
564,198,73
565,198,71
566,198,63
567,198,63
568,198,66
569,198,66
570,198,46
571,198,34
572,198,35
573,198,34
490,199,89
491,199,89
492,199,89
493,199,135
494,199,147
495,199,100
496,199,63
497,199,69
498,199,115
499,199,118
500,199,104
501,199,91
502,199,99
503,199,100
504,199,113
505,199,147
506,199,122
507,199,111
508,199,121
509,199,141
510,199,148
511,199,148
512,199,135
513,199,76
514,199,62
515,199,65
516,199,66
517,199,67
518,199,54
519,199,71
520,199,71
521,199,30
522,199,112
523,199,114
524,199,114
525,199,114
526,199,133
527,199,194
528,199,194
529,199,194
530,199,194
531,199,194
532,199,194
533,199,194
534,199,192
535,199,193
536,199,189
537,199,140
538,199,103
539,199,103
540,199,103
541,199,103
542,199,100
543,199,75
544,199,67
545,199,67
546,199,91
547,199,92
548,199,55
549,199,37
550,199,49
551,199,58
552,199,60
553,199,57
554,199,57
555,199,68
556,199,72
557,199,61
558,199,57
559,199,66
560,199,68
561,199,72
562,199,70
563,199,100
564,199,105
565,199,102
566,199,78
567,199,58
568,199,61
569,199,65
570,199,49
571,199,48
572,199,48
573,199,48
490,200,89
491,200,89
492,200,93
493,200,114
494,200,119
495,200,80
496,200,74
497,200,110
498,200,118
499,200,118
500,200,110
501,200,91
502,200,99
503,200,108
504,200,144
505,200,129
506,200,111
507,200,111
508,200,111
509,200,113
510,200,147
511,200,148
512,200,102
513,200,78
514,200,59
515,200,59
516,200,65
517,200,62
518,200,64
519,200,77
520,200,57
521,200,45
522,200,114
523,200,114
524,200,114
525,200,114
526,200,117
527,200,193
528,200,167
529,200,177
530,200,161
531,200,167
532,200,172
533,200,165
534,200,158
535,200,159
536,200,158
537,200,116
538,200,103
539,200,103
540,200,103
541,200,103
542,200,103
543,200,102
544,200,92
545,200,69
546,200,100
547,200,94
548,200,45
549,200,40
550,200,51
551,200,60
552,200,60
553,200,60
554,200,65
555,200,72
556,200,72
557,200,63
558,200,59
559,200,67
560,200,68
561,200,88
562,200,103
563,200,102
564,200,86
565,200,80
566,200,57
567,200,57
568,200,63
569,200,66
570,200,56
571,200,48
572,200,48
573,200,48
490,201,89
491,201,89
492,201,109
493,201,118
494,201,118
495,201,117
496,201,115
497,201,118
498,201,118
499,201,117
500,201,87
501,201,77
502,201,89
503,201,116
504,201,118
505,201,115
506,201,114
507,201,113
508,201,111
509,201,112
510,201,147
511,201,148
512,201,79
513,201,59
514,201,59
515,201,59
516,201,59
517,201,62
518,201,77
519,201,77
520,201,62
521,201,60
522,201,114
523,201,114
524,201,114
525,201,114
526,201,107
527,201,106
528,201,41
529,201,41
530,201,41
531,201,147
532,201,158
533,201,158
534,201,158
535,201,158
536,201,158
537,201,115
538,201,103
539,201,103
540,201,103
541,201,103
542,201,103
543,201,104
544,201,103
545,201,95
546,201,105
547,201,105
548,201,81
549,201,40
550,201,56
551,201,60
552,201,60
553,201,60
554,201,61
555,201,65
556,201,64
557,201,59
558,201,62
559,201,66
560,201,77
561,201,109
562,201,104
563,201,89
564,201,85
565,201,85
566,201,67
567,201,56
568,201,87
569,201,117
570,201,103
571,201,87
572,201,52
573,201,80
490,202,89
491,202,89
492,202,114
493,202,118
494,202,118
495,202,118
496,202,118
497,202,118
498,202,118
499,202,99
500,202,72
501,202,72
502,202,76
503,202,113
504,202,114
505,202,114
506,202,114
507,202,113
508,202,111
509,202,111
510,202,84
511,202,83
512,202,59
513,202,59
514,202,59
515,202,59
516,202,68
517,202,70
518,202,77
519,202,77
520,202,49
521,202,32
522,202,106
523,202,108
524,202,94
525,202,78
526,202,53
527,202,41
528,202,41
529,202,41
530,202,42
531,202,157
532,202,158
533,202,158
534,202,158
535,202,158
536,202,158
537,202,129
538,202,103
539,202,103
540,202,103
541,202,103
542,202,103
543,202,104
544,202,104
545,202,104
546,202,104
547,202,105
548,202,105
549,202,50
550,202,60
551,202,59
552,202,56
553,202,54
554,202,72
555,202,205
556,202,67
557,202,63
558,202,63
559,202,65
560,202,68
561,202,72
562,202,68
563,202,68
564,202,76
565,202,65
566,202,57
567,202,57
568,202,98
569,202,511
570,202,141
571,202,137
572,202,133
573,202,137
490,203,89
491,203,91
492,203,117
493,203,118
494,203,118
495,203,118
496,203,118
497,203,118
498,203,118
499,203,105
500,203,75
501,203,72
502,203,72
503,203,83
504,203,141
505,203,114
506,203,114
507,203,112
508,203,111
509,203,109
510,203,59
511,203,59
512,203,59
513,203,59
514,203,59
515,203,59
516,203,116
517,203,125
518,203,83
519,203,59
520,203,27
521,203,41
522,203,55
523,203,57
524,203,55
525,203,55
526,203,55
527,203,45
528,203,41
529,203,41
530,203,70
531,203,158
532,203,158
533,203,158
534,203,158
535,203,158
536,203,158
537,203,123
538,203,103
539,203,103
540,203,103
541,203,103
542,203,104
543,203,104
544,203,104
545,203,104
546,203,104
547,203,96
548,203,90
549,203,70
550,203,61
551,203,58
552,203,51
553,203,50
554,203,180
555,203,378
556,203,70
557,203,63
558,203,63
559,203,63
560,203,67
561,203,68
562,203,67
563,203,67
564,203,67
565,203,66
566,203,317
567,203,350
568,203,67
569,203,545
570,203,389
571,203,137
572,203,137
573,203,137
490,204,75
491,204,92
492,204,118
493,204,118
494,204,118
495,204,116
496,204,117
497,204,118
498,204,118
499,204,118
500,204,116
501,204,81
502,204,72
503,204,72
504,204,203
505,204,140
506,204,114
507,204,111
508,204,111
509,204,104
510,204,64
511,204,64
512,204,62
513,204,59
514,204,59
515,204,85
516,204,139
517,204,139
518,204,77
519,204,25
520,204,31
521,204,55
522,204,55
523,204,55
524,204,55
525,204,55
526,204,60
527,204,58
528,204,51
529,204,62
530,204,89
531,204,157
532,204,158
533,204,158
534,204,158
535,204,158
536,204,158
537,204,117
538,204,77
539,204,62
540,204,84
541,204,81
542,204,100
543,204,104
544,204,104
545,204,104
546,204,97
547,204,66
548,204,61
549,204,61
550,204,62
551,204,63
552,204,55
553,204,51
554,204,76
555,204,172
556,204,59
557,204,52
558,204,50
559,204,49
560,204,47
561,204,64
562,204,67
563,204,67
564,204,67
565,204,67
566,204,127
567,204,399
568,204,64
569,204,508
570,204,654
571,204,267
572,204,137
573,204,126
490,205,83
491,205,79
492,205,108
493,205,118
494,205,114
495,205,97
496,205,117
497,205,118
498,205,105
499,205,113
500,205,117
501,205,87
502,205,72
503,205,73
504,205,235
505,205,243
506,205,153
507,205,111
508,205,111
509,205,91
510,205,83
511,205,83
512,205,81
513,205,74
514,205,59
515,205,82
516,205,139
517,205,139
518,205,125
519,205,70
520,205,50
521,205,55
522,205,55
523,205,56
524,205,61
525,205,67
526,205,73
527,205,74
528,205,75
529,205,73
530,205,73
531,205,128
532,205,159
533,205,159
534,205,159
535,205,161
536,205,182
537,205,109
538,205,49
539,205,49
540,205,49
541,205,49
542,205,54
543,205,79
544,205,104
545,205,104
546,205,66
547,205,61
548,205,61
549,205,61
550,205,61
551,205,63
552,205,52
553,205,51
554,205,75
555,205,85
556,205,65
557,205,62
558,205,60
559,205,55
560,205,48
561,205,48
562,205,60
563,205,65
564,205,67
565,205,67
566,205,67
567,205,67
568,205,64
569,205,234
570,205,661
571,205,507
572,205,137
573,205,135
490,206,78
491,206,72
492,206,104
493,206,118
494,206,95
495,206,92
496,206,110
497,206,125
498,206,177
499,206,140
500,206,95
501,206,98
502,206,174
503,206,197
504,206,246
505,206,246
506,206,243
507,206,186
508,206,106
509,206,83
510,206,83
511,206,83
512,206,83
513,206,83
514,206,2172
515,206,300
516,206,139
517,206,139
518,206,139
519,206,139
520,206,139
521,206,87
522,206,59
523,206,66
524,206,73
525,206,73
526,206,74
527,206,77
528,206,79
529,206,77
530,206,59
531,206,108
532,206,282
533,206,278
534,206,254
535,206,277
536,206,321
537,206,213
538,206,57
539,206,49
540,206,49
541,206,50
542,206,57
543,206,53
544,206,62
545,206,75
546,206,43
547,206,53
548,206,61
549,206,88
550,206,60
551,206,62
552,206,63
553,206,69
554,206,92
555,206,78
556,206,62
557,206,62
558,206,58
559,206,64
560,206,48
561,206,64
562,206,47
563,206,47
564,206,63
565,206,67
566,206,67
567,206,67
568,206,64
569,206,122
570,206,647
571,206,387
572,206,192
573,206,193
490,207,75
491,207,92
492,207,96
493,207,145
494,207,131
495,207,95
496,207,92
497,207,107
498,207,195
499,207,187
500,207,96
501,207,94
502,207,223
503,207,246
504,207,246
505,207,246
506,207,246
507,207,246
508,207,201
509,207,83
510,207,83
511,207,83
512,207,83
513,207,83
514,207,1147
515,207,128
516,207,139
517,207,139
518,207,139
519,207,139
520,207,139
521,207,98
522,207,73
523,207,73
524,207,73
525,207,73
526,207,77
527,207,78
528,207,79
529,207,80
530,207,52
531,207,47
532,207,144
533,207,195
534,207,186
535,207,203
536,207,191
537,207,145
538,207,43
539,207,61
540,207,68
541,207,69
542,207,65
543,207,54
544,207,54
545,207,49
546,207,42
547,207,68
548,207,83
549,207,116
550,207,49
551,207,53
552,207,55
553,207,89
554,207,92
555,207,75
556,207,62
557,207,64
558,207,61
559,207,69
560,207,75
561,207,76
562,207,47
563,207,47
564,207,47
565,207,56
566,207,67
567,207,67
568,207,68
569,207,396
570,207,650
571,207,289
572,207,208
573,207,208
490,208,83
491,208,79
492,208,133
493,208,152
494,208,116
495,208,95
496,208,92
497,208,115
498,208,182
499,208,195
500,208,141
501,208,99
502,208,176
503,208,246
504,208,246
505,208,246
506,208,246
507,208,246
508,208,209
509,208,95
510,208,98
511,208,90
512,208,84
513,208,83
514,208,84
515,208,38
516,208,45
517,208,80
518,208,135
519,208,139
520,208,139
521,208,132
522,208,78
523,208,73
524,208,73
525,208,75
526,208,78
527,208,78
528,208,79
529,208,80
530,208,58
531,208,39
532,208,52
533,208,158
534,208,77
535,208,134
536,208,134
537,208,134
538,208,9
539,208,67
540,208,73
541,208,75
542,208,67
543,208,54
544,208,53
545,208,57
546,208,43
547,208,118
548,208,146
549,208,87
550,208,57
551,208,60
552,208,67
553,208,61
554,208,56
555,208,62
556,208,62
557,208,60
558,208,69
559,208,63
560,208,59
561,208,69
562,208,47
563,208,47
564,208,47
565,208,47
566,208,60
567,208,67
568,208,67
569,208,212
570,208,211
571,208,203
572,208,208
573,208,208
490,209,77
491,209,101
492,209,152
493,209,143
494,209,96
495,209,94
496,209,98
497,209,190
498,209,197
499,209,197
500,209,197
501,209,183
502,209,84
503,209,108
504,209,184
505,209,246
506,209,246
507,209,246
508,209,164
509,209,110
510,209,110
511,209,110
512,209,94
513,209,83
514,209,83
515,209,44
516,209,37
517,209,37
518,209,61
519,209,101
520,209,100
521,209,97
522,209,74
523,209,73
524,209,73
525,209,76
526,209,78
527,209,77
528,209,79
529,209,76
530,209,62
531,209,49
532,209,4
533,209,187
534,209,232
535,209,28
536,209,39
537,209,25
538,209,22
539,209,77
540,209,75
541,209,75
542,209,68
543,209,53
544,209,52
545,209,60
546,209,47
547,209,145
548,209,146
549,209,135
550,209,84
551,209,71
552,209,71
553,209,51
554,209,31
555,209,47
556,209,54
557,209,52
558,209,47
559,209,23
560,209,23
561,209,29
562,209,47
563,209,47
564,209,47
565,209,47
566,209,56
567,209,72
568,209,71
569,209,93
570,209,259
571,209,212
572,209,208
573,209,158
490,210,70
491,210,130
492,210,152
493,210,122
494,210,96
495,210,95
496,210,92
497,210,189
498,210,197
499,210,197
500,210,123
501,210,38
502,210,58
503,210,70
504,210,142
505,210,203
506,210,232
507,210,225
508,210,118
509,210,110
510,210,110
511,210,110
512,210,100
513,210,84
514,210,82
515,210,40
516,210,37
517,210,37
518,210,38
519,210,71
520,210,73
521,210,73
522,210,73
523,210,73
524,210,73
525,210,73
526,210,73
527,210,72
528,210,70
529,210,70
530,210,68
531,210,50
532,210,15
533,210,148
534,210,256
535,210,170
536,210,172
537,210,172
538,210,116
539,210,84
540,210,80
541,210,72
542,210,69
543,210,40
544,210,44
545,210,56
546,210,43
547,210,146
548,210,146
549,210,146
550,210,103
551,210,69
552,210,70
553,210,60
554,210,32
555,210,33
556,210,39
557,210,45
558,210,48
559,210,42
560,210,40
561,210,47
562,210,48
563,210,47
564,210,47
565,210,49
566,210,60
567,210,69
568,210,75
569,210,95
570,210,96
571,210,126
572,210,148
573,210,97
490,211,51
491,211,149
492,211,152
493,211,147
494,211,117
495,211,96
496,211,95
497,211,145
498,211,197
499,211,164
500,211,78
501,211,79
502,211,76
503,211,70
504,211,70
505,211,70
506,211,79
507,211,116
508,211,94
509,211,97
510,211,110
511,211,108
512,211,107
513,211,99
514,211,84
515,211,54
516,211,37
517,211,37
518,211,37
519,211,65
520,211,73
521,211,73
522,211,73
523,211,73
524,211,73
525,211,73
526,211,72
527,211,70
528,211,70
529,211,70
530,211,70
531,211,67
532,211,11
533,211,105
534,211,252
535,211,56
536,211,105
537,211,107
538,211,87
539,211,87
540,211,86
541,211,65
542,211,56
543,211,60
544,211,71
545,211,51
546,211,47
547,211,145
548,211,146
549,211,146
550,211,73
551,211,68
552,211,68
553,211,68
554,211,50
555,211,37
556,211,34
557,211,35
558,211,47
559,211,53
560,211,53
561,211,57
562,211,57
563,211,56
564,211,56
565,211,40
566,211,45
567,211,67
568,211,88
569,211,96
570,211,86
571,211,80
572,211,82
573,211,76
490,212,91
491,212,152
492,212,152
493,212,152
494,212,138
495,212,96
496,212,95
497,212,98
498,212,148
499,212,94
500,212,63
501,212,63
502,212,70
503,212,70
504,212,70
505,212,70
506,212,72
507,212,76
508,212,80
509,212,97
510,212,107
511,212,101
512,212,98
513,212,98
514,212,92
515,212,91
516,212,67
517,212,57
518,212,41
519,212,66
520,212,73
521,212,73
522,212,73
523,212,73
524,212,73
525,212,63
526,212,59
527,212,60
528,212,118
529,212,318
530,212,377
531,212,396
532,212,2512
533,212,436
534,212,229
535,212,67
536,212,173
537,212,172
538,212,99
539,212,87
540,212,76
541,212,61
542,212,56
543,212,63
544,212,73
545,212,78
546,212,80
547,212,137
548,212,130
549,212,130
550,212,76
551,212,71
552,212,68
553,212,67
554,212,55
555,212,41
556,212,40
557,212,42
558,212,49
559,212,53
560,212,52
561,212,56
562,212,58
563,212,57
564,212,44
565,212,38
566,212,57
567,212,76
568,212,77
569,212,78
570,212,72
571,212,70
572,212,70
573,212,70
490,213,150
491,213,152
492,213,148
493,213,144
494,213,126
495,213,92
496,213,91
497,213,81
498,213,82
499,213,69
500,213,63
501,213,73
502,213,74
503,213,70
504,213,71
505,213,76
506,213,77
507,213,77
508,213,95
509,213,110
510,213,98
511,213,96
512,213,96
513,213,96
514,213,95
515,213,91
516,213,91
517,213,91
518,213,59
519,213,37
520,213,47
521,213,69
522,213,72
523,213,53
524,213,45
525,213,45
526,213,48
527,213,48
528,213,264
529,213,307
530,213,189
531,213,203
532,213,141
533,213,250
534,213,238
535,213,139
536,213,192
537,213,207
538,213,112
539,213,126
540,213,85
541,213,61
542,213,59
543,213,57
544,213,65
545,213,91
546,213,95
547,213,96
548,213,88
549,213,82
550,213,82
551,213,67
552,213,57
553,213,57
554,213,54
555,213,41
556,213,41
557,213,43
558,213,52
559,213,52
560,213,52
561,213,52
562,213,53
563,213,56
564,213,49
565,213,88
566,213,98
567,213,77
568,213,77
569,213,77
570,213,76
571,213,71
572,213,70
573,213,68
