xv,yv,rho
490,148,72
491,148,45
492,148,41
493,148,38
494,148,41
495,148,68
496,148,126
497,148,261
498,148,282
499,148,223
500,148,175
501,148,126
502,148,55
503,148,62
504,148,76
505,148,76
506,148,78
507,148,81
508,148,81
509,148,69
510,148,45
511,148,44
512,148,90
513,148,268
514,148,268
515,148,268
516,148,268
517,148,268
518,148,268
519,148,166
520,148,123
521,148,123
522,148,302
523,148,807
524,148,985
525,148,900
526,148,992
527,148,991
528,148,917
529,148,217
530,148,120
531,148,104
532,148,68
533,148,81
534,148,84
535,148,90
536,148,88
537,148,44
538,148,42
539,148,66
540,148,87
541,148,76
542,148,91
543,148,104
544,148,106
545,148,106
546,148,90
547,148,74
548,148,62
549,148,54
550,148,54
551,148,54
552,148,112
553,148,111
554,148,652
555,148,726
556,148,726
557,148,726
558,148,726
559,148,688
560,148,110
561,148,102
562,148,102
563,148,102
564,148,105
565,148,155
566,148,156
567,148,155
568,148,102
569,148,100
570,148,101
571,148,101
572,148,88
573,148,84
490,149,80
491,149,63
492,149,46
493,149,36
494,149,44
495,149,90
496,149,279
497,149,282
498,149,282
499,149,3076
500,149,2461
501,149,748
502,149,158
503,149,136
504,149,81
505,149,76
506,149,80
507,149,81
508,149,76
509,149,73
510,149,46
511,149,47
512,149,130
513,149,268
514,149,268
515,149,268
516,149,268
517,149,268
518,149,268
519,149,161
520,149,123
521,149,123
522,149,601
523,149,975
524,149,677
525,149,823
526,149,891
527,149,992
528,149,975
529,149,126
530,149,121
531,149,110
532,149,81
533,149,81
534,149,84
535,149,90
536,149,75
537,149,38
538,149,76
539,149,98
540,149,93
541,149,79
542,149,82
543,149,111
544,149,111
545,149,111
546,149,95
547,149,75
548,149,71
549,149,94
550,149,72
551,149,103
552,149,342
553,149,192
554,149,536
555,149,672
556,149,228
557,149,528
558,149,726
559,149,308
560,149,102
561,149,102
562,149,102
563,149,102
564,149,111
565,149,147
566,149,156
567,149,148
568,149,113
569,149,100
570,149,103
571,149,109
572,149,109
573,149,114
490,150,99
491,150,99
492,150,99
493,150,87
494,150,79
495,150,82
496,150,112
497,150,255
498,150,574
499,150,1071
500,150,1074
501,150,518
502,150,194
503,150,193
504,150,113
505,150,87
506,150,55
507,150,63
508,150,56
509,150,52
510,150,49
511,150,48
512,150,70
513,150,110
514,150,188
515,150,268
516,150,268
517,150,268
518,150,268
519,150,156
520,150,123
521,150,97
522,150,65
523,150,408
524,150,533
525,150,569
526,150,992
527,150,992
528,150,974
529,150,151
530,150,121
531,150,111
532,150,81
533,150,81
534,150,82
535,150,90
536,150,66
537,150,38
538,150,85
539,150,98
540,150,90
541,150,79
542,150,80
543,150,106
544,150,111
545,150,111
546,150,90
547,150,75
548,150,99
549,150,102
550,150,77
551,150,185
552,150,342
553,150,327
554,150,684
555,150,571
556,150,82
557,150,591
558,150,726
559,150,306
560,150,102
561,150,102
562,150,102
563,150,104
564,150,142
565,150,156
566,150,129
567,150,107
568,150,103
569,150,100
570,150,101
571,150,109
572,150,109
573,150,115
490,151,99
491,151,99
492,151,99
493,151,94
494,151,82
495,151,82
496,151,82
497,151,409
498,151,1074
499,151,1074
500,151,976
501,151,459
502,151,192
503,151,180
504,151,103
505,151,55
506,151,52
507,151,56
508,151,56
509,151,51
510,151,49
511,151,48
512,151,59
513,151,87
514,151,119
515,151,195
516,151,152
517,151,124
518,151,134
519,151,113
520,151,123
521,151,95
522,151,63
523,151,315
524,151,905
525,151,827
526,151,861
527,151,873
528,151,949
529,151,168
530,151,120
531,151,91
532,151,81
533,151,81
534,151,83
535,151,90
536,151,52
537,151,39
538,151,96
539,151,98
540,151,87
541,151,79
542,151,79
543,151,94
544,151,111
545,151,111
546,151,92
547,151,76
548,151,101
549,151,102
550,151,76
551,151,294
552,151,342
553,151,342
554,151,398
555,151,363
556,151,98
557,151,94
558,151,158
559,151,102
560,151,78
561,151,76
562,151,84
563,151,87
564,151,108
565,151,156
566,151,169
567,151,114
568,151,103
569,151,99
570,151,99
571,151,102
572,151,139
573,151,165
490,152,99
491,152,99
492,152,99
493,152,99
494,152,86
495,152,82
496,152,82
497,152,179
498,152,963
499,152,568
500,152,406
501,152,90
502,152,134
503,152,101
504,152,104
505,152,64
506,152,51
507,152,56
508,152,56
509,152,52
510,152,49
511,152,48
512,152,57
513,152,86
514,152,84
515,152,76
516,152,68
517,152,68
518,152,68
519,152,76
520,152,115
521,152,87
522,152,64
523,152,127
524,152,383
525,152,265
526,152,224
527,152,47
528,152,143
529,152,84
530,152,91
531,152,81
532,152,81
533,152,81
534,152,85
535,152,90
536,152,50
537,152,55
538,152,98
539,152,94
540,152,79
541,152,79
542,152,79
543,152,96
544,152,111
545,152,111
546,152,83
547,152,76
548,152,101
549,152,97
550,152,68
551,152,312
552,152,342
553,152,342
554,152,342
555,152,163
556,152,98
557,152,81
558,152,75
559,152,73
560,152,79
561,152,92
562,152,86
563,152,77
564,152,77
565,152,102
566,152,103
567,152,174
568,152,124
569,152,124
570,152,103
571,152,94
572,152,170
573,152,201
490,153,99
491,153,94
492,153,71
493,153,75
494,153,96
495,153,88
496,153,82
497,153,82
498,153,84
499,153,105
500,153,182
501,153,266
502,153,117
503,153,100
504,153,101
505,153,70
506,153,70
507,153,58
508,153,56
509,153,51
510,153,49
511,153,48
512,153,62
513,153,87
514,153,81
515,153,70
516,153,68
517,153,68
518,153,67
519,153,61
520,153,62
521,153,68
522,153,68
523,153,135
524,153,87
525,153,76
526,153,48
527,153,52
528,153,86
529,153,89
530,153,74
531,153,58
532,153,182
533,153,535
534,153,410
535,153,81
536,153,79
537,153,81
538,153,98
539,153,90
540,153,75
541,153,49
542,153,61
543,153,101
544,153,111
545,153,110
546,153,77
547,153,75
548,153,99
549,153,96
550,153,74
551,153,323
552,153,342
553,153,342
554,153,342
555,153,153
556,153,98
557,153,98
558,153,118
559,153,95
560,153,95
561,153,95
562,153,94
563,153,77
564,153,75
565,153,74
566,153,74
567,153,198
568,153,220
569,153,199
570,153,142
571,153,86
572,153,161
573,153,430
490,154,110
491,154,58
492,154,48
493,154,48
494,154,51
495,154,56
496,154,97
497,154,91
498,154,171
499,154,271
500,154,275
501,154,221
502,154,102
503,154,100
504,154,100
505,154,100
506,154,100
507,154,69
508,154,56
509,154,50
510,154,48
511,154,50
512,154,74
513,154,87
514,154,82
515,154,111
516,154,151
517,154,239
518,154,154
519,154,61
520,154,61
521,154,68
522,154,69
523,154,185
524,154,98
525,154,81
526,154,70
527,154,70
528,154,89
529,154,89
530,154,60
531,154,41
532,154,395
533,154,755
534,154,619
535,154,64
536,154,89
537,154,65
538,154,98
539,154,80
540,154,43
541,154,28
542,154,54
543,154,105
544,154,111
545,154,111
546,154,80
547,154,77
548,154,101
549,154,95
550,154,67
551,154,316
552,154,342
553,154,342
554,154,316
555,154,122
556,154,98
557,154,100
558,154,120
559,154,101
560,154,95
561,154,95
562,154,95
563,154,80
564,154,74
565,154,74
566,154,74
567,154,239
568,154,252
569,154,201
570,154,67
571,154,141
572,154,213
573,154,1309
490,155,348
491,155,49
492,155,48
493,155,48
494,155,48
495,155,120
496,155,272
497,155,269
498,155,275
499,155,275
500,155,275
501,155,168
502,155,100
503,155,100
504,155,100
505,155,100
506,155,88
507,155,52
508,155,52
509,155,50
510,155,49
511,155,49
512,155,74
513,155,84
514,155,77
515,155,142
516,155,309
517,155,309
518,155,292
519,155,136
520,155,62
521,155,68
522,155,112
523,155,210
524,155,108
525,155,81
526,155,72
527,155,73
528,155,88
529,155,89
530,155,59
531,155,41
532,155,384
533,155,754
534,155,307
535,155,76
536,155,71
537,155,48
538,155,89
539,155,57
540,155,28
541,155,29
542,155,57
543,155,108
544,155,111
545,155,105
546,155,75
547,155,87
548,155,102
549,155,88
550,155,68
551,155,330
552,155,342
553,155,342
554,155,252
555,155,98
556,155,98
557,155,106
558,155,122
559,155,119
560,155,95
561,155,95
562,155,95
563,155,79
564,155,54
565,155,74
566,155,192
567,155,360
568,155,304
569,155,208
570,155,182
571,155,192
572,155,196
573,155,1213
490,156,398
491,156,48
492,156,48
493,156,48
494,156,100
495,156,268
496,156,275
497,156,275
498,156,275
499,156,275
500,156,275
501,156,213
502,156,163
503,156,100
504,156,100
505,156,80
506,156,50
507,156,49
508,156,49
509,156,49
510,156,50
511,156,83
512,156,79
513,156,81
514,156,75
515,156,130
516,156,293
517,156,287
518,156,229
519,156,150
520,156,88
521,156,68
522,156,140
523,156,210
524,156,136
525,156,86
526,156,72
527,156,72
528,156,90
529,156,129
530,156,96
531,156,204
532,156,742
533,156,755
534,156,296
535,156,83
536,156,48
537,156,38
538,156,37
539,156,29
540,156,34
541,156,58
542,156,70
543,156,89
544,156,87
545,156,84
546,156,75
547,156,95
548,156,98
549,156,68
550,156,68
551,156,234
552,156,309
553,156,342
554,156,198
555,156,98
556,156,98
557,156,105
558,156,120
559,156,122
560,156,105
561,156,95
562,156,95
563,156,57
564,156,79
565,156,116
566,156,210
567,156,384
568,156,297
569,156,208
570,156,208
571,156,194
572,156,177
573,156,211
490,157,576
491,157,138
492,157,48
493,157,48
494,157,210
495,157,275
496,157,275
497,157,275
498,157,275
499,157,275
500,157,275
501,157,275
502,157,275
503,157,196
504,157,76
505,157,64
506,157,46
507,157,47
508,157,64
509,157,108
510,157,109
511,157,131
512,157,86
513,157,83
514,157,144
515,157,307
516,157,309
517,157,204
518,157,133
519,157,133
520,157,410
521,157,327
522,157,183
523,157,210
524,157,210
525,157,202
526,157,135
527,157,74
528,157,101
529,157,262
530,157,262
531,157,262
532,157,374
533,157,739
534,157,360
535,157,150
536,157,39
537,157,30
538,157,30
539,157,30
540,157,42
541,157,62
542,157,65
543,157,50
544,157,48
545,157,79
546,157,98
547,157,101
548,157,76
549,157,67
550,157,88
551,157,134
552,157,155
553,157,259
554,157,159
555,157,94
556,157,92
557,157,103
558,157,98
559,157,114
560,157,104
561,157,95
562,157,95
563,157,66
564,157,59
565,157,133
566,157,98
567,157,316
568,157,317
569,157,207
570,157,205
571,157,189
572,157,174
573,157,162
490,158,583
491,158,207
492,158,71
493,158,80
494,158,191
495,158,231
496,158,251
497,158,275
498,158,268
499,158,248
500,158,275
501,158,275
502,158,227
503,158,82
504,158,53
505,158,52
506,158,43
507,158,44
508,158,90
509,158,132
510,158,132
511,158,124
512,158,65
513,158,66
514,158,141
515,158,309
516,158,308
517,158,148
518,158,133
519,158,212
520,158,469
521,158,469
522,158,352
523,158,210
524,158,210
525,158,210
526,158,210
527,158,115
528,158,139
529,158,262
530,158,262
531,158,262
532,158,262
533,158,363
534,158,212
535,158,212
536,158,133
537,158,30
538,158,30
539,158,30
540,158,46
541,158,51
542,158,48
543,158,48
544,158,48
545,158,108
546,158,123
547,158,100
548,158,68
549,158,70
550,158,126
551,158,134
552,158,134
553,158,122
554,158,83
555,158,83
556,158,83
557,158,107
558,158,95
559,158,95
560,158,95
561,158,95
562,158,95
563,158,80
564,158,57
565,158,75
566,158,103
567,158,118
568,158,58
569,158,139
570,158,202
571,158,186
572,158,174
573,158,174
490,159,561
491,159,78
492,159,78
493,159,78
494,159,164
495,159,192
496,159,95
497,159,177
498,159,143
499,159,87
500,159,123
501,159,188
502,159,58
503,159,53
504,159,53
505,159,48
506,159,49
507,159,40
508,159,114
509,159,150
510,159,132
511,159,132
512,159,101
513,159,65
514,159,63
515,159,143
516,159,252
517,159,131
518,159,152
519,159,350
520,159,469
521,159,469
522,159,401
523,159,221
524,159,210
525,159,210
526,159,202
527,159,72
528,159,92
529,159,217
530,159,261
531,159,262
532,159,262
533,159,229
534,159,181
535,159,172
536,159,126
537,159,29
538,159,30
539,159,30
540,159,47
541,159,48
542,159,53
543,159,55
544,159,48
545,159,100
546,159,123
547,159,124
548,159,115
549,159,76
550,159,112
551,159,103
552,159,134
553,159,133
554,159,87
555,159,80
556,159,83
557,159,110
558,159,97
559,159,95
560,159,95
561,159,95
562,159,95
563,159,66
564,159,58
565,159,59
566,159,86
567,159,82
568,159,58
569,159,139
570,159,205
571,159,188
572,159,174
573,159,174
490,160,405
491,160,79
492,160,78
493,160,78
494,160,91
495,160,109
496,160,83
497,160,87
498,160,86
499,160,86
500,160,87
501,160,148
502,160,195
503,160,141
504,160,134
505,160,144
506,160,163
507,160,143
508,160,292
509,160,267
510,160,133
511,160,132
512,160,132
513,160,120
514,160,79
515,160,63
516,160,65
517,160,79
518,160,345
519,160,469
520,160,469
521,160,469
522,160,371
523,160,290
524,160,175
525,160,210
526,160,172
527,160,63
528,160,306
529,160,334
530,160,236
531,160,262
532,160,190
533,160,60
534,160,42
535,160,40
536,160,25
537,160,25
538,160,29
539,160,33
540,160,48
541,160,48
542,160,72
543,160,81
544,160,48
545,160,60
546,160,89
547,160,112
548,160,116
549,160,75
550,160,68
551,160,76
552,160,101
553,160,85
554,160,69
555,160,72
556,160,93
557,160,89
558,160,74
559,160,82
560,160,76
561,160,78
562,160,76
563,160,60
564,160,59
565,160,69
566,160,110
567,160,154
568,160,163
569,160,171
570,160,193
571,160,201
572,160,175
573,160,175
490,161,203
491,161,127
492,161,111
493,161,93
494,161,79
495,161,78
496,161,78
497,161,80
498,161,79
499,161,80
500,161,84
501,161,138
502,161,258
503,161,247
504,161,200
505,161,172
506,161,165
507,161,181
508,161,292
509,161,259
510,161,132
511,161,132
512,161,132
513,161,137
514,161,174
515,161,130
516,161,85
517,161,62
518,161,364
519,161,469
520,161,469
521,161,431
522,161,331
523,161,148
524,161,192
525,161,288
526,161,306
527,161,107
528,161,501
529,161,227
530,161,207
531,161,601
532,161,95
533,161,42
534,161,42
535,161,42
536,161,34
537,161,30
538,161,39
539,161,74
540,161,65
541,161,79
542,161,81
543,161,87
544,161,57
545,161,48
546,161,82
547,161,88
548,161,113
549,161,86
550,161,68
551,161,68
552,161,68
553,161,68
554,161,68
555,161,61
556,161,44
557,161,37
558,161,47
559,161,49
560,161,48
561,161,48
562,161,50
563,161,61
564,161,56
565,161,80
566,161,160
567,161,177
568,161,270
569,161,256
570,161,329
571,161,281
572,161,233
573,161,227
490,162,129
491,162,129
492,162,129
493,162,129
494,162,125
495,162,84
496,162,78
497,162,78
498,162,78
499,162,78
500,162,78
501,162,243
502,162,258
503,162,258
504,162,258
505,162,247
506,162,273
507,162,313
508,162,292
509,162,290
510,162,181
511,162,203
512,162,238
513,162,263
514,162,292
515,162,262
516,162,223
517,162,96
518,162,155
519,162,465
520,162,456
521,162,348
522,162,271
523,162,79
524,162,275
525,162,1249
526,162,1164
527,162,428
528,162,764
529,162,217
530,162,206
531,162,2280
532,162,726
533,162,42
534,162,42
535,162,43
536,162,44
537,162,44
538,162,45
539,162,104
540,162,117
541,162,135
542,162,116
543,162,87
544,162,80
545,162,51
546,162,77
547,162,93
548,162,108
549,162,76
550,162,68
551,162,68
552,162,68
553,162,71
554,162,99
555,162,69
556,162,37
557,162,37
558,162,46
559,162,49
560,162,49
561,162,51
562,162,52
563,162,62
564,162,58
565,162,76
566,162,211
567,162,285
568,162,394
569,162,394
570,162,389
571,162,257
572,162,236
573,162,239
490,163,129
491,163,129
492,163,129
493,163,129
494,163,129
495,163,87
496,163,78
497,163,78
498,163,78
499,163,105
500,163,154
501,163,258
502,163,258
503,163,258
504,163,258
505,163,258
506,163,561
507,163,699
508,163,407
509,163,292
510,163,292
511,163,288
512,163,262
513,163,262
514,163,282
515,163,305
516,163,314
517,163,172
518,163,62
519,163,306
520,163,360
521,163,330
522,163,139
523,163,127
524,163,293
525,163,1563
526,163,1279
527,163,461
528,163,856
529,163,431
530,163,265
531,163,2719
532,163,2602
533,163,1686
534,163,43
535,163,44
536,163,44
537,163,44
538,163,67
539,163,110
540,163,111
541,163,135
542,163,172
543,163,215
544,163,207
545,163,182
546,163,83
547,163,83
548,163,83
549,163,72
550,163,67
551,163,60
552,163,58
553,163,121
554,163,129
555,163,66
556,163,49
557,163,37
558,163,40
559,163,56
560,163,50
561,163,38
562,163,39
563,163,62
564,163,62
565,163,57
566,163,187
567,163,334
568,163,358
569,163,317
570,163,263
571,163,202
572,163,207
573,163,249
490,164,114
491,164,128
492,164,129
493,164,129
494,164,123
495,164,78
496,164,78
497,164,78
498,164,113
499,164,201
500,164,258
501,164,258
502,164,258
503,164,258
504,164,258
505,164,258
506,164,437
507,164,701
508,164,462
509,164,292
510,164,292
511,164,292
512,164,281
513,164,262
514,164,270
515,164,305
516,164,321
517,164,320
518,164,322
519,164,284
520,164,335
521,164,272
522,164,72
523,164,209
524,164,416
525,164,1778
526,164,1340
527,164,461
528,164,831
529,164,326
530,164,688
531,164,2822
532,164,2822
533,164,2798
534,164,1918
535,164,422
536,164,44
537,164,56
538,164,108
539,164,110
540,164,118
541,164,141
542,164,177
543,164,293
544,164,292
545,164,256
546,164,140
547,164,83
548,164,83
549,164,107
550,164,15
551,164,10
552,164,13
553,164,120
554,164,129
555,164,98
556,164,80
557,164,49
558,164,38
559,164,51
560,164,52
561,164,31
562,164,28
563,164,62
564,164,62
565,164,62
566,164,61
567,164,207
568,164,260
569,164,260
570,164,257
571,164,207
572,164,213
573,164,566
490,165,94
491,165,98
492,165,120
493,165,130
494,165,117
495,165,78
496,165,78
497,165,126
498,165,279
499,165,258
500,165,258
501,165,258
502,165,258
503,165,258
504,165,258
505,165,258
506,165,296
507,165,604
508,165,469
509,165,292
510,165,292
511,165,292
512,165,292
513,165,263
514,165,289
515,165,305
516,165,318
517,165,399
518,165,1308
519,165,353
520,165,352
521,165,156
522,165,129
523,165,289
524,165,1001
525,165,1786
526,165,1137
527,165,461
528,165,830
529,165,212
530,165,1323
531,165,2822
532,165,2822
533,165,2822
534,165,2822
535,165,2147
536,165,44
537,165,73
538,165,110
539,165,116
540,165,142
541,165,665
542,165,955
543,165,303
544,165,286
545,165,289
546,165,246
547,165,184
548,165,265
549,165,280
550,165,24
551,165,29
552,165,48
553,165,125
554,165,129
555,165,90
556,165,80
557,165,89
558,165,50
559,165,52
560,165,53
561,165,44
562,165,43
563,165,62
564,165,62
565,165,62
566,165,46
567,165,69
568,165,195
569,165,208
570,165,234
571,165,392
572,165,966
573,165,1169
490,166,94
491,166,96
492,166,185
493,166,219
494,166,196
495,166,110
496,166,149
497,166,284
498,166,320
499,166,308
500,166,272
501,166,258
502,166,258
503,166,258
504,166,258
505,166,236
506,166,197
507,166,301
508,166,329
509,166,273
510,166,292
511,166,292
512,166,295
513,166,530
514,166,490
515,166,305
516,166,320
517,166,874
518,166,2042
519,166,1370
520,166,373
521,166,151
522,166,182
523,166,200
524,166,1121
525,166,1171
526,166,672
527,166,516
528,166,650
529,166,206
530,166,1980
531,166,2822
532,166,2822
533,166,2822
534,166,2822
535,166,2816
536,166,571
537,166,287
538,166,212
539,166,132
540,166,144
541,166,977
542,166,1147
543,166,590
544,166,285
545,166,285
546,166,285
547,166,284
548,166,276
549,166,252
550,166,104
551,166,129
552,166,129
553,166,118
554,166,102
555,166,84
556,166,106
557,166,135
558,166,49
559,166,50
560,166,56
561,166,75
562,166,87
563,166,62
564,166,62
565,166,55
566,166,41
567,166,41
568,166,55
569,166,63
570,166,68
571,166,543
572,166,1127
573,166,1169
490,167,94
491,167,141
492,167,224
493,167,224
494,167,224
495,167,241
496,167,315
497,167,321
498,167,321
499,167,321
500,167,281
501,167,250
502,167,258
503,167,252
504,167,258
505,167,156
506,167,76
507,167,231
508,167,257
509,167,321
510,167,302
511,167,292
512,167,330
513,167,959
514,167,1076
515,167,461
516,167,436
517,167,1353
518,167,2086
519,167,2086
520,167,1781
521,167,928
522,167,371
523,167,249
524,167,124
525,167,124
526,167,178
527,167,781
528,167,1016
529,167,835
530,167,2477
531,167,2822
532,167,2822
533,167,2822
534,167,2822
535,167,2713
536,167,1322
537,167,1297
538,167,1253
539,167,545
540,167,349
541,167,1145
542,167,1147
543,167,1005
544,167,459
545,167,283
546,167,277
547,167,257
548,167,253
549,167,252
550,167,193
551,167,137
552,167,100
553,167,80
554,167,83
555,167,98
556,167,131
557,167,137
558,167,74
559,167,49
560,167,57
561,167,73
562,167,122
563,167,62
564,167,56
565,167,61
566,167,71
567,167,76
568,167,70
569,167,64
570,167,63
571,167,324
572,167,1014
573,167,1181
490,168,108
491,168,215
492,168,224
493,168,224
494,168,224
495,168,224
496,168,262
497,168,321
498,168,321
499,168,321
500,168,309
501,168,155
502,168,123
503,168,132
504,168,236
505,168,107
506,168,73
507,168,142
508,168,396
509,168,409
510,168,381
511,168,306
512,168,256
513,168,369
514,168,1250
515,168,822
516,168,479
517,168,864
518,168,2086
519,168,2086
520,168,2086
521,168,2086
522,168,745
523,168,501
524,168,376
525,168,219
526,168,755
527,168,1013
528,168,1013
529,168,1018
530,168,2292
531,168,2822
532,168,2822
533,168,2822
534,168,3089
535,168,1645
536,168,1350
537,168,1350
538,168,1350
539,168,1343
540,168,1122
541,168,1147
542,168,1147
543,168,1035
544,168,569
545,168,247
546,168,177
547,168,181
548,168,196
549,168,253
550,168,257
551,168,237
552,168,164
553,168,128
554,168,188
555,168,176
556,168,138
557,168,138
558,168,132
559,168,81
560,168,101
561,168,130
562,168,286
563,168,194
564,168,183
565,168,92
566,168,77
567,168,77
568,168,77
569,168,74
570,168,393
571,168,1197
572,168,1217
573,168,1288
490,169,99
491,169,208
492,169,224
493,169,224
494,169,166
495,169,164
496,169,172
497,169,309
498,169,321
499,169,321
500,169,321
501,169,222
502,169,94
503,169,144
504,169,383
505,169,99
506,169,65
507,169,58
508,169,331
509,169,410
510,169,409
511,169,408
512,169,489
513,169,549
514,169,699
515,169,640
516,169,493
517,169,922
518,169,2086
519,169,2086
520,169,2086
521,169,1985
522,169,1231
523,169,1405
524,169,879
525,169,509
526,169,911
527,169,1013
528,169,1012
529,169,1145
530,169,2670
531,169,2822
532,169,2822
533,169,2822
534,169,5382
535,169,4525
536,169,1353
537,169,1350
538,169,1349
539,169,1203
540,169,1147
541,169,1147
542,169,1134
543,169,666
544,169,571
545,169,203
546,169,242
547,169,152
548,169,137
549,169,211
550,169,278
551,169,259
552,169,259
553,169,259
554,169,259
555,169,259
556,169,175
557,169,220
558,169,232
559,169,172
560,169,126
561,169,98
562,169,412
563,169,681
564,169,681
565,169,347
566,169,77
567,169,73
568,169,71
569,169,73
570,169,158
571,169,746
572,169,1144
573,169,1103
490,170,94
491,170,128
492,170,215
493,170,134
494,170,97
495,170,158
496,170,164
497,170,295
498,170,321
499,170,321
500,170,321
501,170,264
502,170,247
503,170,403
504,170,641
505,170,428
506,170,224
507,170,300
508,170,389
509,170,423
510,170,402
511,170,290
512,170,475
513,170,641
514,170,641
515,170,1085
516,170,1716
517,170,1858
518,170,1803
519,170,2086
520,170,2086
521,170,2034
522,170,1919
523,170,1919
524,170,1919
525,170,1813
526,170,1339
527,170,998
528,170,991
529,170,944
530,170,1425
531,170,2763
532,170,3207
533,170,7062
534,170,5732
535,170,3629
536,170,1350
537,170,1518
538,170,2691
539,170,1933
540,170,1147
541,170,1147
542,170,1001
543,170,583
544,170,583
545,170,558
546,170,488
547,170,408
548,170,94
549,170,288
550,170,361
551,170,257
552,170,258
553,170,259
554,170,259
555,170,265
556,170,306
557,170,310
558,170,297
559,170,138
560,170,97
561,170,97
562,170,504
563,170,681
564,170,663
565,170,151
566,170,69
567,170,63
568,170,63
569,170,63
570,170,94
571,170,267
572,170,435
573,170,480
490,171,94
491,171,95
492,171,104
493,171,94
494,171,95
495,171,159
496,171,164
497,171,262
498,171,321
499,171,321
500,171,321
501,171,311
502,171,262
503,171,525
504,171,541
505,171,572
506,171,439
507,171,426
508,171,428
509,171,500
510,171,306
511,171,208
512,171,430
513,171,665
514,171,1154
515,171,2028
516,171,1577
517,171,536
518,171,258
519,171,639
520,171,1221
521,171,2021
522,171,1919
523,171,1919
524,171,1919
525,171,1921
526,171,2345
527,171,2344
528,171,2298
529,171,2137
530,171,2027
531,171,11570
532,171,16421
533,171,13552
534,171,3042
535,171,3084
536,171,2741
537,171,2928
538,171,3271
539,171,3093
540,171,1742
541,171,1558
542,171,607
543,171,499
544,171,634
545,171,771
546,171,809
547,171,707
548,171,92
549,171,252
550,171,499
551,171,257
552,171,254
553,171,255
554,171,258
555,171,286
556,171,310
557,171,298
558,171,285
559,171,188
560,171,97
561,171,97
562,171,596
563,171,746
564,171,1863
565,171,791
566,171,54
567,171,54
568,171,62
569,171,63
570,171,77
571,171,109
572,171,141
573,171,275
490,172,94
491,172,94
492,172,94
493,172,243
494,172,218
495,172,158
496,172,164
497,172,169
498,172,254
499,172,320
500,172,216
501,172,125
502,172,232
503,172,634
504,172,158
505,172,209
506,172,310
507,172,232
508,172,314
509,172,506
510,172,377
511,172,250
512,172,214
513,172,1242
514,172,1940
515,172,1874
516,172,374
517,172,220
518,172,216
519,172,237
520,172,249
521,172,1317
522,172,1950
523,172,2505
524,172,2908
525,172,2450
526,172,4959
527,172,5571
528,172,5318
529,172,5344
530,172,5318
531,172,15038
532,172,15414
533,172,13123
534,172,8530
535,172,3271
536,172,3271
537,172,3271
538,172,3271
539,172,3267
540,172,2705
541,172,1068
542,172,399
543,172,389
544,172,739
545,172,767
546,172,741
547,172,599
548,172,252
549,172,201
550,172,584
551,172,604
552,172,485
553,172,429
554,172,322
555,172,370
556,172,313
557,172,310
558,172,298
559,172,373
560,172,279
561,172,305
562,172,662
563,172,770
564,172,3461
565,172,2242
566,172,58
567,172,50
568,172,52
569,172,63
570,172,77
571,172,109
572,172,109
573,172,128
490,173,94
491,173,94
492,173,94
493,173,606
494,173,793
495,173,400
496,173,247
497,173,164
498,173,164
499,173,169
500,173,88
501,173,88
502,173,439
503,173,573
504,173,160
505,173,150
506,173,150
507,173,195
508,173,252
509,173,468
510,173,506
511,173,453
512,173,1123
513,173,1833
514,173,1877
515,173,1866
516,173,1660
517,173,945
518,173,1200
519,173,604
520,173,863
521,173,1427
522,173,1966
523,173,3733
524,173,4972
525,173,4972
526,173,4972
527,173,10408
528,173,5443
529,173,8843
530,173,8851
531,173,13747
532,173,9853
533,173,13123
534,173,10293
535,173,3277
536,173,3271
537,173,3271
538,173,3271
539,173,2925
540,173,2136
541,173,430
542,173,389
543,173,389
544,173,406
545,173,497
546,173,504
547,173,504
548,173,504
549,173,504
550,173,521
551,173,655
552,173,670
553,173,670
554,173,664
555,173,630
556,173,417
557,173,292
558,173,467
559,173,665
560,173,665
561,173,671
562,173,681
563,173,1649
564,173,3568
565,173,3487
566,173,241
567,173,50
568,173,50
569,173,63
570,173,89
571,173,109
572,173,109
573,173,86
490,174,94
491,174,116
492,174,179
493,174,780
494,174,1057
495,174,783
496,174,690
497,174,191
498,174,164
499,174,142
500,174,88
501,174,109
502,174,261
503,174,180
504,174,150
505,174,150
506,174,150
507,174,166
508,174,198
509,174,275
510,174,377
511,174,814
512,174,1307
513,174,1545
514,174,1549
515,174,1328
516,174,1491
517,174,2784
518,174,4136
519,174,940
520,174,940
521,174,1864
522,174,1966
523,174,2181
524,174,4664
525,174,4972
526,174,7510
527,174,15301
528,174,12395
529,174,9577
530,174,15220
531,174,16588
532,174,14373
533,174,13123
534,174,13082
535,174,11796
536,174,3793
537,174,3271
538,174,3245
539,174,2673
540,174,1272
541,174,389
542,174,389
543,174,389
544,174,389
545,174,490
546,174,504
547,174,504
548,174,504
549,174,504
550,174,502
551,174,497
552,174,598
553,174,669
554,174,670
555,174,452
556,174,285
557,174,285
558,174,466
559,174,665
560,174,665
561,174,676
562,174,641
563,174,1238
564,174,2766
565,174,3098
566,174,1117
567,174,49
568,174,53
569,174,64
570,174,102
571,174,109
572,174,102
573,174,84
490,175,209
491,175,219
492,175,222
493,175,746
494,175,1303
495,175,1058
496,175,833
497,175,770
498,175,403
499,175,199
500,175,181
501,175,157
502,175,151
503,175,150
504,175,150
505,175,152
506,175,154
507,175,155
508,175,155
509,175,227
510,175,310
511,175,719
512,175,866
513,175,1038
514,175,1098
515,175,1249
516,175,2086
517,175,4428
518,175,4001
519,175,940
520,175,940
521,175,1802
522,175,1917
523,175,2153
524,175,7360
525,175,9052
526,175,14101
527,175,15496
528,175,12660
529,175,9619
530,175,16095
531,175,16588
532,175,15480
533,175,13123
534,175,13123
535,175,12466
536,175,7805
537,175,4333
538,175,2922
539,175,2025
540,175,929
541,175,539
542,175,406
543,175,389
544,175,406
545,175,492
546,175,463
547,175,471
548,175,504
549,175,500
550,175,491
551,175,491
552,175,491
553,175,627
554,175,670
555,175,397
556,175,285
557,175,277
558,175,421
559,175,654
560,175,670
561,175,646
562,175,190
563,175,315
564,175,409
565,175,65
566,175,59
567,175,36
568,175,40
569,175,67
570,175,108
571,175,95
572,175,84
573,175,84
490,176,222
491,176,222
492,176,222
493,176,784
494,176,1305
495,176,1305
496,176,993
497,176,776
498,176,623
499,176,235
500,176,206
501,176,151
502,176,151
503,176,150
504,176,150
505,176,155
506,176,155
507,176,155
508,176,192
509,176,240
510,176,535
511,176,732
512,176,732
513,176,732
514,176,732
515,176,1112
516,176,1299
517,176,3397
518,176,3461
519,176,1287
520,176,3226
521,176,1930
522,176,1783
523,176,7026
524,176,11981
525,176,11981
526,176,14128
527,176,15496
528,176,15374
529,176,12714
530,176,16234
531,176,15737
532,176,14443
533,176,13123
534,176,13123
535,176,11428
536,176,10343
537,176,8572
538,176,4022
539,176,3940
540,176,1973
541,176,999
542,176,1314
543,176,2504
544,176,2935
545,176,1046
546,176,357
547,176,418
548,176,550
549,176,558
550,176,516
551,176,492
552,176,491
553,176,565
554,176,670
555,176,481
556,176,233
557,176,176
558,176,168
559,176,342
560,176,663
561,176,1220
562,176,520
563,176,309
564,176,401
565,176,73
566,176,58
567,176,36
568,176,36
569,176,37
570,176,90
571,176,84
572,176,84
573,176,84
490,177,222
491,177,222
492,177,144
493,177,175
494,177,779
495,177,1107
496,177,896
497,177,704
498,177,269
499,177,235
500,177,186
501,177,152
502,177,122
503,177,118
504,177,122
505,177,155
506,177,155
507,177,165
508,177,255
509,177,202
510,177,279
511,177,732
512,177,732
513,177,732
514,177,780
515,177,1149
516,177,1305
517,177,1888
518,177,1725
519,177,3477
520,177,4903
521,177,2779
522,177,1766
523,177,9280
524,177,11981
525,177,13441
526,177,25935
527,177,21491
528,177,16341
529,177,15838
530,177,16579
531,177,18009
532,177,17073
533,177,13247
534,177,13123
535,177,11237
536,177,11942
537,177,25888
538,177,6959
539,177,6959
540,177,6270
541,177,2308
542,177,3362
543,177,4646
544,177,3459
545,177,3310
546,177,2764
547,177,1055
548,177,709
549,177,709
550,177,709
551,177,679
552,177,599
553,177,523
554,177,638
555,177,324
556,177,168
557,177,168
558,177,168
559,177,137
560,177,1686
561,177,1849
562,177,854
563,177,266
564,177,413
565,177,130
566,177,61
567,177,36
568,177,36
569,177,36
570,177,69
571,177,84
572,177,84
573,177,84
490,178,222
491,178,180
492,178,57
493,178,86
494,178,246
495,178,887
496,178,877
497,178,781
498,178,448
499,178,335
500,178,162
501,178,156
502,178,113
503,178,94
504,178,111
505,178,290
506,178,277
507,178,253
508,178,263
509,178,232
510,178,219
511,178,661
512,178,710
513,178,706
514,178,784
515,178,1141
516,178,1838
517,178,2339
518,178,2331
519,178,3154
520,178,3962
521,178,4888
522,178,8409
523,178,10406
524,178,12538
525,178,18342
526,178,19972
527,178,27597
528,178,19796
529,178,16269
530,178,16370
531,178,22541
532,178,27516
533,178,35208
534,178,24385
535,178,10625
536,178,15801
537,178,22100
538,178,9050
539,178,6959
540,178,5459
541,178,2375
542,178,5073
543,178,5603
544,178,3459
545,178,3459
546,178,3459
547,178,1661
548,178,709
549,178,709
550,178,709
551,178,546
552,178,333
553,178,287
554,178,186
555,178,164
556,178,164
557,178,168
558,178,168
559,178,167
560,178,1805
561,178,1849
562,178,694
563,178,230
564,178,413
565,178,154
566,178,61
567,178,36
568,178,36
569,178,36
570,178,56
571,178,84
572,178,84
573,178,84
490,179,199
491,179,126
492,179,70
493,179,69
494,179,92
495,179,439
496,179,737
497,179,837
498,179,856
499,179,325
500,179,155
501,179,155
502,179,119
503,179,94
504,179,94
505,179,309
506,179,376
507,179,453
508,179,263
509,179,219
510,179,330
511,179,631
512,179,691
513,179,691
514,179,691
515,179,1199
516,179,2120
517,179,2345
518,179,2345
519,179,2449
520,179,2600
521,179,6407
522,179,10123
523,179,10230
524,179,17427
525,179,18569
526,179,17083
527,179,19811
528,179,16141
529,179,14966
530,179,16107
531,179,61734
532,179,51467
533,179,31203
534,179,26331
535,179,10527
536,179,10443
537,179,9743
538,179,8826
539,179,7044
540,179,7539
541,179,6334
542,179,7243
543,179,5962
544,179,3795
545,179,3459
546,179,3459
547,179,1510
548,179,709
549,179,709
550,179,709
551,179,224
552,179,45
553,179,54
554,179,80
555,179,82
556,179,83
557,179,131
558,179,168
559,179,113
560,179,203
561,179,1489
562,179,344
563,179,130
564,179,286
565,179,222
566,179,46
567,179,29
568,179,30
569,179,32
570,179,36
571,179,81
572,179,84
573,179,84
490,180,142
491,180,109
492,180,88
493,180,96
494,180,96
495,180,131
496,180,214
497,180,332
498,180,855
499,180,263
500,180,155
501,180,141
502,180,102
503,180,94
504,180,97
505,180,495
506,180,537
507,180,550
508,180,271
509,180,194
510,180,194
511,180,335
512,180,684
513,180,691
514,180,844
515,180,1441
516,180,2315
517,180,2345
518,180,2345
519,180,2582
520,180,2601
521,180,4476
522,180,10159
523,180,11108
524,180,18865
525,180,20385
526,180,20122
527,180,17443
528,180,16867
529,180,28923
530,180,16433
531,180,21180
532,180,13886
533,180,12103
534,180,33454
535,180,19909
536,180,17909
537,180,10755
538,180,10011
539,180,9076
540,180,9949
541,180,9949
542,180,6815
543,180,4114
544,180,5589
545,180,3460
546,180,3459
547,180,1454
548,180,709
549,180,709
550,180,605
551,180,134
552,180,110
553,180,46
554,180,51
555,180,76
556,180,82
557,180,82
558,180,89
559,180,68
560,180,56
561,180,356
562,180,216
563,180,80
564,180,80
565,180,57
566,180,26
567,180,26
568,180,27
569,180,49
570,180,74
571,180,79
572,180,81
573,180,71
490,181,153
491,181,119
492,181,92
493,181,96
494,181,96
495,181,124
496,181,157
497,181,183
498,181,254
499,181,98
500,181,153
501,181,136
502,181,94
503,181,94
504,181,171
505,181,429
506,181,544
507,181,551
508,181,267
509,181,194
510,181,194
511,181,194
512,181,465
513,181,514
514,181,728
515,181,1597
516,181,2345
517,181,2345
518,181,2345
519,181,2569
520,181,2601
521,181,6341
522,181,10159
523,181,16403
524,181,19574
525,181,23738
526,181,23956
527,181,23935
528,181,23233
529,181,34656
530,181,38001
531,181,25664
532,181,16118
533,181,37987
534,181,48645
535,181,39810
536,181,33022
537,181,23042
538,181,23753
539,181,10551
540,181,9949
541,181,9664
542,181,3673
543,181,2670
544,181,3926
545,181,3749
546,181,1802
547,181,1088
548,181,446
549,181,204
550,181,137
551,181,126
552,181,122
553,181,84
554,181,71
555,181,94
556,181,82
557,181,82
558,181,86
559,181,73
560,181,85
561,181,64
562,181,80
563,181,80
564,181,80
565,181,71
566,181,36
567,181,29
568,181,43
569,181,78
570,181,78
571,181,78
572,181,69
573,181,29
490,182,186
491,182,95
492,182,92
493,182,96
494,182,96
495,182,122
496,182,159
497,182,166
498,182,139
499,182,460
500,182,143
501,182,135
502,182,94
503,182,94
504,182,202
505,182,447
506,182,538
507,182,551
508,182,242
509,182,194
510,182,181
511,182,158
512,182,175
513,182,152
514,182,221
515,182,943
516,182,1483
517,182,1936
518,182,1885
519,182,2452
520,182,2720
521,182,4695
522,182,9228
523,182,13579
524,182,25347
525,182,21466
526,182,23968
527,182,23973
528,182,23199
529,182,23482
530,182,28869
531,182,43934
532,182,45981
533,182,47660
534,182,43122
535,182,41288
536,182,37596
537,182,26586
538,182,13972
539,182,9949
540,182,9949
541,182,7829
542,182,2986
543,182,2422
544,182,871
545,182,951
546,182,871
547,182,871
548,182,318
549,182,162
550,182,140
551,182,136
552,182,126
553,182,122
554,182,122
555,182,110
556,182,93
557,182,81
558,182,92
559,182,92
560,182,92
561,182,88
562,182,80
563,182,80
564,182,80
565,182,58
566,182,50
567,182,50
568,182,73
569,182,78
570,182,60
571,182,29
572,182,19
573,182,18
490,183,263
491,183,102
492,183,94
493,183,96
494,183,96
495,183,115
496,183,158
497,183,166
498,183,154
499,183,459
500,183,239
501,183,127
502,183,94
503,183,94
504,183,281
505,183,779
506,183,551
507,183,551
508,183,424
509,183,150
510,183,61
511,183,57
512,183,57
513,183,59
514,183,65
515,183,65
516,183,26
517,183,169
518,183,399
519,183,445
520,183,3284
521,183,3307
522,183,3383
523,183,3383
524,183,4506
525,183,9023
526,183,19305
527,183,20116
528,183,21958
529,183,21665
530,183,27128
531,183,26920
532,183,34811
533,183,43892
534,183,36415
535,183,34288
536,183,22756
537,183,15292
538,183,9973
539,183,9949
540,183,9949
541,183,6032
542,183,2986
543,183,2436
544,183,871
545,183,871
546,183,871
547,183,871
548,183,344
549,183,162
550,183,150
551,183,137
552,183,137
553,183,127
554,183,122
555,183,122
556,183,106
557,183,66
558,183,80
559,183,92
560,183,92
561,183,92
562,183,80
563,183,80
564,183,79
565,183,51
566,183,50
567,183,51
568,183,78
569,183,62
570,183,19
571,183,22
572,183,35
573,183,26
490,184,288
491,184,119
492,184,95
493,184,96
494,184,96
495,184,108
496,184,156
497,184,166
498,184,166
499,184,310
500,184,267
501,184,122
502,184,94
503,184,92
504,184,146
505,184,3045
506,184,551
507,184,551
508,184,340
509,184,73
510,184,70
511,184,64
512,184,57
513,184,57
514,184,64
515,184,65
516,184,86
517,184,248
518,184,324
519,184,608
520,184,3353
521,184,3383
522,184,3383
523,184,3383
524,184,4445
525,184,7166
526,184,7275
527,184,8923
528,184,21400
529,184,21736
530,184,23438
531,184,23478
532,184,22607
533,184,16370
534,184,15405
535,184,14881
536,184,15582
537,184,14091
538,184,9949
539,184,9949
540,184,9949
541,184,3655
542,184,2198
543,184,1335
544,184,714
545,184,830
546,184,871
547,184,829
548,184,213
549,184,162
550,184,160
551,184,140
552,184,137
553,184,133
554,184,122
555,184,118
556,184,102
557,184,55
558,184,53
559,184,70
560,184,85
561,184,82
562,184,45
563,184,67
564,184,79
565,184,64
566,184,50
567,184,50
568,184,66
569,184,49
570,184,18
571,184,38
572,184,41
573,184,34
490,185,221
491,185,105
492,185,92
493,185,96
494,185,96
495,185,102
496,185,157
497,185,166
498,185,150
499,185,86
500,185,66
501,185,131
502,185,86
503,185,81
504,185,80
505,185,502
506,185,494
507,185,264
508,185,123
509,185,69
510,185,70
511,185,70
512,185,159
513,185,209
514,185,66
515,185,192
516,185,297
517,185,324
518,185,324
519,185,324
520,185,2898
521,185,3383
522,185,3383
523,185,3034
524,185,4685
525,185,7275
526,185,7275
527,185,10550
528,185,21665
529,185,22768
530,185,23478
531,185,23478
532,185,21103
533,185,16628
534,185,14881
535,185,14881
536,185,14881
537,185,11184
538,185,7251
539,185,8137
540,185,9425
541,185,4514
542,185,1415
543,185,827
544,185,316
545,185,395
546,185,669
547,185,558
548,185,162
549,185,162
550,185,162
551,185,155
552,185,137
553,185,137
554,185,121
555,185,106
556,185,94
557,185,58
558,185,59
559,185,81
560,185,81
561,185,56
562,185,39
563,185,43
564,185,50
565,185,60
566,185,49
567,185,36
568,185,62
569,185,22
570,185,30
571,185,41
572,185,43
573,185,42
490,186,105
491,186,81
492,186,85
493,186,95
494,186,96
495,186,96
496,186,116
497,186,73
498,186,38
499,186,46
500,186,47
501,186,128
502,186,80
503,186,80
504,186,80
505,186,299
506,186,132
507,186,76
508,186,69
509,186,70
510,186,70
511,186,70
512,186,265
513,186,316
514,186,268
515,186,324
516,186,324
517,186,324
518,186,324
519,186,224
520,186,1337
521,186,3320
522,186,3260
523,186,1035
524,186,474
525,186,4685
526,186,7886
527,186,17987
528,186,21707
529,186,23470
530,186,23478
531,186,22480
532,186,17306
533,186,13752
534,186,14881
535,186,13012
536,186,9524
537,186,4781
538,186,4367
539,186,4346
540,186,3867
541,186,3260
542,186,955
543,186,334
544,186,316
545,186,316
546,186,316
547,186,235
548,186,162
549,186,166
550,186,162
551,186,153
552,186,137
553,186,137
554,186,137
555,186,115
556,186,91
557,186,59
558,186,74
559,186,131
560,186,131
561,186,93
562,186,30
563,186,40
564,186,43
565,186,29
566,186,27
567,186,29
568,186,29
569,186,32
570,186,43
571,186,50
572,186,48
573,186,33
490,187,214
491,187,187
492,187,111
493,187,99
494,187,96
495,187,96
496,187,101
497,187,27
498,187,142
499,187,46
500,187,63
501,187,103
502,187,80
503,187,80
504,187,85
505,187,103
506,187,103
507,187,85
508,187,70
509,187,70
510,187,70
511,187,91
512,187,175
513,187,248
514,187,324
515,187,324
516,187,324
517,187,324
518,187,324
519,187,208
520,187,80
521,187,982
522,187,1168
523,187,469
524,187,469
525,187,695
526,187,5582
527,187,13971
528,187,11925
529,187,16778
530,187,18113
531,187,6981
532,187,12276
533,187,14151
534,187,13425
535,187,3696
536,187,3497
537,187,3840
538,187,4349
539,187,4367
540,187,3884
541,187,3484
542,187,732
543,187,316
544,187,316
545,187,316
546,187,316
547,187,248
548,187,180
549,187,325
550,187,313
551,187,203
552,187,137
553,187,137
554,187,137
555,187,132
556,187,99
557,187,59
558,187,98
559,187,131
560,187,147
561,187,107
562,187,23
563,187,49
564,187,25
565,187,15
566,187,26
567,187,29
568,187,23
569,187,29
570,187,39
571,187,48
572,187,48
573,187,33
490,188,214
491,188,214
492,188,198
493,188,126
494,188,97
495,188,97
496,188,102
497,188,48
498,188,388
499,188,137
500,188,82
501,188,94
502,188,81
503,188,80
504,188,91
505,188,103
506,188,103
507,188,84
508,188,70
509,188,70
510,188,70
511,188,121
512,188,175
513,188,183
514,188,264
515,188,321
516,188,324
517,188,324
518,188,324
519,188,126
520,188,85
521,188,405
522,188,469
523,188,469
524,188,469
525,188,747
526,188,1438
527,188,4338
528,188,5146
529,188,5146
530,188,5146
531,188,5179
532,188,5284
533,188,5830
534,188,4662
535,188,2483
536,188,2483
537,188,2917
538,188,3533
539,188,4158
540,188,3818
541,188,1818
542,188,316
543,188,316
544,188,316
545,188,316
546,188,316
547,188,278
548,188,233
549,188,366
550,188,366
551,188,336
552,188,272
553,188,145
554,188,137
555,188,136
556,188,106
557,188,63
558,188,110
559,188,131
560,188,181
561,188,64
562,188,21
563,188,62
564,188,33
565,188,15
566,188,19
567,188,33
568,188,21
569,188,16
570,188,30
571,188,27
572,188,42
573,188,33
490,189,218
491,189,214
492,189,178
493,189,98
494,189,97
495,189,97
496,189,96
497,189,78
498,189,72
499,189,78
500,189,79
501,189,93
502,189,82
503,189,80
504,189,97
505,189,103
506,189,102
507,189,75
508,189,70
509,189,70
510,189,70
511,189,155
512,189,175
513,189,175
514,189,196
515,189,320
516,189,324
517,189,315
518,189,265
519,189,81
520,189,153
521,189,451
522,189,469
523,189,499
524,189,996
525,189,1213
526,189,1251
527,189,3135
528,189,5157
529,189,5797
530,189,5172
531,189,5206
532,189,5261
533,189,5261
534,189,5019
535,189,2542
536,189,2483
537,189,2483
538,189,2499
539,189,3273
540,189,3576
541,189,1127
542,189,316
543,189,316
544,189,316
545,189,316
546,189,316
547,189,296
548,189,251
549,189,366
550,189,366
551,189,366
552,189,366
553,189,231
554,189,137
555,189,126
556,189,106
557,189,69
558,189,114
559,189,154
560,189,180
561,189,31
562,189,19
563,189,71
564,189,35
565,189,15
566,189,20
567,189,36
568,189,33
569,189,34
570,189,32
571,189,27
572,189,35
573,189,34
490,190,381
491,190,205
492,190,169
493,190,97
494,190,97
495,190,97
496,190,87
497,190,80
498,190,80
499,190,78
500,190,78
501,190,80
502,190,122
503,190,156
504,190,103
505,190,103
506,190,103
507,190,77
508,190,70
509,190,70
510,190,103
511,190,175
512,190,175
513,190,188
514,190,306
515,190,324
516,190,313
517,190,255
518,190,172
519,190,136
520,190,412
521,190,469
522,190,469
523,190,472
524,190,1205
525,190,1251
526,190,1251
527,190,3189
528,190,7668
529,190,5458
530,190,5261
531,190,5261
532,190,5261
533,190,5261
534,190,5261
535,190,3591
536,190,2483
537,190,2483
538,190,2483
539,190,2158
540,190,1313
541,190,1212
542,190,528
543,190,316
544,190,316
545,190,316
546,190,316
547,190,219
548,190,207
549,190,366
550,190,366
551,190,366
552,190,366
553,190,269
554,190,146
555,190,115
556,190,106
557,190,98
558,190,126
559,190,191
560,190,157
561,190,26
562,190,31
563,190,76
564,190,27
565,190,20
566,190,32
567,190,72
568,190,45
569,190,38
570,190,33
571,190,27
572,190,36
573,190,37
490,191,447
491,191,177
492,191,64
493,191,94
494,191,97
495,191,97
496,191,83
497,191,85
498,191,85
499,191,82
500,191,78
501,191,79
502,191,156
503,191,165
504,191,103
505,191,103
506,191,124
507,191,110
508,191,84
509,191,88
510,191,214
511,191,190
512,191,175
513,191,211
514,191,324
515,191,324
516,191,259
517,191,209
518,191,137
519,191,249
520,191,469
521,191,469
522,191,469
523,191,469
524,191,704
525,191,1230
526,191,1252
527,191,1796
528,191,2708
529,191,4543
530,191,3789
531,191,4205
532,191,4080
533,191,4049
534,191,4372
535,191,3414
536,191,1735
537,191,2078
538,191,2476
539,191,2185
540,191,1214
541,191,1214
542,191,979
543,191,316
544,191,316
545,191,316
546,191,258
547,191,162
548,191,157
549,191,191
550,191,323
551,191,318
552,191,366
553,191,366
554,191,345
555,191,208
556,191,178
557,191,224
558,191,225
559,191,176
560,191,102
561,191,34
562,191,61
563,191,76
564,191,64
565,191,32
566,191,36
567,191,103
568,191,110
569,191,118
570,191,73
571,191,29
572,191,34
573,191,37
490,192,399
491,192,70
492,192,62
493,192,64
494,192,95
495,192,97
496,192,84
497,192,82
498,192,85
499,192,84
500,192,78
501,192,96
502,192,171
503,192,161
504,192,105
505,192,143
506,192,171
507,192,171
508,192,171
509,192,252
510,192,457
511,192,444
512,192,344
513,192,286
514,192,324
515,192,313
516,192,248
517,192,157
518,192,123
519,192,129
520,192,456
521,192,469
522,192,469
523,192,469
524,192,459
525,192,908
526,192,1393
527,192,1541
528,192,1362
529,192,1207
530,192,1200
531,192,1200
532,192,1200
533,192,1200
534,192,1200
535,192,1080
536,192,254
537,192,182
538,192,1043
539,192,2290
540,192,1271
541,192,944
542,192,485
543,192,317
544,192,317
545,192,317
546,192,257
547,192,162
548,192,134
549,192,53
550,192,76
551,192,77
552,192,244
553,192,365
554,192,366
555,192,366
556,192,298
557,192,272
558,192,318
559,192,158
560,192,130
561,192,76
562,192,76
563,192,76
564,192,65
565,192,32
566,192,71
567,192,89
568,192,131
569,192,131
570,192,71
571,192,34
572,192,35
573,192,36
490,193,361
491,193,62
492,193,62
493,193,62
494,193,91
495,193,85
496,193,80
497,193,83
498,193,85
499,193,82
500,193,78
501,193,118
502,193,171
503,193,168
504,193,157
505,193,171
506,193,171
507,193,171
508,193,173
509,193,418
510,193,457
511,193,457
512,193,457
513,193,437
514,193,389
515,193,293
516,193,208
517,193,131
518,193,109
519,193,108
520,193,356
521,193,469
522,193,340
523,193,164
524,193,189
525,193,287
526,193,1477
527,193,1357
528,193,760
529,193,1041
530,193,1200
531,193,1200
532,193,1200
533,193,1200
534,193,1200
535,193,1200
536,193,814
537,193,182
538,193,182
539,193,611
540,193,997
541,193,345
542,193,317
543,193,317
544,193,317
545,193,317
546,193,317
547,193,171
548,193,86
549,193,49
550,193,50
551,193,52
552,193,72
553,193,358
554,193,366
555,193,330
556,193,276
557,193,272
558,193,1653
559,193,1648
560,193,143
561,193,74
562,193,74
563,193,72
564,193,63
565,193,86
566,193,101
567,193,119
568,193,131
569,193,118
570,193,33
571,193,35
572,193,35
573,193,31
490,194,219
491,194,62
492,194,62
493,194,65
494,194,71
495,194,71
496,194,72
497,194,99
498,194,85
499,194,85
500,194,80
501,194,135
502,194,171
503,194,171
504,194,171
505,194,171
506,194,171
507,194,270
508,194,361
509,194,457
510,194,457
511,194,457
512,194,447
513,194,442
514,194,442
515,194,331
516,194,152
517,194,123
518,194,108
519,194,108
520,194,292
521,194,453
522,194,517
523,194,215
524,194,130
525,194,422
526,194,1429
527,194,945
528,194,770
529,194,1083
530,194,1200
531,194,1200
532,194,1200
533,194,1200
534,194,1200
535,194,1200
536,194,488
537,194,182
538,194,182
539,194,184
540,194,296
541,194,287
542,194,272
543,194,310
544,194,317
545,194,317
546,194,266
547,194,86
548,194,76
549,194,38
550,194,38
551,194,39
552,194,45
553,194,187
554,194,361
555,194,284
556,194,272
557,194,272
558,194,1096
559,194,934
560,194,150
561,194,82
562,194,68
563,194,68
564,194,68
565,194,96
566,194,86
567,194,121
568,194,131
569,194,83
570,194,33
571,194,35
572,194,34
573,194,31
490,195,75
491,195,62
492,195,66
493,195,88
494,195,72
495,195,74
496,195,92
497,195,106
498,195,89
499,195,85
500,195,85
501,195,102
502,195,170
503,195,171
504,195,171
505,195,171
506,195,171
507,195,171
508,195,299
509,195,457
510,195,457
511,195,457
512,195,442
513,195,442
514,195,436
515,195,133
516,195,85
517,195,98
518,195,129
519,195,126
520,195,132
521,195,138
522,195,597
523,195,737
524,195,678
525,195,723
526,195,743
527,195,743
528,195,933
529,195,1183
530,195,1155
531,195,900
532,195,1057
533,195,964
534,195,891
535,195,794
536,195,295
537,195,182
538,195,182
539,195,179
540,195,206
541,195,241
542,195,241
543,195,259
544,195,288
545,195,316
546,195,176
547,195,86
548,195,82
549,195,40
550,195,38
551,195,39
552,195,40
553,195,40
554,195,154
555,195,272
556,195,272
557,195,272
558,195,267
559,195,160
560,195,151
561,195,132
562,195,63
563,195,60
564,195,56
565,195,54
566,195,56
567,195,64
568,195,111
569,195,53
570,195,34
571,195,35
572,195,31
573,195,31
490,196,77
491,196,68
492,196,82
493,196,106
494,196,98
495,196,97
496,196,106
497,196,106
498,196,101
499,196,86
500,196,85
501,196,75
502,196,110
503,196,171
504,196,171
505,196,171
506,196,215
507,196,264
508,196,323
509,196,456
510,196,457
511,196,454
512,196,442
513,196,442
514,196,306
515,196,83
516,196,83
517,196,88
518,196,108
519,196,127
520,196,131
521,196,82
522,196,81
523,196,447
524,196,564
525,196,638
526,196,613
527,196,637
528,196,1040
529,196,1008
530,196,740
531,196,652
532,196,652
533,196,652
534,196,652
535,196,652
536,196,652
537,196,326
538,196,146
539,196,145
540,196,169
541,196,241
542,196,241
543,196,241
544,196,241
545,196,218
546,196,86
547,196,86
548,196,86
549,196,51
550,196,38
551,196,40
552,196,40
553,196,40
554,196,40
555,196,114
556,196,217
557,196,272
558,196,174
559,196,147
560,196,148
561,196,125
562,196,54
563,196,54
564,196,54
565,196,54
566,196,56
567,196,58
568,196,58
569,196,41
570,196,35
571,196,33
572,196,31
573,196,31
490,197,89
491,197,89
492,197,95
493,197,106
494,197,106
495,197,106
496,197,106
497,197,106
498,197,106
499,197,81
500,197,59
501,197,53
502,197,67
503,197,162
504,197,171
505,197,175
506,197,413
507,197,457
508,197,457
509,197,457
510,197,457
511,197,454
512,197,442
513,197,277
514,197,83
515,197,83
516,197,83
517,197,83
518,197,83
519,197,72
520,197,114
521,197,69
522,197,125
523,197,234
524,197,320
525,197,483
526,197,602
527,197,649
528,197,691
529,197,772
530,197,652
531,197,652
532,197,652
533,197,652
534,197,652
535,197,652
536,197,652
537,197,326
538,197,145
539,197,145
540,197,146
541,197,226
542,197,241
543,197,241
544,197,241
545,197,157
546,197,111
547,197,102
548,197,84
549,197,56
550,197,35
551,197,35
552,197,41
553,197,40
554,197,40
555,197,40
556,197,61
557,197,127
558,197,51
559,197,51
560,197,99
561,197,140
562,197,56
563,197,54
564,197,54
565,197,54
566,197,57
567,197,57
568,197,57
569,197,56
570,197,37
571,197,33
572,197,31
573,197,31
490,198,89
491,198,89
492,198,90
493,198,103
494,198,106
495,198,106
496,198,106
497,198,106
498,198,106
499,198,83
500,198,68
501,198,53
502,198,53
503,198,94
504,198,159
505,198,316
506,198,457
507,198,447
508,198,457
509,198,457
510,198,457
511,198,457
512,198,363
513,198,84
514,198,83
515,198,83
516,198,83
517,198,83
518,198,82
519,198,56
520,198,85
521,198,46
522,198,177
523,198,234
524,198,234
525,198,298
526,198,583
527,198,652
528,198,652
529,198,652
530,198,652
531,198,652
532,198,652
533,198,652
534,198,652
535,198,652
536,198,652
537,198,239
538,198,145
539,198,145
540,198,145
541,198,170
542,198,232
543,198,234
544,198,163
545,198,123
546,198,121
547,198,109
548,198,24
549,198,22
550,198,32
551,198,47
552,198,53
553,198,41
554,198,40
555,198,41
556,198,49
557,198,52
558,198,51
559,198,52
560,198,54
561,198,76
562,198,54
563,198,72
564,198,83
565,198,81
566,198,64
567,198,57
568,198,57
569,198,57
570,198,40
571,198,33
572,198,33
573,198,33
490,199,91
491,199,94
492,199,89
493,199,103
494,199,107
495,199,128
496,199,144
497,199,144
498,199,139
499,199,154
500,199,101
501,199,55
502,199,111
503,199,115
504,199,203
505,199,453
506,199,243
507,199,151
508,199,235
509,199,400
510,199,457
511,199,457
512,199,401
513,199,135
514,199,72
515,199,81
516,199,83
517,199,83
518,199,63
519,199,79
520,199,78
521,199,42
522,199,228
523,199,234
524,199,234
525,199,234
526,199,335
527,199,652
528,199,652
529,199,652
530,199,652
531,199,652
532,199,652
533,199,652
534,199,633
535,199,646
536,199,607
537,199,330
538,199,145
539,199,145
540,199,145
541,199,145
542,199,155
543,199,145
544,199,123
545,199,123
546,199,119
547,199,99
548,199,53
549,199,25
550,199,32
551,199,50
552,199,55
553,199,47
554,199,46
555,199,50
556,199,53
557,199,55
558,199,54
559,199,57
560,199,58
561,199,72
562,199,79
563,199,100
564,199,100
565,199,99
566,199,74
567,199,58
568,199,57
569,199,57
570,199,41
571,199,40
572,199,40
573,199,40
490,200,101
491,200,100
492,200,101
493,200,146
494,200,153
495,200,152
496,200,151
497,200,154
498,200,155
499,200,155
500,200,132
501,200,55
502,200,106
503,200,167
504,200,428
505,200,296
506,200,148
507,200,151
508,200,151
509,200,167
510,200,450
511,200,457
512,200,254
513,200,147
514,200,64
515,200,64
516,200,80
517,200,77
518,200,71
519,200,85
520,200,64
521,200,78
522,200,234
523,200,234
524,200,234
525,200,234
526,200,251
527,200,650
528,200,546
529,200,586
530,200,523
531,200,430
532,200,425
533,200,352
534,200,274
535,200,285
536,200,272
537,200,176
538,200,145
539,200,145
540,200,145
541,200,145
542,200,145
543,200,133
544,200,120
545,200,122
546,200,117
547,200,102
548,200,40
549,200,27
550,200,35
551,200,55
552,200,55
553,200,55
554,200,54
555,200,53
556,200,53
557,200,55
558,200,57
559,200,59
560,200,58
561,200,92
562,200,100
563,200,100
564,200,100
565,200,92
566,200,57
567,200,56
568,200,56
569,200,57
570,200,48
571,200,40
572,200,40
573,200,40
490,201,102
491,201,102
492,201,139
493,201,155
494,201,155
495,201,155
496,201,154
497,201,155
498,201,155
499,201,153
500,201,96
501,201,64
502,201,94
503,201,168
504,201,157
505,201,127
506,201,117
507,201,130
508,201,151
509,201,157
510,201,451
511,201,457
512,201,156
513,201,64
514,201,64
515,201,64
516,201,65
517,201,69
518,201,85
519,201,85
520,201,69
521,201,112
522,201,234
523,201,234
524,201,234
525,201,234
526,201,231
527,201,302
528,201,43
529,201,44
530,201,44
531,201,250
532,201,272
533,201,272
534,201,272
535,201,272
536,201,272
537,201,173
538,201,145
539,201,145
540,201,145
541,201,145
542,201,145
543,201,119
544,201,118
545,201,119
546,201,117
547,201,117
548,201,86
549,201,27
550,201,45
551,201,55
552,201,55
553,201,55
554,201,56
555,201,59
556,201,55
557,201,57
558,201,62
559,201,60
560,201,67
561,201,100
562,201,96
563,201,96
564,201,100
565,201,100
566,201,72
567,201,56
568,201,110
569,201,149
570,201,95
571,201,79
572,201,44
573,201,73
490,202,102
491,202,102
492,202,147
493,202,155
494,202,155
495,202,155
496,202,155
497,202,155
498,202,155
499,202,119
500,202,67
501,202,67
502,202,72
503,202,114
504,202,116
505,202,116
506,202,116
507,202,128
508,202,151
509,202,151
510,202,168
511,202,171
512,202,64
513,202,64
514,202,64
515,202,64
516,202,91
517,202,76
518,202,85
519,202,85
520,202,56
521,202,43
522,202,211
523,202,217
524,202,180
525,202,135
526,202,69
527,202,45
528,202,43
529,202,43
530,202,45
531,202,271
532,202,272
533,202,272
534,202,272
535,202,272
536,202,272
537,202,207
538,202,145
539,202,145
540,202,145
541,202,145
542,202,142
543,202,118
544,202,118
545,202,118
546,202,118
547,202,117
548,202,116
549,202,45
550,202,55
551,202,52
552,202,47
553,202,43
554,202,65
555,202,199
556,202,66
557,202,63
558,202,63
559,202,61
560,202,58
561,202,64
562,202,71
563,202,71
564,202,85
565,202,69
566,202,57
567,202,56
568,202,135
569,202,839
570,202,137
571,202,130
572,202,126
573,202,130
490,203,102
491,203,105
492,203,154
493,203,155
494,203,155
495,203,155
496,203,155
497,203,155
498,203,155
499,203,131
500,203,73
501,203,67
502,203,67
503,203,80
504,203,162
505,203,116
506,203,116
507,203,140
508,203,151
509,203,148
510,203,65
511,203,64
512,203,64
513,203,64
514,203,64
515,203,64
516,203,239
517,203,258
518,203,115
519,203,66
520,203,34
521,203,54
522,203,74
523,203,80
524,203,74
525,203,74
526,203,74
527,203,52
528,203,43
529,203,43
530,203,101
531,203,272
532,203,272
533,203,272
534,203,272
535,203,272
536,203,272
537,203,192
538,203,145
539,203,145
540,203,145
541,203,145
542,203,126
543,203,118
544,203,118
545,203,118
546,203,118
547,203,112
548,203,104
549,203,77
550,203,55
551,203,51
552,203,43
553,203,43
554,203,168
555,203,365
556,203,69
557,203,63
558,203,63
559,203,63
560,203,60
561,203,63
562,203,70
563,203,70
564,203,70
565,203,69
566,203,63
567,203,69
568,203,89
569,203,922
570,203,606
571,203,130
572,203,130
573,203,130
490,204,77
491,204,104
492,204,155
493,204,155
494,204,155
495,204,150
496,204,154
497,204,155
498,204,155
499,204,155
500,204,151
501,204,85
502,204,67
503,204,67
504,204,268
505,204,159
506,204,122
507,204,149
508,204,151
509,204,138
510,204,70
511,204,70
512,204,68
513,204,64
514,204,64
515,204,144
516,204,306
517,204,306
518,204,156
519,204,31
520,204,40
521,204,73
522,204,74
523,204,74
524,204,74
525,204,74
526,204,76
527,204,67
528,204,55
529,204,68
530,204,119
531,204,271
532,204,272
533,204,272
534,204,272
535,204,272
536,204,272
537,204,184
538,204,100
539,204,72
540,204,112
541,204,105
542,204,114
543,204,118
544,204,118
545,204,118
546,204,112
547,204,85
548,204,81
549,204,81
550,204,69
551,204,63
552,204,52
553,204,46
554,204,68
555,204,162
556,204,57
557,204,52
558,204,50
559,204,49
560,204,45
561,204,64
562,204,70
563,204,70
564,204,70
565,204,70
566,204,70
567,204,70
568,204,79
569,204,858
570,204,1106
571,204,376
572,204,130
573,204,119
490,205,87
491,205,90
492,205,142
493,205,155
494,205,143
495,205,92
496,205,153
497,205,155
498,205,155
499,205,155
500,205,155
501,205,98
502,205,67
503,205,69
504,205,319
505,205,332
506,205,205
507,205,151
508,205,151
509,205,106
510,205,91
511,205,91
512,205,88
513,205,81
514,205,64
515,205,136
516,205,306
517,205,306
518,205,273
519,205,139
520,205,78
521,205,74
522,205,74
523,205,74
524,205,77
525,205,79
526,205,82
527,205,81
528,205,76
529,205,82
530,205,82
531,205,205
532,205,274
533,205,274
534,205,274
535,205,276
536,205,257
537,205,115
538,205,50
539,205,50
540,205,50
541,205,50
542,205,55
543,205,87
544,205,118
545,205,118
546,205,78
547,205,81
548,205,81
549,205,81
550,205,80
551,205,64
552,205,49
553,205,46
554,205,65
555,205,73
556,205,61
557,205,60
558,205,57
559,205,50
560,205,48
561,205,47
562,205,59
563,205,66
564,205,70
565,205,70
566,205,70
567,205,70
568,205,76
569,205,389
570,205,1119
571,205,829
572,205,130
573,205,129
490,206,89
491,206,91
492,206,127
493,206,138
494,206,84
495,206,83
496,206,155
497,206,170
498,206,266
499,206,218
500,206,156
501,206,163
502,206,228
503,206,261
504,206,336
505,206,336
506,206,333
507,206,254
508,206,134
509,206,91
510,206,91
511,206,91
512,206,91
513,206,90
514,206,2848
515,206,500
516,206,306
517,206,306
518,206,306
519,206,306
520,206,306
521,206,160
522,206,75
523,206,79
524,206,82
525,206,82
526,206,80
527,206,60
528,206,60
529,206,69
530,206,61
531,206,96
532,206,145
533,206,150
534,206,178
535,206,151
536,206,99
537,206,78
538,206,51
539,206,50
540,206,50
541,206,50
542,206,60
543,206,57
544,206,68
545,206,92
546,206,49
547,206,66
548,206,81
549,206,108
550,206,69
551,206,71
552,206,55
553,206,58
554,206,72
555,206,66
556,206,58
557,206,58
558,206,51
559,206,50
560,206,45
561,206,50
562,206,40
563,206,40
564,206,64
565,206,70
566,206,70
567,206,70
568,206,76
569,206,183
570,206,1094
571,206,572
572,206,201
573,206,197
490,207,90
491,207,114
492,207,100
493,207,149
494,207,144
495,207,113
496,207,156
497,207,175
498,207,289
499,207,279
500,207,162
501,207,159
502,207,309
503,207,336
504,207,336
505,207,336
506,207,336
507,207,336
508,207,268
509,207,91
510,207,91
511,207,91
512,207,91
513,207,91
514,207,1547
515,207,281
516,207,306
517,207,306
518,207,306
519,207,306
520,207,306
521,207,165
522,207,82
523,207,82
524,207,82
525,207,82
526,207,63
527,207,57
528,207,61
529,207,66
530,207,47
531,207,70
532,207,142
533,207,207
534,207,214
535,207,200
536,207,210
537,207,250
538,207,151
539,207,64
540,207,72
541,207,73
542,207,71
543,207,59
544,207,59
545,207,70
546,207,52
547,207,76
548,207,103
549,207,130
550,207,38
551,207,51
552,207,54
553,207,70
554,207,72
555,207,65
556,207,58
557,207,57
558,207,50
559,207,52
560,207,54
561,207,54
562,207,39
563,207,39
564,207,39
565,207,53
566,207,70
567,207,70
568,207,70
569,207,651
570,207,1098
571,207,377
572,207,215
573,207,215
490,208,103
491,208,89
492,208,148
493,208,171
494,208,129
495,208,122
496,208,156
497,208,187
498,208,272
499,208,290
500,208,220
501,208,165
502,208,254
503,208,336
504,208,336
505,208,336
506,208,336
507,208,336
508,208,277
509,208,98
510,208,99
511,208,94
512,208,91
513,208,91
514,208,97
515,208,64
516,208,82
517,208,166
518,208,298
519,208,306
520,208,306
521,208,282
522,208,97
523,208,82
524,208,82
525,208,72
526,208,57
527,208,57
528,208,63
529,208,66
530,208,52
531,208,73
532,208,215
533,208,384
534,208,380
535,208,374
536,208,374
537,208,374
538,208,338
539,208,84
540,208,78
541,208,80
542,208,72
543,208,59
544,208,61
545,208,87
546,208,53
547,208,133
548,208,166
549,208,88
550,208,48
551,208,52
552,208,62
553,208,55
554,208,49
555,208,57
556,208,58
557,208,54
558,208,52
559,208,46
560,208,43
561,208,50
562,208,39
563,208,39
564,208,39
565,208,39
566,208,59
567,208,69
568,208,68
569,208,321
570,208,302
571,208,210
572,208,215
573,208,215
490,209,93
491,209,112
492,209,171
493,209,160
494,209,106
495,209,126
496,209,165
497,209,282
498,209,292
499,209,292
500,209,292
501,209,276
502,209,90
503,209,113
504,209,236
505,209,336
506,209,336
507,209,336
508,209,198
509,209,106
510,209,106
511,209,106
512,209,97
513,209,91
514,209,91
515,209,67
516,209,63
517,209,63
518,209,121
519,209,178
520,209,174
521,209,164
522,209,83
523,209,82
524,209,82
525,209,70
526,209,58
527,209,62
528,209,65
529,209,68
530,209,55
531,209,46
532,209,163
533,209,328
534,209,383
535,209,347
536,209,336
537,209,349
538,209,316
539,209,92
540,209,80
541,209,80
542,209,73
543,209,58
544,209,73
545,209,91
546,209,55
547,209,165
548,209,166
549,209,152
550,209,84
551,209,67
552,209,67
553,209,49
554,209,32
555,209,47
556,209,54
557,209,51
558,209,47
559,209,21
560,209,20
561,209,25
562,209,39
563,209,39
564,209,39
565,209,39
566,209,44
567,209,52
568,209,58
569,209,94
570,209,96
571,209,159
572,209,215
573,209,160
490,210,82
491,210,145
492,210,171
493,210,136
494,210,105
495,210,120
496,210,149
497,210,281
498,210,292
499,210,292
500,210,150
501,210,108
502,210,67
503,210,52
504,210,169
505,210,267
506,210,314
507,210,301
508,210,119
509,210,106
510,210,106
511,210,106
512,210,101
513,210,91
514,210,89
515,210,65
516,210,63
517,210,63
518,210,63
519,210,81
520,210,82
521,210,82
522,210,82
523,210,82
524,210,82
525,210,82
526,210,82
527,210,80
528,210,74
529,210,74
530,210,68
531,210,46
532,210,135
533,210,296
534,210,370
535,210,203
536,210,205
537,210,206
538,210,155
539,210,118
540,210,101
541,210,79
542,210,73
543,210,51
544,210,68
545,210,82
546,210,45
547,210,166
548,210,166
549,210,166
550,210,107
551,210,60
552,210,63
553,210,57
554,210,34
555,210,37
556,210,42
557,210,47
558,210,48
559,210,36
560,210,33
561,210,39
562,210,40
563,210,39
564,210,40
565,210,43
566,210,51
567,210,52
568,210,65
569,210,95
570,210,96
571,210,117
572,210,151
573,210,93
490,211,57
491,211,168
492,211,171
493,211,165
494,211,129
495,211,104
496,211,104
497,211,195
498,211,292
499,211,223
500,211,53
501,211,52
502,211,51
503,211,52
504,211,52
505,211,52
506,211,67
507,211,129
508,211,89
509,211,92
510,211,106
511,211,117
512,211,122
513,211,100
514,211,101
515,211,79
516,211,63
517,211,63
518,211,63
519,211,78
520,211,82
521,211,82
522,211,82
523,211,82
524,211,82
525,211,82
526,211,80
527,211,74
528,211,74
529,211,74
530,211,74
531,211,71
532,211,152
533,211,298
534,211,399
535,211,325
536,211,134
537,211,136
538,211,123
539,211,126
540,211,125
541,211,78
542,211,41
543,211,55
544,211,89
545,211,62
546,211,49
547,211,165
548,211,166
549,211,166
550,211,64
551,211,56
552,211,56
553,211,56
554,211,45
555,211,37
556,211,37
557,211,38
558,211,43
559,211,43
560,211,42
561,211,61
562,211,62
563,211,60
564,211,62
565,211,46
566,211,52
567,211,59
568,211,86
569,211,96
570,211,86
571,211,75
572,211,82
573,211,73
490,212,100
491,212,171
492,212,171
493,212,171
494,212,154
495,212,104
496,212,104
497,212,109
498,212,190
499,212,83
500,212,63
501,212,62
502,212,52
503,212,52
504,212,52
505,212,52
506,212,57
507,212,69
508,212,74
509,212,92
510,212,122
511,212,157
512,212,177
513,212,169
514,212,125
515,212,113
516,212,91
517,212,81
518,212,66
519,212,79
520,212,82
521,212,82
522,212,82
523,212,82
524,212,82
525,212,69
526,212,62
527,212,64
528,212,120
529,212,315
530,212,373
531,212,395
532,212,1187
533,212,439
534,212,353
535,212,374
536,212,207
537,212,206
538,212,138
539,212,126
540,212,99
541,212,67
542,212,43
543,212,51
544,212,77
545,212,85
546,212,91
547,212,156
548,212,146
549,212,145
550,212,71
551,212,62
552,212,56
553,212,56
554,212,47
555,212,37
556,212,37
557,212,41
558,212,46
559,212,47
560,212,39
561,212,53
562,212,64
563,212,64
564,212,53
565,212,46
566,212,58
567,212,71
568,212,73
569,212,75
570,212,72
571,212,71
572,212,71
573,212,70
490,213,168
491,213,170
492,213,164
493,213,158
494,213,141
495,213,96
496,213,94
497,213,71
498,213,51
499,213,59
500,213,61
501,213,38
502,213,38
503,213,52
504,213,56
505,213,67
506,213,71
507,213,71
508,213,90
509,213,108
510,213,176
511,213,189
512,213,189
513,213,189
514,213,173
515,213,114
516,213,114
517,213,114
518,213,83
519,213,63
520,213,68
521,213,75
522,213,79
523,213,57
524,213,48
525,213,47
526,213,50
527,213,50
528,213,262
529,213,304
530,213,187
531,213,243
532,213,233
533,213,350
534,213,370
535,213,310
536,213,226
537,213,241
538,213,150
539,213,164
540,213,119
541,213,68
542,213,59
543,213,40
544,213,65
545,213,105
546,213,112
547,213,113
548,213,96
549,213,85
550,213,85
551,213,63
552,213,49
553,213,49
554,213,47
555,213,37
556,213,37
557,213,39
558,213,48
559,213,46
560,213,37
561,213,36
562,213,40
563,213,59
564,213,48
565,213,78
566,213,90
567,213,73
568,213,73
569,213,73
570,213,73
571,213,71
572,213,67
573,213,60
