xv,yv,rho
490,148,65
491,148,45
492,148,42
493,148,40
494,148,41
495,148,58
496,148,100
497,148,201
498,148,216
499,148,178
500,148,145
501,148,111
502,148,60
503,148,65
504,148,75
505,148,75
506,148,71
507,148,67
508,148,67
509,148,58
510,148,38
511,148,44
512,148,85
513,148,234
514,148,234
515,148,234
516,148,234
517,148,234
518,148,234
519,148,152
520,148,117
521,148,117
522,148,224
523,148,551
524,148,669
525,148,774
526,148,674
527,148,674
528,148,623
529,148,156
530,148,80
531,148,76
532,148,67
533,148,80
534,148,83
535,148,93
536,148,91
537,148,45
538,148,55
539,148,83
540,148,101
541,148,72
542,148,81
543,148,89
544,148,91
545,148,91
546,148,80
547,148,68
548,148,61
549,148,56
550,148,56
551,148,56
552,148,103
553,148,95
554,148,531
555,148,591
556,148,591
557,148,591
558,148,591
559,148,561
560,148,115
561,148,109
562,148,109
563,148,109
564,148,112
565,148,161
566,148,161
567,148,160
568,148,108
569,148,105
570,148,105
571,148,97
572,148,85
573,148,87
490,149,65
491,149,53
492,149,43
493,149,37
494,149,44
495,149,77
496,149,215
497,149,216
498,149,217
499,149,3188
500,149,2089
501,149,515
502,149,81
503,149,80
504,149,76
505,149,75
506,149,69
507,149,67
508,149,64
509,149,61
510,149,39
511,149,44
512,149,118
513,149,234
514,149,234
515,149,234
516,149,234
517,149,234
518,149,234
519,149,148
520,149,117
521,149,117
522,149,423
523,149,663
524,149,1017
525,149,858
526,149,784
527,149,674
528,149,663
529,149,84
530,149,80
531,149,80
532,149,80
533,149,80
534,149,84
535,149,93
536,149,77
537,149,39
538,149,85
539,149,113
540,149,102
541,149,73
542,149,76
543,149,97
544,149,97
545,149,97
546,149,86
547,149,73
548,149,70
549,149,89
550,149,72
551,149,98
552,149,294
553,149,165
554,149,437
555,149,547
556,149,189
557,149,431
558,149,591
559,149,268
560,149,109
561,149,109
562,149,109
563,149,109
564,149,118
565,149,153
566,149,161
567,149,152
568,149,118
569,149,105
570,149,104
571,149,102
572,149,102
573,149,118
490,150,75
491,150,75
492,150,75
493,150,68
494,150,74
495,150,78
496,150,98
497,150,196
498,150,404
499,150,724
500,150,725
501,150,323
502,150,89
503,150,89
504,150,88
505,150,75
506,150,50
507,150,55
508,150,50
509,150,42
510,150,43
511,150,45
512,150,64
513,150,99
514,150,166
515,150,234
516,150,234
517,150,234
518,150,234
519,150,144
520,150,117
521,150,88
522,150,53
523,150,282
524,150,1172
525,150,1134
526,150,674
527,150,674
528,150,662
529,150,101
530,150,80
531,150,80
532,150,80
533,150,80
534,150,82
535,150,93
536,150,68
537,150,39
538,150,96
539,150,113
540,150,95
541,150,73
542,150,74
543,150,94
544,150,97
545,150,97
546,150,83
547,150,73
548,150,93
549,150,95
550,150,77
551,150,165
552,150,294
553,150,280
554,150,558
555,150,466
556,150,72
557,150,482
558,150,591
559,150,266
560,150,109
561,150,109
562,150,109
563,150,111
564,150,147
565,150,161
566,150,131
567,150,105
568,150,105
569,150,105
570,150,105
571,150,102
572,150,102
573,150,123
490,151,75
491,151,75
492,151,75
493,151,76
494,151,78
495,151,78
496,151,78
497,151,291
498,151,725
499,151,725
500,151,661
501,151,315
502,151,89
503,151,89
504,151,86
505,151,50
506,151,47
507,151,50
508,151,50
509,151,39
510,151,43
511,151,45
512,151,54
513,151,79
514,151,107
515,151,173
516,151,137
517,151,114
518,151,122
519,151,107
520,151,117
521,151,86
522,151,51
523,151,220
524,151,768
525,151,854
526,151,587
527,151,595
528,151,645
529,151,117
530,151,80
531,151,80
532,151,80
533,151,80
534,151,83
535,151,93
536,151,54
537,151,40
538,151,111
539,151,113
540,151,90
541,151,73
542,151,73
543,151,84
544,151,97
545,151,97
546,151,84
547,151,74
548,151,95
549,151,95
550,151,76
551,151,255
552,151,294
553,151,294
554,151,337
555,151,302
556,151,88
557,151,86
558,151,137
559,151,95
560,151,76
561,151,72
562,151,82
563,151,86
564,151,106
565,151,161
566,151,169
567,151,112
568,151,105
569,151,101
570,151,103
571,151,99
572,151,133
573,151,164
490,152,75
491,152,75
492,152,75
493,152,76
494,152,77
495,152,78
496,152,78
497,152,141
498,152,653
499,152,395
500,152,289
501,152,84
502,152,87
503,152,90
504,152,86
505,152,56
506,152,46
507,152,50
508,152,50
509,152,42
510,152,43
511,152,45
512,152,52
513,152,79
514,152,78
515,152,72
516,152,66
517,152,66
518,152,66
519,152,70
520,152,109
521,152,79
522,152,53
523,152,98
524,152,258
525,152,180
526,152,161
527,152,42
528,152,110
529,152,81
530,152,82
531,152,80
532,152,80
533,152,80
534,152,86
535,152,93
536,152,52
537,152,60
538,152,113
539,152,103
540,152,73
541,152,73
542,152,73
543,152,86
544,152,97
545,152,97
546,152,78
547,152,74
548,152,95
549,152,92
550,152,70
551,152,269
552,152,294
553,152,294
554,152,294
555,152,143
556,152,88
557,152,77
558,152,72
559,152,69
560,152,76
561,152,88
562,152,81
563,152,72
564,152,74
565,152,106
566,152,111
567,152,171
568,152,122
569,152,115
570,152,94
571,152,83
572,152,166
573,152,200
490,153,75
491,153,72
492,153,55
493,153,58
494,153,74
495,153,77
496,153,78
497,153,78
498,153,79
499,153,97
500,153,162
501,153,233
502,153,105
503,153,90
504,153,89
505,153,63
506,153,64
507,153,52
508,153,50
509,153,41
510,153,43
511,153,45
512,153,57
513,153,79
514,153,74
515,153,67
516,153,66
517,153,66
518,153,64
519,153,50
520,153,51
521,153,60
522,153,60
523,153,115
524,153,56
525,153,53
526,153,44
527,153,48
528,153,83
529,153,86
530,153,68
531,153,49
532,153,155
533,153,462
534,153,359
535,153,83
536,153,81
537,153,92
538,153,113
539,153,96
540,153,69
541,153,47
542,153,42
543,153,86
544,153,97
545,153,97
546,153,74
547,153,73
548,153,93
549,153,91
550,153,75
551,153,279
552,153,294
553,153,294
554,153,294
555,153,135
556,153,89
557,153,89
558,153,117
559,153,92
560,153,91
561,153,91
562,153,90
563,153,74
564,153,82
565,153,84
566,153,84
567,153,197
568,153,217
569,153,195
570,153,140
571,153,78
572,153,157
573,153,379
490,154,77
491,154,46
492,154,39
493,154,39
494,154,41
495,154,47
496,154,89
497,154,85
498,154,152
499,154,238
500,154,241
501,154,195
502,154,92
503,154,90
504,154,90
505,154,90
506,154,90
507,154,62
508,154,49
509,154,40
510,154,45
511,154,47
512,154,67
513,154,79
514,154,75
515,154,97
516,154,131
517,154,199
518,154,128
519,154,50
520,154,50
521,154,60
522,154,61
523,154,156
524,154,67
525,154,57
526,154,66
527,154,66
528,154,86
529,154,86
530,154,50
531,154,27
532,154,335
533,154,648
534,154,532
535,154,66
536,154,92
537,154,76
538,154,112
539,154,76
540,154,42
541,154,29
542,154,28
543,154,88
544,154,97
545,154,97
546,154,76
547,154,75
548,154,95
549,154,90
550,154,70
551,154,273
552,154,294
553,154,294
554,154,272
555,154,109
556,154,89
557,154,91
558,154,119
559,154,98
560,154,91
561,154,91
562,154,91
563,154,86
564,154,84
565,154,94
566,154,109
567,154,242
568,154,249
569,154,198
570,154,70
571,154,144
572,154,215
573,154,1062
490,155,95
491,155,40
492,155,39
493,155,39
494,155,39
495,155,103
496,155,238
497,155,236
498,155,241
499,155,241
500,155,241
501,155,149
502,155,90
503,155,90
504,155,90
505,155,90
506,155,82
507,155,56
508,155,42
509,155,45
510,155,44
511,155,46
512,155,67
513,155,77
514,155,70
515,155,121
516,155,253
517,155,253
518,155,240
519,155,110
520,155,52
521,155,60
522,155,97
523,155,176
524,155,77
525,155,56
526,155,68
527,155,68
528,155,84
529,155,86
530,155,49
531,155,27
532,155,325
533,155,647
534,155,267
535,155,79
536,155,77
537,155,61
538,155,97
539,155,54
540,155,29
541,155,29
542,155,28
543,155,93
544,155,97
545,155,93
546,155,73
547,155,83
548,155,95
549,155,85
550,155,70
551,155,285
552,155,294
553,155,294
554,155,219
555,155,89
556,155,89
557,155,100
558,155,121
559,155,119
560,155,91
561,155,91
562,155,91
563,155,80
564,155,59
565,155,100
566,155,238
567,155,364
568,155,303
569,155,208
570,155,183
571,155,133
572,155,156
573,155,978
490,156,97
491,156,39
492,156,39
493,156,39
494,156,85
495,156,234
496,156,241
497,156,241
498,156,241
499,156,241
500,156,241
501,156,187
502,156,145
503,156,91
504,156,90
505,156,77
506,156,56
507,156,56
508,156,44
509,156,53
510,156,44
511,156,68
512,156,71
513,156,73
514,156,67
515,156,111
516,156,241
517,156,234
518,156,180
519,156,107
520,156,69
521,156,60
522,156,119
523,156,176
524,156,104
525,156,67
526,156,68
527,156,68
528,156,78
529,156,101
530,156,62
531,156,140
532,156,635
533,156,648
534,156,258
535,156,85
536,156,55
537,156,42
538,156,39
539,156,29
540,156,31
541,156,28
542,156,38
543,156,79
544,156,77
545,156,78
546,156,73
547,156,90
548,156,92
549,156,70
550,156,70
551,156,206
552,156,268
553,156,294
554,156,173
555,156,89
556,156,89
557,156,97
558,156,120
559,156,121
560,156,102
561,156,91
562,156,91
563,156,56
564,156,75
565,156,120
566,156,224
567,156,382
568,156,296
569,156,208
570,156,208
571,156,101
572,156,137
573,156,178
490,157,127
491,157,54
492,157,39
493,157,39
494,157,184
495,157,241
496,157,241
497,157,241
498,157,241
499,157,241
500,157,241
501,157,241
502,157,241
503,157,173
504,157,66
505,157,64
506,157,47
507,157,50
508,157,64
509,157,89
510,157,88
511,157,102
512,157,74
513,157,76
514,157,122
515,157,252
516,157,253
517,157,157
518,157,91
519,157,91
520,157,335
521,157,270
522,157,154
523,157,176
524,157,176
525,157,170
526,157,117
527,157,68
528,157,80
529,157,152
530,157,152
531,157,152
532,157,265
533,157,632
534,157,298
535,157,118
536,157,37
537,157,31
538,157,31
539,157,31
540,157,39
541,157,29
542,157,40
543,157,46
544,157,45
545,157,73
546,157,91
547,157,95
548,157,76
549,157,70
550,157,87
551,157,125
552,157,143
553,157,226
554,157,139
555,157,80
556,157,76
557,157,93
558,157,95
559,157,113
560,157,102
561,157,91
562,157,91
563,157,65
564,157,71
565,157,123
566,157,92
567,157,314
568,157,315
569,157,208
570,157,181
571,157,85
572,157,150
573,157,139
490,158,128
491,158,80
492,158,58
493,158,67
494,158,169
495,158,204
496,158,220
497,158,241
498,158,235
499,158,217
500,158,240
501,158,241
502,158,198
503,158,68
504,158,42
505,158,47
506,158,37
507,158,43
508,158,79
509,158,103
510,158,103
511,158,97
512,158,52
513,158,53
514,158,116
515,158,253
516,158,252
517,158,105
518,158,91
519,158,161
520,158,385
521,158,385
522,158,291
523,158,176
524,158,176
525,158,176
526,158,176
527,158,93
528,158,88
529,158,152
530,158,152
531,158,152
532,158,152
533,158,276
534,158,163
535,158,163
536,158,106
537,158,31
538,158,31
539,158,31
540,158,43
541,158,41
542,158,44
543,158,45
544,158,45
545,158,98
546,158,112
547,158,94
548,158,70
549,158,72
550,158,119
551,158,125
552,158,125
553,158,110
554,158,59
555,158,59
556,158,59
557,158,98
558,158,91
559,158,91
560,158,91
561,158,91
562,158,91
563,158,81
564,158,69
565,158,78
566,158,97
567,158,116
568,158,59
569,158,140
570,158,158
571,158,98
572,158,150
573,158,151
490,159,126
491,159,65
492,159,65
493,159,65
494,159,144
495,159,171
496,159,84
497,159,155
498,159,125
499,159,76
500,159,108
501,159,164
502,159,46
503,159,42
504,159,42
505,159,39
506,159,41
507,159,33
508,159,94
509,159,118
510,159,103
511,159,103
512,159,78
513,159,50
514,159,49
515,159,116
516,159,205
517,159,91
518,159,108
519,159,281
520,159,385
521,159,385
522,159,347
523,159,188
524,159,176
525,159,176
526,159,169
527,159,55
528,159,69
529,159,149
530,159,152
531,159,152
532,159,152
533,159,156
534,159,141
535,159,154
536,159,98
537,159,28
538,159,31
539,159,31
540,159,44
541,159,45
542,159,50
543,159,52
544,159,45
545,159,88
546,159,111
547,159,112
548,159,108
549,159,73
550,159,105
551,159,96
552,159,125
553,159,125
554,159,68
555,159,59
556,159,62
557,159,102
558,159,93
559,159,91
560,159,91
561,159,91
562,159,91
563,159,66
564,159,60
565,159,65
566,159,83
567,159,74
568,159,51
569,159,139
570,159,183
571,159,121
572,159,150
573,159,153
490,160,109
491,160,66
492,160,65
493,160,65
494,160,77
495,160,93
496,160,72
497,160,76
498,160,76
499,160,76
500,160,76
501,160,125
502,160,159
503,160,126
504,160,120
505,160,130
506,160,148
507,160,129
508,160,240
509,160,218
510,160,104
511,160,103
512,160,103
513,160,93
514,160,61
515,160,49
516,160,50
517,160,100
518,160,280
519,160,385
520,160,385
521,160,385
522,160,336
523,160,275
524,160,151
525,160,176
526,160,143
527,160,47
528,160,270
529,160,304
530,160,172
531,160,152
532,160,117
533,160,55
534,160,43
535,160,945
536,160,20
537,160,20
538,160,28
539,160,33
540,160,45
541,160,45
542,160,68
543,160,77
544,160,45
545,160,54
546,160,76
547,160,100
548,160,116
549,160,71
550,160,62
551,160,70
552,160,94
553,160,78
554,160,63
555,160,67
556,160,89
557,160,87
558,160,73
559,160,80
560,160,75
561,160,77
562,160,75
563,160,60
564,160,59
565,160,70
566,160,90
567,160,103
568,160,106
569,160,121
570,160,174
571,160,193
572,160,151
573,160,152
490,161,118
491,161,114
492,161,98
493,161,80
494,161,66
495,161,65
496,161,65
497,161,67
498,161,66
499,161,68
500,161,73
501,161,116
502,161,210
503,161,203
504,161,173
505,161,155
506,161,150
507,161,162
508,161,241
509,161,212
510,161,103
511,161,103
512,161,103
513,161,107
514,161,137
515,161,101
516,161,66
517,161,69
518,161,310
519,161,385
520,161,385
521,161,366
522,161,316
523,161,147
524,161,188
525,161,243
526,161,247
527,161,87
528,161,434
529,161,214
530,161,196
531,161,409
532,161,70
533,161,43
534,161,113
535,161,1619
536,161,891
537,161,26
538,161,38
539,161,61
540,161,57
541,161,76
542,161,78
543,161,83
544,161,53
545,161,45
546,161,69
547,161,79
548,161,119
549,161,86
550,161,62
551,161,62
552,161,62
553,161,62
554,161,62
555,161,57
556,161,43
557,161,37
558,161,48
559,161,53
560,161,53
561,161,53
562,161,54
563,161,63
564,161,56
565,161,71
566,161,105
567,161,120
568,161,216
569,161,201
570,161,278
571,161,225
572,161,173
573,161,171
490,162,116
491,162,116
492,162,116
493,162,116
494,162,112
495,162,71
496,162,65
497,162,65
498,162,65
499,162,65
500,162,65
501,162,198
502,162,210
503,162,210
504,162,210
505,162,203
506,162,223
507,162,256
508,162,241
509,162,239
510,162,145
511,162,164
512,162,205
513,162,229
514,162,239
515,162,209
516,162,194
517,162,82
518,162,122
519,162,382
520,162,379
521,162,325
522,162,261
523,162,83
524,162,271
525,162,950
526,162,894
527,162,381
528,162,624
529,162,205
530,162,197
531,162,1619
532,162,523
533,162,43
534,162,896
535,162,1592
536,162,281
537,162,44
538,162,44
539,162,80
540,162,98
541,162,132
542,162,113
543,162,83
544,162,76
545,162,47
546,162,66
547,162,86
548,162,111
549,162,73
550,162,62
551,162,62
552,162,62
553,162,65
554,162,91
555,162,66
556,162,37
557,162,37
558,162,46
559,162,53
560,162,53
561,162,53
562,162,53
563,162,65
564,162,59
565,162,82
566,162,159
567,162,231
568,162,344
569,162,345
570,162,339
571,162,208
572,162,176
573,162,175
490,163,116
491,163,116
492,163,116
493,163,116
494,163,116
495,163,74
496,163,65
497,163,65
498,163,65
499,163,87
500,163,127
501,163,210
502,163,210
503,163,210
504,163,210
505,163,210
506,163,435
507,163,537
508,163,324
509,163,241
510,163,241
511,163,239
512,163,229
513,163,229
514,163,235
515,163,243
516,163,251
517,163,160
518,163,44
519,163,258
520,163,331
521,163,316
522,163,139
523,163,130
524,163,289
525,163,1166
526,163,973
527,163,411
528,163,691
529,163,364
530,163,237
531,163,1924
532,163,1840
533,163,1197
534,163,210
535,163,44
536,163,44
537,163,44
538,163,58
539,163,84
540,163,86
541,163,132
542,163,162
543,163,194
544,163,187
545,163,160
546,163,70
547,163,70
548,163,70
549,163,64
550,163,62
551,163,55
552,163,54
553,163,111
554,163,119
555,163,63
556,163,49
557,163,37
558,163,40
559,163,54
560,163,53
561,163,36
562,163,37
563,163,64
564,163,65
565,163,57
566,163,161
567,163,264
568,163,296
569,163,240
570,163,178
571,163,186
572,163,184
573,163,224
490,164,102
491,164,115
492,164,116
493,164,116
494,164,110
495,164,65
496,164,65
497,164,65
498,164,93
499,164,164
500,164,210
501,164,210
502,164,210
503,164,210
504,164,210
505,164,210
506,164,343
507,164,538
508,164,364
509,164,241
510,164,241
511,164,241
512,164,236
513,164,229
514,164,232
515,164,243
516,164,254
517,164,267
518,164,264
519,164,231
520,164,309
521,164,262
522,164,77
523,164,209
524,164,374
525,164,1315
526,164,1014
527,164,411
528,164,673
529,164,286
530,164,528
531,164,1995
532,164,1995
533,164,1977
534,164,1360
535,164,309
536,164,44
537,164,51
538,164,83
539,164,84
540,164,94
541,164,130
542,164,167
543,164,261
544,164,251
545,164,217
546,164,110
547,164,70
548,164,70
549,164,86
550,164,16
551,164,12
552,164,14
553,164,111
554,164,119
555,164,94
556,164,81
557,164,49
558,164,38
559,164,52
560,164,53
561,164,26
562,164,23
563,164,64
564,164,65
565,164,65
566,164,56
567,164,135
568,164,162
569,164,162
570,164,163
571,164,184
572,164,196
573,164,529
490,165,85
491,165,89
492,165,108
493,165,117
494,165,104
495,165,65
496,165,65
497,165,106
498,165,231
499,165,210
500,165,210
501,165,210
502,165,210
503,165,210
504,165,210
505,165,210
506,165,238
507,165,469
508,165,369
509,165,241
510,165,241
511,165,241
512,165,241
513,165,229
514,165,238
515,165,243
516,165,252
517,165,314
518,165,1046
519,165,277
520,165,279
521,165,141
522,165,128
523,165,285
524,165,778
525,165,1321
526,165,875
527,165,411
528,165,670
529,165,201
530,165,964
531,165,1995
532,165,1995
533,165,1995
534,165,1995
535,165,1521
536,165,44
537,165,62
538,165,84
539,165,91
540,165,122
541,165,476
542,165,678
543,165,242
544,165,213
545,165,233
546,165,185
547,165,141
548,165,198
549,165,209
550,165,22
551,165,29
552,165,46
553,165,116
554,165,119
555,165,89
556,165,81
557,165,90
558,165,51
559,165,53
560,165,53
561,165,43
562,165,41
563,165,65
564,165,65
565,165,65
566,165,41
567,165,51
568,165,126
569,165,134
570,165,166
571,165,361
572,165,888
573,165,1074
490,166,85
491,166,86
492,166,147
493,166,170
494,166,156
495,166,93
496,166,126
497,166,242
498,166,273
499,166,261
500,166,225
501,166,210
502,166,210
503,166,210
504,166,210
505,166,196
506,166,183
507,166,277
508,166,285
509,166,239
510,166,241
511,166,241
512,166,242
513,166,403
514,166,369
515,166,243
516,166,254
517,166,696
518,166,1636
519,166,1095
520,166,290
521,166,106
522,166,147
523,166,192
524,166,838
525,166,887
526,166,552
527,166,450
528,166,528
529,166,197
530,166,1416
531,166,1995
532,166,1995
533,166,1995
534,166,1995
535,166,1990
536,166,414
537,166,194
538,166,147
539,166,110
540,166,124
541,166,687
542,166,801
543,166,421
544,166,212
545,166,212
546,166,212
547,166,214
548,166,221
549,166,224
550,166,97
551,166,119
552,166,119
553,166,111
554,166,99
555,166,84
556,166,106
557,166,134
558,166,50
559,166,51
560,166,53
561,166,64
562,166,76
563,166,65
564,166,65
565,166,55
566,166,34
567,166,35
568,166,46
569,166,54
570,166,57
571,166,496
572,166,1036
573,166,1074
490,167,85
491,167,117
492,167,173
493,167,173
494,167,173
495,167,191
496,167,268
497,167,274
498,167,274
499,167,274
500,167,241
501,167,205
502,167,210
503,167,207
504,167,210
505,167,143
506,167,82
507,167,229
508,167,257
509,167,327
510,167,256
511,167,241
512,167,271
513,167,693
514,167,765
515,167,353
516,167,387
517,167,1101
518,167,1671
519,167,1671
520,167,1425
521,167,735
522,167,273
523,167,198
524,167,113
525,167,113
526,167,158
527,167,603
528,167,753
529,167,627
530,167,1757
531,167,1995
532,167,1995
533,167,1995
534,167,1995
535,167,1910
536,167,884
537,167,818
538,167,790
539,167,365
540,167,263
541,167,801
542,167,801
543,167,717
544,167,371
545,167,215
546,167,220
547,167,239
548,167,243
549,167,242
550,167,164
551,167,120
552,167,97
553,167,81
554,167,84
555,167,98
556,167,131
557,167,137
558,167,75
559,167,50
560,167,53
561,167,62
562,167,94
563,167,64
564,167,59
565,167,59
566,167,67
567,167,72
568,167,65
569,167,55
570,167,54
571,167,234
572,167,758
573,167,1017
490,168,94
491,168,167
492,168,173
493,168,173
494,168,173
495,168,173
496,168,213
497,168,274
498,168,274
499,168,274
500,168,265
501,168,148
502,168,124
503,168,129
504,168,196
505,168,111
506,168,80
507,168,144
508,168,414
509,168,429
510,168,383
511,168,270
512,168,232
513,168,304
514,168,886
515,168,635
516,168,435
517,168,732
518,168,1671
519,168,1671
520,168,1671
521,168,1671
522,168,570
523,168,370
524,168,285
525,168,178
526,168,564
527,168,748
528,168,748
529,168,752
530,168,1629
531,168,1995
532,168,1995
533,168,1995
534,168,2295
535,168,1097
536,168,850
537,168,850
538,168,850
539,168,849
540,168,769
541,168,801
542,168,801
543,168,738
544,168,471
545,168,201
546,168,146
547,168,151
548,168,170
549,168,243
550,168,169
551,168,132
552,168,115
553,168,113
554,168,138
555,168,138
556,168,137
557,168,137
558,168,131
559,168,73
560,168,77
561,168,97
562,168,218
563,168,154
564,168,145
565,168,84
566,168,74
567,168,74
568,168,74
569,168,68
570,168,285
571,168,835
572,168,849
573,168,1029
490,169,88
491,169,162
492,169,173
493,169,173
494,169,134
495,169,137
496,169,146
497,169,263
498,169,274
499,169,274
500,169,274
501,169,200
502,169,105
503,169,149
504,169,351
505,169,106
506,169,73
507,169,64
508,169,347
509,169,417
510,169,429
511,169,428
512,169,461
513,169,455
514,169,557
515,169,526
516,169,444
517,169,770
518,169,1671
519,169,1671
520,169,1671
521,169,1577
522,169,795
523,169,892
524,169,588
525,169,375
526,169,673
527,169,748
528,169,748
529,169,826
530,169,1885
531,169,1995
532,169,1995
533,169,1995
534,169,4784
535,169,4009
536,169,853
537,169,850
538,169,850
539,169,815
540,169,801
541,169,801
542,169,794
543,169,531
544,169,474
545,169,158
546,169,192
547,169,115
548,169,112
549,169,204
550,169,190
551,169,139
552,169,139
553,169,139
554,169,139
555,169,139
556,169,141
557,169,153
558,169,156
559,169,134
560,169,104
561,169,93
562,169,318
563,169,511
564,169,511
565,169,268
566,169,73
567,169,71
568,169,69
569,169,71
570,169,121
571,169,508
572,169,796
573,169,766
490,170,85
491,170,108
492,170,167
493,170,112
494,170,88
495,170,134
496,170,139
497,170,252
498,170,274
499,170,274
500,170,274
501,170,232
502,170,219
503,170,356
504,170,587
505,170,386
506,170,147
507,170,171
508,170,217
509,170,324
510,170,420
511,170,272
512,170,402
513,170,526
514,170,526
515,170,785
516,170,1153
517,170,1262
518,170,1451
519,170,1671
520,170,1671
521,170,1522
522,170,1188
523,170,1188
524,170,1188
525,170,1127
526,170,892
527,170,725
528,170,715
529,170,645
530,170,990
531,170,1953
532,170,2366
533,170,6133
534,170,5209
535,170,3118
536,170,850
537,170,986
538,170,1934
539,170,1394
540,170,801
541,170,801
542,170,719
543,170,484
544,170,484
545,170,471
546,170,394
547,170,274
548,170,106
549,170,264
550,170,294
551,170,171
552,170,156
553,170,141
554,170,139
555,170,143
556,170,168
557,170,171
558,170,182
559,170,114
560,170,93
561,170,93
562,170,384
563,170,511
564,170,498
565,170,121
566,170,68
567,170,64
568,170,64
569,170,64
570,170,85
571,170,183
572,170,283
573,170,316
490,171,85
491,171,86
492,171,92
493,171,85
494,171,86
495,171,135
496,171,139
497,171,224
498,171,274
499,171,274
500,171,274
501,171,266
502,171,227
503,171,475
504,171,494
505,171,489
506,171,247
507,171,237
508,171,266
509,171,390
510,171,252
511,171,165
512,171,350
513,171,540
514,171,825
515,171,1345
516,171,1072
517,171,415
518,171,246
519,171,543
520,171,997
521,171,1488
522,171,1189
523,171,1188
524,171,1188
525,171,1189
526,171,1340
527,171,1294
528,171,1272
529,171,1197
530,171,1146
531,171,10571
532,171,15130
533,171,11351
534,171,2305
535,171,2250
536,171,1973
537,171,2125
538,171,2402
539,171,2268
540,171,1292
541,171,1250
542,171,441
543,171,420
544,171,492
545,171,519
546,171,526
547,171,419
548,171,106
549,171,234
550,171,419
551,171,207
552,171,205
553,171,195
554,171,151
555,171,155
556,171,170
557,171,181
558,171,192
559,171,141
560,171,93
561,171,93
562,171,450
563,171,567
564,171,1689
565,171,776
566,171,45
567,171,48
568,171,63
569,171,64
570,171,76
571,171,100
572,171,117
573,171,183
490,172,85
491,172,85
492,172,85
493,172,223
494,172,195
495,172,135
496,172,139
497,172,143
498,172,216
499,172,273
500,172,190
501,172,117
502,172,218
503,172,580
504,172,143
505,172,190
506,172,207
507,172,174
508,172,251
509,172,402
510,172,300
511,172,198
512,172,170
513,172,854
514,172,1425
515,172,1445
516,172,332
517,172,205
518,172,199
519,172,225
520,172,239
521,172,1018
522,172,1372
523,172,1543
524,172,1769
525,172,1500
526,172,2943
527,172,3081
528,172,2675
529,172,2706
530,172,2675
531,172,13565
532,172,13843
533,172,10404
534,172,6674
535,172,2402
536,172,2402
537,172,2402
538,172,2402
539,172,2401
540,172,2235
541,172,905
542,172,328
543,172,346
544,172,464
545,172,484
546,172,478
547,172,405
548,172,228
549,172,190
550,172,491
551,172,511
552,172,408
553,172,358
554,172,247
555,172,238
556,172,173
557,172,170
558,172,196
559,172,256
560,172,210
561,172,237
562,172,497
563,172,588
564,172,3177
565,172,2323
566,172,43
567,172,40
568,172,44
569,172,64
570,172,76
571,172,100
572,172,100
573,172,100
490,173,85
491,173,85
492,173,85
493,173,577
494,173,759
495,173,372
496,173,221
497,173,139
498,173,139
499,173,149
500,173,88
501,173,88
502,173,404
503,173,524
504,173,145
505,173,136
506,173,136
507,173,163
508,173,202
509,173,372
510,173,402
511,173,360
512,173,881
513,173,1427
514,173,1461
515,173,1454
516,173,1298
517,173,750
518,173,1016
519,173,503
520,173,712
521,173,1096
522,173,1464
523,173,2356
524,173,2980
525,173,2980
526,173,2980
527,173,7028
528,173,2805
529,173,7046
530,173,6694
531,173,12111
532,173,7233
533,173,10404
534,173,8105
535,173,2406
536,173,2402
537,173,2402
538,173,2402
539,173,2323
540,173,1882
541,173,358
542,173,345
543,173,346
544,173,356
545,173,414
546,173,418
547,173,418
548,173,418
549,173,418
550,173,434
551,173,555
552,173,569
553,173,569
554,173,564
555,173,530
556,173,314
557,173,187
558,173,319
559,173,459
560,173,459
561,173,480
562,173,511
563,173,1354
564,173,3257
565,173,3705
566,173,164
567,173,40
568,173,41
569,173,64
570,173,85
571,173,100
572,173,100
573,173,75
490,174,85
491,174,101
492,174,147
493,174,733
494,174,1008
495,174,750
496,174,658
497,174,166
498,174,139
499,174,124
500,174,88
501,174,112
502,174,245
503,174,163
504,174,136
505,174,136
506,174,136
507,174,146
508,174,168
509,174,219
510,174,300
511,174,672
512,174,1061
513,174,1228
514,174,1231
515,174,1075
516,174,1195
517,174,2286
518,174,3475
519,174,771
520,174,771
521,174,1395
522,174,1464
523,174,1572
524,174,2825
525,174,2980
526,174,4924
527,174,10891
528,174,8991
529,174,7957
530,174,13862
531,174,15292
532,174,12195
533,174,10404
534,174,10371
535,174,9326
536,174,2826
537,174,2402
538,174,2396
539,174,2252
540,174,1123
541,174,346
542,174,346
543,174,346
544,174,346
545,174,409
546,174,418
547,174,418
548,174,418
549,174,418
550,174,415
551,174,411
552,174,504
553,174,568
554,174,569
555,174,355
556,174,192
557,174,192
558,174,319
559,174,459
560,174,459
561,174,496
562,174,478
563,174,962
564,174,2442
565,174,3304
566,174,1113
567,174,39
568,174,46
569,174,65
570,174,95
571,174,100
572,174,92
573,174,73
490,175,169
491,175,176
492,175,179
493,175,693
494,175,1240
495,175,1009
496,175,797
497,175,737
498,175,365
499,175,158
500,175,147
501,175,159
502,175,152
503,175,136
504,175,136
505,175,141
506,175,146
507,175,146
508,175,147
509,175,186
510,175,263
511,175,673
512,175,774
513,175,884
514,175,923
515,175,1020
516,175,1731
517,175,3722
518,175,3361
519,175,771
520,175,772
521,175,1340
522,175,1413
523,175,1542
524,175,3769
525,175,4510
526,175,9796
527,175,11040
528,175,9577
529,175,8008
530,175,14777
531,175,15292
532,175,13729
533,175,10404
534,175,10404
535,175,10516
536,175,8554
537,175,3843
538,175,2322
539,175,1794
540,175,790
541,175,499
542,175,363
543,175,346
544,175,356
545,175,411
546,175,392
547,175,397
548,175,418
549,175,414
550,175,406
551,175,406
552,175,406
553,175,529
554,175,569
555,175,302
556,175,192
557,175,188
558,175,294
559,175,452
560,175,476
561,175,483
562,175,116
563,175,71
564,175,71
565,175,40
566,175,39
567,175,29
568,175,33
569,175,62
570,175,99
571,175,85
572,175,72
573,175,72
490,176,179
491,176,179
492,176,179
493,176,729
494,176,1242
495,176,1242
496,176,938
497,176,731
498,176,583
499,176,179
500,176,168
501,176,158
502,176,155
503,176,135
504,176,140
505,176,147
506,176,147
507,176,147
508,176,187
509,176,204
510,176,497
511,176,688
512,176,688
513,176,688
514,176,688
515,176,932
516,176,1063
517,176,2846
518,176,2899
519,176,1016
520,176,2383
521,176,1379
522,176,1273
523,176,3515
524,176,5609
525,176,5609
526,176,8776
527,176,11040
528,176,10977
529,176,9897
530,176,14922
531,176,14091
532,176,12266
533,176,10404
534,176,10404
535,176,11376
536,176,11998
537,176,9099
538,176,3384
539,176,3317
540,176,1589
541,176,846
542,176,1132
543,176,1760
544,176,1878
545,176,739
546,176,324
547,176,363
548,176,441
549,176,444
550,176,418
551,176,406
552,176,406
553,176,473
554,176,569
555,176,384
556,176,163
557,176,132
558,176,127
559,176,243
560,176,463
561,176,624
562,176,236
563,176,71
564,176,70
565,176,41
566,176,38
567,176,29
568,176,29
569,176,30
570,176,81
571,176,72
572,176,72
573,176,72
490,177,179
491,177,179
492,177,115
493,177,75
494,177,690
495,177,1217
496,177,1132
497,177,638
498,177,214
499,177,179
500,177,160
501,177,156
502,177,116
503,177,107
504,177,115
505,177,147
506,177,147
507,177,158
508,177,254
509,177,199
510,177,269
511,177,687
512,177,688
513,177,688
514,177,719
515,177,956
516,177,1092
517,177,1685
518,177,1384
519,177,2565
520,177,3566
521,177,2001
522,177,1255
523,177,4491
524,177,5609
525,177,8302
526,177,23607
527,177,18019
528,177,13170
529,177,12781
530,177,15255
531,177,16890
532,177,15280
533,177,10557
534,177,10404
535,177,11485
536,177,12031
537,177,10466
538,177,5663
539,177,5663
540,177,5084
541,177,1725
542,177,2751
543,177,3619
544,177,2194
545,177,2104
546,177,1774
547,177,736
548,177,519
549,177,519
550,177,519
551,177,503
552,177,461
553,177,433
554,177,541
555,177,265
556,177,127
557,177,127
558,177,127
559,177,104
560,177,740
561,177,806
562,177,380
563,177,71
564,177,72
565,177,46
566,177,40
567,177,29
568,177,29
569,177,29
570,177,59
571,177,72
572,177,72
573,177,72
490,178,179
491,178,145
492,178,47
493,178,47
494,178,196
495,178,1196
496,178,1061
497,178,725
498,178,386
499,178,292
500,178,146
501,178,138
502,178,102
503,178,88
504,178,103
505,178,262
506,178,251
507,178,236
508,178,262
509,178,231
510,178,211
511,178,609
512,178,643
513,178,636
514,178,718
515,178,944
516,178,1669
517,178,1722
518,178,1666
519,178,2272
520,178,2863
521,178,3559
522,178,6212
523,178,7240
524,178,7351
525,178,17525
526,178,19381
527,178,25398
528,178,21110
529,178,18050
530,178,15612
531,178,21267
532,178,26726
533,178,34022
534,178,24073
535,178,10547
536,178,11799
537,178,10278
538,178,8558
539,178,5663
540,178,4391
541,178,1780
542,178,4434
543,178,4769
544,178,2194
545,178,2194
546,178,2194
547,178,1098
548,178,519
549,178,519
550,178,519
551,178,399
552,178,241
553,178,234
554,178,156
555,178,125
556,178,125
557,178,127
558,178,127
559,178,115
560,178,787
561,178,806
562,178,311
563,178,71
564,178,72
565,178,48
566,178,39
567,178,29
568,178,29
569,178,29
570,178,48
571,178,72
572,178,72
573,178,72
490,179,168
491,179,111
492,179,49
493,179,60
494,179,83
495,179,474
496,179,676
497,179,764
498,179,781
499,179,292
500,179,135
501,179,135
502,179,107
503,179,88
504,179,88
505,179,276
506,179,332
507,179,398
508,179,262
509,179,230
510,179,320
511,179,557
512,179,605
513,179,605
514,179,605
515,179,1019
516,179,1560
517,179,1673
518,179,1673
519,179,1741
520,179,1840
521,179,4698
522,179,7489
523,179,7605
524,179,16691
525,179,18354
526,179,17582
527,179,19847
528,179,18527
529,179,16359
530,179,15778
531,179,57685
532,179,48969
533,179,31214
534,179,26694
535,179,9661
536,179,9646
537,179,9517
538,179,8248
539,179,5682
540,179,5259
541,179,4534
542,179,5906
543,179,5115
544,179,2597
545,179,2194
546,179,2194
547,179,1007
548,179,519
549,179,519
550,179,519
551,179,162
552,179,29
553,179,40
554,179,76
555,179,78
556,179,79
557,179,106
558,179,127
559,179,85
560,179,105
561,179,653
562,179,162
563,179,83
564,179,78
565,179,55
566,179,34
567,179,27
568,179,27
569,179,28
570,179,32
571,179,69
572,179,72
573,179,72
490,180,141
491,180,103
492,180,79
493,180,88
494,180,88
495,180,127
496,180,203
497,180,303
498,180,780
499,180,235
500,180,135
501,180,124
502,180,94
503,180,88
504,180,90
505,180,443
506,180,463
507,180,474
508,180,268
509,180,212
510,180,212
511,180,323
512,180,599
513,180,605
514,180,730
515,180,1206
516,180,1658
517,180,1673
518,180,1673
519,180,1828
520,180,1840
521,180,3248
522,180,7515
523,180,8714
524,180,18506
525,180,19542
526,180,19878
527,180,19557
528,180,19371
529,180,35321
530,180,18822
531,180,22102
532,180,15235
533,180,12718
534,180,33945
535,180,20136
536,180,17659
537,180,10533
538,180,9534
539,180,6807
540,180,6323
541,180,6323
542,180,4163
543,180,2564
544,180,4751
545,180,2194
546,180,2194
547,180,972
548,180,519
549,180,519
550,180,443
551,180,100
552,180,81
553,180,29
554,180,37
555,180,70
556,180,78
557,180,78
558,180,80
559,180,52
560,180,43
561,180,171
562,180,133
563,180,87
564,180,87
565,180,47
566,180,26
567,180,26
568,180,27
569,180,41
570,180,57
571,180,60
572,180,65
573,180,64
490,181,149
491,181,117
492,181,81
493,181,88
494,181,88
495,181,120
496,181,152
497,181,167
498,181,225
499,181,78
500,181,134
501,181,121
502,181,88
503,181,88
504,181,153
505,181,471
506,181,474
507,181,474
508,181,265
509,181,212
510,181,212
511,181,212
512,181,426
513,181,452
514,181,622
515,181,1297
516,181,1673
517,181,1673
518,181,1673
519,181,1820
520,181,1840
521,181,4649
522,181,7515
523,181,15398
524,181,18966
525,181,21655
526,181,21971
527,181,25093
528,181,25434
529,181,40276
530,181,43119
531,181,29728
532,181,21496
533,181,40506
534,181,47453
535,181,39751
536,181,32958
537,181,21836
538,181,21248
539,181,7186
540,181,6323
541,181,6106
542,181,1533
543,181,1074
544,181,3319
545,181,3006
546,181,1001
547,181,651
548,181,318
549,181,157
550,181,101
551,181,94
552,181,92
553,181,60
554,181,50
555,181,76
556,181,78
557,181,79
558,181,88
559,181,70
560,181,91
561,181,57
562,181,87
563,181,87
564,181,87
565,181,77
566,181,38
567,181,29
568,181,37
569,181,59
570,181,59
571,181,59
572,181,55
573,181,38
490,182,170
491,182,81
492,182,80
493,182,83
494,182,88
495,182,116
496,182,152
497,182,152
498,182,123
499,182,414
500,182,131
501,182,120
502,182,88
503,182,88
504,182,179
505,182,472
506,182,474
507,182,474
508,182,247
509,182,212
510,182,197
511,182,170
512,182,171
513,182,138
514,182,195
515,182,726
516,182,1059
517,182,1382
518,182,1397
519,182,1412
520,182,1791
521,182,3378
522,182,6699
523,182,12474
524,182,23276
525,182,19348
526,182,24706
527,182,26079
528,182,24658
529,182,23672
530,182,30932
531,182,46009
532,182,49816
533,182,47591
534,182,42156
535,182,40555
536,182,36621
537,182,24441
538,182,10649
539,182,6323
540,182,6323
541,182,4705
542,182,1009
543,182,828
544,182,330
545,182,409
546,182,330
547,182,330
548,182,172
549,182,128
550,182,104
551,182,100
552,182,94
553,182,92
554,182,92
555,182,88
556,182,84
557,182,80
558,182,103
559,182,103
560,182,103
561,182,97
562,182,87
563,182,87
564,182,87
565,182,63
566,182,54
567,182,53
568,182,57
569,182,59
570,182,51
571,182,37
572,182,32
573,182,34
490,183,218
491,183,92
492,183,83
493,183,75
494,183,88
495,183,109
496,183,152
497,183,152
498,183,138
499,183,412
500,183,217
501,183,114
502,183,88
503,183,88
504,183,246
505,183,720
506,183,474
507,183,474
508,183,378
509,183,158
510,183,59
511,183,55
512,183,55
513,183,58
514,183,65
515,183,65
516,183,18
517,183,131
518,183,316
519,183,250
520,183,1496
521,183,1547
522,183,1516
523,183,1516
524,183,2620
525,183,7362
526,183,20140
527,183,21077
528,183,22381
529,183,21843
530,183,26081
531,183,25011
532,183,33991
533,183,44454
534,183,35802
535,183,33105
536,183,21390
537,183,13061
538,183,6349
539,183,6323
540,183,6323
541,183,3334
542,183,1009
543,183,833
544,183,330
545,183,330
546,183,330
547,183,330
548,183,180
549,183,128
550,183,115
551,183,101
552,183,101
553,183,94
554,183,92
555,183,92
556,183,90
557,183,60
558,183,86
559,183,103
560,183,103
561,183,102
562,183,87
563,183,87
564,183,86
565,183,55
566,183,54
567,183,54
568,183,59
569,183,52
570,183,32
571,183,33
572,183,36
573,183,34
490,184,233
491,184,116
492,184,86
493,184,71
494,184,85
495,184,102
496,184,152
497,184,152
498,184,152
499,184,279
500,184,244
501,184,110
502,184,88
503,184,87
504,184,137
505,184,3172
506,184,474
507,184,474
508,184,295
509,184,69
510,184,57
511,184,55
512,184,55
513,184,55
514,184,64
515,184,65
516,184,74
517,184,195
518,184,257
519,184,373
520,184,1503
521,184,1516
522,184,1516
523,184,1516
524,184,2421
525,184,4740
526,184,4833
527,184,6781
528,184,21530
529,184,21803
530,184,20831
531,184,20809
532,184,19943
533,184,13827
534,184,12846
535,184,12264
536,184,13214
537,184,11139
538,184,6195
539,184,6323
540,184,6323
541,184,1519
542,184,691
543,184,447
544,184,330
545,184,330
546,184,330
547,184,319
548,184,143
549,184,128
550,184,126
551,184,104
552,184,101
553,184,98
554,184,92
555,184,91
556,184,87
557,184,51
558,184,49
559,184,73
560,184,93
561,184,90
562,184,44
563,184,71
564,184,85
565,184,70
566,184,54
567,184,54
568,184,57
569,184,46
570,184,32
571,184,37
572,184,38
573,184,36
490,185,181
491,185,98
492,185,81
493,185,73
494,185,71
495,185,95
496,185,151
497,185,152
498,185,139
499,185,88
500,185,70
501,185,117
502,185,84
503,185,81
504,185,81
505,185,467
506,185,424
507,185,230
508,185,111
509,185,61
510,185,55
511,185,55
512,185,127
513,185,170
514,185,63
515,185,159
516,185,237
517,185,257
518,185,257
519,185,257
520,185,1316
521,185,1516
522,185,1516
523,185,1397
524,185,3075
525,185,4833
526,185,4833
527,185,8704
528,185,21843
529,185,21214
530,185,20809
531,185,20809
532,185,18346
533,185,13889
534,185,12264
535,185,12264
536,185,12264
537,185,8091
538,185,4236
539,185,5013
540,185,5936
541,185,2149
542,185,375
543,185,324
544,185,330
545,185,330
546,185,330
547,185,272
548,185,128
549,185,128
550,185,128
551,185,120
552,185,101
553,185,101
554,185,95
555,185,90
556,185,81
557,185,52
558,185,54
559,185,73
560,185,73
561,185,53
562,185,39
563,185,41
564,185,50
565,185,64
566,185,53
567,185,44
568,185,53
569,185,34
570,185,35
571,185,37
572,185,35
573,185,26
490,186,90
491,186,67
492,186,67
493,186,83
494,186,80
495,186,88
496,186,103
497,186,70
498,186,45
499,186,56
500,186,57
501,186,116
502,186,81
503,186,81
504,186,81
505,186,256
506,186,108
507,186,69
508,186,62
509,186,57
510,186,55
511,186,55
512,186,213
513,186,251
514,186,214
515,186,257
516,186,257
517,186,257
518,186,257
519,186,194
520,186,642
521,186,1489
522,186,1465
523,186,545
524,186,314
525,186,3112
526,186,5555
527,186,17495
528,186,21820
529,186,20813
530,186,20809
531,186,19846
532,186,14408
533,186,10858
534,186,12264
535,186,10503
536,186,7207
537,186,2682
538,186,2289
539,186,2252
540,186,1425
541,186,1108
542,186,335
543,186,330
544,186,330
545,186,330
546,186,330
547,186,224
548,186,128
549,186,132
550,186,128
551,186,118
552,186,101
553,186,101
554,186,101
555,186,93
556,186,78
557,186,53
558,186,66
559,186,115
560,186,115
561,186,73
562,186,31
563,186,38
564,186,41
565,186,29
566,186,34
567,186,40
568,186,40
569,186,35
570,186,36
571,186,26
572,186,27
573,186,28
490,187,191
491,187,165
492,187,96
493,187,92
494,187,88
495,187,88
496,187,85
497,187,30
498,187,137
499,187,56
500,187,68
501,187,96
502,187,81
503,187,81
504,187,81
505,187,83
506,187,83
507,187,71
508,187,55
509,187,55
510,187,55
511,187,76
512,187,161
513,187,208
514,187,257
515,187,257
516,187,257
517,187,257
518,187,257
519,187,184
520,187,105
521,187,514
522,187,600
523,187,311
524,187,311
525,187,461
526,187,4603
527,187,13124
528,187,10731
529,187,14345
530,187,15633
531,187,4870
532,187,9237
533,187,11419
534,187,10961
535,187,2174
536,187,1770
537,187,1974
538,187,2278
539,187,2289
540,187,1455
541,187,1233
542,187,449
543,187,330
544,187,330
545,187,330
546,187,330
547,187,241
548,187,144
549,187,273
550,187,262
551,187,162
552,187,101
553,187,101
554,187,101
555,187,99
556,187,85
557,187,53
558,187,87
559,187,115
560,187,115
561,187,72
562,187,21
563,187,51
564,187,26
565,187,16
566,187,34
567,187,40
568,187,29
569,187,27
570,187,31
571,187,26
572,187,26
573,187,29
490,188,191
491,188,191
492,188,180
493,188,118
494,188,90
495,188,90
496,188,88
497,188,45
498,188,357
499,188,134
500,188,79
501,188,88
502,188,81
503,188,81
504,188,82
505,188,83
506,188,83
507,188,67
508,188,55
509,188,55
510,188,55
511,188,107
512,188,161
513,188,166
514,188,218
515,188,255
516,188,257
517,188,257
518,188,257
519,188,133
520,188,107
521,188,277
522,188,311
523,188,311
524,188,311
525,188,499
526,188,950
527,188,2650
528,188,3123
529,188,3123
530,188,3123
531,188,2964
532,188,2538
533,188,3092
534,188,2624
535,188,1163
536,188,1163
537,188,1423
538,188,1791
539,188,2080
540,188,1339
541,188,758
542,188,330
543,188,330
544,188,330
545,188,330
546,188,330
547,188,281
548,188,191
549,188,309
550,188,309
551,188,282
552,188,223
553,188,108
554,188,101
555,188,100
556,188,90
557,188,56
558,188,97
559,188,115
560,188,115
561,188,51
562,188,18
563,188,65
564,188,35
565,188,16
566,188,22
567,188,33
568,188,20
569,188,14
570,188,26
571,188,23
572,188,26
573,188,29
490,189,193
491,189,191
492,189,159
493,189,90
494,189,90
495,189,90
496,189,88
497,189,72
498,189,70
499,189,76
500,189,76
501,189,87
502,189,82
503,189,81
504,189,82
505,189,83
506,189,82
507,189,60
508,189,55
509,189,55
510,189,56
511,189,141
512,189,161
513,189,161
514,189,175
515,189,254
516,189,257
517,189,252
518,189,220
519,189,105
520,189,143
521,189,301
522,189,311
523,189,330
524,189,668
525,189,815
526,189,841
527,189,1945
528,189,3135
529,189,3674
530,189,2985
531,189,2806
532,189,2515
533,189,2515
534,189,2397
535,189,1192
536,189,1163
537,189,1163
538,189,1173
539,189,1397
540,189,1278
541,189,608
542,189,330
543,189,330
544,189,330
545,189,330
546,189,330
547,189,305
548,189,207
549,189,309
550,189,309
551,189,309
552,189,309
553,189,186
554,189,101
555,189,97
556,189,90
557,189,60
558,189,101
559,189,115
560,189,108
561,189,35
562,189,15
563,189,76
564,189,37
565,189,15
566,189,19
567,189,34
568,189,32
569,189,34
570,189,31
571,189,23
572,189,29
573,189,29
490,190,287
491,190,184
492,190,152
493,190,90
494,190,90
495,190,90
496,190,82
497,190,78
498,190,77
499,190,76
500,190,76
501,190,77
502,190,105
503,190,126
504,190,83
505,190,83
506,190,83
507,190,61
508,190,55
509,190,55
510,190,89
511,190,161
512,190,161
513,190,170
514,190,245
515,190,257
516,190,251
517,190,224
518,190,157
519,190,131
520,190,281
521,190,311
522,190,311
523,190,312
524,190,810
525,190,841
526,190,841
527,190,1977
528,190,6342
529,190,2736
530,190,2515
531,190,2515
532,190,2515
533,190,2515
534,190,2515
535,190,1702
536,190,1163
537,190,1163
538,190,1163
539,190,1039
540,190,811
541,190,790
542,190,439
543,190,330
544,190,330
545,190,330
546,190,330
547,190,203
548,190,168
549,190,309
550,190,309
551,190,309
552,190,309
553,190,221
554,190,109
555,190,93
556,190,90
557,190,85
558,190,111
559,190,116
560,190,96
561,190,27
562,190,29
563,190,82
564,190,28
565,190,19
566,190,26
567,190,73
568,190,46
569,190,38
570,190,31
571,190,23
572,190,33
573,190,33
490,191,325
491,191,159
492,191,69
493,191,88
494,191,90
495,191,90
496,191,92
497,191,85
498,191,84
499,191,80
500,191,76
501,191,76
502,191,126
503,191,130
504,191,83
505,191,83
506,191,99
507,191,87
508,191,67
509,191,70
510,191,173
511,191,172
512,191,161
513,191,184
514,191,257
515,191,257
516,191,226
517,191,188
518,191,128
519,191,186
520,191,311
521,191,311
522,191,311
523,191,311
524,191,470
525,191,827
526,191,842
527,191,1172
528,191,1532
529,191,2207
530,191,1884
531,191,2063
532,191,2009
533,191,1996
534,191,2134
535,191,1706
536,191,826
537,191,975
538,191,1160
539,191,1076
540,191,791
541,191,790
542,191,667
543,191,306
544,191,308
545,191,323
546,191,254
547,191,128
548,191,126
549,191,165
550,191,273
551,191,269
552,191,309
553,191,309
554,191,290
555,191,167
556,191,139
557,191,172
558,191,174
559,191,115
560,191,73
561,191,31
562,191,59
563,191,82
564,191,64
565,191,27
566,191,31
567,191,108
568,191,117
569,191,125
570,191,78
571,191,29
572,191,35
573,191,34
490,192,293
491,192,73
492,192,67
493,192,68
494,192,88
495,192,90
496,192,93
497,192,90
498,192,84
499,192,82
500,192,76
501,192,87
502,192,135
503,192,128
504,192,85
505,192,114
506,192,135
507,192,135
508,192,135
509,192,196
510,192,350
511,192,341
512,192,274
513,192,234
514,192,257
515,192,251
516,192,221
517,192,144
518,192,115
519,192,114
520,192,303
521,192,311
522,192,311
523,192,311
524,192,305
525,192,612
526,192,957
527,192,1079
528,192,939
529,192,778
530,192,775
531,192,775
532,192,775
533,192,775
534,192,775
535,192,694
536,192,140
537,192,92
538,192,493
539,192,1099
540,192,807
541,192,634
542,192,370
543,192,272
544,192,272
545,192,273
546,192,219
547,192,128
548,192,108
549,192,51
550,192,71
551,192,72
552,192,209
553,192,308
554,192,309
555,192,309
556,192,233
557,192,204
558,192,249
559,192,136
560,192,116
561,192,72
562,192,72
563,192,74
564,192,61
565,192,27
566,192,71
567,192,94
568,192,139
569,192,139
570,192,77
571,192,36
572,192,36
573,192,36
490,193,268
491,193,67
492,193,67
493,193,67
494,193,85
495,193,80
496,193,85
497,193,89
498,193,84
499,193,80
500,193,76
501,193,101
502,193,135
503,193,133
504,193,125
505,193,135
506,193,135
507,193,135
508,193,137
509,193,321
510,193,350
511,193,350
512,193,351
513,193,366
514,193,321
515,193,243
516,193,187
517,193,122
518,193,103
519,193,102
520,193,245
521,193,311
522,193,234
523,193,129
524,193,144
525,193,211
526,193,1027
527,193,964
528,193,589
529,193,706
530,193,775
531,193,775
532,193,775
533,193,775
534,193,775
535,193,775
536,193,516
537,193,92
538,193,92
539,193,382
540,193,665
541,193,288
542,193,272
543,193,272
544,193,272
545,193,272
546,193,272
547,193,145
548,193,77
549,193,51
550,193,51
551,193,51
552,193,67
553,193,302
554,193,309
555,193,269
556,193,209
557,193,204
558,193,1535
559,193,1550
560,193,139
561,193,71
562,193,71
563,193,70
564,193,61
565,193,88
566,193,106
567,193,127
568,193,139
569,193,127
570,193,38
571,193,36
572,193,35
573,193,30
490,194,172
491,194,67
492,194,67
493,194,68
494,194,69
495,194,69
496,194,70
497,194,96
498,194,84
499,194,84
500,194,78
501,194,112
502,194,135
503,194,135
504,194,135
505,194,135
506,194,135
507,194,209
508,194,277
509,194,350
510,194,350
511,194,350
512,194,366
513,194,374
514,194,374
515,194,283
516,194,139
517,194,115
518,194,102
519,194,102
520,194,208
521,194,305
522,194,435
523,194,190
524,194,109
525,194,313
526,194,1007
527,194,705
528,194,590
529,194,724
530,194,775
531,194,775
532,194,775
533,194,775
534,194,775
535,194,775
536,194,297
537,194,92
538,194,92
539,194,94
540,194,234
541,194,235
542,194,215
543,194,264
544,194,272
545,194,272
546,194,230
547,194,81
548,194,75
549,194,51
550,194,51
551,194,51
552,194,51
553,194,165
554,194,304
555,194,218
556,194,204
557,194,204
558,194,998
559,194,881
560,194,146
561,194,80
562,194,67
563,194,67
564,194,67
565,194,100
566,194,88
567,194,129
568,194,139
569,194,90
570,194,37
571,194,36
572,194,33
573,194,29
490,195,75
491,195,67
492,195,70
493,195,85
494,195,70
495,195,71
496,195,88
497,195,101
498,195,87
499,195,84
500,195,83
501,195,91
502,195,134
503,195,135
504,195,135
505,195,135
506,195,135
507,195,135
508,195,231
509,195,350
510,195,350
511,195,351
512,195,374
513,195,374
514,195,370
515,195,115
516,195,75
517,195,87
518,195,108
519,195,107
520,195,110
521,195,122
522,195,560
523,195,692
524,195,635
525,195,675
526,195,588
527,195,578
528,195,622
529,195,763
530,195,743
531,195,565
532,195,674
533,195,610
534,195,559
535,195,491
536,195,165
537,195,94
538,195,92
539,195,96
540,195,126
541,195,177
542,195,177
543,195,199
544,195,236
545,195,271
546,195,156
547,195,81
548,195,79
549,195,52
550,195,51
551,195,51
552,195,46
553,195,46
554,195,128
555,195,204
556,195,204
557,195,204
558,195,202
559,195,151
560,195,147
561,195,128
562,195,62
563,195,58
564,195,54
565,195,52
566,195,52
567,195,60
568,195,116
569,195,59
570,195,36
571,195,35
572,195,29
573,195,30
490,196,78
491,196,71
492,196,82
493,196,101
494,196,94
495,196,93
496,196,101
497,196,101
498,196,97
499,196,85
500,196,84
501,196,73
502,196,94
503,196,135
504,196,135
505,196,135
506,196,168
507,196,205
508,196,249
509,196,349
510,196,350
511,196,356
512,196,374
513,196,374
514,196,260
515,196,73
516,196,73
517,196,77
518,196,91
519,196,105
520,196,108
521,196,76
522,196,69
523,196,386
524,196,511
525,196,590
526,196,513
527,196,491
528,196,663
529,196,640
530,196,453
531,196,391
532,196,391
533,196,391
534,196,391
535,196,391
536,196,391
537,196,220
538,196,127
539,196,128
540,196,112
541,196,177
542,196,177
543,196,177
544,196,177
545,196,177
546,196,81
547,196,81
548,196,81
549,196,59
550,196,51
551,196,48
552,196,46
553,196,46
554,196,46
555,196,96
556,196,167
557,196,204
558,196,136
559,196,134
560,196,144
561,196,121
562,196,52
563,196,52
564,196,52
565,196,52
566,196,51
567,196,51
568,196,52
569,196,43
570,196,36
571,196,32
572,196,29
573,196,31
490,197,87
491,197,87
492,197,92
493,197,101
494,197,101
495,197,101
496,197,101
497,197,101
498,197,101
499,197,79
500,197,60
501,197,54
502,197,64
503,197,130
504,197,135
505,197,138
506,197,316
507,197,350
508,197,350
509,197,350
510,197,350
511,197,355
512,197,374
513,197,236
514,197,73
515,197,73
516,197,73
517,197,73
518,197,73
519,197,63
520,197,97
521,197,63
522,197,90
523,197,162
524,197,256
525,197,391
526,197,397
527,197,392
528,197,419
529,197,475
530,197,391
531,197,391
532,197,391
533,197,391
534,197,391
535,197,391
536,197,391
537,197,223
538,197,128
539,197,128
540,197,127
541,197,167
542,197,177
543,197,177
544,197,177
545,197,122
546,197,94
547,197,95
548,197,80
549,197,59
550,197,39
551,197,38
552,197,46
553,197,46
554,197,46
555,197,46
556,197,60
557,197,104
558,197,51
559,197,51
560,197,97
561,197,137
562,197,54
563,197,52
564,197,52
565,197,52
566,197,53
567,197,56
568,197,56
569,197,57
570,197,37
571,197,33
572,197,31
573,197,32
490,198,87
491,198,87
492,198,88
493,198,99
494,198,101
495,198,101
496,198,101
497,198,101
498,198,101
499,198,78
500,198,67
501,198,55
502,198,55
503,198,94
504,198,131
505,198,244
506,198,350
507,198,343
508,198,349
509,198,350
510,198,350
511,198,350
512,198,290
513,198,74
514,198,73
515,198,73
516,198,73
517,198,73
518,198,72
519,198,51
520,198,79
521,198,41
522,198,124
523,198,162
524,198,162
525,198,207
526,198,354
527,198,391
528,198,391
529,198,391
530,198,391
531,198,391
532,198,391
533,198,391
534,198,391
535,198,391
536,198,391
537,198,177
538,198,128
539,198,128
540,198,128
541,198,141
542,198,172
543,198,173
544,198,126
545,198,100
546,198,103
547,198,105
548,198,26
549,198,24
550,198,33
551,198,47
552,198,54
553,198,46
554,198,46
555,198,46
556,198,51
557,198,52
558,198,51
559,198,52
560,198,53
561,198,74
562,198,52
563,198,68
564,198,78
565,198,75
566,198,59
567,198,56
568,198,58
569,198,57
570,198,41
571,198,35
572,198,35
573,198,35
490,199,88
491,199,89
492,199,87
493,199,99
494,199,102
495,199,99
496,199,96
497,199,98
498,199,113
499,199,125
500,199,97
501,199,72
502,199,111
503,199,115
504,199,174
505,199,347
506,199,203
507,199,139
508,199,197
509,199,311
510,199,350
511,199,350
512,199,308
513,199,111
514,199,64
515,199,71
516,199,73
517,199,74
518,199,57
519,199,73
520,199,73
521,199,35
522,199,158
523,199,162
524,199,162
525,199,162
526,199,217
527,199,391
528,199,391
529,199,391
530,199,391
531,199,391
532,199,391
533,199,391
534,199,383
535,199,389
536,199,371
537,199,228
538,199,128
539,199,128
540,199,128
541,199,128
542,199,134
543,199,117
544,199,100
545,199,100
546,199,107
547,199,96
548,199,53
549,199,27
550,199,33
551,199,50
552,199,55
553,199,50
554,199,49
555,199,52
556,199,54
557,199,56
558,199,54
559,199,55
560,199,55
561,199,67
562,199,73
563,199,99
564,199,101
565,199,100
566,199,74
567,199,52
568,199,54
569,199,57
570,199,39
571,199,38
572,199,38
573,199,38
490,200,92
491,200,92
492,200,94
493,200,121
494,200,124
495,200,108
496,200,106
497,200,122
498,200,125
499,200,125
500,200,112
501,200,72
502,200,108
503,200,150
504,200,330
505,200,239
506,200,137
507,200,139
508,200,139
509,200,151
510,200,345
511,200,350
512,200,198
513,200,119
514,200,57
515,200,57
516,200,70
517,200,68
518,200,66
519,200,79
520,200,59
521,200,58
522,200,162
523,200,162
524,200,162
525,200,162
526,200,171
527,200,391
528,200,331
529,200,354
530,200,318
531,200,286
532,200,288
533,200,255
534,200,220
535,200,224
536,200,219
537,200,150
538,200,128
539,200,128
540,200,128
541,200,128
542,200,128
543,200,119
544,200,105
545,200,100
546,200,110
547,200,99
548,200,41
549,200,28
550,200,36
551,200,54
552,200,55
553,200,55
554,200,54
555,200,54
556,200,54
557,200,56
558,200,57
559,200,56
560,200,56
561,200,88
562,200,100
563,200,100
564,200,92
565,200,86
566,200,58
567,200,57
568,200,58
569,200,58
570,200,47
571,200,38
572,200,38
573,200,38
490,201,93
491,201,93
492,201,116
493,201,125
494,201,125
495,201,125
496,201,124
497,201,125
498,201,125
499,201,124
500,201,87
501,201,68
502,201,93
503,201,144
504,201,134
505,201,113
506,201,105
507,201,119
508,201,139
509,201,144
510,201,346
511,201,350
512,201,126
513,201,57
514,201,57
515,201,57
516,201,58
517,201,62
518,201,79
519,201,79
520,201,63
521,201,81
522,201,162
523,201,162
524,201,162
525,201,162
526,201,158
527,201,192
528,201,44
529,201,44
530,201,44
531,201,202
532,201,219
533,201,219
534,201,219
535,201,219
536,201,219
537,201,148
538,201,128
539,201,128
540,201,128
541,201,128
542,201,128
543,201,109
544,201,108
545,201,107
546,201,112
547,201,112
548,201,84
549,201,28
550,201,45
551,201,55
552,201,55
553,201,55
554,201,55
555,201,57
556,201,56
557,201,57
558,201,58
559,201,57
560,201,65
561,201,104
562,201,99
563,201,91
564,201,92
565,201,92
566,201,70
567,201,57
568,201,97
569,201,126
570,201,97
571,201,79
572,201,41
573,201,71
490,202,93
491,202,93
492,202,121
493,202,125
494,202,125
495,202,125
496,202,125
497,202,125
498,202,125
499,202,101
500,202,67
501,202,67
502,202,71
503,202,103
504,202,105
505,202,105
506,202,105
507,202,116
508,202,139
509,202,139
510,202,136
511,202,137
512,202,57
513,202,57
514,202,57
515,202,57
516,202,79
517,202,70
518,202,79
519,202,79
520,202,51
521,202,36
522,202,148
523,202,151
524,202,128
525,202,100
526,202,59
527,202,45
528,202,44
529,202,44
530,202,45
531,202,218
532,202,219
533,202,219
534,202,219
535,202,219
536,202,219
537,202,172
538,202,128
539,202,128
540,202,128
541,202,128
542,202,126
543,202,108
544,202,108
545,202,108
546,202,110
547,202,111
548,202,111
549,202,45
550,202,54
551,202,51
552,202,45
553,202,41
554,202,65
555,202,232
556,202,64
557,202,58
558,202,58
559,202,57
560,202,55
561,202,61
562,202,68
563,202,67
564,202,79
565,202,67
566,202,58
567,202,58
568,202,118
569,202,637
570,202,138
571,202,133
572,202,128
573,202,133
490,203,92
491,203,95
492,203,125
493,203,125
494,203,125
495,203,125
496,203,125
497,203,125
498,203,125
499,203,110
500,203,71
501,203,67
502,203,67
503,203,77
504,203,149
505,203,105
506,203,105
507,203,129
508,203,139
509,203,136
510,203,58
511,203,57
512,203,57
513,203,57
514,203,57
515,203,58
516,203,197
517,203,213
518,203,102
519,203,61
520,203,30
521,203,46
522,203,62
523,203,66
524,203,62
525,203,62
526,203,62
527,203,49
528,203,44
529,203,44
530,203,88
531,203,218
532,203,219
533,203,219
534,203,219
535,203,219
536,203,219
537,203,162
538,203,128
539,203,128
540,203,128
541,203,128
542,203,114
543,203,108
544,203,108
545,203,108
546,203,108
547,203,102
548,203,98
549,203,73
550,203,55
551,203,50
552,203,41
553,203,41
554,203,198
555,203,445
556,203,67
557,203,58
558,203,58
559,203,58
560,203,56
561,203,60
562,203,67
563,203,67
564,203,67
565,203,66
566,203,394
567,203,434
568,203,85
569,203,695
570,203,472
571,203,133
572,203,133
573,203,133
490,204,74
491,204,93
492,204,125
493,204,125
494,204,125
495,204,123
496,204,125
497,204,125
498,204,125
499,204,125
500,204,123
501,204,79
502,204,67
503,204,67
504,204,252
505,204,146
506,204,110
507,204,138
508,204,139
509,204,128
510,204,63
511,204,63
512,204,61
513,204,57
514,204,57
515,204,121
516,204,251
517,204,251
518,204,129
519,204,28
520,204,34
521,204,61
522,204,62
523,204,62
524,204,62
525,204,62
526,204,66
527,204,62
528,204,54
529,204,65
530,204,105
531,204,218
532,204,219
533,204,219
534,204,219
535,204,219
536,204,219
537,204,153
538,204,90
539,204,67
540,204,100
541,204,95
542,204,104
543,204,108
544,204,108
545,204,108
546,204,102
547,204,77
548,204,72
549,204,72
550,204,64
551,204,58
552,204,50
553,204,45
554,204,71
555,204,188
556,204,51
557,204,44
558,204,41
559,204,39
560,204,35
561,204,60
562,204,67
563,204,67
564,204,67
565,204,67
566,204,145
567,204,498
568,204,79
569,204,649
570,204,829
571,204,308
572,204,133
573,204,121
490,205,82
491,205,89
492,205,120
493,205,125
494,205,119
495,205,92
496,205,125
497,205,125
498,205,133
499,205,129
500,205,125
501,205,88
502,205,67
503,205,69
504,205,299
505,205,311
506,205,190
507,205,139
508,205,139
509,205,98
510,205,84
511,205,84
512,205,82
513,205,74
514,205,57
515,205,115
516,205,251
517,205,251
518,205,224
519,205,115
520,205,65
521,205,62
522,205,62
523,205,62
524,205,67
525,205,71
526,205,77
527,205,76
528,205,73
529,205,77
530,205,77
531,205,169
532,205,222
533,205,222
534,205,222
535,205,226
536,205,215
537,205,102
538,205,48
539,205,48
540,205,48
541,205,48
542,205,53
543,205,81
544,205,108
545,205,108
546,205,71
547,205,72
548,205,72
549,205,72
550,205,72
551,205,59
552,205,47
553,205,45
554,205,68
555,205,75
556,205,53
557,205,52
558,205,54
559,205,48
560,205,45
561,205,46
562,205,58
563,205,64
564,205,67
565,205,67
566,205,67
567,205,67
568,205,75
569,205,308
570,205,838
571,205,631
572,205,133
573,205,131
490,206,88
491,206,98
492,206,121
493,206,119
494,206,88
495,206,88
496,206,130
497,206,141
498,206,237
499,206,195
500,206,140
501,206,149
502,206,215
503,206,245
504,206,315
505,206,315
506,206,312
507,206,237
508,206,124
509,206,84
510,206,84
511,206,84
512,206,84
513,206,84
514,206,2631
515,206,434
516,206,251
517,206,251
518,206,251
519,206,251
520,206,251
521,206,132
522,206,65
523,206,71
524,206,77
525,206,77
526,206,76
527,206,65
528,206,62
529,206,64
530,206,54
531,206,90
532,206,134
533,206,138
534,206,159
535,206,139
536,206,100
537,206,78
538,206,49
539,206,48
540,206,48
541,206,48
542,206,55
543,206,53
544,206,63
545,206,84
546,206,42
547,206,60
548,206,72
549,206,99
550,206,62
551,206,65
552,206,54
553,206,59
554,206,76
555,206,64
556,206,48
557,206,48
558,206,49
559,206,54
560,206,45
561,206,54
562,206,42
563,206,42
564,206,62
565,206,67
566,206,67
567,206,67
568,206,75
569,206,154
570,206,820
571,206,454
572,206,191
573,206,188
490,207,93
491,207,121
492,207,102
493,207,152
494,207,146
495,207,111
496,207,142
497,207,158
498,207,257
499,207,249
500,207,147
501,207,144
502,207,289
503,207,315
504,207,315
505,207,315
506,207,315
507,207,315
508,207,251
509,207,84
510,207,84
511,207,84
512,207,84
513,207,84
514,207,1418
515,207,228
516,207,251
517,207,251
518,207,251
519,207,251
520,207,251
521,207,141
522,207,77
523,207,77
524,207,77
525,207,77
526,207,66
527,207,63
528,207,62
529,207,61
530,207,40
531,207,66
532,207,134
533,207,158
534,207,161
535,207,154
536,207,159
537,207,181
538,207,111
539,207,58
540,207,64
541,207,65
542,207,63
543,207,55
544,207,55
545,207,54
546,207,39
547,207,71
548,207,94
549,207,122
550,207,35
551,207,46
552,207,50
553,207,74
554,207,76
555,207,61
556,207,48
557,207,51
558,207,51
559,207,55
560,207,59
561,207,57
562,207,42
563,207,42
564,207,42
565,207,53
566,207,66
567,207,67
568,207,67
569,207,494
570,207,823
571,207,317
572,207,204
573,207,204
490,208,110
491,208,87
492,208,148
493,208,172
494,208,130
495,208,118
496,208,142
497,208,168
498,208,243
499,208,258
500,208,197
501,208,150
502,208,236
503,208,315
504,208,315
505,208,315
506,208,315
507,208,315
508,208,262
509,208,98
510,208,101
511,208,92
512,208,84
513,208,84
514,208,88
515,208,38
516,208,53
517,208,127
518,208,244
519,208,251
520,208,251
521,208,232
522,208,88
523,208,77
524,208,77
525,208,71
526,208,63
527,208,63
528,208,61
529,208,61
530,208,45
531,208,64
532,208,196
533,208,308
534,208,277
535,208,247
536,208,247
537,208,247
538,208,226
539,208,71
540,208,68
541,208,70
542,208,64
543,208,55
544,208,55
545,208,54
546,208,40
547,208,125
548,208,156
549,208,82
550,208,45
551,208,48
552,208,59
553,208,53
554,208,48
555,208,50
556,208,48
557,208,50
558,208,57
559,208,52
560,208,48
561,208,54
562,208,42
563,208,42
564,208,42
565,208,42
566,208,58
567,208,66
568,208,66
569,208,253
570,208,246
571,208,199
572,208,204
573,208,204
490,209,95
491,209,109
492,209,172
493,209,161
494,209,106
495,209,120
496,209,149
497,209,252
498,209,260
499,209,260
500,209,260
501,209,246
502,209,88
503,209,112
504,209,224
505,209,315
506,209,315
507,209,315
508,209,195
509,209,115
510,209,115
511,209,115
512,209,96
513,209,84
514,209,84
515,209,44
516,209,36
517,209,36
518,209,87
519,209,151
520,209,148
521,209,140
522,209,78
523,209,77
524,209,77
525,209,70
526,209,64
527,209,66
528,209,62
529,209,66
530,209,48
531,209,38
532,209,150
533,209,294
534,209,335
535,209,250
536,209,251
537,209,250
538,209,218
539,209,81
540,209,70
541,209,70
542,209,65
543,209,55
544,209,54
545,209,54
546,209,45
547,209,155
548,209,156
549,209,143
550,209,79
551,209,64
552,209,64
553,209,46
554,209,28
555,209,41
556,209,47
557,209,48
558,209,43
559,209,20
560,209,20
561,209,25
562,209,42
563,209,42
564,209,42
565,209,42
566,209,49
567,209,61
568,209,67
569,209,94
570,209,310
571,209,227
572,209,204
573,209,154
490,210,83
491,210,144
492,210,172
493,210,136
494,210,106
495,210,116
496,210,137
497,210,250
498,210,260
499,210,260
500,210,141
501,210,106
502,210,70
503,210,57
504,210,163
505,210,252
506,210,295
507,210,285
508,210,126
509,210,115
510,210,115
511,210,115
512,210,104
513,210,84
514,210,82
515,210,39
516,210,36
517,210,36
518,210,37
519,210,75
520,210,77
521,210,77
522,210,77
523,210,77
524,210,77
525,210,77
526,210,77
527,210,77
528,210,76
529,210,76
530,210,67
531,210,39
532,210,124
533,210,266
534,210,340
535,210,258
536,210,261
537,210,262
538,210,167
539,210,107
540,210,91
541,210,70
542,210,65
543,210,54
544,210,54
545,210,51
546,210,42
547,210,156
548,210,156
549,210,156
550,210,105
551,210,63
552,210,63
553,210,54
554,210,31
555,210,35
556,210,39
557,210,43
558,210,44
559,210,36
560,210,33
561,210,42
562,210,43
563,210,42
564,210,43
565,210,48
566,210,62
567,210,63
568,210,75
569,210,95
570,210,96
571,210,125
572,210,145
573,210,93
490,211,53
491,211,168
492,211,172
493,211,166
494,211,131
495,211,106
496,211,106
497,211,181
498,211,260
499,211,202
500,211,57
501,211,57
502,211,56
503,211,56
504,211,56
505,211,56
506,211,69
507,211,128
508,211,96
509,211,100
510,211,115
511,211,119
512,211,121
513,211,102
514,211,95
515,211,60
516,211,36
517,211,36
518,211,36
519,211,68
520,211,77
521,211,77
522,211,77
523,211,77
524,211,77
525,211,77
526,211,77
527,211,76
528,211,76
529,211,76
530,211,76
531,211,72
532,211,141
533,211,264
534,211,354
535,211,286
536,211,142
537,211,146
538,211,114
539,211,116
540,211,115
541,211,76
542,211,47
543,211,60
544,211,82
545,211,48
546,211,46
547,211,155
548,211,156
549,211,156
550,211,69
551,211,62
552,211,62
553,211,62
554,211,48
555,211,38
556,211,36
557,211,37
558,211,42
559,211,43
560,211,43
561,211,58
562,211,59
563,211,57
564,211,59
565,211,57
566,211,69
567,211,70
568,211,88
569,211,96
570,211,83
571,211,73
572,211,75
573,211,71
490,212,97
491,212,172
492,212,172
493,212,172
494,212,156
495,212,106
496,212,106
497,212,110
498,212,174
499,212,83
500,212,62
501,212,61
502,212,56
503,212,56
504,212,56
505,212,56
506,212,61
507,212,75
508,212,80
509,212,100
510,212,121
511,212,135
512,212,143
513,212,140
514,212,117
515,212,110
516,212,77
517,212,64
518,212,41
519,212,69
520,212,77
521,212,77
522,212,77
523,212,77
524,212,77
525,212,65
526,212,62
527,212,65
528,212,132
529,212,365
530,212,435
531,212,459
532,212,1361
533,212,415
534,212,332
535,212,341
536,212,264
537,212,261
538,212,137
539,212,116
540,212,95
541,212,67
542,212,47
543,212,56
544,212,79
545,212,87
546,212,90
547,212,147
548,212,139
549,212,138
550,212,75
551,212,67
552,212,62
553,212,62
554,212,52
555,212,41
556,212,40
557,212,41
558,212,44
559,212,45
560,212,42
561,212,53
562,212,60
563,212,57
564,212,56
565,212,58
566,212,71
567,212,76
568,212,77
569,212,79
570,212,67
571,212,63
572,212,63
573,212,63
490,213,169
491,213,171
492,213,165
493,213,160
494,213,142
495,213,97
496,213,95
497,213,68
498,213,57
499,213,60
500,213,61
501,213,45
502,213,46
503,213,56
504,213,60
505,213,72
506,213,77
507,213,77
508,213,97
509,213,115
510,213,143
511,213,148
512,213,148
513,213,148
514,213,140
515,213,111
516,213,111
517,213,111
518,213,66
519,213,36
520,213,47
521,213,69
522,213,75
523,213,53
524,213,45
525,213,45
526,213,48
527,213,48
528,213,302
529,213,355
530,213,219
531,213,257
532,213,210
533,213,320
534,213,339
535,213,311
536,213,271
537,213,250
538,213,141
539,213,156
540,213,110
541,213,67
542,213,60
543,213,45
544,213,67
545,213,106
546,213,113
547,213,113
548,213,98
549,213,86
550,213,86
551,213,67
552,213,55
553,213,54
554,213,52
555,213,41
556,213,41
557,213,42
558,213,46
559,213,46
560,213,41
561,213,41
562,213,43
563,213,53
564,213,54
565,213,82
566,213,90
567,213,77
568,213,77
569,213,77
570,213,76
571,213,65
572,213,62
573,213,60
