xv,yv,rho
490,148,32
491,148,31
492,148,29
493,148,26
494,148,30
495,148,64
496,148,83
497,148,130
498,148,137
499,148,112
500,148,92
501,148,73
502,148,46
503,148,53
504,148,63
505,148,63
506,148,58
507,148,53
508,148,53
509,148,45
510,148,30
511,148,45
512,148,69
513,148,138
514,148,138
515,148,138
516,148,138
517,148,138
518,148,138
519,148,94
520,148,75
521,148,75
522,148,44
523,148,7
524,148,0
525,148,0
526,148,0
527,148,0
528,148,5
529,148,81
530,148,67
531,148,73
532,148,85
533,148,153
534,148,133
535,148,69
536,148,68
537,148,47
538,148,47
539,148,59
540,148,70
541,148,70
542,148,82
543,148,93
544,148,93
545,148,93
546,148,76
547,148,59
548,148,60
549,148,61
550,148,61
551,148,61
552,148,86
553,148,74
554,148,190
555,148,206
556,148,206
557,148,206
558,148,206
559,148,199
560,148,94
561,148,93
562,148,93
563,148,93
564,148,97
565,148,168
566,148,169
567,148,168
568,148,106
569,148,103
570,148,102
571,148,85
572,148,74
573,148,80
490,149,64
491,149,50
492,149,32
493,149,22
494,149,31
495,149,70
496,149,136
497,149,137
498,149,137
499,149,2037
500,149,1021
501,149,179
502,149,39
503,149,47
504,149,64
505,149,63
506,149,55
507,149,53
508,149,54
509,149,49
510,149,31
511,149,43
512,149,85
513,149,138
514,149,138
515,149,138
516,149,138
517,149,138
518,149,138
519,149,91
520,149,75
521,149,75
522,149,33
523,149,1
524,149,469
525,149,395
526,149,361
527,149,310
528,149,1
529,149,64
530,149,64
531,149,88
532,149,153
533,149,153
534,149,132
535,149,69
536,149,62
537,149,44
538,149,64
539,149,76
540,149,75
541,149,72
542,149,74
543,149,92
544,149,92
545,149,92
546,149,79
547,149,63
548,149,64
549,149,71
550,149,66
551,149,81
552,149,185
553,149,115
554,149,165
555,149,194
556,149,99
557,149,164
558,149,206
559,149,130
560,149,93
561,149,93
562,149,93
563,149,93
564,149,105
565,149,157
566,149,169
567,149,150
568,149,113
569,149,103
570,149,98
571,149,86
572,149,86
573,149,108
490,150,87
491,150,87
492,150,87
493,150,75
494,150,62
495,150,64
496,150,75
497,150,117
498,150,168
499,150,222
500,150,222
501,150,106
502,150,38
503,150,38
504,150,90
505,150,79
506,150,51
507,150,55
508,150,56
509,150,42
510,150,43
511,150,45
512,150,62
513,150,80
514,150,109
515,150,138
516,150,138
517,150,138
518,150,138
519,150,89
520,150,75
521,150,62
522,150,47
523,150,29
524,150,540
525,150,522
526,150,310
527,150,310
528,150,1
529,150,62
530,150,64
531,150,86
532,150,153
533,150,153
534,150,145
535,150,69
536,150,57
537,150,44
538,150,68
539,150,76
540,150,74
541,150,72
542,150,73
543,150,89
544,150,92
545,150,92
546,150,76
547,150,64
548,150,72
549,150,73
550,150,67
551,150,116
552,150,185
553,150,169
554,150,203
555,150,175
556,150,70
557,150,177
558,150,206
559,150,130
560,150,93
561,150,93
562,150,93
563,150,95
564,150,150
565,150,169
566,150,109
567,150,59
568,150,82
569,150,103
570,150,100
571,150,86
572,150,86
573,150,114
490,151,87
491,151,87
492,151,87
493,151,80
494,151,64
495,151,64
496,151,64
497,151,116
498,151,222
499,151,222
500,151,207
501,151,118
502,151,38
503,151,45
504,151,94
505,151,54
506,151,51
507,151,56
508,151,55
509,151,41
510,151,43
511,151,45
512,151,55
513,151,72
514,151,84
515,151,111
516,151,96
517,151,86
518,151,89
519,151,75
520,151,75
521,151,61
522,151,46
523,151,34
524,151,354
525,151,393
526,151,5
527,151,5
528,151,2
529,151,57
530,151,67
531,151,132
532,151,153
533,151,153
534,151,136
535,151,69
536,151,51
537,151,44
538,151,75
539,151,76
540,151,73
541,151,72
542,151,72
543,151,81
544,151,92
545,151,92
546,151,77
547,151,64
548,151,73
549,151,73
550,151,67
551,151,164
552,151,185
553,151,185
554,151,188
555,151,144
556,151,88
557,151,67
558,151,80
559,151,71
560,151,68
561,151,77
562,151,86
563,151,88
564,151,117
565,151,169
566,151,162
567,151,68
568,151,82
569,151,100
570,151,102
571,151,93
572,151,113
573,151,138
490,152,87
491,152,87
492,152,87
493,152,86
494,152,69
495,152,64
496,152,64
497,152,80
498,152,205
499,152,142
500,152,116
501,152,65
502,152,57
503,152,75
504,152,95
505,152,61
506,152,49
507,152,55
508,152,56
509,152,45
510,152,43
511,152,45
512,152,55
513,152,71
514,152,71
515,152,67
516,152,65
517,152,65
518,152,65
519,152,60
520,152,72
521,152,53
522,152,43
523,152,40
524,152,118
525,152,7
526,152,32
527,152,39
528,152,52
529,152,100
530,152,122
531,152,153
532,152,153
533,152,153
534,152,117
535,152,69
536,152,50
537,152,53
538,152,76
539,152,75
540,152,72
541,152,72
542,152,72
543,152,82
544,152,92
545,152,92
546,152,70
547,152,64
548,152,73
549,152,72
550,152,65
551,152,172
552,152,185
553,152,185
554,152,185
555,152,115
556,152,88
557,152,70
558,152,63
559,152,62
560,152,68
561,152,79
562,152,83
563,152,84
564,152,84
565,152,113
566,152,113
567,152,150
568,152,93
569,152,114
570,152,94
571,152,87
572,152,142
573,152,165
490,153,87
491,153,82
492,153,59
493,153,63
494,153,84
495,153,72
496,153,64
497,153,64
498,153,65
499,153,65
500,153,67
501,153,70
502,153,74
503,153,75
504,153,80
505,153,61
506,153,60
507,153,57
508,153,56
509,153,42
510,153,43
511,153,45
512,153,57
513,153,72
514,153,65
515,153,61
516,153,65
517,153,65
518,153,63
519,153,47
520,153,47
521,153,36
522,153,35
523,153,44
524,153,1
525,153,14
526,153,44
527,153,52
528,153,103
529,153,107
530,153,90
531,153,81
532,153,69
533,153,82
534,153,74
535,153,63
536,153,64
537,153,66
538,153,76
539,153,74
540,153,68
541,153,44
542,153,42
543,153,82
544,153,92
545,153,91
546,153,65
547,153,64
548,153,72
549,153,72
550,153,67
551,153,177
552,153,185
553,153,185
554,153,185
555,153,111
556,153,89
557,153,89
558,153,99
559,153,81
560,153,81
561,153,81
562,153,81
563,153,84
564,153,86
565,153,86
566,153,86
567,153,193
568,153,212
569,153,184
570,153,118
571,153,81
572,153,136
573,153,268
490,154,86
491,154,45
492,154,36
493,154,36
494,154,39
495,154,43
496,154,63
497,154,65
498,154,67
499,154,70
500,154,70
501,154,71
502,154,75
503,154,75
504,154,75
505,154,75
506,154,75
507,154,62
508,154,55
509,154,41
510,154,45
511,154,47
512,154,66
513,154,72
514,154,64
515,154,68
516,154,86
517,154,108
518,154,78
519,154,46
520,154,46
521,154,36
522,154,35
523,154,51
524,154,6
525,154,18
526,154,68
527,154,74
528,154,107
529,154,107
530,154,60
531,154,29
532,154,39
533,154,49
534,154,48
535,154,57
536,154,68
537,154,43
538,154,76
539,154,72
540,154,39
541,154,26
542,154,28
543,154,83
544,154,92
545,154,92
546,154,67
547,154,65
548,154,73
549,154,72
550,154,64
551,154,174
552,154,185
553,154,185
554,154,175
555,154,99
556,154,89
557,154,90
558,154,100
559,154,86
560,154,81
561,154,81
562,154,81
563,154,85
564,154,86
565,154,84
566,154,82
567,154,214
568,154,230
569,154,183
570,154,65
571,154,118
572,154,170
573,154,663
490,155,27
491,155,36
492,155,36
493,155,36
494,155,36
495,155,47
496,155,69
497,155,70
498,155,70
499,155,70
500,155,70
501,155,73
502,155,75
503,155,75
504,155,75
505,155,75
506,155,73
507,155,65
508,155,43
509,155,48
510,155,44
511,155,46
512,155,66
513,155,68
514,155,57
515,155,74
516,155,125
517,155,125
518,155,120
519,155,70
520,155,44
521,155,35
522,155,41
523,155,54
524,155,10
525,155,16
526,155,70
527,155,71
528,155,105
529,155,107
530,155,58
531,155,29
532,155,39
533,155,49
534,155,46
535,155,62
536,155,50
537,155,27
538,155,71
539,155,52
540,155,26
541,155,26
542,155,28
543,155,88
544,155,92
545,155,87
546,155,64
547,155,68
548,155,73
549,155,70
550,155,65
551,155,180
552,155,185
553,155,185
554,155,150
555,155,89
556,155,89
557,155,93
558,155,101
559,155,99
560,155,81
561,155,81
562,155,81
563,155,74
564,155,58
565,155,77
566,155,161
567,155,286
568,155,228
569,155,138
570,155,123
571,155,100
572,155,109
573,155,598
490,156,12
491,156,36
492,156,36
493,156,36
494,156,43
495,156,69
496,156,70
497,156,70
498,156,70
499,156,70
500,156,70
501,156,72
502,156,73
503,156,75
504,156,75
505,156,71
506,156,65
507,156,65
508,156,45
509,156,61
510,156,47
511,156,56
512,156,68
513,156,62
514,156,53
515,156,70
516,156,120
517,156,117
518,156,96
519,156,67
520,156,45
521,156,35
522,156,45
523,156,54
524,156,22
525,156,36
526,156,70
527,156,70
528,156,80
529,156,96
530,156,44
531,156,45
532,156,50
533,156,49
534,156,46
535,156,65
536,156,31
537,156,26
538,156,30
539,156,26
540,156,27
541,156,28
542,156,38
543,156,71
544,156,70
545,156,70
546,156,64
547,156,71
548,156,72
549,156,65
550,156,64
551,156,131
552,156,167
553,156,185
554,156,129
555,156,89
556,156,89
557,156,92
558,156,100
559,156,101
560,156,88
561,156,81
562,156,81
563,156,51
564,156,73
565,156,105
566,156,168
567,156,304
568,156,222
569,156,138
570,156,138
571,156,70
572,156,70
573,156,92
490,157,1
491,157,30
492,157,36
493,157,36
494,157,63
495,157,70
496,157,70
497,157,70
498,157,70
499,157,70
500,157,70
501,157,70
502,157,70
503,157,72
504,157,58
505,157,65
506,157,51
507,157,56
508,157,66
509,157,70
510,157,68
511,157,72
512,157,68
513,157,66
514,157,74
515,157,124
516,157,125
517,157,87
518,157,61
519,157,61
520,157,173
521,157,140
522,157,60
523,157,54
524,157,54
525,157,55
526,157,63
527,157,66
528,157,69
529,157,61
530,157,61
531,157,61
532,157,58
533,157,50
534,157,64
535,157,56
536,157,26
537,157,24
538,157,24
539,157,24
540,157,31
541,157,29
542,157,37
543,157,35
544,157,34
545,157,53
546,157,71
547,157,73
548,157,67
549,157,64
550,157,67
551,157,72
552,157,84
553,157,141
554,157,111
555,157,80
556,157,76
557,157,86
558,157,84
559,157,95
560,157,88
561,157,81
562,157,81
563,157,58
564,157,57
565,157,121
566,157,78
567,157,249
568,157,243
569,157,138
570,157,121
571,157,56
572,157,74
573,157,68
490,158,0
491,158,37
492,158,48
493,158,51
494,158,86
495,158,84
496,158,69
497,158,70
498,158,70
499,158,69
500,158,70
501,158,70
502,158,64
503,158,45
504,158,41
505,158,50
506,158,34
507,158,45
508,158,68
509,158,72
510,158,72
511,158,69
512,158,45
513,158,46
514,158,71
515,158,125
516,158,124
517,158,66
518,158,61
519,158,93
520,158,197
521,158,197
522,158,133
523,158,54
524,158,54
525,158,54
526,158,54
527,158,46
528,158,50
529,158,61
530,158,61
531,158,61
532,158,61
533,158,62
534,158,73
535,158,73
536,158,52
537,158,24
538,158,24
539,158,24
540,158,33
541,158,33
542,158,33
543,158,34
544,158,34
545,158,68
546,158,76
547,158,72
548,158,64
549,158,65
550,158,71
551,158,72
552,158,72
553,158,69
554,158,58
555,158,58
556,158,58
557,158,85
558,158,81
559,158,81
560,158,81
561,158,81
562,158,81
563,158,70
564,158,54
565,158,67
566,158,85
567,158,93
568,158,52
569,158,97
570,158,106
571,158,60
572,158,74
573,158,72
490,159,2
491,159,52
492,159,52
493,159,52
494,159,78
495,159,88
496,159,65
497,159,67
498,159,67
499,159,65
500,159,66
501,159,69
502,159,43
503,159,41
504,159,41
505,159,36
506,159,31
507,159,28
508,159,61
509,159,74
510,159,72
511,159,72
512,159,58
513,159,43
514,159,42
515,159,69
516,159,105
517,159,60
518,159,69
519,159,149
520,159,197
521,159,197
522,159,179
523,159,64
524,159,54
525,159,54
526,159,53
527,159,42
528,159,49
529,159,72
530,159,61
531,159,61
532,159,61
533,159,67
534,159,65
535,159,66
536,159,48
537,159,23
538,159,24
539,159,24
540,159,33
541,159,34
542,159,38
543,159,40
544,159,34
545,159,69
546,159,76
547,159,77
548,159,75
549,159,53
550,159,63
551,159,59
552,159,72
553,159,72
554,159,57
555,159,56
556,159,59
557,159,88
558,159,83
559,159,81
560,159,81
561,159,81
562,159,81
563,159,65
564,159,58
565,159,54
566,159,65
567,159,57
568,159,42
569,159,96
570,159,122
571,159,71
572,159,74
573,159,71
490,160,21
491,160,52
492,160,52
493,160,52
494,160,56
495,160,62
496,160,60
497,160,65
498,160,64
499,160,64
500,160,65
501,160,86
502,160,97
503,160,72
504,160,69
505,160,72
506,160,79
507,160,70
508,160,93
509,160,89
510,160,72
511,160,72
512,160,72
513,160,66
514,160,49
515,160,42
516,160,42
517,160,50
518,160,147
519,160,197
520,160,197
521,160,197
522,160,178
523,160,142
524,160,46
525,160,54
526,160,51
527,160,42
528,160,132
529,160,152
530,160,86
531,160,61
532,160,51
533,160,34
534,160,30
535,160,210
536,160,19
537,160,19
538,160,23
539,160,25
540,160,34
541,160,34
542,160,54
543,160,61
544,160,34
545,160,44
546,160,66
547,160,73
548,160,76
549,160,50
550,160,45
551,160,48
552,160,58
553,160,52
554,160,45
555,160,51
556,160,80
557,160,78
558,160,69
559,160,74
560,160,71
561,160,72
562,160,71
563,160,61
564,160,61
565,160,59
566,160,64
567,160,62
568,160,61
569,160,73
570,160,112
571,160,99
572,160,73
573,160,71
490,161,69
491,161,81
492,161,72
493,161,61
494,161,52
495,161,52
496,161,52
497,161,54
498,161,53
499,161,55
500,161,61
501,161,82
502,161,122
503,161,117
504,161,96
505,161,83
506,161,80
507,161,82
508,161,93
509,161,89
510,161,72
511,161,72
512,161,72
513,161,78
514,161,146
515,161,80
516,161,46
517,161,43
518,161,158
519,161,197
520,161,197
521,161,190
522,161,171
523,161,65
524,161,86
525,161,78
526,161,77
527,161,58
528,161,153
529,161,121
530,161,114
531,161,118
532,161,37
533,161,30
534,161,44
535,161,347
536,161,198
537,161,24
538,161,33
539,161,43
540,161,41
541,161,59
542,161,61
543,161,66
544,161,41
545,161,34
546,161,62
547,161,66
548,161,76
549,161,58
550,161,45
551,161,45
552,161,45
553,161,45
554,161,45
555,161,45
556,161,46
557,161,42
558,161,51
559,161,55
560,161,55
561,161,55
562,161,55
563,161,53
564,161,54
565,161,55
566,161,62
567,161,61
568,161,61
569,161,61
570,161,61
571,161,58
572,161,51
573,161,54
490,162,83
491,162,83
492,162,83
493,162,83
494,162,80
495,162,55
496,162,52
497,162,52
498,162,52
499,162,52
500,162,52
501,162,116
502,162,122
503,162,122
504,162,122
505,162,117
506,162,121
507,162,107
508,162,93
509,162,93
510,162,78
511,162,79
512,162,18
513,162,8
514,162,265
515,162,304
516,162,146
517,162,31
518,162,77
519,162,195
520,162,194
521,162,174
522,162,137
523,162,26
524,162,141
525,162,161
526,162,177
527,162,177
528,162,88
529,162,113
530,162,115
531,162,357
532,162,126
533,162,30
534,162,201
535,162,343
536,162,85
537,162,38
538,162,38
539,162,55
540,162,71
541,162,103
542,162,88
543,162,67
544,162,61
545,162,36
546,162,59
547,162,68
548,162,74
549,162,51
550,162,45
551,162,45
552,162,45
553,162,47
554,162,69
555,162,59
556,162,42
557,162,42
558,162,50
559,162,55
560,162,55
561,162,55
562,162,55
563,162,50
564,162,47
565,162,43
566,162,59
567,162,61
568,162,61
569,162,61
570,162,61
571,162,49
572,162,49
573,162,49
490,163,83
491,163,83
492,163,83
493,163,83
494,163,83
495,163,57
496,163,52
497,163,52
498,163,52
499,163,62
500,163,82
501,163,122
502,163,122
503,163,122
504,163,122
505,163,122
506,163,168
507,163,189
508,163,120
509,163,93
510,163,93
511,163,81
512,163,1
513,163,105
514,163,175
515,163,380
516,163,278
517,163,19
518,163,41
519,163,140
520,163,176
521,163,171
522,163,60
523,163,54
524,163,151
525,163,164
526,163,175
527,163,189
528,163,69
529,163,85
530,163,122
531,163,410
532,163,391
533,163,262
534,163,69
535,163,38
536,163,38
537,163,38
538,163,44
539,163,57
540,163,59
541,163,102
542,163,105
543,163,101
544,163,99
545,163,90
546,163,64
547,163,64
548,163,64
549,163,50
550,163,44
551,163,40
552,163,40
553,163,86
554,163,92
555,163,58
556,163,48
557,163,42
558,163,44
559,163,55
560,163,55
561,163,42
562,163,42
563,163,49
564,163,50
565,163,46
566,163,46
567,163,59
568,163,60
569,163,58
570,163,54
571,163,42
572,163,43
573,163,73
490,164,69
491,164,82
492,164,83
493,164,83
494,164,79
495,164,52
496,164,52
497,164,52
498,164,65
499,164,100
500,164,122
501,164,122
502,164,122
503,164,122
504,164,122
505,164,122
506,164,149
507,164,189
508,164,133
509,164,93
510,164,93
511,164,93
512,164,58
513,164,0
514,164,77
515,164,380
516,164,288
517,164,67
518,164,78
519,164,98
520,164,158
521,164,137
522,164,22
523,164,102
524,164,153
525,164,167
526,164,174
527,164,189
528,164,76
529,164,99
530,164,172
531,164,422
532,164,422
533,164,419
534,164,297
535,164,90
536,164,38
537,164,41
538,164,56
539,164,57
540,164,65
541,164,97
542,164,108
543,164,122
544,164,110
545,164,99
546,164,64
547,164,64
548,164,64
549,164,53
550,164,13
551,164,9
552,164,11
553,164,86
554,164,92
555,164,75
556,164,64
557,164,48
558,164,42
559,164,55
560,164,55
561,164,33
562,164,30
563,164,50
564,164,50
565,164,50
566,164,40
567,164,50
568,164,56
569,164,56
570,164,55
571,164,43
572,164,48
573,164,262
490,165,51
491,165,55
492,165,73
493,165,83
494,165,76
495,165,52
496,165,52
497,165,69
498,165,128
499,165,122
500,165,122
501,165,122
502,165,122
503,165,122
504,165,122
505,165,122
506,165,128
507,165,177
508,165,135
509,165,93
510,165,93
511,165,93
512,165,93
513,165,4
514,165,239
515,165,380
516,165,306
517,165,109
518,165,312
519,165,99
520,165,102
521,165,58
522,165,54
523,165,149
524,165,159
525,165,167
526,165,178
527,165,189
528,165,65
529,165,114
530,165,246
531,165,422
532,165,422
533,165,422
534,165,422
535,165,329
536,165,38
537,165,46
538,165,57
539,165,62
540,165,86
541,165,161
542,165,205
543,165,89
544,165,63
545,165,88
546,165,63
547,165,63
548,165,63
549,165,62
550,165,13
551,165,23
552,165,36
553,165,89
554,165,92
555,165,69
556,165,64
557,165,63
558,165,55
559,165,55
560,165,53
561,165,47
562,165,40
563,165,50
564,165,50
565,165,50
566,165,38
567,165,37
568,165,54
569,165,54
570,165,51
571,165,154
572,165,491
573,165,610
490,166,51
491,166,52
492,166,97
493,166,116
494,166,107
495,166,66
496,166,77
497,166,127
498,166,140
499,166,136
500,166,126
501,166,122
502,166,122
503,166,122
504,166,122
505,166,121
506,166,120
507,166,162
508,166,141
509,166,117
510,166,93
511,166,93
512,166,93
513,166,30
514,166,292
515,166,380
516,166,292
517,166,215
518,166,476
519,166,326
520,166,101
521,166,47
522,166,71
523,166,129
524,166,145
525,166,163
526,166,180
527,166,172
528,166,69
529,166,115
530,166,323
531,166,422
532,166,422
533,166,422
534,166,422
535,166,421
536,166,111
537,166,54
538,166,61
539,166,77
540,166,88
541,166,205
542,166,229
543,166,122
544,166,63
545,166,63
546,166,63
547,166,66
548,166,82
549,166,104
550,166,75
551,166,92
552,166,92
553,166,86
554,166,77
555,166,66
556,166,64
557,166,63
558,166,58
559,166,57
560,166,48
561,166,49
562,166,51
563,166,50
564,166,50
565,166,45
566,166,35
567,166,35
568,166,45
569,166,51
570,166,52
571,166,293
572,166,589
573,166,610
490,167,51
491,167,75
492,167,117
493,167,117
494,167,117
495,167,121
496,167,139
497,167,140
498,167,140
499,167,140
500,167,131
501,167,121
502,167,122
503,167,121
504,167,122
505,167,118
506,167,74
507,167,153
508,167,160
509,167,167
510,167,100
511,167,93
512,167,48
513,167,319
514,167,89
515,167,321
516,167,318
517,167,388
518,167,486
519,167,486
520,167,417
521,167,223
522,167,191
523,167,169
524,167,111
525,167,111
526,167,125
527,167,297
528,167,360
529,167,318
530,167,404
531,167,422
532,167,422
533,167,422
534,167,422
535,167,399
536,167,156
537,167,102
538,167,101
539,167,93
540,167,117
541,167,229
542,167,229
543,167,209
544,167,121
545,167,68
546,167,80
547,167,120
548,167,127
549,167,127
550,167,101
551,167,90
552,167,75
553,167,64
554,167,64
555,167,64
556,167,63
557,167,63
558,167,60
559,167,57
560,167,47
561,167,47
562,167,50
563,167,49
564,167,45
565,167,48
566,167,56
567,167,59
568,167,55
569,167,52
570,167,51
571,167,40
572,167,126
573,167,457
490,168,58
491,168,113
492,168,117
493,168,117
494,168,117
495,168,117
496,168,126
497,168,140
498,168,140
499,168,140
500,168,138
501,168,104
502,168,97
503,168,99
504,168,120
505,168,117
506,168,88
507,168,99
508,168,180
509,168,182
510,168,161
511,168,97
512,168,14
513,168,140
514,168,18
515,168,222
516,168,325
517,168,364
518,168,486
519,168,486
520,168,486
521,168,486
522,168,317
523,168,285
524,168,228
525,168,155
526,168,301
527,168,379
528,168,379
529,168,379
530,168,409
531,168,422
532,168,422
533,168,422
534,168,379
535,168,149
536,168,105
537,168,105
538,168,105
539,168,109
540,168,198
541,168,229
542,168,229
543,168,216
544,168,158
545,168,99
546,168,94
547,168,96
548,168,102
549,168,127
550,168,91
551,168,74
552,168,69
553,168,65
554,168,69
555,168,67
556,168,63
557,168,63
558,168,63
559,168,58
560,168,48
561,168,53
562,168,96
563,168,68
564,168,63
565,168,61
566,168,61
567,168,61
568,168,61
569,168,58
570,168,41
571,168,1
572,168,391
573,168,287
490,169,54
491,169,109
492,169,117
493,169,117
494,169,88
495,169,88
496,169,91
497,169,136
498,169,140
499,169,140
500,169,140
501,169,119
502,169,92
503,169,112
504,169,207
505,169,117
506,169,78
507,169,46
508,169,151
509,169,177
510,169,182
511,169,181
512,169,237
513,169,261
514,169,287
515,169,341
516,169,326
517,169,365
518,169,486
519,169,486
520,169,486
521,169,464
522,169,243
523,169,229
524,169,262
525,169,286
526,169,360
527,169,379
528,169,379
529,169,401
530,169,425
531,169,422
532,169,422
533,169,422
534,169,102
535,169,36
536,169,105
537,169,105
538,169,105
539,169,195
540,169,229
541,169,229
542,169,227
543,169,172
544,169,160
545,169,93
546,169,100
547,169,84
548,169,84
549,169,117
550,169,104
551,169,76
552,169,76
553,169,76
554,169,76
555,169,76
556,169,67
557,169,70
558,169,71
559,169,64
560,169,63
561,169,67
562,169,144
563,169,210
564,169,210
565,169,140
566,169,61
567,169,62
568,169,62
569,169,62
570,169,77
571,169,73
572,169,11
573,169,18
490,170,51
491,170,68
492,170,113
493,170,71
494,170,53
495,170,85
496,170,88
497,170,132
498,170,140
499,170,140
500,170,140
501,170,128
502,170,124
503,170,189
504,170,315
505,170,226
506,170,86
507,170,66
508,170,79
509,170,128
510,170,180
511,170,145
512,170,249
513,170,341
514,170,341
515,170,311
516,170,265
517,170,256
518,170,411
519,170,486
520,170,486
521,170,396
522,170,196
523,170,196
524,170,196
525,170,203
526,170,296
527,170,397
528,170,405
529,170,461
530,170,452
531,170,425
532,170,605
533,170,1803
534,170,11
535,170,56
536,170,105
537,170,144
538,170,421
539,170,350
540,170,229
541,170,229
542,170,211
543,170,162
544,170,162
545,170,153
546,170,141
547,170,104
548,170,86
549,170,164
550,170,171
551,170,99
552,170,88
553,170,78
554,170,76
555,170,76
556,170,77
557,170,77
558,170,79
559,170,70
560,170,67
561,170,67
562,170,167
563,170,210
564,170,208
565,170,127
566,170,63
567,170,64
568,170,64
569,170,64
570,170,65
571,170,103
572,170,123
573,170,115
490,171,51
491,171,52
492,171,56
493,171,51
494,171,52
495,171,85
496,171,88
497,171,121
498,171,140
499,171,140
500,171,140
501,171,138
502,171,127
503,171,255
504,171,270
505,171,255
506,171,90
507,171,86
508,171,101
509,171,138
510,171,131
511,171,119
512,171,233
513,171,340
514,171,307
515,171,267
516,171,209
517,171,39
518,171,2
519,171,103
520,171,257
521,171,379
522,171,196
523,171,196
524,171,196
525,171,196
526,171,434
527,171,552
528,171,549
529,171,539
530,171,532
531,171,4868
532,171,6905
533,171,3366
534,171,380
535,171,512
536,171,431
537,171,475
538,171,556
539,171,528
540,171,312
541,171,255
542,171,64
543,171,148
544,171,157
545,171,140
546,171,136
547,171,113
548,171,86
549,171,150
550,171,237
551,171,126
552,171,125
553,171,118
554,171,85
555,171,77
556,171,77
557,171,79
558,171,80
559,171,74
560,171,67
561,171,67
562,171,190
563,171,258
564,171,1161
565,171,507
566,171,49
567,171,51
568,171,63
569,171,64
570,171,62
571,171,58
572,171,67
573,171,100
490,172,51
491,172,51
492,172,51
493,172,188
494,172,154
495,172,85
496,172,88
497,172,90
498,172,118
499,172,140
500,172,117
501,172,98
502,172,148
503,172,312
504,172,98
505,172,121
506,172,100
507,172,106
508,172,131
509,172,142
510,172,132
511,172,122
512,172,122
513,172,239
514,172,486
515,172,585
516,172,48
517,172,112
518,172,131
519,172,45
520,172,0
521,172,313
522,172,410
523,172,328
524,172,395
525,172,303
526,172,800
527,172,763
528,172,742
529,172,753
530,172,742
531,172,6133
532,172,5956
533,172,2223
534,172,1446
535,172,556
536,172,556
537,172,556
538,172,556
539,172,555
540,172,414
541,172,113
542,172,83
543,172,158
544,172,142
545,172,153
546,172,157
547,172,148
548,172,126
549,172,117
550,172,249
551,172,284
552,172,230
553,172,205
554,172,143
555,172,119
556,172,79
557,172,77
558,172,82
559,172,103
560,172,101
561,172,114
562,172,206
563,172,275
564,172,2245
565,172,1447
566,172,46
567,172,45
568,172,48
569,172,64
570,172,62
571,172,58
572,172,58
573,172,47
490,173,51
491,173,51
492,173,51
493,173,424
494,173,744
495,173,343
496,173,178
497,173,88
498,173,88
499,173,101
500,173,89
501,173,89
502,173,233
503,173,285
504,173,99
505,173,94
506,173,94
507,173,112
508,173,128
509,173,140
510,173,142
511,173,138
512,173,397
513,173,597
514,173,610
515,173,608
516,173,534
517,173,384
518,173,508
519,173,268
520,173,301
521,173,410
522,173,518
523,173,690
524,173,810
525,173,810
526,173,810
527,173,731
528,173,771
529,173,2318
530,173,2642
531,173,5411
532,173,1791
533,173,2223
534,173,1744
535,173,557
536,173,556
537,173,556
538,173,556
539,173,466
540,173,323
541,173,93
542,173,157
543,173,158
544,173,163
545,173,186
546,173,188
547,173,188
548,173,188
549,173,188
550,173,201
551,173,306
552,173,315
553,173,315
554,173,312
555,173,291
556,173,158
557,173,80
558,173,124
559,173,172
560,173,172
561,173,187
562,173,210
563,173,916
564,173,2322
565,173,2304
566,173,114
567,173,45
568,173,46
569,173,64
570,173,61
571,173,58
572,173,58
573,173,30
490,174,51
491,174,60
492,174,86
493,174,323
494,174,638
495,174,755
496,174,655
497,174,117
498,174,88
499,174,88
500,174,89
501,174,113
502,174,167
503,174,108
504,174,94
505,174,94
506,174,94
507,174,101
508,174,117
509,174,129
510,174,135
511,174,310
512,174,528
513,174,562
514,174,563
515,174,531
516,174,560
517,174,956
518,174,1416
519,174,339
520,174,339
521,174,500
522,174,518
523,174,539
524,174,780
525,174,810
526,174,779
527,174,683
528,174,1242
529,174,2646
530,174,6137
531,174,6985
532,174,4019
533,174,2223
534,174,2216
535,174,1998
536,174,644
537,174,556
538,174,549
539,174,404
540,174,243
541,174,158
542,174,158
543,174,158
544,174,158
545,174,184
546,174,188
547,174,188
548,174,188
549,174,189
550,174,196
551,174,217
552,174,279
553,174,314
554,174,315
555,174,182
556,174,80
557,174,80
558,174,124
559,174,172
560,174,172
561,174,200
562,174,198
563,174,635
564,174,1740
565,174,2058
566,174,700
567,174,44
568,174,49
569,174,64
570,174,59
571,174,58
572,174,49
573,174,27
490,175,98
491,175,102
492,175,104
493,175,310
494,175,532
495,175,637
496,175,734
497,175,741
498,175,337
499,175,112
500,175,117
501,175,159
502,175,142
503,175,94
504,175,95
505,175,100
506,175,107
507,175,107
508,175,108
509,175,125
510,175,151
511,175,283
512,175,347
513,175,425
514,175,452
515,175,520
516,175,782
517,175,1515
518,175,1371
519,175,339
520,175,339
521,175,458
522,175,466
523,175,531
524,175,917
525,175,1048
526,175,730
527,175,681
528,175,1638
529,175,2665
530,175,6680
531,175,6985
532,175,5462
533,175,2223
534,175,2223
535,175,2307
536,175,2070
537,175,910
538,175,465
539,175,312
540,175,233
541,175,164
542,175,159
543,175,158
544,175,163
545,175,185
546,175,178
547,175,180
548,175,188
549,175,200
550,175,225
551,175,225
552,175,225
553,175,293
554,175,315
555,175,149
556,175,80
557,175,79
558,175,118
559,175,170
560,175,185
561,175,200
562,175,64
563,175,35
564,175,29
565,175,44
566,175,41
567,175,23
568,175,28
569,175,46
570,175,57
571,175,41
572,175,27
573,175,27
490,176,104
491,176,104
492,176,104
493,176,324
494,176,531
495,176,531
496,176,645
497,176,736
498,176,575
499,176,137
500,176,128
501,176,160
502,176,151
503,176,97
504,176,102
505,176,108
506,176,108
507,176,108
508,176,120
509,176,130
510,176,227
511,176,287
512,176,287
513,176,287
514,176,287
515,176,458
516,176,536
517,176,1207
518,176,1203
519,176,422
520,176,891
521,176,366
522,176,324
523,176,804
524,176,1218
525,176,1218
526,176,1279
527,176,681
528,176,722
529,176,2148
530,176,6766
531,176,5815
532,176,4037
533,176,2223
534,176,2223
535,176,2646
536,176,2918
537,176,2844
538,176,1450
539,176,1429
540,176,679
541,176,243
542,176,508
543,176,480
544,176,181
545,176,160
546,176,152
547,176,166
548,176,171
549,176,170
550,176,212
551,176,224
552,176,225
553,176,262
554,176,315
555,176,200
556,176,73
557,176,65
558,176,64
559,176,102
560,176,177
561,176,203
562,176,87
563,176,36
564,176,29
565,176,43
566,176,40
567,176,22
568,176,22
569,176,23
570,176,40
571,176,27
572,176,27
573,176,27
490,177,104
491,177,104
492,177,76
493,177,20
494,177,286
495,177,774
496,177,970
497,177,632
498,177,176
499,177,137
500,177,117
501,177,154
502,177,106
503,177,91
504,177,89
505,177,108
506,177,108
507,177,111
508,177,141
509,177,131
510,177,156
511,177,287
512,177,287
513,177,287
514,177,309
515,177,475
516,177,622
517,177,1269
518,177,723
519,177,975
520,177,1297
521,177,626
522,177,306
523,177,981
524,177,1218
525,177,1630
526,177,9647
527,177,5817
528,177,3074
529,177,3480
530,177,6930
531,177,9446
532,177,8520
533,177,2421
534,177,2223
535,177,2694
536,177,3150
537,177,5527
538,177,3598
539,177,3598
540,177,3154
541,177,522
542,177,1407
543,177,1725
544,177,186
545,177,184
546,177,178
547,177,138
548,177,110
549,177,110
550,177,110
551,177,126
552,177,168
553,177,237
554,177,299
555,177,142
556,177,64
557,177,64
558,177,64
559,177,63
560,177,208
561,177,222
562,177,121
563,177,39
564,177,29
565,177,41
566,177,43
567,177,23
568,177,22
569,177,22
570,177,26
571,177,27
572,177,27
573,177,27
490,178,104
491,178,89
492,178,47
493,178,35
494,178,144
495,178,1058
496,178,798
497,178,283
498,178,178
499,178,153
500,178,111
501,178,118
502,178,87
503,178,74
504,178,85
505,178,208
506,178,198
507,178,175
508,178,143
509,178,138
510,178,121
511,178,187
512,178,133
513,178,109
514,178,295
515,178,400
516,178,1224
517,178,686
518,178,557
519,178,789
520,178,926
521,178,1173
522,178,1183
523,178,1378
524,178,1454
525,178,2905
526,178,4052
527,178,11009
528,178,13930
529,178,11269
530,178,7317
531,178,12370
532,178,19659
533,178,16888
534,178,9198
535,178,3345
536,178,3815
537,178,5169
538,178,3536
539,178,3598
540,178,2601
541,178,556
542,178,2882
543,178,2965
544,178,186
545,178,186
546,178,186
547,178,136
548,178,110
549,178,110
550,178,110
551,178,93
552,178,71
553,178,135
554,178,97
555,178,64
556,178,64
557,178,64
558,178,64
559,178,66
560,178,218
561,178,222
562,178,104
563,178,41
564,178,29
565,178,40
566,178,42
567,178,23
568,178,22
569,178,22
570,178,24
571,178,27
572,178,27
573,178,27
490,179,102
491,179,77
492,179,44
493,179,61
494,179,85
495,179,318
496,179,238
497,179,251
498,179,255
499,179,149
500,179,116
501,179,116
502,179,91
503,179,74
504,179,74
505,179,236
506,179,293
507,179,365
508,179,144
509,179,261
510,179,237
511,179,40
512,179,279
513,179,279
514,179,1
515,179,232
516,179,501
517,179,553
518,179,553
519,179,445
520,179,288
521,179,913
522,179,1405
523,179,1419
524,179,2773
525,179,3541
526,179,6014
527,179,8626
528,179,15561
529,179,10202
530,179,7466
531,179,30356
532,179,29127
533,179,17690
534,179,11150
535,179,3737
536,179,3709
537,179,3515
538,179,3542
539,179,3513
540,179,1612
541,179,1434
542,179,3281
543,179,3511
544,179,621
545,179,186
546,179,186
547,179,132
548,179,110
549,179,110
550,179,110
551,179,62
552,179,41
553,179,47
554,179,67
555,179,68
556,179,68
557,179,66
558,179,64
559,179,62
560,179,73
561,179,189
562,179,70
563,179,72
564,179,50
565,179,37
566,179,33
567,179,21
568,179,21
569,179,22
570,179,22
571,179,26
572,179,27
573,179,27
490,180,97
491,180,72
492,180,79
493,180,89
494,180,89
495,180,122
496,180,143
497,180,143
498,180,255
499,180,137
500,180,116
501,180,106
502,180,79
503,180,74
504,180,76
505,180,432
506,180,458
507,180,471
508,180,256
509,180,326
510,180,326
511,180,234
512,180,5
513,180,279
514,180,70
515,180,336
516,180,546
517,180,553
518,180,553
519,180,306
520,180,286
521,180,564
522,180,1405
523,180,1584
524,180,3044
525,180,4531
526,180,8005
527,180,13683
528,180,15659
529,180,42804
530,180,23218
531,180,25710
532,180,27005
533,180,23665
534,180,33026
535,180,15119
536,180,7951
537,180,4324
538,180,3487
539,180,2054
540,180,625
541,180,625
542,180,812
543,180,1427
544,180,2947
545,180,186
546,180,186
547,180,131
548,180,110
549,180,110
550,180,106
551,180,61
552,180,54
553,180,41
554,180,45
555,180,64
556,180,68
557,180,68
558,180,67
559,180,61
560,180,60
561,180,87
562,180,84
563,180,84
564,180,84
565,180,41
566,180,21
567,180,21
568,180,21
569,180,22
570,180,24
571,180,24
572,180,25
573,180,25
490,181,100
491,181,82
492,181,75
493,181,89
494,181,89
495,181,116
496,181,132
497,181,111
498,181,112
499,181,74
500,181,114
501,181,103
502,181,74
503,181,74
504,181,141
505,181,421
506,181,469
507,181,471
508,181,356
509,181,326
510,181,326
511,181,326
512,181,148
513,181,20
514,181,176
515,181,381
516,181,553
517,181,553
518,181,553
519,181,319
520,181,286
521,181,840
522,181,1405
523,181,2581
524,181,3332
525,181,5029
526,181,5859
527,181,19140
528,181,22426
529,181,25555
530,181,18624
531,181,54359
532,181,47126
533,181,50828
534,181,31904
535,181,5002
536,181,10866
537,181,5787
538,181,2097
539,181,870
540,181,625
541,181,605
542,181,198
543,181,334
544,181,2306
545,181,1806
546,181,176
547,181,140
548,181,101
549,181,88
550,181,86
551,181,64
552,181,57
553,181,49
554,181,46
555,181,58
556,181,68
557,181,69
558,181,75
559,181,70
560,181,79
561,181,66
562,181,84
563,181,84
564,181,84
565,181,73
566,181,34
567,181,24
568,181,22
569,181,24
570,181,24
571,181,24
572,181,23
573,181,23
490,182,107
491,182,55
492,182,74
493,182,85
494,182,89
495,182,113
496,182,128
497,182,108
498,182,93
499,182,155
500,182,99
501,182,102
502,182,74
503,182,74
504,182,168
505,182,429
506,182,466
507,182,471
508,182,346
509,182,326
510,182,302
511,182,259
512,182,157
513,182,62
514,182,102
515,182,253
516,182,359
517,182,460
518,182,447
519,182,207
520,182,267
521,182,587
522,182,1235
523,182,2470
524,182,8252
525,182,4547
526,182,17411
527,182,23207
528,182,19449
529,182,11053
530,182,17290
531,182,39016
532,182,48335
533,182,32704
534,182,22378
535,182,9792
536,182,3006
537,182,2408
538,182,1034
539,182,625
540,182,625
541,182,481
542,182,152
543,182,157
544,182,171
545,182,227
546,182,171
547,182,171
548,182,105
549,182,86
550,182,86
551,182,84
552,182,63
553,182,57
554,182,57
555,182,61
556,182,76
557,182,69
558,182,83
559,182,83
560,182,83
561,182,82
562,182,84
563,182,84
564,182,84
565,182,61
566,182,53
567,182,51
568,182,26
569,182,24
570,182,22
571,182,18
572,182,17
573,182,24
490,183,125
491,183,64
492,183,81
493,183,76
494,183,89
495,183,107
496,183,130
497,183,108
498,183,101
499,183,155
500,183,123
501,183,97
502,183,74
503,183,74
504,183,238
505,183,454
506,183,471
507,183,471
508,183,409
509,183,229
510,183,74
511,183,72
512,183,72
513,183,72
514,183,71
515,183,71
516,183,23
517,183,66
518,183,128
519,183,54
520,183,163
521,183,174
522,183,162
523,183,162
524,183,537
525,183,3405
526,183,17020
527,183,17502
528,183,13420
529,183,11997
530,183,12768
531,183,9712
532,183,18010
533,183,28657
534,183,21025
535,183,18210
536,183,6464
537,183,1569
538,183,627
539,183,625
540,183,625
541,183,359
542,183,152
543,183,157
544,183,171
545,183,171
546,183,171
547,183,171
548,183,108
549,183,86
550,183,86
551,183,86
552,183,85
553,183,65
554,183,57
555,183,57
556,183,80
557,183,55
558,183,71
559,183,83
560,183,83
561,183,83
562,183,83
563,183,84
564,183,83
565,183,54
566,183,53
567,183,51
568,183,25
569,183,22
570,183,17
571,183,21
572,183,32
573,183,24
490,184,130
491,184,81
492,184,86
493,184,73
494,184,87
495,184,101
496,184,136
497,184,108
498,184,108
499,184,125
500,184,124
501,184,93
502,184,74
503,184,75
504,184,131
505,184,254
506,184,471
507,184,471
508,184,295
509,184,72
510,184,56
511,184,63
512,184,72
513,184,72
514,184,71
515,184,71
516,184,59
517,184,91
518,184,116
519,184,120
520,184,161
521,184,162
522,184,162
523,184,162
524,184,411
525,184,1048
526,184,1073
527,184,2324
528,184,11796
529,184,11688
530,184,4268
531,184,4097
532,184,3969
533,184,3579
534,184,3298
535,184,2830
536,184,2665
537,184,1638
538,184,614
539,184,625
540,184,625
541,184,197
542,184,110
543,184,130
544,184,171
545,184,171
546,184,171
547,184,166
548,184,92
549,184,86
550,184,86
551,184,86
552,184,86
553,184,78
554,184,57
555,184,64
556,184,81
557,184,48
558,184,46
559,184,63
560,184,76
561,184,74
562,184,39
563,184,67
564,184,82
565,184,67
566,184,53
567,184,53
568,184,36
569,184,20
570,184,17
571,184,35
572,184,38
573,184,32
490,185,115
491,185,76
492,185,77
493,185,74
494,185,72
495,185,95
496,185,132
497,185,108
498,185,100
499,185,67
500,185,59
501,185,101
502,185,78
503,185,81
504,185,81
505,185,305
506,185,422
507,185,231
508,185,114
509,185,62
510,185,54
511,185,54
512,185,79
513,185,97
514,185,74
515,185,93
516,185,111
517,185,116
518,185,116
519,185,116
520,185,154
521,185,162
522,185,162
523,185,166
524,185,684
525,185,1073
526,185,1073
527,185,3559
528,185,11997
529,185,7191
530,185,4097
531,185,4097
532,185,3612
533,185,2942
534,185,2830
535,185,2830
536,185,2830
537,185,1691
538,185,469
539,185,528
540,185,595
541,185,257
542,185,68
543,185,112
544,185,171
545,185,171
546,185,171
547,185,146
548,185,86
549,185,86
550,185,86
551,185,86
552,185,86
553,185,85
554,185,82
555,185,84
556,185,73
557,185,38
558,185,39
559,185,47
560,185,47
561,185,44
562,185,37
563,185,37
564,185,46
565,185,61
566,185,52
567,185,44
568,185,29
569,185,20
570,185,28
571,185,37
572,185,35
573,185,31
490,186,95
491,186,79
492,186,49
493,186,84
494,186,81
495,186,89
496,186,54
497,186,60
498,186,43
499,186,46
500,186,48
501,186,102
502,186,81
503,186,81
504,186,82
505,186,255
506,186,108
507,186,72
508,186,64
509,186,56
510,186,54
511,186,54
512,186,102
513,186,114
514,186,106
515,186,116
516,186,116
517,186,116
518,186,116
519,186,98
520,186,108
521,186,160
522,186,159
523,186,111
524,186,99
525,186,702
526,186,1537
527,186,9205
528,186,11817
529,186,4131
530,186,4097
531,186,3901
532,186,2838
533,186,2291
534,186,2830
535,186,2392
536,186,1569
537,186,424
538,186,326
539,186,322
540,186,237
541,186,191
542,186,103
543,186,169
544,186,171
545,186,171
546,186,171
547,186,126
548,186,86
549,186,88
550,186,86
551,186,86
552,186,86
553,186,86
554,186,86
555,186,84
556,186,69
557,186,36
558,186,38
559,186,48
560,186,48
561,186,41
562,186,32
563,186,35
564,186,37
565,186,29
566,186,35
567,186,40
568,186,40
569,186,33
570,186,36
571,186,28
572,186,29
573,186,42
490,187,144
491,187,125
492,187,67
493,187,79
494,187,89
495,187,91
496,187,20
497,187,37
498,187,68
499,187,46
500,187,57
501,187,86
502,187,81
503,187,81
504,187,82
505,187,83
506,187,83
507,187,71
508,187,54
509,187,54
510,187,54
511,187,60
512,187,85
513,187,100
514,187,116
515,187,116
516,187,116
517,187,116
518,187,116
519,187,96
520,187,74
521,187,107
522,187,114
523,187,99
524,187,99
525,187,132
526,187,1933
527,187,6642
528,187,4997
529,187,2782
530,187,3044
531,187,858
532,187,1825
533,187,2567
534,187,2528
535,187,469
536,187,296
537,187,308
538,187,325
539,187,326
540,187,240
541,187,221
542,187,177
543,187,171
544,187,171
545,187,171
546,187,171
547,187,134
548,187,95
549,187,162
550,187,157
551,187,111
552,187,86
553,187,86
554,187,86
555,187,85
556,187,77
557,187,36
558,187,43
559,187,48
560,187,45
561,187,38
562,187,20
563,187,52
564,187,31
565,187,22
566,187,35
567,187,40
568,187,29
569,187,27
570,187,31
571,187,27
572,187,29
573,187,43
490,188,144
491,188,144
492,188,134
493,188,104
494,188,95
495,188,95
496,188,46
497,188,27
498,188,132
499,188,77
500,188,74
501,188,74
502,188,81
503,188,81
504,188,82
505,188,83
506,188,83
507,188,66
508,188,54
509,188,54
510,188,54
511,188,69
512,188,85
513,188,87
514,188,103
515,188,115
516,188,116
517,188,116
518,188,116
519,188,82
520,188,74
521,188,95
522,188,99
523,188,99
524,188,99
525,188,161
526,188,285
527,188,453
528,188,500
529,188,500
530,188,500
531,188,491
532,188,470
533,188,605
534,188,552
535,188,261
536,188,261
537,188,276
538,188,297
539,188,308
540,188,228
541,188,195
542,188,171
543,188,171
544,188,171
545,188,171
546,188,171
547,188,150
548,188,119
549,188,181
550,188,181
551,188,169
552,188,142
553,188,89
554,188,86
555,188,86
556,188,84
557,188,40
558,188,45
559,188,48
560,188,39
561,188,38
562,188,17
563,188,68
564,188,40
565,188,21
566,188,26
567,188,35
568,188,24
569,188,15
570,188,27
571,188,23
572,188,29
573,188,43
490,189,145
491,189,144
492,189,129
493,189,95
494,189,95
495,189,95
496,189,88
497,189,54
498,189,72
499,189,77
500,189,77
501,189,74
502,189,80
503,189,81
504,189,83
505,189,83
506,189,83
507,189,59
508,189,54
509,189,54
510,189,54
511,189,79
512,189,85
513,189,85
514,189,90
515,189,115
516,189,116
517,189,125
518,189,121
519,189,74
520,189,79
521,189,97
522,189,99
523,189,105
524,189,218
525,189,267
526,189,275
527,189,384
528,189,511
529,189,1090
530,189,492
531,189,482
532,189,465
533,189,465
534,189,447
535,189,265
536,189,261
537,189,261
538,189,262
539,189,258
540,189,234
541,189,212
542,189,171
543,189,171
544,189,171
545,189,171
546,189,171
547,189,160
548,189,128
549,189,181
550,189,181
551,189,181
552,189,181
553,189,125
554,189,86
555,189,85
556,189,84
557,189,45
558,189,45
559,189,44
560,189,37
561,189,38
562,189,12
563,189,79
564,189,42
565,189,21
566,189,22
567,189,40
568,189,41
569,189,43
570,189,36
571,189,23
572,189,41
573,189,44
490,190,222
491,190,139
492,190,124
493,190,95
494,190,95
495,190,95
496,190,84
497,190,78
498,190,78
499,190,77
500,190,77
501,190,77
502,190,95
503,190,116
504,190,84
505,190,83
506,190,83
507,190,60
508,190,54
509,190,54
510,190,64
511,190,85
512,190,85
513,190,88
514,190,112
515,190,116
516,190,128
517,190,191
518,190,147
519,190,101
520,190,95
521,190,99
522,190,99
523,190,99
524,190,265
525,190,275
526,190,275
527,190,385
528,190,3865
529,190,654
530,190,465
531,190,465
532,190,465
533,190,465
534,190,465
535,190,342
536,190,261
537,190,261
538,190,261
539,190,274
540,190,304
541,190,307
542,190,203
543,190,171
544,190,171
545,190,171
546,190,171
547,190,117
548,190,107
549,190,181
550,190,181
551,190,181
552,190,181
553,190,141
554,190,89
555,190,84
556,190,84
557,190,68
558,190,48
559,190,37
560,190,37
561,190,29
562,190,28
563,190,86
564,190,34
565,190,22
566,190,23
567,190,78
568,190,56
569,190,49
570,190,37
571,190,23
572,190,50
573,190,53
490,191,253
491,191,124
492,191,65
493,191,92
494,191,95
495,191,94
496,191,19
497,191,73
498,191,82
499,191,79
500,191,77
501,191,77
502,191,116
503,191,119
504,191,83
505,191,83
506,191,96
507,191,82
508,191,64
509,191,58
510,191,87
511,191,88
512,191,85
513,191,93
514,191,116
515,191,116
516,191,187
517,191,172
518,191,123
519,191,100
520,191,99
521,191,99
522,191,99
523,191,99
524,191,152
525,191,271
526,191,275
527,191,280
528,191,246
529,191,435
530,191,404
531,191,421
532,191,416
533,191,415
534,191,428
535,191,378
536,191,204
537,191,227
538,191,260
539,191,272
540,191,307
541,191,307
542,191,268
543,191,143
544,191,145
545,191,163
546,191,139
547,191,86
548,191,85
549,191,108
550,191,163
551,191,161
552,191,181
553,191,181
554,191,173
555,191,116
556,191,132
557,191,171
558,191,152
559,191,40
560,191,39
561,191,30
562,191,59
563,191,86
564,191,67
565,191,23
566,191,28
567,191,114
568,191,123
569,191,131
570,191,83
571,191,32
572,191,48
573,191,53
490,192,230
491,192,67
492,192,64
493,192,65
494,192,93
495,192,95
496,192,19
497,192,28
498,192,82
499,192,81
500,192,77
501,192,86
502,192,123
503,192,118
504,192,85
505,192,107
506,192,123
507,192,123
508,192,123
509,192,125
510,192,135
511,192,133
512,192,115
513,192,107
514,192,116
515,192,128
516,192,198
517,192,137
518,192,103
519,192,83
520,192,98
521,192,99
522,192,99
523,192,99
524,192,98
525,192,205
526,192,210
527,192,143
528,192,182
529,192,298
530,192,298
531,192,298
532,192,298
533,192,298
534,192,298
535,192,271
536,192,81
537,192,65
538,192,138
539,192,263
540,192,305
541,192,246
542,192,141
543,192,103
544,192,103
545,192,104
546,192,99
547,192,86
548,192,77
549,192,50
550,192,60
551,192,60
552,192,130
553,192,181
554,192,181
555,192,181
556,192,200
557,192,207
558,192,203
559,192,85
560,192,55
561,192,73
562,192,73
563,192,75
564,192,60
565,192,23
566,192,71
567,192,102
568,192,144
569,192,144
570,192,84
571,192,43
572,192,42
573,192,41
490,193,211
491,193,64
492,193,64
493,193,64
494,193,80
495,193,52
496,193,14
497,193,37
498,193,82
499,193,79
500,193,77
501,193,97
502,193,123
503,193,122
504,193,115
505,193,123
506,193,123
507,193,123
508,193,123
509,193,134
510,193,135
511,193,135
512,193,138
513,193,197
514,193,167
515,193,155
516,193,171
517,193,114
518,193,83
519,193,82
520,193,93
521,193,99
522,193,91
523,193,80
524,193,81
525,193,105
526,193,171
527,193,130
528,193,88
529,193,225
530,193,298
531,193,298
532,193,298
533,193,298
534,193,298
535,193,298
536,193,210
537,193,65
538,193,65
539,193,165
540,193,258
541,193,109
542,193,103
543,193,103
544,193,103
545,193,103
546,193,103
547,193,90
548,193,68
549,193,50
550,193,50
551,193,50
552,193,58
553,193,178
554,193,181
555,193,191
556,193,206
557,193,207
558,193,79
559,193,38
560,193,95
561,193,72
562,193,71
563,193,70
564,193,60
565,193,89
566,193,111
567,193,133
568,193,144
569,193,132
570,193,47
571,193,42
572,193,41
573,193,31
490,194,141
491,194,64
492,194,64
493,194,47
494,194,0
495,194,31
496,194,6
497,194,122
498,194,81
499,194,82
500,194,78
501,194,105
502,194,123
503,194,123
504,194,123
505,194,123
506,194,123
507,194,127
508,194,131
509,194,135
510,194,135
511,194,135
512,194,185
513,194,209
514,194,209
515,194,178
516,194,130
517,194,103
518,194,82
519,194,82
520,194,90
521,194,102
522,194,225
523,194,123
524,194,78
525,194,143
526,194,140
527,194,101
528,194,99
529,194,244
530,194,298
531,194,298
532,194,298
533,194,298
534,194,298
535,194,298
536,194,135
537,194,65
538,194,65
539,194,65
540,194,97
541,194,95
542,194,91
543,194,101
544,194,103
545,194,103
546,194,99
547,194,86
548,194,79
549,194,52
550,194,52
551,194,52
552,194,51
553,194,109
554,194,180
555,194,204
556,194,207
557,194,207
558,194,130
559,194,66
560,194,97
561,194,72
562,194,67
563,194,67
564,194,67
565,194,104
566,194,92
567,194,134
568,194,144
569,194,97
570,194,45
571,194,42
572,194,37
573,194,29
490,195,70
491,195,64
492,195,71
493,195,81
494,195,4
495,195,12
496,195,89
497,195,147
498,195,96
499,195,82
500,195,81
501,195,89
502,195,122
503,195,123
504,195,123
505,195,123
506,195,123
507,195,123
508,195,128
509,195,135
510,195,135
511,195,140
512,195,209
513,195,209
514,195,207
515,195,86
516,195,68
517,195,77
518,195,63
519,195,66
520,195,63
521,195,84
522,195,329
523,195,402
524,195,370
525,195,384
526,195,112
527,195,87
528,195,213
529,195,295
530,195,289
531,195,240
532,195,270
533,195,252
534,195,238
535,195,220
536,195,95
537,195,66
538,195,65
539,195,68
540,195,72
541,195,83
542,195,83
543,195,88
544,195,95
545,195,103
546,195,93
547,195,86
548,195,83
549,195,53
550,195,52
551,195,52
552,195,49
553,195,49
554,195,115
555,195,207
556,195,207
557,195,207
558,195,202
559,195,106
560,195,98
561,195,90
562,195,63
563,195,60
564,195,57
565,195,55
566,195,57
567,195,67
568,195,122
569,195,67
570,195,44
571,195,41
572,195,30
573,195,30
490,196,71
491,196,67
492,196,99
493,196,147
494,196,116
495,196,112
496,196,147
497,196,147
498,196,132
499,196,84
500,196,82
501,196,79
502,196,102
503,196,123
504,196,123
505,196,123
506,196,125
507,196,127
508,196,129
509,196,135
510,196,135
511,196,153
512,196,209
513,196,209
514,196,155
515,196,66
516,196,66
517,196,66
518,196,63
519,196,60
520,196,60
521,196,69
522,196,53
523,196,234
524,196,319
525,196,378
526,196,233
527,196,186
528,196,267
529,196,261
530,196,209
531,196,192
532,196,192
533,196,192
534,196,192
535,196,192
536,196,192
537,196,131
538,196,99
539,196,100
540,196,81
541,196,83
542,196,83
543,196,83
544,196,83
545,196,89
546,196,86
547,196,86
548,196,86
549,196,61
550,196,52
551,196,50
552,196,49
553,196,49
554,196,49
555,196,99
556,196,169
557,196,207
558,196,138
559,196,105
560,196,96
561,196,86
562,196,55
563,196,55
564,196,55
565,196,55
566,196,58
567,196,59
568,196,60
569,196,50
570,196,42
571,196,35
572,196,29
573,196,31
490,197,79
491,197,79
492,197,105
493,197,147
494,197,147
495,197,147
496,197,147
497,197,147
498,197,147
499,197,99
500,197,86
501,197,87
502,197,91
503,197,119
504,197,123
505,197,123
506,197,133
507,197,135
508,197,135
509,197,135
510,197,135
511,197,151
512,197,209
513,197,144
514,197,66
515,197,66
516,197,66
517,197,66
518,197,66
519,197,55
520,197,64
521,197,59
522,197,66
523,197,112
524,197,196
525,197,292
526,197,230
527,197,194
528,197,200
529,197,215
530,197,192
531,197,192
532,197,192
533,197,192
534,197,192
535,197,192
536,197,192
537,197,133
538,197,100
539,197,100
540,197,99
541,197,84
542,197,83
543,197,83
544,197,83
545,197,68
546,197,69
547,197,84
548,197,79
549,197,64
550,197,51
551,197,51
552,197,49
553,197,49
554,197,49
555,197,49
556,197,64
557,197,107
558,197,54
559,197,54
560,197,75
561,197,93
562,197,56
563,197,55
564,197,55
565,197,55
566,197,58
567,197,58
568,197,58
569,197,56
570,197,43
571,197,35
572,197,31
573,197,32
490,198,79
491,198,79
492,198,84
493,198,135
494,198,147
495,198,147
496,198,147
497,198,147
498,198,147
499,198,108
500,198,90
501,198,87
502,198,87
503,198,89
504,198,116
505,198,129
506,198,135
507,198,134
508,198,135
509,198,135
510,198,135
511,198,136
512,198,138
513,198,67
514,198,66
515,198,66
516,198,66
517,198,66
518,198,65
519,198,48
520,198,73
521,198,40
522,198,88
523,198,112
524,198,112
525,198,138
526,198,179
527,198,192
528,198,192
529,198,192
530,198,192
531,198,192
532,198,192
533,198,192
534,198,192
535,198,192
536,198,192
537,198,117
538,198,100
539,198,100
540,198,100
541,198,96
542,198,85
543,198,82
544,198,69
545,198,61
546,198,70
547,198,86
548,198,35
549,198,35
550,198,52
551,198,53
552,198,54
553,198,49
554,198,49
555,198,49
556,198,57
557,198,56
558,198,54
559,198,55
560,198,59
561,198,65
562,198,55
563,198,67
564,198,75
565,198,72
566,198,63
567,198,58
568,198,57
569,198,57
570,198,43
571,198,35
572,198,36
573,198,35
490,199,82
491,199,85
492,199,79
493,199,132
494,199,146
495,199,104
496,199,71
497,199,75
498,199,111
499,199,109
500,199,97
501,199,88
502,199,89
503,199,89
504,199,101
505,199,135
506,199,110
507,199,99
508,199,109
509,199,128
510,199,135
511,199,135
512,199,125
513,199,75
514,199,62
515,199,66
516,199,66
517,199,67
518,199,53
519,199,67
520,199,67
521,199,32
522,199,109
523,199,112
524,199,112
525,199,112
526,199,131
527,199,192
528,199,192
529,199,192
530,199,192
531,199,192
532,199,192
533,199,192
534,199,190
535,199,191
536,199,187
537,199,138
538,199,100
539,199,100
540,199,100
541,199,100
542,199,98
543,199,72
544,199,61
545,199,61
546,199,80
547,199,81
548,199,53
549,199,40
550,199,52
551,199,54
552,199,54
553,199,51
554,199,52
555,199,59
556,199,61
557,199,63
558,199,60
559,199,67
560,199,69
561,199,72
562,199,72
563,199,105
564,199,112
565,199,109
566,199,84
567,199,59
568,199,58
569,199,57
570,199,46
571,199,45
572,199,45
573,199,45
490,200,94
491,200,93
492,200,86
493,200,104
494,200,109
495,200,80
496,200,76
497,200,102
498,200,108
499,200,108
500,200,102
501,200,88
502,200,89
503,200,96
504,200,131
505,200,116
506,200,100
507,200,99
508,200,99
509,200,101
510,200,134
511,200,135
512,200,96
513,200,76
514,200,60
515,200,60
516,200,65
517,200,62
518,200,61
519,200,73
520,200,55
521,200,47
522,200,112
523,200,112
524,200,112
525,200,112
526,200,115
527,200,192
528,200,167
529,200,176
530,200,161
531,200,164
532,200,168
533,200,161
534,200,153
535,200,154
536,200,153
537,200,113
538,200,100
539,200,100
540,200,100
541,200,100
542,200,100
543,200,103
544,200,95
545,200,63
546,200,87
547,200,83
548,200,45
549,200,43
550,200,52
551,200,54
552,200,54
553,200,54
554,200,57
555,200,61
556,200,61
557,200,63
558,200,64
559,200,68
560,200,69
561,200,90
562,200,109
563,200,109
564,200,85
565,200,81
566,200,63
567,200,62
568,200,59
569,200,57
570,200,51
571,200,45
572,200,45
573,200,45
490,201,95
491,201,95
492,201,104
493,201,108
494,201,108
495,201,107
496,201,106
497,201,108
498,201,108
499,201,107
500,201,82
501,201,73
502,201,82
503,201,113
504,201,119
505,201,115
506,201,116
507,201,109
508,201,99
509,201,99
510,201,134
511,201,135
512,201,77
513,201,60
514,201,60
515,201,60
516,201,60
517,201,61
518,201,73
519,201,73
520,201,59
521,201,61
522,201,112
523,201,112
524,201,112
525,201,112
526,201,106
527,201,108
528,201,45
529,201,45
530,201,46
531,201,142
532,201,153
533,201,153
534,201,153
535,201,153
536,201,153
537,201,111
538,201,100
539,201,100
540,201,100
541,201,100
542,201,100
543,201,112
544,201,111
545,201,94
546,201,91
547,201,91
548,201,73
549,201,43
550,201,53
551,201,54
552,201,54
553,201,54
554,201,56
555,201,65
556,201,63
557,201,64
558,201,67
559,201,68
560,201,79
561,201,119
562,201,113
563,201,91
564,201,85
565,201,85
566,201,70
567,201,62
568,201,88
569,201,102
570,201,96
571,201,82
572,201,49
573,201,76
490,202,95
491,202,95
492,202,106
493,202,108
494,202,108
495,202,108
496,202,108
497,202,108
498,202,108
499,202,92
500,202,68
501,202,68
502,202,73
503,202,115
504,202,116
505,202,116
506,202,116
507,202,110
508,202,99
509,202,99
510,202,81
511,202,80
512,202,60
513,202,60
514,202,60
515,202,60
516,202,68
517,202,67
518,202,73
519,202,73
520,202,48
521,202,34
522,202,103
523,202,106
524,202,92
525,202,76
526,202,53
527,202,46
528,202,45
529,202,45
530,202,46
531,202,152
532,202,153
533,202,153
534,202,153
535,202,153
536,202,153
537,202,125
538,202,100
539,202,100
540,202,100
541,202,100
542,202,101
543,202,112
544,202,112
545,202,112
546,202,104
547,202,93
548,202,91
549,202,49
550,202,54
551,202,55
552,202,55
553,202,56
554,202,78
555,202,213
556,202,72
557,202,68
558,202,68
559,202,68
560,202,69
561,202,74
562,202,71
563,202,70
564,202,77
565,202,69
566,202,63
567,202,62
568,202,107
569,202,447
570,202,134
571,202,131
572,202,126
573,202,131
490,203,95
491,203,96
492,203,108
493,203,108
494,203,108
495,203,108
496,203,108
497,203,108
498,203,108
499,203,97
500,203,71
501,203,68
502,203,68
503,203,81
504,203,134
505,203,116
506,203,116
507,203,104
508,203,99
509,203,97
510,203,60
511,203,60
512,203,60
513,203,60
514,203,60
515,203,60
516,203,115
517,203,123
518,203,79
519,203,57
520,203,30
521,203,42
522,203,55
523,203,57
524,203,54
525,203,54
526,203,54
527,203,48
528,203,45
529,203,45
530,203,72
531,203,153
532,203,153
533,203,153
534,203,153
535,203,153
536,203,153
537,203,119
538,203,100
539,203,100
540,203,100
541,203,100
542,203,109
543,203,112
544,203,112
545,203,112
546,203,112
547,203,103
548,203,84
549,203,66
550,203,55
551,203,56
552,203,55
553,203,54
554,203,188
555,203,390
556,203,75
557,203,68
558,203,68
559,203,68
560,203,69
561,203,69
562,203,70
563,203,70
564,203,70
565,203,69
566,203,284
567,203,311
568,203,94
569,203,487
570,203,345
571,203,131
572,203,131
573,203,131
490,204,79
491,204,90
492,204,108
493,204,108
494,204,108
495,204,106
496,204,108
497,204,108
498,204,108
499,204,108
500,204,106
501,204,76
502,204,68
503,204,68
504,204,172
505,204,134
506,204,114
507,204,99
508,204,99
509,204,93
510,204,63
511,204,63
512,204,62
513,204,60
514,204,60
515,204,85
516,204,137
517,204,137
518,204,77
519,204,28
520,204,33
521,204,54
522,204,54
523,204,54
524,204,54
525,204,54
526,204,58
527,204,57
528,204,53
529,204,61
530,204,85
531,204,152
532,204,153
533,204,153
534,204,153
535,204,153
536,204,153
537,204,115
538,204,78
539,204,64
540,204,84
541,204,81
542,204,108
543,204,112
544,204,112
545,204,112
546,204,104
547,204,70
548,204,64
549,204,64
550,204,66
551,204,68
552,204,57
553,204,53
554,204,76
555,204,176
556,204,61
557,204,55
558,204,52
559,204,50
560,204,47
561,204,65
562,204,70
563,204,70
564,204,70
565,204,70
566,204,121
567,204,352
568,204,88
569,204,458
570,204,570
571,204,241
572,204,131
573,204,120
490,205,81
491,205,75
492,205,100
493,205,108
494,205,104
495,205,85
496,205,107
497,205,108
498,205,96
499,205,103
500,205,108
501,205,81
502,205,68
503,205,69
504,205,196
505,205,203
506,205,133
507,205,99
508,205,99
509,205,81
510,205,74
511,205,74
512,205,73
513,205,69
514,205,60
515,205,82
516,205,137
517,205,137
518,205,124
519,205,71
520,205,51
521,205,54
522,205,54
523,205,55
524,205,59
525,205,64
526,205,69
527,205,69
528,205,70
529,205,69
530,205,69
531,205,123
532,205,154
533,205,154
534,205,154
535,205,156
536,205,176
537,205,108
538,205,54
539,205,54
540,205,54
541,205,54
542,205,58
543,205,85
544,205,112
545,205,112
546,205,72
547,205,64
548,205,64
549,205,64
550,205,64
551,205,68
552,205,55
553,205,53
554,205,74
555,205,82
556,205,63
557,205,62
558,205,62
559,205,55
560,205,47
561,205,47
562,205,60
563,205,66
564,205,70
565,205,70
566,205,70
567,205,70
568,205,83
569,205,245
570,205,575
571,205,445
572,205,131
573,205,129
490,206,75
491,206,67
492,206,94
493,206,111
494,206,83
495,206,81
496,206,101
497,206,113
498,206,156
499,206,125
500,206,87
501,206,89
502,206,148
503,206,167
504,206,205
505,206,205
506,206,203
507,206,158
508,206,94
509,206,74
510,206,74
511,206,74
512,206,74
513,206,74
514,206,1874
515,206,274
516,206,137
517,206,137
518,206,137
519,206,137
520,206,137
521,206,86
522,206,57
523,206,63
524,206,69
525,206,69
526,206,70
527,206,72
528,206,75
529,206,75
530,206,58
531,206,103
532,206,263
533,206,261
534,206,240
535,206,260
536,206,298
537,206,201
538,206,60
539,206,54
540,206,54
541,206,54
542,206,62
543,206,48
544,206,56
545,206,81
546,206,50
547,206,57
548,206,64
549,206,90
550,206,61
551,206,66
552,206,63
553,206,68
554,206,87
555,206,74
556,206,58
557,206,58
558,206,57
559,206,64
560,206,46
561,206,64
562,206,43
563,206,43
564,206,64
565,206,70
566,206,70
567,206,70
568,206,83
569,206,138
570,206,564
571,206,337
572,206,171
573,206,171
490,207,71
491,207,77
492,207,90
493,207,138
494,207,120
495,207,92
496,207,84
497,207,97
498,207,171
499,207,165
500,207,88
501,207,86
502,207,187
503,207,205
504,207,205
505,207,205
506,207,205
507,207,205
508,207,169
509,207,74
510,207,74
511,207,74
512,207,74
513,207,74
514,207,995
515,207,126
516,207,137
517,207,137
518,207,137
519,207,137
520,207,137
521,207,94
522,207,69
523,207,69
524,207,69
525,207,69
526,207,72
527,207,73
528,207,76
529,207,79
530,207,52
531,207,47
532,207,133
533,207,181
534,207,173
535,207,188
536,207,177
537,207,134
538,207,46
539,207,66
540,207,74
541,207,75
542,207,65
543,207,46
544,207,46
545,207,48
546,207,46
547,207,73
548,207,85
549,207,115
550,207,45
551,207,51
552,207,54
553,207,84
554,207,87
555,207,71
556,207,58
557,207,62
558,207,59
559,207,67
560,207,73
561,207,70
562,207,42
563,207,42
564,207,42
565,207,55
566,207,69
567,207,70
568,207,70
569,207,350
570,207,566
571,207,252
572,207,182
573,207,182
490,208,72
491,208,68
492,208,119
493,208,136
494,208,110
495,208,91
496,208,84
497,208,104
498,208,160
499,208,171
500,208,126
501,208,90
502,208,150
503,208,205
504,208,205
505,208,205
506,208,205
507,208,205
508,208,177
509,208,89
510,208,93
511,208,82
512,208,74
513,208,74
514,208,75
515,208,37
516,208,44
517,208,79
518,208,134
519,208,137
520,208,137
521,208,130
522,208,74
523,208,69
524,208,69
525,208,71
526,208,73
527,208,73
528,208,77
529,208,80
530,208,59
531,208,39
532,208,47
533,208,143
534,208,70
535,208,113
536,208,113
537,208,113
538,208,10
539,208,73
540,208,79
541,208,81
542,208,68
543,208,46
544,208,47
545,208,53
546,208,47
547,208,120
548,208,146
549,208,83
550,208,52
551,208,54
552,208,61
553,208,57
554,208,55
555,208,59
556,208,58
557,208,59
558,208,70
559,208,65
560,208,60
561,208,65
562,208,42
563,208,42
564,208,42
565,208,42
566,208,60
567,208,70
568,208,70
569,208,193
570,208,190
571,208,178
572,208,182
573,208,182
490,209,65
491,209,91
492,209,136
493,209,130
494,209,95
495,209,90
496,209,90
497,209,167
498,209,173
499,209,173
500,209,173
501,209,161
502,209,78
503,209,96
504,209,156
505,209,205
506,209,205
507,209,205
508,209,146
509,209,107
510,209,107
511,209,107
512,209,87
513,209,74
514,209,74
515,209,42
516,209,37
517,209,37
518,209,61
519,209,98
520,209,97
521,209,94
522,209,70
523,209,69
524,209,69
525,209,71
526,209,73
527,209,72
528,209,77
529,209,76
530,209,62
531,209,50
532,209,4
533,209,169
534,209,210
535,209,26
536,209,37
537,209,24
538,209,24
539,209,84
540,209,81
541,209,81
542,209,69
543,209,46
544,209,49
545,209,55
546,209,52
547,209,144
548,209,146
549,209,134
550,209,78
551,209,64
552,209,64
553,209,48
554,209,33
555,209,48
556,209,52
557,209,52
558,209,46
559,209,24
560,209,24
561,209,29
562,209,42
563,209,42
564,209,42
565,209,42
566,209,52
567,209,69
568,209,71
569,209,90
570,209,231
571,209,188
572,209,182
573,209,142
490,210,58
491,210,116
492,210,136
493,210,114
494,210,95
495,210,92
496,210,85
497,210,166
498,210,173
499,210,173
500,210,109
501,210,34
502,210,55
503,210,67
504,210,124
505,210,171
506,210,194
507,210,190
508,210,112
509,210,107
510,210,107
511,210,107
512,210,95
513,210,75
514,210,73
515,210,39
516,210,37
517,210,37
518,210,37
519,210,67
520,210,69
521,210,69
522,210,69
523,210,69
524,210,69
525,210,69
526,210,69
527,210,69
528,210,68
529,210,68
530,210,67
531,210,50
532,210,15
533,210,134
534,210,232
535,210,159
536,210,160
537,210,161
538,210,118
539,210,94
540,210,88
541,210,76
542,210,72
543,210,41
544,210,46
545,210,53
546,210,51
547,210,146
548,210,146
549,210,146
550,210,104
551,210,69
552,210,67
553,210,56
554,210,35
555,210,39
556,210,43
557,210,46
558,210,49
559,210,43
560,210,40
561,210,47
562,210,44
563,210,42
564,210,43
565,210,46
566,210,62
567,210,68
568,210,76
569,210,92
570,210,92
571,210,117
572,210,134
573,210,92
490,211,43
491,211,134
492,211,136
493,211,133
494,211,109
495,211,92
496,211,92
497,211,131
498,211,173
499,211,145
500,211,75
501,211,75
502,211,70
503,211,67
504,211,67
505,211,67
506,211,74
507,211,100
508,211,85
509,211,89
510,211,107
511,211,105
512,211,104
513,211,93
514,211,80
515,211,53
516,211,37
517,211,37
518,211,37
519,211,62
520,211,69
521,211,69
522,211,69
523,211,69
524,211,69
525,211,69
526,211,69
527,211,68
528,211,68
529,211,68
530,211,68
531,211,66
532,211,11
533,211,94
534,211,228
535,211,52
536,211,99
537,211,101
538,211,92
539,211,96
540,211,96
541,211,62
542,211,53
543,211,60
544,211,68
545,211,51
546,211,54
547,211,145
548,211,146
549,211,145
550,211,76
551,211,71
552,211,71
553,211,71
554,211,56
555,211,44
556,211,39
557,211,40
558,211,48
559,211,52
560,211,52
561,211,58
562,211,57
563,211,56
564,211,56
565,211,40
566,211,55
567,211,68
568,211,83
569,211,92
570,211,85
571,211,82
572,211,84
573,211,77
490,212,82
491,212,136
492,212,136
493,212,136
494,212,126
495,212,92
496,212,92
497,212,94
498,212,131
499,212,88
500,212,76
501,212,75
502,212,68
503,212,67
504,212,67
505,212,67
506,212,66
507,212,63
508,212,66
509,212,89
510,212,104
511,212,97
512,212,93
513,212,94
514,212,90
515,212,89
516,212,66
517,212,56
518,212,40
519,212,63
520,212,69
521,212,69
522,212,69
523,212,69
524,212,69
525,212,60
526,212,58
527,212,60
528,212,116
529,212,315
530,212,375
531,212,393
532,212,2497
533,212,413
534,212,208
535,212,63
536,212,162
537,212,161
538,212,106
539,212,96
540,212,79
541,212,55
542,212,53
543,212,61
544,212,68
545,212,73
546,212,79
547,212,136
548,212,131
549,212,130
550,212,80
551,212,75
552,212,71
553,212,70
554,212,58
555,212,50
556,212,49
557,212,44
558,212,45
559,212,49
560,212,48
561,212,55
562,212,58
563,212,57
564,212,43
565,212,40
566,212,62
567,212,71
568,212,71
569,212,73
570,212,74
571,212,75
572,212,75
573,212,74
490,213,135
491,213,136
492,213,133
493,213,130
494,213,116
495,213,88
496,213,88
497,213,77
498,213,75
499,213,75
500,213,75
501,213,70
502,213,68
503,213,67
504,213,66
505,213,63
506,213,62
507,213,62
508,213,86
509,213,107
510,213,93
511,213,90
512,213,90
513,213,90
514,213,90
515,213,90
516,213,90
517,213,90
518,213,57
519,213,37
520,213,45
521,213,64
522,213,66
523,213,47
524,213,39
525,213,44
526,213,48
527,213,48
528,213,262
529,213,305
530,213,187
531,213,187
532,213,110
533,213,224
534,213,216
535,213,129
536,213,179
537,213,194
538,213,117
539,213,129
540,213,92
541,213,55
542,213,54
543,213,56
544,213,61
545,213,84
546,213,89
547,213,89
548,213,88
549,213,86
550,213,86
551,213,68
552,213,56
553,213,55
554,213,54
555,213,50
556,213,50
557,213,50
558,213,46
559,213,47
560,213,48
561,213,49
562,213,50
563,213,55
564,213,48
565,213,85
566,213,92
567,213,71
568,213,71
569,213,71
570,213,71
571,213,74
572,213,71
573,213,64
