xv,yv,rho
490,148,165
491,148,65
492,148,53
493,148,48
494,148,55
495,148,106
496,148,314
497,148,943
498,148,1251
499,148,1433
500,148,1800
501,148,1800
502,148,1251
503,148,142
504,148,73
505,148,73
506,148,120
507,148,166
508,148,166
509,148,132
510,148,63
511,148,38
512,148,149
513,148,622
514,148,469
515,148,575
516,148,623
517,148,623
518,148,605
519,148,338
520,148,154
521,148,152
522,148,389
523,148,1031
524,148,1261
525,148,1261
526,148,1261
527,148,1261
528,148,1260
529,148,453
530,148,189
531,148,188
532,148,189
533,148,145
534,148,182
535,148,294
536,148,285
537,148,90
538,148,119
539,148,294
540,148,429
541,148,173
542,148,199
543,148,221
544,148,213
545,148,212
546,148,151
547,148,93
548,148,62
549,148,40
550,148,40
551,148,41
552,148,93
553,148,108
554,148,258
555,148,279
556,148,279
557,148,279
558,148,499
559,148,1195
560,148,1195
561,148,1107
562,148,184
563,148,132
564,148,134
565,148,158
566,148,158
567,148,156
568,148,95
569,148,94
570,148,92
571,148,78
572,148,78
573,148,96
490,149,297
491,149,86
492,149,59
493,149,43
494,149,79
495,149,182
496,149,1080
497,149,1800
498,149,1800
499,149,1800
500,149,1800
501,149,1800
502,149,1798
503,149,1147
504,149,143
505,149,73
506,149,143
507,149,166
508,149,182
509,149,153
510,149,78
511,149,54
512,149,85
513,149,447
514,149,607
515,149,617
516,149,623
517,149,623
518,149,623
519,149,623
520,149,403
521,149,152
522,149,763
523,149,1241
524,149,1261
525,149,1261
526,149,1261
527,149,1261
528,149,1241
529,149,205
530,149,189
531,149,177
532,149,145
533,149,145
534,149,183
535,149,294
536,149,228
537,149,66
538,149,348
539,149,520
540,149,429
541,149,179
542,149,180
543,149,180
544,149,179
545,149,179
546,149,145
547,149,103
548,149,80
549,149,118
550,149,102
551,149,100
552,149,131
553,149,115
554,149,226
555,149,279
556,149,279
557,149,279
558,149,377
559,149,1017
560,149,954
561,149,218
562,149,132
563,149,132
564,149,136
565,149,154
566,149,158
567,149,155
568,149,105
569,149,94
570,149,87
571,149,74
572,149,74
573,149,110
490,150,332
491,150,144
492,150,143
493,150,125
494,150,297
495,150,334
496,150,642
497,150,1640
498,150,1800
499,150,1800
500,150,1800
501,150,1800
502,150,1800
503,150,1638
504,150,353
505,150,153
506,150,98
507,150,228
508,150,254
509,150,390
510,150,282
511,150,185
512,150,28
513,150,28
514,150,32
515,150,54
516,150,427
517,150,623
518,150,623
519,150,623
520,150,415
521,150,134
522,150,113
523,150,538
524,150,1261
525,150,1261
526,150,1261
527,150,1261
528,150,1261
529,150,793
530,150,189
531,150,178
532,150,145
533,150,145
534,150,175
535,150,294
536,150,187
537,150,66
538,150,417
539,150,520
540,150,410
541,150,179
542,150,179
543,150,179
544,150,179
545,150,179
546,150,136
547,150,104
548,150,128
549,150,132
550,150,134
551,150,134
552,150,131
553,150,136
554,150,263
555,150,267
556,150,268
557,150,275
558,150,279
559,150,193
560,150,152
561,150,132
562,150,132
563,150,133
564,150,150
565,150,158
566,150,147
567,150,137
568,150,114
569,150,94
570,150,91
571,150,74
572,150,74
573,150,120
490,151,389
491,151,144
492,151,144
493,151,206
494,151,334
495,151,334
496,151,334
497,151,888
498,151,1800
499,151,1800
500,151,1800
501,151,1800
502,151,1800
503,151,320
504,151,209
505,151,68
506,151,107
507,151,250
508,151,262
509,151,466
510,151,313
511,151,192
512,151,34
513,151,28
514,151,32
515,151,244
516,151,560
517,151,623
518,151,623
519,151,623
520,151,382
521,151,133
522,151,112
523,151,423
524,151,1261
525,151,1261
526,151,1261
527,151,1261
528,151,1261
529,151,956
530,151,188
531,151,156
532,151,145
533,151,145
534,151,193
535,151,294
536,151,128
537,151,68
538,151,506
539,151,520
540,151,389
541,151,179
542,151,179
543,151,179
544,151,179
545,151,179
546,151,139
547,151,105
548,151,131
549,151,132
550,151,135
551,151,132
552,151,131
553,151,131
554,151,152
555,151,199
556,151,157
557,151,73
558,151,89
559,151,78
560,151,73
561,151,56
562,151,74
563,151,81
564,151,92
565,151,158
566,151,158
567,151,139
568,151,114
569,151,94
570,151,94
571,151,86
572,151,146
573,151,203
490,152,689
491,152,144
492,152,144
493,152,152
494,152,296
495,152,334
496,152,334
497,152,634
498,152,1628
499,152,1228
500,152,1624
501,152,1755
502,152,1258
503,152,324
504,152,210
505,152,92
506,152,54
507,152,227
508,152,251
509,152,411
510,152,325
511,152,212
512,152,559
513,152,759
514,152,755
515,152,622
516,152,623
517,152,623
518,152,623
519,152,423
520,152,234
521,152,367
522,152,291
523,152,490
524,152,969
525,152,996
526,152,1261
527,152,1261
528,152,1261
529,152,1260
530,152,566
531,152,145
532,152,145
533,152,145
534,152,209
535,152,294
536,152,144
537,152,194
538,152,520
539,152,438
540,152,182
541,152,179
542,152,179
543,152,179
544,152,179
545,152,179
546,152,120
547,152,105
548,152,131
549,152,132
550,152,136
551,152,460
552,152,872
553,152,749
554,152,408
555,152,147
556,152,145
557,152,74
558,152,66
559,152,61
560,152,74
561,152,97
562,152,76
563,152,51
564,152,62
565,152,113
566,152,130
567,152,157
568,152,133
569,152,134
570,152,125
571,152,95
572,152,224
573,152,277
490,153,690
491,153,147
492,153,164
493,153,161
494,153,162
495,153,275
496,153,334
497,153,334
498,153,337
499,153,419
500,153,710
501,153,1049
502,153,451
503,153,319
504,153,290
505,153,118
506,153,123
507,153,242
508,153,251
509,153,443
510,153,298
511,153,212
512,153,576
513,153,814
514,153,794
515,153,692
516,153,623
517,153,623
518,153,550
519,153,122
520,153,107
521,153,776
522,153,824
523,153,824
524,153,824
525,153,896
526,153,1191
527,153,1261
528,153,1261
529,153,1261
530,153,823
531,153,145
532,153,90
533,153,18
534,153,125
535,153,177
536,153,80
537,153,390
538,153,520
539,153,372
540,153,167
541,153,84
542,153,176
543,153,186
544,153,179
545,153,177
546,153,108
547,153,104
548,153,129
549,153,132
550,153,146
551,153,623
552,153,1168
553,153,1168
554,153,1167
555,153,353
556,153,152
557,153,152
558,153,169
559,153,104
560,153,102
561,153,102
562,153,100
563,153,64
564,153,104
565,153,118
566,153,118
567,153,163
568,153,171
569,153,214
570,153,281
571,153,119
572,153,202
573,153,587
490,154,178
491,154,174
492,154,180
493,154,180
494,154,178
495,154,207
496,154,386
497,154,368
498,154,663
499,154,1038
500,154,1052
501,154,827
502,154,327
503,154,319
504,154,316
505,154,227
506,154,227
507,154,234
508,154,268
509,154,453
510,154,220
511,154,287
512,154,784
513,154,814
514,154,814
515,154,768
516,154,689
517,154,759
518,154,424
519,154,106
520,154,108
521,154,806
522,154,824
523,154,824
524,154,824
525,154,824
526,154,858
527,154,1110
528,154,1095
529,154,1132
530,154,488
531,154,12
532,154,718
533,154,1285
534,154,1027
535,154,581
536,154,149
537,154,160
538,154,508
539,154,207
540,154,66
541,154,20
542,154,187
543,154,188
544,154,179
545,154,179
546,154,114
547,154,107
548,154,131
549,154,132
550,154,136
551,154,736
552,154,1168
553,154,1168
554,154,1136
555,154,252
556,154,152
557,154,153
558,154,172
559,154,119
560,154,102
561,154,102
562,154,129
563,154,127
564,154,118
565,154,118
566,154,118
567,154,230
568,154,221
569,154,227
570,154,238
571,154,201
572,154,594
573,154,2441
490,155,544
491,155,180
492,155,180
493,155,180
494,155,180
495,155,457
496,155,1039
497,155,1030
498,155,1052
499,155,1052
500,155,1052
501,155,606
502,155,319
503,155,317
504,155,254
505,155,227
506,155,184
507,155,69
508,155,116
509,155,187
510,155,262
511,155,243
512,155,811
513,155,814
514,155,814
515,155,814
516,155,814
517,155,814
518,155,767
519,155,346
520,155,261
521,155,824
522,155,824
523,155,824
524,155,824
525,155,824
526,155,824
527,155,454
528,155,863
529,155,798
530,155,460
531,155,297
532,155,1182
533,155,1994
534,155,1447
535,155,515
536,155,171
537,155,83
538,155,401
539,155,110
540,155,20
541,155,23
542,155,201
543,155,183
544,155,179
545,155,165
546,155,104
547,155,116
548,155,132
549,155,133
550,155,137
551,155,713
552,155,1168
553,155,1168
554,155,1038
555,155,166
556,155,152
557,155,159
558,155,174
559,155,167
560,155,115
561,155,135
562,155,147
563,155,137
564,155,121
565,155,120
566,155,234
567,155,400
568,155,436
569,155,449
570,155,414
571,155,353
572,155,544
573,155,2441
490,156,627
491,156,180
492,156,180
493,156,180
494,156,380
495,156,1024
496,156,1052
497,156,1052
498,156,1052
499,156,1052
500,156,1052
501,156,792
502,156,584
503,156,268
504,156,227
505,156,154
506,156,42
507,156,42
508,156,42
509,156,46
510,156,345
511,156,580
512,156,819
513,156,814
514,156,814
515,156,814
516,156,814
517,156,814
518,156,814
519,156,813
520,156,406
521,156,681
522,156,823
523,156,824
524,156,824
525,156,824
526,156,824
527,156,715
528,156,136
529,156,830
530,156,999
531,156,1005
532,156,2440
533,156,2131
534,156,1544
535,156,366
536,156,194
537,156,56
538,156,133
539,156,28
540,156,136
541,156,209
542,156,234
543,156,456
544,156,477
545,156,242
546,156,104
547,156,125
548,156,132
549,156,136
550,156,140
551,156,658
552,156,1054
553,156,1168
554,156,709
555,156,152
556,156,152
557,156,158
558,156,174
559,156,174
560,156,708
561,156,700
562,156,150
563,156,131
564,156,124
565,156,123
566,156,251
567,156,424
568,156,437
569,156,450
570,156,450
571,156,432
572,156,372
573,156,2166
490,157,855
491,157,295
492,157,180
493,157,181
494,157,754
495,157,1052
496,157,1052
497,157,1052
498,157,1052
499,157,1052
500,157,1052
501,157,1052
502,157,1050
503,157,682
504,157,641
505,157,199
506,157,43
507,157,42
508,157,206
509,157,697
510,157,730
511,157,966
512,157,838
513,157,815
514,157,814
515,157,814
516,157,814
517,157,814
518,157,814
519,157,814
520,157,83
521,157,1030
522,157,459
523,157,824
524,157,824
525,157,824
526,157,824
527,157,824
528,157,412
529,157,1111
530,157,1508
531,157,2060
532,157,1679
533,157,1305
534,157,1266
535,157,896
536,157,386
537,157,29
538,157,113
539,157,104
540,157,639
541,157,282
542,157,411
543,157,938
544,157,963
545,157,888
546,157,323
547,157,131
548,157,135
549,157,136
550,157,241
551,157,479
552,157,524
553,157,882
554,157,434
555,157,236
556,157,281
557,157,258
558,157,138
559,157,154
560,157,997
561,157,736
562,157,143
563,157,135
564,157,126
565,157,124
566,157,127
567,157,356
568,157,442
569,157,450
570,157,445
571,157,414
572,157,327
573,157,879
490,158,864
491,158,363
492,158,186
493,158,193
494,158,314
495,158,584
496,158,1049
497,158,1052
498,158,1052
499,158,1052
500,158,1052
501,158,1052
502,158,1052
503,158,1052
504,158,1052
505,158,683
506,158,228
507,158,47
508,158,496
509,158,973
510,158,973
511,158,967
512,158,954
513,158,953
514,158,896
515,158,814
516,158,814
517,158,814
518,158,814
519,158,621
520,158,0
521,158,1100
522,158,363
523,158,824
524,158,824
525,158,824
526,158,824
527,158,824
528,158,467
529,158,1419
530,158,1879
531,158,1604
532,158,1469
533,158,1330
534,158,1317
535,158,1765
536,158,20
537,158,110
538,158,113
539,158,113
540,158,892
541,158,818
542,158,934
543,158,963
544,158,963
545,158,963
546,158,942
547,158,433
548,158,143
549,158,151
550,158,441
551,158,454
552,158,440
553,158,442
554,158,450
555,158,450
556,158,450
557,158,413
558,158,104
559,158,104
560,158,111
561,158,104
562,158,110
563,158,127
564,158,126
565,158,126
566,158,126
567,158,317
568,158,627
569,158,527
570,158,442
571,158,397
572,158,327
573,158,326
490,159,841
491,159,188
492,159,188
493,159,188
494,159,283
495,159,434
496,159,1052
497,159,1052
498,159,1052
499,159,1052
500,159,1052
501,159,1052
502,159,1052
503,159,1052
504,159,1052
505,159,684
506,159,166
507,159,52
508,159,404
509,159,868
510,159,973
511,159,973
512,159,973
513,159,973
514,159,973
515,159,921
516,159,925
517,159,870
518,159,767
519,159,288
520,159,1585
521,159,1657
522,159,171
523,159,812
524,159,824
525,159,824
526,159,824
527,159,824
528,159,1002
529,159,157
530,159,2019
531,159,1841
532,159,1401
533,159,1474
534,159,1530
535,159,1318
536,159,3
537,159,86
538,159,113
539,159,120
540,159,948
541,159,963
542,159,963
543,159,963
544,159,963
545,159,963
546,159,963
547,159,963
548,159,743
549,159,263
550,159,376
551,159,276
552,159,440
553,159,440
554,159,390
555,159,395
556,159,429
557,159,413
558,159,124
559,159,104
560,159,104
561,159,104
562,159,104
563,159,97
564,159,102
565,159,119
566,159,128
567,159,291
568,159,575
569,159,523
570,159,446
571,159,397
572,159,327
573,159,327
490,160,798
491,160,192
492,160,188
493,160,188
494,160,203
495,160,277
496,160,696
497,160,1052
498,160,988
499,160,989
500,160,1052
501,160,1052
502,160,1052
503,160,1052
504,160,1052
505,160,926
506,160,1033
507,160,107
508,160,0
509,160,157
510,160,971
511,160,973
512,160,973
513,160,973
514,160,973
515,160,973
516,160,2293
517,160,2686
518,160,394
519,160,1594
520,160,2332
521,160,2411
522,160,1765
523,160,664
524,160,1736
525,160,824
526,160,824
527,160,1759
528,160,4048
529,160,620
530,160,2166
531,160,2516
532,160,1899
533,160,1557
534,160,1945
535,160,1241
536,160,199
537,160,0
538,160,82
539,160,206
540,160,963
541,160,963
542,160,963
543,160,963
544,160,963
545,160,963
546,160,963
547,160,963
548,160,486
549,160,262
550,160,119
551,160,134
552,160,264
553,160,179
554,160,94
555,160,112
556,160,232
557,160,231
558,160,206
559,160,98
560,160,91
561,160,93
562,160,92
563,160,95
564,160,95
565,160,118
566,160,141
567,160,164
568,160,173
569,160,211
570,160,355
571,160,380
572,160,325
573,160,326
490,161,608
491,161,356
492,161,303
493,161,241
494,161,192
495,161,188
496,161,188
497,161,316
498,161,237
499,161,388
500,161,771
501,161,1045
502,161,1052
503,161,1020
504,161,1034
505,161,1052
506,161,683
507,161,32
508,161,653
509,161,202
510,161,973
511,161,973
512,161,973
513,161,973
514,161,973
515,161,973
516,161,2068
517,161,3279
518,161,841
519,161,1302
520,161,2879
521,161,2210
522,161,1989
523,161,1511
524,161,3964
525,161,1686
526,161,1963
527,161,4159
528,161,3363
529,161,351
530,161,1993
531,161,462
532,161,2066
533,161,2148
534,161,1528
535,161,1189
536,161,452
537,161,1345
538,161,3257
539,161,1862
540,161,963
541,161,963
542,161,963
543,161,963
544,161,963
545,161,963
546,161,963
547,161,837
548,161,272
549,161,194
550,161,89
551,161,89
552,161,89
553,161,89
554,161,89
555,161,131
556,161,229
557,161,231
558,161,231
559,161,94
560,161,73
561,161,73
562,161,82
563,161,173
564,161,109
565,161,110
566,161,168
567,161,186
568,161,299
569,161,391
570,161,396
571,161,295
572,161,226
573,161,236
490,162,374
491,162,365
492,162,365
493,162,365
494,162,350
495,162,207
496,162,188
497,162,188
498,162,188
499,162,188
500,162,188
501,162,945
502,162,1007
503,162,1003
504,162,1002
505,162,956
506,162,248
507,162,704
508,162,719
509,162,13
510,162,675
511,162,566
512,162,928
513,162,973
514,162,973
515,162,973
516,162,2000
517,162,3279
518,162,2528
519,162,33
520,162,1846
521,162,2891
522,162,2312
523,162,561
524,162,4421
525,162,4421
526,162,4403
527,162,4383
528,162,1895
529,162,2497
530,162,1979
531,162,2358
532,162,1202
533,162,2272
534,162,3
535,162,1013
536,162,4307
537,162,4903
538,162,4903
539,162,2064
540,162,963
541,162,1016
542,162,963
543,162,963
544,162,963
545,162,963
546,162,963
547,162,734
548,162,377
549,162,123
550,162,89
551,162,89
552,162,89
553,162,93
554,162,125
555,162,205
556,162,231
557,162,231
558,162,191
559,162,91
560,162,73
561,162,72
562,162,77
563,162,200
564,162,171
565,162,86
566,162,211
567,162,318
568,162,451
569,162,451
570,162,444
571,162,229
572,162,208
573,162,216
490,163,365
491,163,365
492,163,365
493,163,365
494,163,364
495,163,220
496,163,188
497,163,188
498,163,188
499,163,311
500,163,533
501,163,1002
502,163,1002
503,163,1002
504,163,1002
505,163,1002
506,163,316
507,163,1346
508,163,1307
509,163,1001
510,163,1011
511,163,267
512,163,967
513,163,973
514,163,973
515,163,973
516,163,1098
517,163,3130
518,163,3279
519,163,1087
520,163,3130
521,163,3267
522,163,2358
523,163,1106
524,163,4421
525,163,4421
526,163,4406
527,163,4383
528,163,1588
529,163,4117
530,163,2998
531,163,3637
532,163,4514
533,163,2960
534,163,3502
535,163,4903
536,163,4903
537,163,4903
538,163,4381
539,163,2534
540,163,1734
541,163,2548
542,163,1360
543,163,963
544,163,963
545,163,963
546,163,963
547,163,963
548,163,962
549,163,308
550,163,91
551,163,99
552,163,112
553,163,150
554,163,160
555,163,206
556,163,222
557,163,231
558,163,200
559,163,77
560,163,72
561,163,71
562,163,74
563,163,199
564,163,200
565,163,159
566,163,204
567,163,370
568,163,402
569,163,346
570,163,263
571,163,109
572,163,124
573,163,146
490,164,281
491,164,358
492,164,365
493,164,365
494,164,342
495,164,188
496,164,188
497,164,189
498,164,347
499,164,744
500,164,1002
501,164,1002
502,164,1002
503,164,1002
504,164,1002
505,164,1002
506,164,597
507,164,2108
508,164,2131
509,164,1208
510,164,1680
511,164,38
512,164,439
513,164,971
514,164,973
515,164,973
516,164,973
517,164,1865
518,164,3279
519,164,2726
520,164,580
521,164,3376
522,164,1362
523,164,4098
524,164,4421
525,164,4421
526,164,4408
527,164,4383
528,164,1764
529,164,3790
530,164,748
531,164,4885
532,164,4903
533,164,4903
534,164,4903
535,164,4903
536,164,4903
537,164,4749
538,164,3284
539,164,3235
540,164,3087
541,164,2654
542,164,2199
543,164,963
544,164,963
545,164,963
546,164,963
547,164,963
548,164,963
549,164,735
550,164,154
551,164,160
552,164,160
553,164,160
554,164,160
555,164,149
556,164,151
557,164,182
558,164,129
559,164,75
560,164,71
561,164,71
562,164,84
563,164,200
564,164,200
565,164,200
566,164,102
567,164,213
568,164,267
569,164,267
570,164,259
571,164,122
572,164,139
573,164,1075
490,165,179
491,165,198
492,165,309
493,165,367
494,165,324
495,165,188
496,165,188
497,165,324
498,165,947
499,165,1002
500,165,1002
501,165,1002
502,165,1002
503,165,1002
504,165,1002
505,165,1002
506,165,915
507,165,149
508,165,1124
509,165,1329
510,165,1919
511,165,1968
512,165,3
513,165,937
514,165,973
515,165,973
516,165,973
517,165,1034
518,165,3207
519,165,3279
520,165,3135
521,165,334
522,165,3627
523,165,4421
524,165,4421
525,165,4421
526,165,4402
527,165,4383
528,165,1322
529,165,1805
530,165,2093
531,165,4903
532,165,4903
533,165,4903
534,165,4903
535,165,4903
536,165,4903
537,165,4385
538,165,3235
539,165,3137
540,165,2682
541,165,2650
542,165,2399
543,165,991
544,165,963
545,165,963
546,165,963
547,165,963
548,165,963
549,165,948
550,165,197
551,165,160
552,165,160
553,165,160
554,165,160
555,165,139
556,165,133
557,165,141
558,165,85
559,165,71
560,165,173
561,165,102
562,165,117
563,165,200
564,165,200
565,165,200
566,165,74
567,165,63
568,165,216
569,165,228
570,165,208
571,165,651
572,165,2294
573,165,2874
490,166,179
491,166,183
492,166,464
493,166,557
494,166,502
495,166,275
496,166,355
497,166,716
498,166,819
499,166,857
500,166,962
501,166,1002
502,166,1002
503,166,1002
504,166,1002
505,166,1063
506,166,380
507,166,3
508,166,1088
509,166,1600
510,166,3151
511,166,1546
512,166,2
513,166,660
514,166,973
515,166,973
516,166,973
517,166,1666
518,166,3279
519,166,3279
520,166,2153
521,166,0
522,166,1878
523,166,1984
524,166,2686
525,166,3650
526,166,4106
527,166,3995
528,166,272
529,166,1278
530,166,3325
531,166,4903
532,166,4903
533,166,4903
534,166,4903
535,166,4903
536,166,4903
537,166,4222
538,166,3235
539,166,2978
540,166,2650
541,166,2650
542,166,2650
543,166,1559
544,166,963
545,166,963
546,166,963
547,166,963
548,166,963
549,166,920
550,166,160
551,166,160
552,166,160
553,166,154
554,166,145
555,166,135
556,166,169
557,166,212
558,166,87
559,166,86
560,166,433
561,166,461
562,166,269
563,166,200
564,166,200
565,166,147
566,166,33
567,166,34
568,166,86
569,166,117
570,166,121
571,166,1310
572,166,2770
573,166,2874
490,167,179
491,167,330
492,167,597
493,167,595
494,167,572
495,167,607
496,167,800
497,167,815
498,167,815
499,167,815
500,167,846
501,167,985
502,167,1002
503,167,995
504,167,1002
505,167,1285
506,167,581
507,167,1615
508,167,1914
509,167,1332
510,167,1579
511,167,783
512,167,466
513,167,973
514,167,973
515,167,1105
516,167,2973
517,167,3250
518,167,3336
519,167,3272
520,167,782
521,167,4952
522,167,4815
523,167,4811
524,167,4665
525,167,4964
526,167,597
527,167,4650
528,167,4983
529,167,4030
530,167,4800
531,167,4903
532,167,4903
533,167,4903
534,167,4903
535,167,4780
536,167,4045
537,167,3303
538,167,3235
539,167,3013
540,167,2650
541,167,2650
542,167,2650
543,167,2264
544,167,963
545,167,963
546,167,963
547,167,963
548,167,963
549,167,957
550,167,689
551,167,909
552,167,420
553,167,133
554,167,133
555,167,188
556,167,215
557,167,215
558,167,123
559,167,126
560,167,524
561,167,541
562,167,400
563,167,199
564,167,182
565,167,97
566,167,72
567,167,77
568,167,72
569,167,114
570,167,117
571,167,117
572,167,1758
573,167,2874
490,168,222
491,168,570
492,168,597
493,168,597
494,168,595
495,168,585
496,168,661
497,168,815
498,168,815
499,168,815
500,168,815
501,168,834
502,168,857
503,168,855
504,168,1019
505,168,1422
506,168,788
507,168,693
508,168,1271
509,168,1795
510,168,1540
511,168,116
512,168,860
513,168,973
514,168,1120
515,168,2779
516,168,3698
517,168,4383
518,168,6018
519,168,2128
520,168,5613
521,168,5257
522,168,4608
523,168,4829
524,168,5864
525,168,3
526,168,3725
527,168,5246
528,168,5246
529,168,5245
530,168,5009
531,168,4903
532,168,4903
533,168,4903
534,168,5127
535,168,3554
536,168,3235
537,168,3235
538,168,3235
539,168,3217
540,168,2746
541,168,2650
542,168,2650
543,168,2343
544,168,1677
545,168,1910
546,168,2051
547,168,1988
548,168,1963
549,168,2106
550,168,1587
551,168,1417
552,168,1322
553,168,490
554,168,264
555,168,282
556,168,215
557,168,215
558,168,207
559,168,181
560,168,583
561,168,532
562,168,606
563,168,394
564,168,371
565,168,122
566,168,80
567,168,80
568,168,80
569,168,90
570,168,102
571,168,1187
572,168,2857
573,168,2874
490,169,194
491,169,547
492,169,597
493,169,597
494,169,407
495,169,340
496,169,327
497,169,773
498,169,815
499,169,815
500,169,815
501,169,815
502,169,815
503,169,873
504,169,1246
505,169,1453
506,169,813
507,169,464
508,169,1070
509,169,2018
510,169,2274
511,169,5
512,169,1307
513,169,3058
514,169,3263
515,169,3698
516,169,3698
517,169,4432
518,169,6555
519,169,5345
520,169,3365
521,169,145
522,169,2141
523,169,2720
524,169,1135
525,169,23
526,169,4194
527,169,5246
528,169,5271
529,169,6198
530,169,5276
531,169,4903
532,169,4903
533,169,4903
534,169,7119
535,169,6241
536,169,3238
537,169,3235
538,169,3235
539,169,2893
540,169,2650
541,169,2650
542,169,2593
543,169,2407
544,169,2403
545,169,2403
546,169,2403
547,169,2403
548,169,2403
549,169,2407
550,169,1654
551,169,1417
552,169,1417
553,169,1215
554,169,449
555,169,449
556,169,292
557,169,232
558,169,312
559,169,384
560,169,316
561,169,185
562,169,782
563,169,1293
564,169,1293
565,169,628
566,169,80
567,169,94
568,169,104
569,169,116
570,169,210
571,169,1964
572,169,2874
573,169,2874
490,170,179
491,170,279
492,170,573
493,170,300
494,170,184
495,170,285
496,170,295
497,170,730
498,170,815
499,170,815
500,170,815
501,170,815
502,170,815
503,170,1000
504,170,1453
505,170,1453
506,170,1176
507,170,928
508,170,642
509,170,2888
510,170,82
511,170,1482
512,170,2756
513,170,3698
514,170,3698
515,170,3698
516,170,3698
517,170,4190
518,170,6419
519,170,3372
520,170,1352
521,170,1319
522,170,4269
523,170,4269
524,170,4269
525,170,3949
526,170,4329
527,170,6233
528,170,6602
529,170,9483
530,170,8373
531,170,5059
532,170,5126
533,170,7575
534,170,7384
535,170,5393
536,170,3235
537,170,3632
538,170,6394
539,170,4545
540,170,2650
541,170,2650
542,170,2559
543,170,2403
544,170,2403
545,170,2403
546,170,2403
547,170,2403
548,170,2403
549,170,2462
550,170,1392
551,170,1194
552,170,1301
553,170,747
554,170,449
555,170,465
556,170,587
557,170,597
558,170,594
559,170,272
560,170,182
561,170,182
562,170,956
563,170,1293
564,170,1345
565,170,1757
566,170,540
567,170,132
568,170,132
569,170,132
570,170,176
571,170,350
572,170,1376
573,170,1483
490,171,179
491,171,182
492,171,218
493,171,179
494,171,180
495,171,287
496,171,295
497,171,621
498,171,815
499,171,815
500,171,815
501,171,799
502,171,727
503,171,1226
504,171,1453
505,171,1453
506,171,1453
507,171,1453
508,171,1655
509,171,1540
510,171,1711
511,171,2500
512,171,3115
513,171,3698
514,171,3698
515,171,3698
516,171,3316
517,171,3577
518,171,3122
519,171,1754
520,171,1048
521,171,1768
522,171,4277
523,171,4269
524,171,4269
525,171,4269
526,171,7460
527,171,9573
528,171,9573
529,171,9573
530,171,9573
531,171,12200
532,171,12792
533,171,10459
534,171,6532
535,171,7327
536,171,6511
537,171,6955
538,171,7764
539,171,7335
540,171,4276
541,171,4383
542,171,2428
543,171,1530
544,171,2403
545,171,2403
546,171,2403
547,171,2403
548,171,2403
549,171,2451
550,171,1906
551,171,958
552,171,948
553,171,874
554,171,536
555,171,527
556,171,598
557,171,597
558,171,596
559,171,382
560,171,182
561,171,182
562,171,1133
563,171,1328
564,171,2406
565,171,2759
566,171,2306
567,171,1862
568,171,300
569,171,132
570,171,158
571,171,216
572,171,242
573,171,327
490,172,179
491,172,179
492,172,179
493,172,455
494,172,402
495,172,285
496,172,295
497,172,313
498,172,593
499,172,814
500,172,656
501,172,499
502,172,709
503,172,1447
504,172,1453
505,172,1453
506,172,1453
507,172,1670
508,172,2444
509,172,2500
510,172,2500
511,172,2500
512,172,2516
513,172,3273
514,172,3698
515,172,3686
516,172,2340
517,172,2227
518,172,2227
519,172,2227
520,172,2229
521,172,5357
522,172,7797
523,172,5516
524,172,5971
525,172,5185
526,172,9526
527,172,9623
528,172,9573
529,172,9573
530,172,9673
531,172,12354
532,172,12470
533,172,9740
534,172,8818
535,172,7764
536,172,7764
537,172,7764
538,172,7764
539,172,7764
540,172,7624
541,172,4065
542,172,1143
543,172,4711
544,172,1634
545,172,2403
546,172,2403
547,172,3070
548,172,3300
549,172,2874
550,172,3687
551,172,2317
552,172,1854
553,172,1633
554,172,1090
555,172,934
556,172,611
557,172,598
558,172,603
559,172,648
560,172,408
561,172,532
562,172,1258
563,172,1341
564,172,2698
565,172,2759
566,172,2759
567,172,2759
568,172,2265
569,172,149
570,172,158
571,172,216
572,172,216
573,172,148
490,173,179
491,173,179
492,173,179
493,173,968
494,173,1495
495,173,757
496,173,458
497,173,295
498,173,296
499,173,487
500,173,447
501,173,447
502,173,1084
503,173,1453
504,173,1453
505,173,1453
506,173,1453
507,173,2013
508,173,2500
509,173,2500
510,173,2500
511,173,2500
512,173,3176
513,173,3666
514,173,3698
515,173,3696
516,173,3503
517,173,2864
518,173,2281
519,173,2910
520,173,3342
521,173,6549
522,173,9573
523,173,9573
524,173,9573
525,173,9573
526,173,9573
527,173,10251
528,173,9581
529,173,9573
530,173,10294
531,173,12807
532,173,11267
533,173,9740
534,173,9176
535,173,7765
536,173,7764
537,173,7764
538,173,7764
539,173,7764
540,173,6394
541,173,1151
542,173,12
543,173,3142
544,173,345
545,173,2257
546,173,2403
547,173,4138
548,173,4709
549,173,4709
550,173,4491
551,173,2625
552,173,2576
553,173,2576
554,173,2552
555,173,2373
556,173,1256
557,173,596
558,173,735
559,173,888
560,173,888
561,173,1047
562,173,1293
563,173,1811
564,173,2759
565,173,2759
566,173,2759
567,173,2759
568,173,2628
569,173,185
570,173,180
571,173,216
572,173,216
573,173,84
490,174,179
491,174,177
492,174,172
493,174,873
494,174,1505
495,174,1505
496,174,1323
497,174,349
498,174,295
499,174,345
500,174,446
501,174,361
502,174,950
503,174,1453
504,174,1453
505,174,1453
506,174,1453
507,174,1627
508,174,1896
509,174,2500
510,174,2500
511,174,3072
512,174,3580
513,174,3634
514,174,3635
515,174,3593
516,174,3604
517,174,3088
518,174,2242
519,174,3285
520,174,3483
521,174,8959
522,174,9573
523,174,9573
524,174,9573
525,174,9573
526,174,9896
527,174,10874
528,174,10338
529,174,9573
530,174,12237
531,174,12889
532,174,10308
533,174,9740
534,174,9732
535,174,9477
536,174,7867
537,174,7764
538,174,7764
539,174,7695
540,174,3188
541,174,4286
542,174,4485
543,174,3777
544,174,3220
545,174,2832
546,174,3469
547,174,4555
548,174,4709
549,174,4684
550,174,4174
551,174,2872
552,174,2687
553,174,2578
554,174,2576
555,174,1453
556,174,596
557,174,596
558,174,734
559,174,888
560,174,888
561,174,1179
562,174,1243
563,174,1468
564,174,2218
565,174,2285
566,174,2394
567,174,2646
568,174,2114
569,174,134
570,174,204
571,174,215
572,174,174
573,174,73
490,175,170
491,175,169
492,175,169
493,175,812
494,175,1505
495,175,1505
496,175,1505
497,175,1480
498,175,786
499,175,403
500,175,455
501,175,217
502,175,547
503,175,1453
504,175,1442
505,175,1309
506,175,1162
507,175,1144
508,175,1146
509,175,2277
510,175,2663
511,175,3542
512,175,3578
513,175,3578
514,175,3578
515,175,3578
516,175,3222
517,175,2227
518,175,2227
519,175,2889
520,175,3483
521,175,7733
522,175,8096
523,175,9667
524,175,11872
525,175,12490
526,175,10985
527,175,10898
528,175,10258
529,175,9573
530,175,12650
531,175,12889
532,175,11878
533,175,9740
534,175,9740
535,175,9875
536,175,9682
537,175,8215
538,175,7764
539,175,6936
540,175,4394
541,175,2860
542,175,311
543,175,4219
544,175,687
545,175,4687
546,175,4709
547,175,4709
548,175,4709
549,175,4122
550,175,2854
551,175,2854
552,175,2854
553,175,2643
554,175,2576
555,175,1173
556,175,596
557,175,597
558,175,742
559,175,882
560,175,1019
561,175,1250
562,175,685
563,175,616
564,175,616
565,175,616
566,175,616
567,175,641
568,175,776
569,175,344
570,175,210
571,175,138
572,175,72
573,175,72
490,176,169
491,176,169
492,176,169
493,176,853
494,176,1505
495,176,1505
496,176,1505
497,176,1505
498,176,1228
499,176,513
500,176,495
501,176,194
502,176,376
503,176,1307
504,176,1194
505,176,1140
506,176,1140
507,176,1140
508,176,745
509,176,1944
510,176,3361
511,176,3578
512,176,3578
513,176,3578
514,176,3578
515,176,3578
516,176,3556
517,176,2577
518,176,2227
519,176,2535
520,176,1474
521,176,3273
522,176,4002
523,176,10064
524,176,14583
525,176,14583
526,176,12879
527,176,10898
528,176,10871
529,176,10415
530,176,12724
531,176,12889
532,176,10611
533,176,9740
534,176,9740
535,176,10357
536,176,10751
537,176,8774
538,176,6817
539,176,6738
540,176,4925
541,176,4925
542,176,3668
543,176,3392
544,176,209
545,176,3427
546,176,4706
547,176,4691
548,176,4189
549,176,3929
550,176,2799
551,176,2852
552,176,2854
553,176,2724
554,176,2576
555,176,1607
556,176,605
557,176,615
558,176,616
559,176,711
560,176,950
561,176,905
562,176,616
563,176,616
564,176,616
565,176,616
566,176,616
567,176,616
568,176,616
569,176,610
570,176,186
571,176,72
572,176,72
573,176,72
490,177,169
491,177,169
492,177,148
493,177,140
494,177,844
495,177,1210
496,177,991
497,177,1392
498,177,590
499,177,513
500,177,510
501,177,766
502,177,744
503,177,465
504,177,774
505,177,1140
506,177,1140
507,177,1029
508,177,81
509,177,141
510,177,3323
511,177,3578
512,177,3578
513,177,3578
514,177,3578
515,177,3578
516,177,3382
517,177,1378
518,177,2124
519,177,910
520,177,7249
521,177,2358
522,177,3483
523,177,11645
524,177,14583
525,177,15419
526,177,16263
527,177,13407
528,177,11493
529,177,10491
530,177,12873
531,177,13975
532,177,12961
533,177,9842
534,177,9740
535,177,10426
536,177,10596
537,177,7421
538,177,4925
539,177,4925
540,177,4925
541,177,4925
542,177,3709
543,177,5618
544,177,5680
545,177,141
546,177,756
547,177,2654
548,177,2380
549,177,2380
550,177,2380
551,177,2445
552,177,2620
553,177,2802
554,177,2504
555,177,1225
556,177,616
557,177,616
558,177,616
559,177,616
560,177,621
561,177,616
562,177,616
563,177,616
564,177,616
565,177,616
566,177,616
567,177,616
568,177,616
569,177,616
570,177,236
571,177,72
572,177,72
573,177,72
490,178,169
491,178,158
492,178,126
493,178,357
494,178,735
495,178,888
496,178,1477
497,178,1325
498,178,1436
499,178,2300
500,178,1601
501,178,3096
502,178,1265
503,178,465
504,178,540
505,178,1138
506,178,1140
507,178,852
508,178,2185
509,178,3610
510,178,2756
511,178,3888
512,178,4175
513,178,4273
514,178,3631
515,178,3886
516,178,2526
517,178,2175
518,178,638
519,178,31
520,178,2523
521,178,1634
522,178,10115
523,178,11932
524,178,14634
525,178,18395
526,178,18450
527,178,16524
528,178,9910
529,178,8108
530,178,11867
531,178,14696
532,178,17819
533,178,11796
534,178,7877
535,178,8665
536,178,9744
537,178,6109
538,178,5995
539,178,4925
540,178,4925
541,178,4890
542,178,1662
543,178,5444
544,178,6244
545,178,5881
546,178,6208
547,178,1557
548,178,2380
549,178,2380
550,178,2380
551,178,2190
552,178,1942
553,178,2006
554,178,1014
555,178,616
556,178,616
557,178,616
558,178,616
559,178,616
560,178,616
561,178,616
562,178,616
563,178,616
564,178,616
565,178,616
566,178,616
567,178,616
568,178,616
569,178,616
570,178,383
571,178,72
572,178,72
573,178,72
490,179,189
491,179,162
492,179,154
493,179,2092
494,179,2871
495,179,2693
496,179,3097
497,179,3093
498,179,3103
499,179,3103
500,179,3103
501,179,3103
502,179,1533
503,179,465
504,179,465
505,179,1023
506,179,1140
507,179,949
508,179,2327
509,179,3167
510,179,1292
511,179,4130
512,179,4699
513,179,4699
514,179,4692
515,179,4894
516,179,4991
517,179,4991
518,179,3420
519,179,4515
520,179,7172
521,179,8552
522,179,11445
523,179,11573
524,179,17538
525,179,18729
526,179,12993
527,179,12702
528,179,8291
529,179,8101
530,179,11039
531,179,15991
532,179,16594
533,179,7413
534,179,7388
535,179,7262
536,179,7161
537,179,6351
538,179,5882
539,179,5003
540,179,6223
541,179,4787
542,179,1748
543,179,1117
544,179,2435
545,179,2812
546,179,4123
547,179,1687
548,179,2380
549,179,2380
550,179,2380
551,179,1781
552,179,1603
553,179,1379
554,179,669
555,179,616
556,179,616
557,179,616
558,179,616
559,179,616
560,179,616
561,179,616
562,179,616
563,179,616
564,179,616
565,179,616
566,179,616
567,179,616
568,179,616
569,179,616
570,179,597
571,179,171
572,179,72
573,179,72
490,180,348
491,180,207
492,180,654
493,180,2118
494,180,3103
495,180,3103
496,180,3103
497,180,3103
498,180,3099
499,180,1947
500,180,658
501,180,629
502,180,573
503,180,465
504,180,468
505,180,1121
506,180,1140
507,180,1188
508,180,139
509,180,3971
510,180,4010
511,180,1334
512,180,4632
513,180,4699
514,180,4758
515,180,4975
516,180,4991
517,180,4991
518,180,4991
519,180,6434
520,180,7172
521,180,8254
522,180,11512
523,180,12391
524,180,18728
525,180,19602
526,180,15127
527,180,9022
528,180,8101
529,180,8101
530,180,9380
531,180,11742
532,180,10065
533,180,6645
534,180,12012
535,180,10477
536,180,9155
537,180,6561
538,180,6122
539,180,6615
540,180,7640
541,180,7640
542,180,6999
543,180,5471
544,180,2277
545,180,2375
546,180,2575
547,180,1735
548,180,2380
549,180,2380
550,180,2239
551,180,1617
552,180,1603
553,180,1603
554,180,1441
555,180,777
556,180,616
557,180,616
558,180,616
559,180,616
560,180,616
561,180,616
562,180,616
563,180,616
564,180,616
565,180,616
566,180,616
567,180,616
568,180,616
569,180,616
570,180,616
571,180,575
572,180,366
573,180,225
490,181,362
491,181,228
492,181,1148
493,181,3077
494,181,3103
495,181,3103
496,181,3103
497,181,2271
498,181,1379
499,181,524
500,181,522
501,181,504
502,181,465
503,181,465
504,181,618
505,181,1557
506,181,1336
507,181,1592
508,181,314
509,181,4125
510,181,4929
511,181,3374
512,181,2562
513,181,4782
514,181,4951
515,181,4991
516,181,4991
517,181,4991
518,181,4991
519,181,6771
520,181,7172
521,181,9315
522,181,11512
523,181,16748
524,181,19160
525,181,21824
526,181,21494
527,181,14026
528,181,11287
529,181,11119
530,181,12152
531,181,6034
532,181,3229
533,181,6521
534,181,12172
535,181,12145
536,181,12145
537,181,7622
538,181,6627
539,181,7518
540,181,7640
541,181,7660
542,181,8066
543,181,6892
544,181,1952
545,181,1592
546,181,2752
547,181,2762
548,181,3295
549,181,3750
550,181,1607
551,181,1603
552,181,1603
553,181,1603
554,181,1603
555,181,1239
556,181,616
557,181,616
558,181,616
559,181,616
560,181,616
561,181,616
562,181,616
563,181,616
564,181,616
565,181,616
566,181,616
567,181,616
568,181,616
569,181,616
570,181,616
571,181,616
572,181,616
573,181,616
490,182,611
491,182,222
492,182,783
493,182,1549
494,182,2164
495,182,2080
496,182,2027
497,182,469
498,182,427
499,182,522
500,182,522
501,182,503
502,182,465
503,182,465
504,182,732
505,182,1592
506,182,1592
507,182,1592
508,182,215
509,182,4766
510,182,476
511,182,1323
512,182,3111
513,182,4904
514,182,4991
515,182,4991
516,182,4991
517,182,4990
518,182,4991
519,182,7547
520,182,7511
521,182,8438
522,182,11227
523,182,15328
524,182,20940
525,182,20414
526,182,15067
527,182,11791
528,182,11656
529,182,11650
530,182,12151
531,182,14025
532,182,14341
533,182,14741
534,182,14668
535,182,13167
536,182,11183
537,182,6352
538,182,7355
539,182,7640
540,182,7640
541,182,7784
542,182,8112
543,182,7096
544,182,4299
545,182,4238
546,182,4299
547,182,4299
548,182,4115
549,182,4064
550,182,1884
551,182,1603
552,182,1603
553,182,1603
554,182,1603
555,182,1290
556,182,1075
557,182,778
558,182,616
559,182,616
560,182,616
561,182,616
562,182,616
563,182,616
564,182,616
565,182,616
566,182,616
567,182,616
568,182,616
569,182,616
570,182,616
571,182,616
572,182,616
573,182,616
490,183,1000
491,183,242
492,183,767
493,183,785
494,183,785
495,183,814
496,183,694
497,183,386
498,183,405
499,183,521
500,183,522
501,183,496
502,183,465
503,183,465
504,183,926
505,183,1592
506,183,1592
507,183,1592
508,183,1145
509,183,985
510,183,4357
511,183,4930
512,183,4991
513,183,4991
514,183,4991
515,183,4991
516,183,4991
517,183,4985
518,183,4982
519,183,5445
520,183,9229
521,183,9184
522,183,9400
523,183,9400
524,183,10028
525,183,11417
526,183,11554
527,183,11426
528,183,11520
529,183,11464
530,183,15714
531,183,17379
532,183,16192
533,183,14787
534,183,14389
535,183,14386
536,183,8601
537,183,6798
538,183,7639
539,183,7640
540,183,7640
541,183,7906
542,183,8112
543,183,7120
544,183,4299
545,183,4299
546,183,4299
547,183,4299
548,183,4124
549,183,4064
550,183,2874
551,183,1603
552,183,1603
553,183,1603
554,183,1603
555,183,1602
556,183,1534
557,183,838
558,183,616
559,183,616
560,183,616
561,183,616
562,183,616
563,183,616
564,183,616
565,183,616
566,183,616
567,183,616
568,183,616
569,183,616
570,183,616
571,183,616
572,183,616
573,183,616
490,184,366
491,184,285
492,184,767
493,184,785
494,184,785
495,184,804
496,184,776
497,184,386
498,184,386
499,184,456
500,184,409
501,184,489
502,184,465
503,184,462
504,184,592
505,184,1511
506,184,1592
507,184,1592
508,184,1592
509,184,1621
510,184,2607
511,184,3803
512,184,4959
513,184,4991
514,184,4991
515,184,4991
516,184,4989
517,184,4981
518,184,4980
519,184,5740
520,184,9367
521,184,9400
522,184,9400
523,184,9400
524,184,9715
525,184,10523
526,184,10556
527,184,10660
528,184,11449
529,184,11722
530,184,17904
531,184,18046
532,184,17446
533,184,12888
534,184,12461
535,184,12388
536,184,11075
537,184,8265
538,184,7640
539,184,7640
540,184,7640
541,184,8067
542,184,8112
543,184,6332
544,184,4364
545,184,4307
546,184,4299
547,184,4285
548,184,4081
549,184,4064
550,184,3851
551,184,1899
552,184,1603
553,184,1603
554,184,1603
555,184,1603
556,184,1603
557,184,1579
558,184,1357
559,184,1003
560,184,803
561,184,671
562,184,616
563,184,616
564,184,616
565,184,616
566,184,616
567,184,616
568,184,616
569,184,616
570,184,616
571,184,616
572,184,616
573,184,617
490,185,267
491,185,157
492,185,618
493,185,785
494,185,785
495,185,799
496,185,737
497,185,386
498,185,350
499,185,202
500,185,108
501,185,238
502,185,452
503,185,443
504,185,442
505,185,1132
506,185,1592
507,185,1592
508,185,1592
509,185,2114
510,185,2749
511,185,2749
512,185,3577
513,185,4483
514,185,4836
515,185,4796
516,185,4981
517,185,4980
518,185,4980
519,185,4980
520,185,8705
521,185,9400
522,185,9400
523,185,8617
524,185,8071
525,185,10556
526,185,10556
527,185,10762
528,185,11464
529,185,15476
530,185,18046
531,185,18046
532,185,17190
533,185,14082
534,185,12388
535,185,12388
536,185,12388
537,185,10401
538,185,8113
539,185,7958
540,185,7604
541,185,7887
542,185,8112
543,185,6756
544,185,5166
545,185,5018
546,185,4630
547,185,4407
548,185,4064
549,185,4064
550,185,4064
551,185,3354
552,185,1603
553,185,1603
554,185,1603
555,185,1603
556,185,1603
557,185,1603
558,185,1603
559,185,1603
560,185,1603
561,185,1276
562,185,616
563,185,616
564,185,616
565,185,616
566,185,616
567,185,616
568,185,626
569,185,638
570,185,616
571,185,630
572,185,663
573,185,788
490,186,202
491,186,75
492,186,249
493,186,756
494,186,785
495,186,808
496,186,627
497,186,247
498,186,140
499,186,152
500,186,270
501,186,308
502,186,442
503,186,442
504,186,452
505,186,1500
506,186,1592
507,186,1592
508,186,2085
509,186,2664
510,186,2749
511,186,2749
512,186,3892
513,186,4106
514,186,4106
515,186,4194
516,186,4926
517,186,4980
518,186,4980
519,186,4980
520,186,6660
521,186,9316
522,186,9159
523,186,4778
524,186,3669
525,186,7913
526,186,10594
527,186,11232
528,186,11614
529,186,18017
530,186,18046
531,186,16858
532,186,15333
533,186,13923
534,186,12388
535,186,11732
536,186,10497
537,186,8768
538,186,8618
539,186,8286
540,186,885
541,186,3852
542,186,6663
543,186,5263
544,186,5209
545,186,5209
546,186,5209
547,186,4607
548,186,4064
549,186,4042
550,186,4064
551,186,3191
552,186,1603
553,186,1603
554,186,1603
555,186,1603
556,186,1603
557,186,1603
558,186,1603
559,186,1603
560,186,1344
561,186,616
562,186,616
563,186,616
564,186,616
565,186,616
566,186,616
567,186,640
568,186,782
569,186,757
570,186,684
571,186,800
572,186,792
573,186,802
490,187,836
491,187,694
492,187,320
493,187,581
494,187,773
495,187,478
496,187,225
497,187,178
498,187,228
499,187,488
500,187,518
501,187,489
502,187,442
503,187,442
504,187,679
505,187,1592
506,187,1592
507,187,1939
508,187,2742
509,187,2749
510,187,2749
511,187,3017
512,187,4106
513,187,4106
514,187,4106
515,187,4106
516,187,4793
517,187,4980
518,187,4980
519,187,4980
520,187,4980
521,187,5063
522,187,5041
523,187,3664
524,187,3664
525,187,3902
526,187,7394
527,187,9979
528,187,9728
529,187,14472
530,187,15202
531,187,9148
532,187,14485
533,187,12911
534,187,11647
535,187,6949
536,187,7818
537,187,8615
538,187,8618
539,187,8618
540,187,1152
541,187,486
542,187,4581
543,187,5209
544,187,5209
545,187,5209
546,187,5209
547,187,4704
548,187,3970
549,187,3235
550,187,3298
551,187,2498
552,187,1603
553,187,1603
554,187,1603
555,187,1603
556,187,1603
557,187,1603
558,187,1603
559,187,1603
560,187,1007
561,187,631
562,187,625
563,187,628
564,187,628
565,187,625
566,187,691
567,187,784
568,187,802
569,187,802
570,187,802
571,187,802
572,187,802
573,187,802
490,188,831
491,188,836
492,188,521
493,188,470
494,188,470
495,188,470
496,188,366
497,188,453
498,188,515
499,188,518
500,188,519
501,188,517
502,188,445
503,188,442
504,188,998
505,188,1592
506,188,1592
507,188,2263
508,188,2749
509,188,2749
510,188,2749
511,188,3406
512,188,4106
513,188,4106
514,188,4106
515,188,4106
516,188,4355
517,188,4829
518,188,4855
519,188,4969
520,188,4963
521,188,3881
522,188,3664
523,188,3664
524,188,3664
525,188,4151
526,188,5241
527,188,7757
528,188,8276
529,188,8276
530,188,8276
531,188,8597
532,188,9483
533,188,9649
534,188,8072
535,188,6130
536,188,6130
537,188,6748
538,188,8139
539,188,7468
540,188,119
541,188,2970
542,188,5209
543,188,5209
544,188,5209
545,188,5209
546,188,5209
547,188,4930
548,188,3702
549,188,3029
550,188,3029
551,188,2844
552,188,2441
553,188,1654
554,188,1603
555,188,1603
556,188,1603
557,188,1603
558,188,1603
559,188,1602
560,188,805
561,188,666
562,188,666
563,188,666
564,188,666
565,188,772
566,188,790
567,188,802
568,188,802
569,188,802
570,188,802
571,188,802
572,188,802
573,188,802
490,189,771
491,189,824
492,189,513
493,189,470
494,189,470
495,189,470
496,189,493
497,189,612
498,189,664
499,189,648
500,189,614
501,189,526
502,189,455
503,189,442
504,189,1316
505,189,1592
506,189,1617
507,189,2559
508,189,2749
509,189,2749
510,189,2756
511,189,3850
512,189,4106
513,189,4106
514,189,4106
515,189,4106
516,189,4106
517,189,4106
518,189,4224
519,189,4975
520,189,4733
521,189,3727
522,189,3664
523,189,3716
524,189,4597
525,189,4982
526,189,5049
527,189,6265
528,189,8276
529,189,8095
530,189,8092
531,189,8630
532,189,9476
533,189,9476
534,189,9184
535,189,6201
536,189,6130
537,189,6130
538,189,6152
539,189,4256
540,189,4683
541,189,3112
542,189,5209
543,189,5209
544,189,5209
545,189,5209
546,189,5209
547,189,5065
548,189,3610
549,189,3029
550,189,3029
551,189,3029
552,189,3029
553,189,2188
554,189,1603
555,189,1603
556,189,1603
557,189,1588
558,189,1410
559,189,1068
560,189,666
561,189,666
562,189,666
563,189,666
564,189,666
565,189,791
566,189,802
567,189,802
568,189,802
569,189,802
570,189,802
571,189,802
572,189,802
573,189,802
490,190,771
491,190,730
492,190,447
493,190,470
494,190,470
495,190,470
496,190,593
497,190,653
498,190,686
499,190,686
500,190,686
501,190,663
502,190,691
503,190,857
504,190,1575
505,190,1592
506,190,1592
507,190,2506
508,190,2749
509,190,2749
510,190,3180
511,190,4106
512,190,4106
513,190,4106
514,190,4106
515,190,4106
516,190,4106
517,190,4106
518,190,4106
519,190,4447
520,190,3857
521,190,3664
522,190,3664
523,190,3668
524,190,4968
525,190,5049
526,190,5049
527,190,6645
528,190,6968
529,190,7472
530,190,7468
531,190,7508
532,190,9271
533,190,9476
534,190,9476
535,190,7464
536,190,6130
537,190,6130
538,190,6130
539,190,2995
540,190,4678
541,190,7
542,190,3979
543,190,5209
544,190,5209
545,190,5209
546,190,5209
547,190,4487
548,190,3834
549,190,3029
550,190,3029
551,190,3029
552,190,3029
553,190,2423
554,190,1656
555,190,1603
556,190,1603
557,190,1208
558,190,673
559,190,666
560,190,666
561,190,666
562,190,666
563,190,666
564,190,666
565,190,762
566,190,802
567,190,802
568,190,802
569,190,802
570,190,802
571,190,802
572,190,802
573,190,802
490,191,748
491,191,643
492,191,199
493,191,443
494,191,470
495,191,470
496,191,480
497,191,441
498,191,473
499,191,530
500,191,686
501,191,688
502,191,869
503,191,967
504,191,1592
505,191,1592
506,191,1386
507,191,1964
508,191,2486
509,191,2734
510,191,3146
511,191,4027
512,191,4106
513,191,4106
514,191,4106
515,191,4106
516,191,4106
517,191,4106
518,191,4097
519,191,3794
520,191,3664
521,191,3664
522,191,3664
523,191,3664
524,191,4471
525,191,5012
526,191,5048
527,191,5062
528,191,5411
529,191,6935
530,191,6519
531,191,6803
532,191,8166
533,191,8359
534,191,8657
535,191,7692
536,191,5442
537,191,5728
538,191,6123
539,191,4694
540,191,4
541,191,4746
542,191,1196
543,191,3756
544,191,3842
545,191,4775
546,191,4779
547,191,4065
548,191,3929
549,191,3029
550,191,3029
551,191,3029
552,191,3029
553,191,3029
554,191,2899
555,191,2064
556,191,1274
557,191,924
558,191,666
559,191,666
560,191,666
561,191,666
562,191,666
563,191,666
564,191,668
565,191,789
566,191,802
567,191,802
568,191,802
569,191,802
570,191,802
571,191,802
572,191,802
573,191,802
490,192,672
491,192,214
492,192,182
493,192,193
494,192,448
495,192,470
496,192,481
497,192,459
498,192,414
499,192,478
500,192,686
501,192,729
502,192,903
503,192,1000
504,192,1565
505,192,1181
506,192,903
507,192,903
508,192,903
509,192,1024
510,192,2624
511,192,2732
512,192,3242
513,192,3930
514,192,4106
515,192,4106
516,192,4106
517,192,4106
518,192,3887
519,192,3664
520,192,3664
521,192,3664
522,192,3664
523,192,3664
524,192,3629
525,192,4029
526,192,4914
527,192,4755
528,192,4673
529,192,4850
530,192,4850
531,192,5014
532,192,5734
533,192,5734
534,192,5734
535,192,5512
536,192,3979
537,192,3847
538,192,4701
539,192,5147
540,192,132
541,192,509
542,192,1374
543,192,1691
544,192,1691
545,192,1737
546,192,2730
547,192,4062
548,192,3797
549,192,3029
550,192,3029
551,192,3029
552,192,3029
553,192,3029
554,192,3029
555,192,3029
556,192,1314
557,192,666
558,192,666
559,192,666
560,192,666
561,192,666
562,192,666
563,192,666
564,192,700
565,192,802
566,192,802
567,192,802
568,192,802
569,192,802
570,192,802
571,192,802
572,192,802
573,192,802
490,193,618
491,193,182
492,193,182
493,193,182
494,193,394
495,193,303
496,193,362
497,193,452
498,193,414
499,193,544
500,193,686
501,193,779
502,193,903
503,193,930
504,193,1039
505,193,903
506,193,903
507,193,903
508,193,903
509,193,1434
510,193,2664
511,193,2664
512,193,2611
513,193,1647
514,193,2540
515,193,4066
516,193,4106
517,193,4003
518,193,3675
519,193,3664
520,193,3664
521,193,3664
522,193,2236
523,193,362
524,193,651
525,193,707
526,193,4817
527,193,4526
528,193,3778
529,193,4457
530,193,4850
531,193,4862
532,193,5585
533,193,5734
534,193,5734
535,193,5734
536,193,5033
537,193,3847
538,193,3847
539,193,2276
540,193,408
541,193,1640
542,193,1691
543,193,1691
544,193,1691
545,193,1691
546,193,1691
547,193,2072
548,193,2415
549,193,2316
550,193,2533
551,193,2977
552,193,3029
553,193,3029
554,193,3029
555,193,2118
556,193,766
557,193,666
558,193,666
559,193,666
560,193,666
561,193,666
562,193,666
563,193,666
564,193,698
565,193,802
566,193,802
567,193,802
568,193,802
569,193,802
570,193,802
571,193,802
572,193,802
573,193,802
490,194,410
491,194,182
492,194,182
493,194,173
494,194,103
495,194,103
496,194,128
497,194,512
498,194,414
499,194,414
500,194,610
501,194,813
502,194,903
503,194,902
504,194,902
505,194,902
506,194,903
507,194,903
508,194,948
509,194,2266
510,194,2751
511,194,3053
512,194,2266
513,194,1365
514,194,1365
515,194,1944
516,194,3613
517,194,3884
518,194,3664
519,194,3664
520,194,3557
521,194,3348
522,194,1335
523,194,866
524,194,784
525,194,1126
526,194,4630
527,194,4009
528,194,3820
529,194,4567
530,194,4850
531,194,4850
532,194,5552
533,194,5734
534,194,5734
535,194,5734
536,194,4885
537,194,3847
538,194,3847
539,194,3840
540,194,2053
541,194,1691
542,194,1691
543,194,1691
544,194,1691
545,194,1691
546,194,1363
547,194,191
548,194,171
549,194,93
550,194,93
551,194,136
552,194,271
553,194,1392
554,194,2972
555,194,964
556,194,666
557,194,666
558,194,666
559,194,666
560,194,666
561,194,666
562,194,666
563,194,666
564,194,666
565,194,796
566,194,802
567,194,802
568,194,802
569,194,634
570,194,352
571,194,507
572,194,502
573,194,543
490,195,200
491,195,182
492,195,218
493,195,365
494,195,126
495,195,139
496,195,380
497,195,561
498,195,447
499,195,414
500,195,442
501,195,718
502,195,882
503,195,882
504,195,882
505,195,896
506,195,903
507,195,903
508,195,1196
509,195,3387
510,195,3535
511,195,3557
512,195,2024
513,195,1365
514,195,1365
515,195,1307
516,195,896
517,195,1587
518,195,3953
519,195,3909
520,195,3148
521,195,44
522,195,1489
523,195,3198
524,195,3999
525,195,1713
526,195,3757
527,195,3757
528,195,4554
529,195,4771
530,195,4579
531,195,3421
532,195,4637
533,195,4229
534,195,3764
535,195,3149
536,195,2534
537,195,2747
538,195,2741
539,195,1919
540,195,1078
541,195,1691
542,195,1691
543,195,1691
544,195,1691
545,195,1691
546,195,779
547,195,191
548,195,183
549,195,97
550,195,93
551,195,90
552,195,37
553,195,34
554,195,603
555,195,666
556,195,666
557,195,666
558,195,666
559,195,666
560,195,666
561,195,666
562,195,666
563,195,666
564,195,658
565,195,734
566,195,802
567,195,802
568,195,802
569,195,251
570,195,99
571,195,99
572,195,99
573,195,133
490,196,232
491,196,200
492,196,343
493,196,561
494,196,462
495,196,452
496,196,561
497,196,561
498,196,527
499,196,420
500,196,412
501,196,584
502,196,568
503,196,881
504,196,881
505,196,664
506,196,520
507,196,658
508,196,2156
509,196,3544
510,196,3557
511,196,3232
512,196,1365
513,196,1365
514,196,1306
515,196,866
516,196,518
517,196,860
518,196,2226
519,196,3587
520,196,3970
521,196,288
522,196,94
523,196,251
524,196,175
525,196,3716
526,196,3757
527,196,3624
528,196,4723
529,196,3935
530,196,2276
531,196,2240
532,196,2240
533,196,2240
534,196,2240
535,196,2240
536,196,2240
537,196,1075
538,196,279
539,196,264
540,196,327
541,196,1686
542,196,1691
543,196,1691
544,196,1691
545,196,1361
546,196,223
547,196,191
548,196,191
549,196,119
550,196,92
551,196,54
552,196,34
553,196,34
554,196,34
555,196,234
556,196,516
557,196,666
558,196,477
559,196,564
560,196,654
561,196,666
562,196,545
563,196,216
564,196,230
565,196,246
566,196,745
567,196,802
568,196,801
569,196,209
570,196,99
571,196,99
572,196,99
573,196,99
490,197,262
491,197,262
492,197,376
493,197,559
494,197,561
495,197,561
496,197,561
497,197,561
498,197,561
499,197,526
500,197,363
501,197,176
502,197,261
503,197,747
504,197,427
505,197,155
506,197,152
507,197,154
508,197,3062
509,197,3557
510,197,3557
511,197,3101
512,197,1365
513,197,1241
514,197,872
515,197,518
516,197,518
517,197,518
518,197,518
519,197,700
520,197,3570
521,197,1352
522,197,454
523,197,879
524,197,1588
525,197,3266
526,197,2655
527,197,2271
528,197,2429
529,197,2811
530,197,2240
531,197,2240
532,197,2240
533,197,2240
534,197,2240
535,197,2240
536,197,2240
537,197,971
538,197,264
539,197,264
540,197,264
541,197,1438
542,197,1691
543,197,1691
544,197,1691
545,197,792
546,197,398
547,197,184
548,197,116
549,197,123
550,197,40
551,197,25
552,197,34
553,197,34
554,197,34
555,197,34
556,197,93
557,197,368
558,197,235
559,197,235
560,197,440
561,197,422
562,197,128
563,197,125
564,197,125
565,197,125
566,197,290
567,197,298
568,197,279
569,197,88
570,197,87
571,197,95
572,197,99
573,197,99
490,198,262
491,198,262
492,198,283
493,198,507
494,198,561
495,198,561
496,198,561
497,198,561
498,198,561
499,198,392
500,198,217
501,198,167
502,198,176
503,198,169
504,198,152
505,198,152
506,198,153
507,198,195
508,198,1409
509,198,3557
510,198,3557
511,198,3527
512,198,2251
513,198,519
514,198,518
515,198,518
516,198,518
517,198,518
518,198,494
519,198,324
520,198,366
521,198,360
522,198,707
523,198,985
524,198,990
525,198,1340
526,198,2035
527,198,2240
528,198,2240
529,198,2240
530,198,2240
531,198,2240
532,198,2240
533,198,2240
534,198,2240
535,198,2240
536,198,2240
537,198,629
538,198,264
539,198,264
540,198,264
541,198,628
542,198,1561
543,198,1613
544,198,854
545,198,429
546,198,315
547,198,29
548,198,38
549,198,36
550,198,19
551,198,38
552,198,46
553,198,34
554,198,34
555,198,34
556,198,65
557,198,187
558,198,235
559,198,229
560,198,200
561,198,142
562,198,125
563,198,163
564,198,186
565,198,181
566,198,112
567,198,86
568,198,86
569,198,86
570,198,86
571,198,86
572,198,92
573,198,96
490,199,259
491,199,258
492,199,262
493,199,489
494,199,550
495,199,640
496,199,717
497,199,846
498,199,530
499,199,146
500,199,97
501,199,61
502,199,150
503,199,152
504,199,152
505,199,161
506,199,606
507,199,800
508,199,1546
509,199,3045
510,199,3557
511,199,3557
512,199,2668
513,199,568
514,199,518
515,199,518
516,199,518
517,199,509
518,199,340
519,199,295
520,199,261
521,199,78
522,199,957
523,199,985
524,199,985
525,199,985
526,199,1288
527,199,2240
528,199,2240
529,199,2240
530,199,2240
531,199,2240
532,199,2240
533,199,2240
534,199,2180
535,199,2223
536,199,2096
537,199,1022
538,199,264
539,199,264
540,199,264
541,199,264
542,199,415
543,199,596
544,199,429
545,199,429
546,199,176
547,199,28
548,199,35
549,199,31
550,199,19
551,199,42
552,199,48
553,199,40
554,199,42
555,199,71
556,199,80
557,199,107
558,199,178
559,199,155
560,199,145
561,199,169
562,199,177
563,199,221
564,199,222
565,199,222
566,199,161
567,199,86
568,199,86
569,199,86
570,199,77
571,199,73
572,199,70
573,199,70
490,200,252
491,200,253
492,200,235
493,200,115
494,200,231
495,200,633
496,200,995
497,200,1119
498,200,400
499,200,139
500,200,132
501,200,65
502,200,137
503,200,152
504,200,152
505,200,488
506,200,780
507,200,800
508,200,800
509,200,947
510,200,3353
511,200,3401
512,200,1181
513,200,555
514,200,518
515,200,518
516,200,516
517,200,463
518,200,295
519,200,295
520,200,189
521,200,247
522,200,985
523,200,985
524,200,985
525,200,985
526,200,1035
527,200,2235
528,200,1909
529,200,2036
530,200,1857
531,200,1535
532,200,1515
533,200,1285
534,200,1034
535,200,1069
536,200,1028
537,200,449
538,200,264
539,200,264
540,200,264
541,200,264
542,200,264
543,200,179
544,200,204
545,200,474
546,200,234
547,200,42
548,200,35
549,200,28
550,200,23
551,200,47
552,200,48
553,200,48
554,200,61
555,200,80
556,200,80
557,200,97
558,200,110
559,200,145
560,200,146
561,200,208
562,200,222
563,200,222
564,200,222
565,200,219
566,200,102
567,200,79
568,200,83
569,200,86
570,200,77
571,200,70
572,200,70
573,200,70
490,201,251
491,201,251
492,201,139
493,201,92
494,201,780
495,201,1128
496,201,1128
497,201,1128
498,201,416
499,201,140
500,201,192
501,201,178
502,201,182
503,201,229
504,201,262
505,201,405
506,201,511
507,201,628
508,201,800
509,201,800
510,201,1490
511,201,1039
512,201,553
513,201,479
514,201,487
515,201,495
516,201,481
517,201,415
518,201,295
519,201,295
520,201,214
521,201,407
522,201,985
523,201,985
524,201,985
525,201,984
526,201,922
527,201,1184
528,201,402
529,201,402
530,201,411
531,201,966
532,201,1028
533,201,1028
534,201,1028
535,201,1028
536,201,1028
537,201,431
538,201,264
539,201,264
540,201,264
541,201,264
542,201,260
543,201,52
544,201,98
545,201,1525
546,201,1585
547,201,830
548,201,28
549,201,27
550,201,35
551,201,48
552,201,48
553,201,48
554,201,64
555,201,126
556,201,95
557,201,109
558,201,143
559,201,149
560,201,161
561,201,221
562,201,201
563,201,197
564,201,220
565,201,147
566,201,78
567,201,78
568,201,199
569,201,292
570,201,377
571,201,311
572,201,91
573,201,268
490,202,251
491,202,251
492,202,115
493,202,140
494,202,1012
495,202,1128
496,202,1128
497,202,1120
498,202,282
499,202,171
500,202,218
501,202,218
502,202,224
503,202,274
504,202,277
505,202,438
506,202,508
507,202,607
508,202,800
509,202,800
510,202,579
511,202,566
512,202,478
513,202,478
514,202,478
515,202,478
516,202,704
517,202,859
518,202,444
519,202,295
520,202,148
521,202,146
522,202,937
523,202,950
524,202,870
525,202,775
526,202,608
527,202,415
528,202,402
529,202,402
530,202,406
531,202,1026
532,202,1028
533,202,1028
534,202,1028
535,202,1028
536,202,1028
537,202,634
538,202,264
539,202,264
540,202,264
541,202,264
542,202,250
543,202,48
544,202,271
545,202,1577
546,202,1585
547,202,1141
548,202,24
549,202,37
550,202,47
551,202,75
552,202,132
553,202,169
554,202,217
555,202,422
556,202,151
557,202,152
558,202,153
559,202,151
560,202,145
561,202,142
562,202,54
563,202,52
564,202,103
565,202,72
566,202,78
567,202,78
568,202,239
569,202,1913
570,202,640
571,202,627
572,202,599
573,202,627
490,203,161
491,203,165
492,203,94
493,203,92
494,203,432
495,203,1081
496,203,1128
497,203,895
498,203,104
499,203,123
500,203,208
501,203,218
502,203,218
503,203,234
504,203,634
505,203,483
506,203,508
507,203,712
508,203,800
509,203,787
510,203,481
511,203,478
512,203,478
513,203,478
514,203,815
515,203,1664
516,203,1235
517,203,1368
518,203,1208
519,203,237
520,203,39
521,203,363
522,203,648
523,203,659
524,203,646
525,203,646
526,203,646
527,203,472
528,203,402
529,203,402
530,203,560
531,203,1027
532,203,1028
533,203,1028
534,203,1028
535,203,1028
536,203,1028
537,203,546
538,203,264
539,203,264
540,203,264
541,203,264
542,203,107
543,203,47
544,203,293
545,203,733
546,203,289
547,203,246
548,203,91
549,203,93
550,203,70
551,203,90
552,203,124
553,203,99
554,203,416
555,203,751
556,203,166
557,203,153
558,203,153
559,203,153
560,203,148
561,203,100
562,203,47
563,203,47
564,203,47
565,203,49
566,203,129
567,203,155
568,203,157
569,203,2002
570,203,1507
571,203,627
572,203,627
573,203,627
490,204,75
491,204,78
492,204,92
493,204,92
494,204,92
495,204,305
496,204,388
497,204,133
498,204,73
499,204,73
500,204,78
501,204,189
502,204,218
503,204,675
504,204,1552
505,204,778
506,204,682
507,204,790
508,204,800
509,204,743
510,204,382
511,204,386
512,204,416
513,204,539
514,204,1936
515,204,2426
516,204,1855
517,204,1474
518,204,637
519,204,27
520,204,129
521,204,637
522,204,646
523,204,646
524,204,646
525,204,646
526,204,592
527,204,482
528,204,414
529,204,427
530,204,561
531,204,1024
532,204,1028
533,204,1028
534,204,1028
535,204,1027
536,204,1027
537,204,618
538,204,261
539,204,259
540,204,262
541,204,256
542,204,65
543,204,47
544,204,47
545,204,47
546,204,104
547,204,162
548,204,162
549,204,162
550,204,141
551,204,42
552,204,40
553,204,39
554,204,508
555,204,714
556,204,226
557,204,46
558,204,76
559,204,75
560,204,60
561,204,62
562,204,47
563,204,47
564,204,47
565,204,77
566,204,187
567,204,193
568,204,336
569,204,2284
570,204,2432
571,204,1082
572,204,627
573,204,555
490,205,75
491,205,87
492,205,94
493,205,92
494,205,94
495,205,97
496,205,73
497,205,73
498,205,64
499,205,69
500,205,73
501,205,167
502,205,599
503,205,1834
504,205,1897
505,205,1870
506,205,1869
507,205,1455
508,205,847
509,205,235
510,205,32
511,205,32
512,205,236
513,205,1745
514,205,2426
515,205,2426
516,205,2426
517,205,1608
518,205,509
519,205,296
520,205,363
521,205,560
522,205,646
523,205,639
524,205,577
525,205,516
526,205,447
527,205,416
528,205,350
529,205,440
530,205,440
531,205,772
532,205,870
533,205,850
534,205,970
535,205,973
536,205,967
537,205,518
538,205,258
539,205,258
540,205,258
541,205,258
542,205,242
543,205,129
544,205,50
545,205,47
546,205,129
547,205,162
548,205,162
549,205,162
550,205,159
551,205,49
552,205,39
553,205,39
554,205,434
555,205,477
556,205,141
557,205,45
558,205,38
559,205,37
560,205,38
561,205,42
562,205,53
563,205,49
564,205,102
565,205,185
566,205,193
567,205,193
568,205,903
569,205,2455
570,205,2455
571,205,1919
572,205,627
573,205,600
490,206,151
491,206,103
492,206,99
493,206,95
494,206,102
495,206,101
496,206,67
497,206,159
498,206,311
499,206,752
500,206,372
501,206,412
502,206,1799
503,206,1897
504,206,1897
505,206,1897
506,206,1897
507,206,1897
508,206,1606
509,206,49
510,206,32
511,206,32
512,206,1025
513,206,2380
514,206,2426
515,206,2426
516,206,2426
517,206,1330
518,206,469
519,206,427
520,206,427
521,206,514
522,206,605
523,206,521
524,206,440
525,206,440
526,206,411
527,206,127
528,206,83
529,206,176
530,206,223
531,206,220
532,206,29
533,206,29
534,206,522
535,206,961
536,206,961
537,206,679
538,206,278
539,206,258
540,206,258
541,206,258
542,206,254
543,206,593
544,206,1825
545,206,207
546,206,152
547,206,162
548,206,162
549,206,161
550,206,108
551,206,48
552,206,45
553,206,48
554,206,59
555,206,55
556,206,50
557,206,50
558,206,42
559,206,38
560,206,38
561,206,39
562,206,66
563,206,67
564,206,168
565,206,193
566,206,193
567,206,193
568,206,989
569,206,2455
570,206,2455
571,206,2454
572,206,1541
573,206,186
490,207,190
491,207,103
492,207,111
493,207,259
494,207,277
495,207,152
496,207,55
497,207,1002
498,207,1592
499,207,1604
500,207,1162
501,207,118
502,207,1619
503,207,1897
504,207,1897
505,207,1897
506,207,1897
507,207,1897
508,207,1126
509,207,32
510,207,32
511,207,32
512,207,32
513,207,1415
514,207,2426
515,207,2426
516,207,2426
517,207,1702
518,207,465
519,207,427
520,207,433
521,207,440
522,207,440
523,207,440
524,207,440
525,207,438
526,207,160
527,207,81
528,207,83
529,207,87
530,207,70
531,207,61
532,207,31
533,207,29
534,207,337
535,207,961
536,207,961
537,207,961
538,207,484
539,207,252
540,207,250
541,207,249
542,207,493
543,207,2019
544,207,2173
545,207,1448
546,207,763
547,207,162
548,207,162
549,207,140
550,207,47
551,207,47
552,207,48
553,207,58
554,207,59
555,207,54
556,207,50
557,207,47
558,207,39
559,207,38
560,207,38
561,207,39
562,207,66
563,207,66
564,207,67
565,207,123
566,207,191
567,207,193
568,207,1691
569,207,2455
570,207,2455
571,207,2455
572,207,1518
573,207,64
490,208,150
491,208,139
492,208,305
493,208,343
494,208,237
495,208,136
496,208,55
497,208,1069
498,208,1518
499,208,1561
500,208,986
501,208,67
502,208,1064
503,208,1897
504,208,1889
505,208,1897
506,208,1897
507,208,1897
508,208,820
509,208,107
510,208,127
511,208,74
512,208,32
513,208,787
514,208,2363
515,208,2387
516,208,2037
517,208,450
518,208,401
519,208,424
520,208,438
521,208,440
522,208,440
523,208,440
524,208,440
525,208,295
526,208,81
527,208,81
528,208,85
529,208,87
530,208,74
531,208,60
532,208,29
533,208,29
534,208,326
535,208,961
536,208,961
537,208,961
538,208,875
539,208,270
540,208,247
541,208,247
542,208,961
543,208,2173
544,208,2173
545,208,2173
546,208,2140
547,208,1029
548,208,162
549,208,87
550,208,50
551,208,51
552,208,53
553,208,44
554,208,39
555,208,48
556,208,50
557,208,40
558,208,37
559,208,37
560,208,37
561,208,45
562,208,66
563,208,66
564,208,66
565,208,66
566,208,145
567,208,185
568,208,2101
569,208,2455
570,208,2436
571,208,2398
572,208,851
573,208,64
490,209,91
491,209,211
492,209,343
493,209,317
494,209,178
495,209,128
496,209,55
497,209,687
498,209,132
499,209,224
500,209,186
501,209,241
502,209,143
503,209,447
504,209,330
505,209,746
506,209,1443
507,209,1897
508,209,975
509,209,201
510,209,201
511,209,201
512,209,98
513,209,32
514,209,1109
515,209,2120
516,209,395
517,209,395
518,209,395
519,209,430
520,209,440
521,209,440
522,209,440
523,209,440
524,209,440
525,209,261
526,209,101
527,209,154
528,209,89
529,209,80
530,209,76
531,209,68
532,209,32
533,209,29
534,209,159
535,209,912
536,209,936
537,209,961
538,209,780
539,209,224
540,209,247
541,209,342
542,209,2009
543,209,2173
544,209,2173
545,209,2173
546,209,2123
547,209,397
548,209,157
549,209,84
550,209,53
551,209,54
552,209,54
553,209,39
554,209,24
555,209,40
556,209,39
557,209,33
558,209,33
559,209,33
560,209,33
561,209,39
562,209,66
563,209,66
564,209,66
565,209,66
566,209,55
567,209,38
568,209,319
569,209,914
570,209,640
571,209,239
572,209,64
573,209,76
490,210,64
491,210,286
492,210,343
493,210,254
494,210,176
495,210,137
496,210,60
497,210,55
498,210,55
499,210,55
500,210,148
501,210,244
502,210,103
503,210,49
504,210,49
505,210,49
506,210,103
507,210,910
508,210,384
509,210,201
510,210,201
511,210,201
512,210,140
513,210,33
514,210,221
515,210,453
516,210,395
517,210,395
518,210,395
519,210,438
520,210,440
521,210,440
522,210,440
523,210,520
524,210,448
525,210,460
526,210,440
527,210,342
528,210,74
529,210,64
530,210,80
531,210,128
532,210,286
533,210,89
534,210,80
535,210,402
536,210,571
537,210,837
538,210,389
539,210,159
540,210,198
541,210,388
542,210,1963
543,210,2173
544,210,2173
545,210,2173
546,210,2173
547,210,555
548,210,45
549,210,45
550,210,46
551,210,48
552,210,50
553,210,45
554,210,27
555,210,32
556,210,33
557,210,33
558,210,33
559,210,34
560,210,34
561,210,36
562,210,64
563,210,66
564,210,64
565,210,55
566,210,40
567,210,38
568,210,57
569,210,339
570,210,348
571,210,288
572,210,174
573,210,91
490,211,50
491,211,337
492,211,343
493,211,329
494,211,200
495,211,99
496,211,93
497,211,74
498,211,58
499,211,82
500,211,99
501,211,213
502,211,142
503,211,49
504,211,49
505,211,49
506,211,49
507,211,65
508,211,131
509,211,143
510,211,201
511,211,180
512,211,765
513,211,439
514,211,384
515,211,321
516,211,395
517,211,395
518,211,395
519,211,430
520,211,440
521,211,440
522,211,1318
523,211,2130
524,211,2111
525,211,1938
526,211,886
527,211,86
528,211,64
529,211,64
530,211,461
531,211,987
532,211,1034
533,211,989
534,211,463
535,211,567
536,211,243
537,211,248
538,211,161
539,211,140
540,211,140
541,211,138
542,211,276
543,211,625
544,211,909
545,211,1682
546,211,2173
547,211,1643
548,211,1247
549,211,46
550,211,45
551,211,45
552,211,45
553,211,45
554,211,38
555,211,33
556,211,33
557,211,33
558,211,34
559,211,35
560,211,34
561,211,43
562,211,46
563,211,47
564,211,43
565,211,33
566,211,38
567,211,40
568,211,209
569,211,348
570,211,248
571,211,125
572,211,86
573,211,93
490,212,60
491,212,244
492,212,342
493,212,343
494,212,282
495,212,93
496,212,93
497,212,93
498,212,97
499,212,99
500,212,99
501,212,97
502,212,63
503,212,49
504,212,49
505,212,49
506,212,51
507,212,57
508,212,68
509,212,144
510,212,201
511,212,108
512,212,439
513,212,1334
514,212,1215
515,212,249
516,212,267
517,212,309
518,212,340
519,212,391
520,212,440
521,212,440
522,212,1753
523,212,2132
524,212,2132
525,212,2132
526,212,1230
527,212,96
528,212,73
529,212,64
530,212,462
531,212,1034
532,212,1034
533,212,1034
534,212,934
535,212,749
536,212,632
537,212,398
538,212,178
539,212,140
540,212,139
541,212,137
542,212,84
543,212,40
544,212,47
545,212,118
546,212,1200
547,212,1993
548,212,858
549,212,180
550,212,87
551,212,80
552,212,47
553,212,45
554,212,48
555,212,33
556,212,33
557,212,52
558,212,69
559,212,63
560,212,43
561,212,38
562,212,44
563,212,44
564,212,37
565,212,33
566,212,49
567,212,73
568,212,78
569,212,103
570,212,85
571,212,88
572,212,88
573,212,89
490,213,53
491,213,102
492,213,291
493,213,311
494,213,231
495,213,96
496,213,97
497,213,104
498,213,94
499,213,99
500,213,96
501,213,71
502,213,59
503,213,49
504,213,50
505,213,56
506,213,57
507,213,58
508,213,134
509,213,201
510,213,182
511,213,53
512,213,117
513,213,1291
514,213,1412
515,213,472
516,213,161
517,213,161
518,213,161
519,213,162
520,213,236
521,213,354
522,213,2089
523,213,2132
524,213,2132
525,213,2132
526,213,1739
527,213,335
528,213,97
529,213,61
530,213,852
531,213,1034
532,213,1032
533,213,808
534,213,946
535,213,1660
536,213,1872
537,213,570
538,213,128
539,213,121
540,213,138
541,213,137
542,213,120
543,213,44
544,213,51
545,213,45
546,213,292
547,213,453
548,213,300
549,213,203
550,213,198
551,213,115
552,213,58
553,213,56
554,213,54
555,213,33
556,213,33
557,213,40
558,213,87
559,213,78
560,213,40
561,213,29
562,213,31
563,213,41
564,213,34
565,213,49
566,213,70
567,213,74
568,213,76
569,213,76
570,213,82
571,213,88
572,213,80
573,213,68
