xv,yv,rho
490,148,54
491,148,79
492,148,76
493,148,49
494,148,49
495,148,151
496,148,438
497,148,483
498,148,376
499,148,1214
500,148,582
501,148,53
502,148,132
503,148,91
504,148,52
505,148,59
506,148,57
507,148,87
508,148,176
509,148,35
510,148,42
511,148,29
512,148,26
513,148,392
514,148,1094
515,148,476
516,148,3084
517,148,1363
518,148,148
519,148,622
520,148,336
521,148,62
522,148,72
523,148,77
524,148,572
525,148,3797
526,148,2491
527,148,784
528,148,1176
529,148,138
530,148,473
531,148,93
532,148,29
533,148,26
534,148,38
535,148,70
536,148,1294
537,148,122
538,148,42
539,148,46
540,148,57
541,148,37
542,148,64
543,148,239
544,148,267
545,148,128
546,148,200
547,148,110
548,148,64
549,148,57
550,148,46
551,148,46
552,148,79
553,148,29
554,148,68
555,148,104
556,148,633
557,148,1024
558,148,1462
559,148,4288
560,148,3862
561,148,321
562,148,141
563,148,106
564,148,107
565,148,174
566,148,1137
567,148,508
568,148,119
569,148,144
570,148,77
571,148,98
572,148,102
573,148,89
490,149,391
491,149,94
492,149,203
493,149,47
494,149,55
495,149,116
496,149,763
497,149,1859
498,149,4473
499,149,3807
500,149,4275
501,149,1500
502,149,312
503,149,120
504,149,56
505,149,59
506,149,32
507,149,21
508,149,29
509,149,29
510,149,45
511,149,39
512,149,26
513,149,134
514,149,290
515,149,511
516,149,4227
517,149,857
518,149,103
519,149,785
520,149,457
521,149,115
522,149,69
523,149,73
524,149,439
525,149,2846
526,149,3447
527,149,3431
528,149,2711
529,149,114
530,149,1019
531,149,129
532,149,28
533,149,26
534,149,38
535,149,68
536,149,185
537,149,54
538,149,59
539,149,81
540,149,295
541,149,37
542,149,54
543,149,110
544,149,77
545,149,62
546,149,77
547,149,59
548,149,61
549,149,59
550,149,40
551,149,35
552,149,96
553,149,88
554,149,60
555,149,114
556,149,371
557,149,364
558,149,517
559,149,1592
560,149,525
561,149,120
562,149,219
563,149,659
564,149,147
565,149,154
566,149,150
567,149,454
568,149,104
569,149,305
570,149,180
571,149,101
572,149,93
573,149,79
490,150,511
491,150,148
492,150,502
493,150,381
494,150,110
495,150,480
496,150,1764
497,150,4488
498,150,4112
499,150,3870
500,150,1912
501,150,3012
502,150,2298
503,150,155
504,150,54
505,150,40
506,150,46
507,150,49
508,150,59
509,150,67
510,150,66
511,150,66
512,150,25
513,150,23
514,150,25
515,150,127
516,150,968
517,150,907
518,150,214
519,150,476
520,150,263
521,150,277
522,150,94
523,150,168
524,150,1658
525,150,2896
526,150,3166
527,150,5002
528,150,1893
529,150,93
530,150,300
531,150,406
532,150,572
533,150,830
534,150,72
535,150,302
536,150,69
537,150,65
538,150,63
539,150,467
540,150,1867
541,150,37
542,150,40
543,150,97
544,150,75
545,150,60
546,150,58
547,150,57
548,150,60
549,150,60
550,150,29
551,150,38
552,150,222
553,150,287
554,150,73
555,150,96
556,150,97
557,150,66
558,150,56
559,150,63
560,150,79
561,150,68
562,150,449
563,150,1198
564,150,108
565,150,59
566,150,59
567,150,61
568,150,68
569,150,403
570,150,415
571,150,76
572,150,76
573,150,373
490,151,653
491,151,203
492,151,225
493,151,255
494,151,373
495,151,447
496,151,801
497,151,3370
498,151,5959
499,151,2950
500,151,923
501,151,3297
502,151,3444
503,151,36
504,151,110
505,151,45
506,151,49
507,151,59
508,151,61
509,151,159
510,151,126
511,151,67
512,151,30
513,151,27
514,151,29
515,151,80
516,151,295
517,151,175
518,151,77
519,151,577
520,151,253
521,151,154
522,151,77
523,151,85
524,151,343
525,151,1190
526,151,1282
527,151,4319
528,151,4581
529,151,1004
530,151,92
531,151,198
532,151,264
533,151,197
534,151,382
535,151,490
536,151,68
537,151,67
538,151,319
539,151,973
540,151,2445
541,151,123
542,151,310
543,151,63
544,151,50
545,151,49
546,151,54
547,151,57
548,151,83
549,151,65
550,151,27
551,151,55
552,151,186
553,151,124
554,151,65
555,151,63
556,151,58
557,151,41
558,151,42
559,151,44
560,151,48
561,151,55
562,151,73
563,151,81
564,151,64
565,151,57
566,151,61
567,151,62
568,151,66
569,151,94
570,151,146
571,151,111
572,151,116
573,151,1070
490,152,217
491,152,41
492,152,62
493,152,79
494,152,102
495,152,131
496,152,1089
497,152,1020
498,152,5377
499,152,2285
500,152,562
501,152,1991
502,152,1169
503,152,86
504,152,329
505,152,211
506,152,46
507,152,123
508,152,144
509,152,553
510,152,193
511,152,94
512,152,107
513,152,90
514,152,103
515,152,156
516,152,170
517,152,80
518,152,84
519,152,367
520,152,306
521,152,84
522,152,41
523,152,58
524,152,192
525,152,157
526,152,243
527,152,455
528,152,1434
529,152,3577
530,152,687
531,152,62
532,152,62
533,152,55
534,152,450
535,152,1073
536,152,68
537,152,77
538,152,903
539,152,1811
540,152,763
541,152,123
542,152,317
543,152,52
544,152,47
545,152,47
546,152,47
547,152,53
548,152,120
549,152,97
550,152,18
551,152,132
552,152,375
553,152,486
554,152,64
555,152,57
556,152,56
557,152,40
558,152,95
559,152,78
560,152,42
561,152,51
562,152,58
563,152,55
564,152,55
565,152,56
566,152,56
567,152,69
568,152,595
569,152,355
570,152,124
571,152,107
572,152,155
573,152,193
490,153,98
491,153,40
492,153,38
493,153,38
494,153,40
495,153,82
496,153,207
497,153,231
498,153,89
499,153,299
500,153,146
501,153,79
502,153,120
503,153,70
504,153,276
505,153,120
506,153,61
507,153,399
508,153,296
509,153,759
510,153,307
511,153,461
512,153,1357
513,153,886
514,153,508
515,153,100
516,153,80
517,153,80
518,153,78
519,153,58
520,153,57
521,153,19
522,153,105
523,153,76
524,153,623
525,153,462
526,153,106
527,153,141
528,153,159
529,153,1817
530,153,671
531,153,62
532,153,170
533,153,217
534,153,131
535,153,89
536,153,87
537,153,114
538,153,1090
539,153,1080
540,153,626
541,153,45
542,153,36
543,153,121
544,153,694
545,153,210
546,153,38
547,153,38
548,153,89
549,153,80
550,153,24
551,153,296
552,153,967
553,153,1006
554,153,82
555,153,64
556,153,62
557,153,63
558,153,97
559,153,197
560,153,281
561,153,211
562,153,64
563,153,56
564,153,59
565,153,74
566,153,53
567,153,77
568,153,415
569,153,1061
570,153,292
571,153,116
572,153,226
573,153,400
490,154,108
491,154,38
492,154,37
493,154,38
494,154,77
495,154,155
496,154,298
497,154,144
498,154,124
499,154,140
500,154,144
501,154,140
502,154,208
503,154,425
504,154,341
505,154,83
506,154,82
507,154,330
508,154,870
509,154,1311
510,154,212
511,154,238
512,154,1476
513,154,2536
514,154,1611
515,154,143
516,154,153
517,154,150
518,154,59
519,154,112
520,154,98
521,154,210
522,154,516
523,154,38
524,154,837
525,154,343
526,154,56
527,154,68
528,154,103
529,154,146
530,154,157
531,154,206
532,154,598
533,154,1186
534,154,1400
535,154,115
536,154,97
537,154,196
538,154,146
539,154,187
540,154,43
541,154,25
542,154,33
543,154,170
544,154,1651
545,154,482
546,154,88
547,154,232
548,154,100
549,154,48
550,154,18
551,154,594
552,154,2147
553,154,662
554,154,102
555,154,72
556,154,70
557,154,79
558,154,128
559,154,96
560,154,63
561,154,70
562,154,78
563,154,70
564,154,65
565,154,118
566,154,666
567,154,1468
568,154,785
569,154,183
570,154,199
571,154,162
572,154,1566
573,154,3288
490,155,109
491,155,37
492,155,37
493,155,114
494,155,359
495,155,201
496,155,140
497,155,82
498,155,174
499,155,253
500,155,312
501,155,274
502,155,1072
503,155,1052
504,155,708
505,155,112
506,155,73
507,155,126
508,155,355
509,155,476
510,155,296
511,155,99
512,155,1087
513,155,1934
514,155,2236
515,155,754
516,155,528
517,155,868
518,155,49
519,155,139
520,155,100
521,155,256
522,155,1119
523,155,609
524,155,659
525,155,389
526,155,101
527,155,57
528,155,170
529,155,386
530,155,180
531,155,214
532,155,2042
533,155,2406
534,155,2051
535,155,97
536,155,136
537,155,280
538,155,125
539,155,82
540,155,25
541,155,25
542,155,29
543,155,50
544,155,82
545,155,123
546,155,202
547,155,414
548,155,578
549,155,105
550,155,1141
551,155,1487
552,155,2994
553,155,2060
554,155,353
555,155,137
556,155,95
557,155,122
558,155,329
559,155,341
560,155,68
561,155,87
562,155,102
563,155,68
564,155,50
565,155,124
566,155,907
567,155,1639
568,155,2384
569,155,185
570,155,92
571,155,175
572,155,813
573,155,3498
490,156,224
491,156,99
492,156,170
493,156,596
494,156,649
495,156,398
496,156,193
497,156,252
498,156,557
499,156,1005
500,156,1843
501,156,1106
502,156,392
503,156,168
504,156,659
505,156,324
506,156,35
507,156,34
508,156,34
509,156,68
510,156,255
511,156,135
512,156,214
513,156,403
514,156,2865
515,156,1656
516,156,2515
517,156,1937
518,156,484
519,156,214
520,156,216
521,156,69
522,156,1328
523,156,2654
524,156,770
525,156,672
526,156,246
527,156,164
528,156,743
529,156,827
530,156,414
531,156,532
532,156,5486
533,156,2666
534,156,2497
535,156,120
536,156,389
537,156,354
538,156,38
539,156,25
540,156,84
541,156,422
542,156,123
543,156,60
544,156,61
545,156,46
546,156,46
547,156,106
548,156,118
549,156,235
550,156,1176
551,156,2788
552,156,1668
553,156,4101
554,156,538
555,156,256
556,156,76
557,156,103
558,156,189
559,156,394
560,156,424
561,156,518
562,156,242
563,156,71
564,156,44
565,156,168
566,156,153
567,156,250
568,156,183
569,156,242
570,156,550
571,156,234
572,156,124
573,156,1935
490,157,1211
491,157,664
492,157,258
493,157,579
494,157,515
495,157,1296
496,157,1692
497,157,1881
498,157,1363
499,157,2884
500,157,3818
501,157,3308
502,157,367
503,157,205
504,157,288
505,157,125
506,157,35
507,157,34
508,157,41
509,157,55
510,157,85
511,157,121
512,157,101
513,157,99
514,157,142
515,157,577
516,157,3063
517,157,2067
518,157,1540
519,157,304
520,157,473
521,157,582
522,157,1813
523,157,4495
524,157,883
525,157,186
526,157,186
527,157,515
528,157,590
529,157,838
530,157,914
531,157,2857
532,157,1419
533,157,995
534,157,1517
535,157,974
536,157,382
537,157,231
538,157,29
539,157,28
540,157,390
541,157,812
542,157,351
543,157,92
544,157,86
545,157,85
546,157,53
547,157,59
548,157,27
549,157,27
550,157,491
551,157,1029
552,157,372
553,157,930
554,157,800
555,157,313
556,157,119
557,157,83
558,157,113
559,157,191
560,157,1598
561,157,1695
562,157,393
563,157,114
564,157,46
565,157,180
566,157,91
567,157,1163
568,157,618
569,157,1751
570,157,792
571,157,1351
572,157,556
573,157,621
490,158,471
491,158,73
492,158,72
493,158,55
494,158,430
495,158,1419
496,158,5269
497,158,6009
498,158,5435
499,158,4641
500,158,4808
501,158,2459
502,158,683
503,158,186
504,158,237
505,158,63
506,158,51
507,158,40
508,158,50
509,158,64
510,158,80
511,158,205
512,158,189
513,158,126
514,158,129
515,158,147
516,158,1521
517,158,2545
518,158,3136
519,158,776
520,158,336
521,158,227
522,158,1528
523,158,2381
524,158,1417
525,158,784
526,158,169
527,158,1206
528,158,1404
529,158,1341
530,158,2620
531,158,1213
532,158,742
533,158,2010
534,158,2021
535,158,1823
536,158,1707
537,158,46
538,158,29
539,158,29
540,158,1007
541,158,3556
542,158,1921
543,158,134
544,158,103
545,158,92
546,158,83
547,158,94
548,158,17
549,158,22
550,158,118
551,158,704
552,158,308
553,158,663
554,158,1705
555,158,1018
556,158,198
557,158,50
558,158,41
559,158,50
560,158,135
561,158,148
562,158,85
563,158,220
564,158,282
565,158,144
566,158,123
567,158,524
568,158,875
569,158,4384
570,158,3790
571,158,2422
572,158,2216
573,158,232
490,159,3522
491,159,77
492,159,18
493,159,42
494,159,926
495,159,2151
496,159,649
497,159,2130
498,159,1737
499,159,3672
500,159,2933
501,159,5790
502,159,2966
503,159,2198
504,159,1253
505,159,83
506,159,359
507,159,47
508,159,61
509,159,67
510,159,331
511,159,1049
512,159,1440
513,159,466
514,159,658
515,159,296
516,159,219
517,159,235
518,159,1667
519,159,1674
520,159,1692
521,159,1527
522,159,1336
523,159,2647
524,159,2711
525,159,2631
526,159,590
527,159,1662
528,159,3722
529,159,2977
530,159,2465
531,159,2423
532,159,2259
533,159,1679
534,159,1639
535,159,1350
536,159,590
537,159,273
538,159,34
539,159,40
540,159,278
541,159,2054
542,159,652
543,159,204
544,159,156
545,159,95
546,159,84
547,159,301
548,159,347
549,159,177
550,159,118
551,159,518
552,159,459
553,159,767
554,159,587
555,159,116
556,159,84
557,159,45
558,159,42
559,159,41
560,159,1014
561,159,283
562,159,41
563,159,108
564,159,132
565,159,126
566,159,181
567,159,193
568,159,184
569,159,2307
570,159,2826
571,159,461
572,159,322
573,159,230
490,160,2018
491,160,113
492,160,58
493,160,293
494,160,2039
495,160,845
496,160,259
497,160,187
498,160,174
499,160,459
500,160,643
501,160,727
502,160,3349
503,160,1915
504,160,1621
505,160,541
506,160,3120
507,160,352
508,160,159
509,160,228
510,160,3287
511,160,2182
512,160,1434
513,160,1129
514,160,992
515,160,235
516,160,126
517,160,179
518,160,269
519,160,2056
520,160,3498
521,160,4516
522,160,1029
523,160,1266
524,160,1425
525,160,2542
526,160,748
527,160,469
528,160,921
529,160,1817
530,160,3789
531,160,4366
532,160,2778
533,160,957
534,160,2325
535,160,874
536,160,65
537,160,54
538,160,48
539,160,138
540,160,325
541,160,353
542,160,231
543,160,109
544,160,119
545,160,96
546,160,100
547,160,90
548,160,369
549,160,204
550,160,104
551,160,51
552,160,140
553,160,144
554,160,38
555,160,41
556,160,67
557,160,68
558,160,64
559,160,46
560,160,50
561,160,48
562,160,47
563,160,100
564,160,83
565,160,72
566,160,155
567,160,92
568,160,64
569,160,841
570,160,1086
571,160,302
572,160,750
573,160,535
490,161,915
491,161,907
492,161,2347
493,161,782
494,161,526
495,161,390
496,161,223
497,161,262
498,161,120
499,161,151
500,161,108
501,161,120
502,161,526
503,161,1556
504,161,3191
505,161,2145
506,161,2528
507,161,518
508,161,225
509,161,100
510,161,252
511,161,219
512,161,893
513,161,748
514,161,420
515,161,181
516,161,145
517,161,147
518,161,372
519,161,2312
520,161,4764
521,161,4049
522,161,1057
523,161,783
524,161,1117
525,161,1268
526,161,1038
527,161,129
528,161,191
529,161,1143
530,161,2363
531,161,4514
532,161,2183
533,161,2829
534,161,1315
535,161,1035
536,161,581
537,161,123
538,161,3369
539,161,1582
540,161,196
541,161,446
542,161,117
543,161,111
544,161,77
545,161,92
546,161,120
547,161,136
548,161,245
549,161,427
550,161,155
551,161,273
552,161,86
553,161,31
554,161,31
555,161,47
556,161,77
557,161,107
558,161,108
559,161,63
560,161,61
561,161,61
562,161,61
563,161,633
564,161,1445
565,161,58
566,161,95
567,161,64
568,161,118
569,161,2983
570,161,3220
571,161,309
572,161,469
573,161,323
490,162,1075
491,162,1784
492,162,1852
493,162,888
494,162,135
495,162,222
496,162,359
497,162,1570
498,162,258
499,162,27
500,162,80
501,162,135
502,162,325
503,162,814
504,162,2974
505,162,1682
506,162,394
507,162,852
508,162,307
509,162,564
510,162,117
511,162,121
512,162,119
513,162,179
514,162,382
515,162,768
516,162,525
517,162,233
518,162,325
519,162,882
520,162,3216
521,162,4359
522,162,2041
523,162,1802
524,162,2357
525,162,5447
526,162,2337
527,162,1897
528,162,1744
529,162,3215
530,162,2339
531,162,2795
532,162,5105
533,162,2535
534,162,2805
535,162,4772
536,162,5278
537,162,1692
538,162,5600
539,162,714
540,162,89
541,162,135
542,162,147
543,162,249
544,162,68
545,162,286
546,162,263
547,162,504
548,162,197
549,162,342
550,162,184
551,162,204
552,162,77
553,162,30
554,162,25
555,162,71
556,162,115
557,162,773
558,162,207
559,162,64
560,162,61
561,162,62
562,162,63
563,162,433
564,162,878
565,162,45
566,162,55
567,162,55
568,162,45
569,162,405
570,162,1494
571,162,213
572,162,253
573,162,220
490,163,495
491,163,1773
492,163,246
493,163,1212
494,163,426
495,163,90
496,163,138
497,163,114
498,163,49
499,163,36
500,163,50
501,163,351
502,163,1796
503,163,2050
504,163,1836
505,163,1169
506,163,461
507,163,1375
508,163,1557
509,163,1041
510,163,827
511,163,1159
512,163,441
513,163,394
514,163,976
515,163,2631
516,163,1432
517,163,2775
518,163,3687
519,163,2276
520,163,3329
521,163,3797
522,163,2783
523,163,772
524,163,4113
525,163,7396
526,163,6900
527,163,4721
528,163,5124
529,163,6242
530,163,4425
531,163,1915
532,163,6298
533,163,2514
534,163,1568
535,163,1852
536,163,1259
537,163,3947
538,163,5684
539,163,56
540,163,82
541,163,272
542,163,269
543,163,179
544,163,249
545,163,1880
546,163,2016
547,163,420
548,163,81
549,163,86
550,163,88
551,163,95
552,163,52
553,163,20
554,163,18
555,163,77
556,163,655
557,163,1857
558,163,232
559,163,81
560,163,63
561,163,63
562,163,63
563,163,315
564,163,283
565,163,76
566,163,33
567,163,119
568,163,106
569,163,243
570,163,920
571,163,227
572,163,60
573,163,73
490,164,59
491,164,275
492,164,997
493,164,525
494,164,311
495,164,23
496,164,23
497,164,23
498,164,29
499,164,58
500,164,72
501,164,212
502,164,535
503,164,962
504,164,4414
505,164,4250
506,164,1476
507,164,3395
508,164,3755
509,164,1852
510,164,2653
511,164,4157
512,164,1340
513,164,1416
514,164,1448
515,164,1578
516,164,721
517,164,3673
518,164,5613
519,164,3406
520,164,4433
521,164,4460
522,164,5068
523,164,4388
524,164,6060
525,164,7813
526,164,8616
527,164,4939
528,164,6039
529,164,6353
530,164,5124
531,164,5984
532,164,8276
533,164,4054
534,164,673
535,164,378
536,164,501
537,164,2265
538,164,683
539,164,2034
540,164,695
541,164,863
542,164,725
543,164,1926
544,164,2689
545,164,4596
546,164,4270
547,164,800
548,164,116
549,164,88
550,164,95
551,164,23
552,164,18
553,164,142
554,164,153
555,164,44
556,164,184
557,164,650
558,164,177
559,164,82
560,164,406
561,164,204
562,164,77
563,164,203
564,164,118
565,164,82
566,164,51
567,164,97
568,164,92
569,164,235
570,164,1039
571,164,632
572,164,83
573,164,74
490,165,31
491,165,41
492,165,260
493,165,185
494,165,63
495,165,90
496,165,35
497,165,31
498,165,80
499,165,92
500,165,166
501,165,177
502,165,425
503,165,1470
504,165,2356
505,165,767
506,165,695
507,165,2555
508,165,1700
509,165,2230
510,165,2990
511,165,3945
512,165,1170
513,165,948
514,165,1178
515,165,2666
516,165,1737
517,165,1189
518,165,6429
519,165,3825
520,165,1777
521,165,3646
522,165,5953
523,165,5827
524,165,5722
525,165,5812
526,165,6495
527,165,6597
528,165,4682
529,165,1344
530,165,2467
531,165,6198
532,165,4897
533,165,7562
534,165,2214
535,165,2177
536,165,4314
537,165,5358
538,165,3019
539,165,3276
540,165,1153
541,165,566
542,165,2049
543,165,2006
544,165,3226
545,165,4475
546,165,3680
547,165,2185
548,165,256
549,165,72
550,165,99
551,165,28
552,165,31
553,165,289
554,165,731
555,165,122
556,165,96
557,165,103
558,165,88
559,165,228
560,165,3812
561,165,564
562,165,120
563,165,281
564,165,763
565,165,159
566,165,52
567,165,32
568,165,80
569,165,112
570,165,265
571,165,193
572,165,122
573,165,780
490,166,36
491,166,42
492,166,676
493,166,373
494,166,871
495,166,1151
496,166,173
497,166,69
498,166,222
499,166,494
500,166,204
501,166,346
502,166,198
503,166,2593
504,166,3467
505,166,1279
506,166,418
507,166,496
508,166,971
509,166,2316
510,166,6049
511,166,3426
512,166,683
513,166,817
514,166,2218
515,166,2537
516,166,4044
517,166,4338
518,166,5910
519,166,5032
520,166,4556
521,166,4826
522,166,5386
523,166,5700
524,166,6104
525,166,5752
526,166,6306
527,166,8541
528,166,3294
529,166,243
530,166,3943
531,166,12696
532,166,8512
533,166,10527
534,166,7600
535,166,3654
536,166,2777
537,166,2438
538,166,2900
539,166,4538
540,166,2678
541,166,430
542,166,1877
543,166,1404
544,166,3183
545,166,3699
546,166,4054
547,166,5082
548,166,180
549,166,79
550,166,380
551,166,147
552,166,102
553,166,126
554,166,570
555,166,254
556,166,110
557,166,111
558,166,68
559,166,145
560,166,982
561,166,190
562,166,93
563,166,192
564,166,606
565,166,143
566,166,28
567,166,27
568,166,58
569,166,92
570,166,733
571,166,449
572,166,515
573,166,2965
490,167,68
491,167,450
492,167,1528
493,167,2459
494,167,1181
495,167,954
496,167,263
497,167,100
498,167,321
499,167,1255
500,167,824
501,167,166
502,167,232
503,167,1436
504,167,795
505,167,151
506,167,591
507,167,2358
508,167,3364
509,167,664
510,167,2453
511,167,912
512,167,1404
513,167,2742
514,167,1845
515,167,2943
516,167,1266
517,167,6520
518,167,8546
519,167,4719
520,167,3538
521,167,5484
522,167,4155
523,167,3874
524,167,3274
525,167,5339
526,167,6960
527,167,3398
528,167,435
529,167,997
530,167,6160
531,167,11274
532,167,8870
533,167,6047
534,167,9550
535,167,5064
536,167,5868
537,167,2185
538,167,2333
539,167,3791
540,167,2512
541,167,2201
542,167,4458
543,167,3204
544,167,4060
545,167,3571
546,167,4119
547,167,3559
548,167,195
549,167,125
550,167,672
551,167,971
552,167,376
553,167,64
554,167,122
555,167,189
556,167,202
557,167,143
558,167,63
559,167,107
560,167,1710
561,167,527
562,167,162
563,167,381
564,167,1312
565,167,452
566,167,123
567,167,64
568,167,25
569,167,75
570,167,650
571,167,520
572,167,909
573,167,2542
490,168,665
491,168,872
492,168,1051
493,168,927
494,168,491
495,168,379
496,168,162
497,168,78
498,168,239
499,168,610
500,168,1001
501,168,523
502,168,244
503,168,166
504,168,579
505,168,276
506,168,791
507,168,1272
508,168,1078
509,168,1333
510,168,2080
511,168,651
512,168,2055
513,168,5231
514,168,3753
515,168,1256
516,168,87
517,168,1974
518,168,7551
519,168,3920
520,168,7029
521,168,6211
522,168,4435
523,168,3875
524,168,5568
525,168,5503
526,168,5293
527,168,6419
528,168,3103
529,168,6142
530,168,8527
531,168,11017
532,168,10316
533,168,8862
534,168,9205
535,168,2647
536,168,5805
537,168,2435
538,168,3155
539,168,5059
540,168,4465
541,168,5646
542,168,3688
543,168,1613
544,168,1065
545,168,2216
546,168,4800
547,168,4899
548,168,419
549,168,62
550,168,3409
551,168,3856
552,168,1545
553,168,91
554,168,69
555,168,226
556,168,385
557,168,77
558,168,53
559,168,253
560,168,2417
561,168,1395
562,168,1288
563,168,201
564,168,154
565,168,224
566,168,330
567,168,124
568,168,23
569,168,38
570,168,56
571,168,4137
572,168,5216
573,168,912
490,169,2617
491,169,2298
492,169,340
493,169,201
494,169,456
495,169,87
496,169,37
497,169,50
498,169,124
499,169,352
500,169,524
501,169,461
502,169,572
503,169,1114
504,169,1375
505,169,752
506,169,154
507,169,155
508,169,1304
509,169,2679
510,169,2846
511,169,1941
512,169,1138
513,169,3509
514,169,1053
515,169,253
516,169,201
517,169,3736
518,169,8035
519,169,8530
520,169,4266
521,169,2316
522,169,4477
523,169,7839
524,169,6643
525,169,5388
526,169,6482
527,169,9333
528,169,8696
529,169,7821
530,169,9184
531,169,5989
532,169,8089
533,169,5368
534,169,6840
535,169,8652
536,169,5681
537,169,5198
538,169,4543
539,169,4770
540,169,5068
541,169,4394
542,169,1934
543,169,1718
544,169,743
545,169,1724
546,169,4681
547,169,1143
548,169,125
549,169,269
550,169,2986
551,169,2539
552,169,783
553,169,196
554,169,180
555,169,1141
556,169,2348
557,169,52
558,169,110
559,169,481
560,169,593
561,169,712
562,169,673
563,169,1103
564,169,277
565,169,45
566,169,59
567,169,29
568,169,34
569,169,57
570,169,394
571,169,1914
572,169,5003
573,169,5983
490,170,770
491,170,1348
492,170,391
493,170,69
494,170,55
495,170,38
496,170,36
497,170,57
498,170,2277
499,170,4222
500,170,2432
501,170,1208
502,170,3362
503,170,2605
504,170,5040
505,170,4006
506,170,639
507,170,1861
508,170,4564
509,170,5787
510,170,2387
511,170,847
512,170,4390
513,170,4608
514,170,1969
515,170,1852
516,170,4676
517,170,4332
518,170,8169
519,170,5316
520,170,1158
521,170,792
522,170,1364
523,170,4166
524,170,7046
525,170,10198
526,170,9876
527,170,11561
528,170,12613
529,170,11803
530,170,7204
531,170,4198
532,170,5620
533,170,8634
534,170,5513
535,170,8412
536,170,2519
537,170,4261
538,170,1607
539,170,5154
540,170,4824
541,170,991
542,170,1842
543,170,1928
544,170,1408
545,170,447
546,170,1576
547,170,1778
548,170,810
549,170,259
550,170,400
551,170,1791
552,170,1497
553,170,273
554,170,239
555,170,609
556,170,275
557,170,165
558,170,125
559,170,89
560,170,177
561,170,253
562,170,184
563,170,1347
564,170,152
565,170,1891
566,170,1140
567,170,56
568,170,178
569,170,350
570,170,353
571,170,384
572,170,933
573,170,3522
490,171,134
491,171,53
492,171,69
493,171,55
494,171,56
495,171,37
496,171,36
497,171,72
498,171,730
499,171,1911
500,171,1662
501,171,2746
502,171,2979
503,171,2663
504,171,3244
505,171,3111
506,171,5355
507,171,4734
508,171,3154
509,171,3117
510,171,1840
511,171,2655
512,171,6555
513,171,3006
514,171,4630
515,171,7251
516,171,4133
517,171,4401
518,171,3257
519,171,140
520,171,1424
521,171,1412
522,171,103
523,171,1106
524,171,3382
525,171,6832
526,171,5593
527,171,14374
528,171,10991
529,171,9479
530,171,9530
531,171,9368
532,171,8467
533,171,6421
534,171,5601
535,171,8900
536,171,6007
537,171,5778
538,171,5504
539,171,7289
540,171,5837
541,171,3177
542,171,5257
543,171,5589
544,171,1885
545,171,2716
546,171,4269
547,171,1717
548,171,1263
549,171,265
550,171,1603
551,171,1058
552,171,436
553,171,703
554,171,679
555,171,581
556,171,753
557,171,1399
558,171,153
559,171,196
560,171,75
561,171,231
562,171,192
563,171,1779
564,171,1320
565,171,4941
566,171,5171
567,171,414
568,171,122
569,171,324
570,171,932
571,171,1304
572,171,85
573,171,269
490,172,148
491,172,90
492,172,263
493,172,48
494,172,45
495,172,37
496,172,36
497,172,41
498,172,150
499,172,133
500,172,221
501,172,566
502,172,338
503,172,936
504,172,662
505,172,1724
506,172,2829
507,172,987
508,172,471
509,172,4943
510,172,5698
511,172,2444
512,172,5699
513,172,3708
514,172,5526
515,172,5292
516,172,1991
517,172,3319
518,172,429
519,172,130
520,172,116
521,172,1007
522,172,863
523,172,3131
524,172,4006
525,172,7392
526,172,8903
527,172,8502
528,172,11965
529,172,5045
530,172,12144
531,172,9920
532,172,7347
533,172,1779
534,172,5304
535,172,9234
536,172,8000
537,172,5986
538,172,6263
539,172,6878
540,172,6210
541,172,3229
542,172,6092
543,172,4842
544,172,4753
545,172,4965
546,172,4505
547,172,4286
548,172,1390
549,172,215
550,172,1892
551,172,2192
552,172,1382
553,172,2061
554,172,1498
555,172,396
556,172,702
557,172,452
558,172,450
559,172,960
560,172,84
561,172,166
562,172,3480
563,172,5595
564,172,4346
565,172,6351
566,172,5507
567,172,972
568,172,133
569,172,55
570,172,94
571,172,499
572,172,55
573,172,248
490,173,132
491,173,118
492,173,297
493,173,64
494,173,72
495,173,56
496,173,49
497,173,43
498,173,1057
499,173,683
500,173,367
501,173,217
502,173,89
503,173,102
504,173,228
505,173,2455
506,173,3899
507,173,487
508,173,4033
509,173,6520
510,173,7381
511,173,4044
512,173,3748
513,173,5354
514,173,6296
515,173,6245
516,173,5143
517,173,1428
518,173,791
519,173,257
520,173,136
521,173,1141
522,173,6806
523,173,4670
524,173,10410
525,173,10098
526,173,8396
527,173,6036
528,173,13307
529,173,10920
530,173,14334
531,173,10185
532,173,4066
533,173,1652
534,173,6141
535,173,8458
536,173,8957
537,173,7181
538,173,10057
539,173,7456
540,173,6492
541,173,3296
542,173,2402
543,173,2031
544,173,4632
545,173,6218
546,173,3546
547,173,4913
548,173,3331
549,173,2351
550,173,1157
551,173,1437
552,173,2976
553,173,5446
554,173,2788
555,173,4327
556,173,5165
557,173,1171
558,173,276
559,173,261
560,173,1402
561,173,451
562,173,2452
563,173,8086
564,173,7526
565,173,4998
566,173,4421
567,173,999
568,173,78
569,173,56
570,173,66
571,173,62
572,173,32
573,173,1466
490,174,45
491,174,50
492,174,64
493,174,74
494,174,284
495,174,96
496,174,109
497,174,235
498,174,2331
499,174,1036
500,174,762
501,174,362
502,174,89
503,174,289
504,174,752
505,174,1857
506,174,1234
507,174,99
508,174,1910
509,174,3027
510,174,3424
511,174,1762
512,174,4122
513,174,8684
514,174,6423
515,174,5255
516,174,6806
517,174,5556
518,174,7378
519,174,1164
520,174,1528
521,174,3571
522,174,5959
523,174,8488
524,174,9812
525,174,10126
526,174,9206
527,174,9684
528,174,7694
529,174,11603
530,174,13910
531,174,10767
532,174,6702
533,174,8532
534,174,8311
535,174,4506
536,174,8644
537,174,7574
538,174,10569
539,174,7461
540,174,5122
541,174,3877
542,174,4073
543,174,3136
544,174,2528
545,174,6429
546,174,5643
547,174,3300
548,174,4241
549,174,2735
550,174,1765
551,174,3436
552,174,4820
553,174,6038
554,174,3712
555,174,5340
556,174,1009
557,174,2031
558,174,3900
559,174,2938
560,174,3970
561,174,2185
562,174,1108
563,174,2119
564,174,2453
565,174,2439
566,174,433
567,174,241
568,174,73
569,174,54
570,174,35
571,174,29
572,174,27
573,174,25
490,175,65
491,175,71
492,175,87
493,175,1865
494,175,2913
495,175,2171
496,175,2672
497,175,76
498,175,365
499,175,300
500,175,301
501,175,232
502,175,180
503,175,303
504,175,199
505,175,56
506,175,76
507,175,55
508,175,49
509,175,213
510,175,700
511,175,4590
512,175,9355
513,175,10061
514,175,7509
515,175,4355
516,175,5259
517,175,658
518,175,6692
519,175,6821
520,175,8840
521,175,6810
522,175,4768
523,175,10499
524,175,5612
525,175,5322
526,175,12122
527,175,12998
528,175,11511
529,175,12621
530,175,15792
531,175,12376
532,175,8415
533,175,10905
534,175,11431
535,175,7726
536,175,10469
537,175,8233
538,175,7639
539,175,7128
540,175,2760
541,175,5103
542,175,6394
543,175,4300
544,175,1987
545,175,6460
546,175,5325
547,175,4149
548,175,5123
549,175,4438
550,175,3493
551,175,2985
552,175,2704
553,175,973
554,175,2577
555,175,2031
556,175,169
557,175,266
558,175,1014
559,175,1566
560,175,179
561,175,163
562,175,136
563,175,129
564,175,363
565,175,74
566,175,64
567,175,36
568,175,45
569,175,42
570,175,28
571,175,26
572,175,23
573,175,587
490,176,64
491,176,96
492,176,125
493,176,3588
494,176,4912
495,176,4210
496,176,5351
497,176,168
498,176,562
499,176,1557
500,176,314
501,176,154
502,176,809
503,176,815
504,176,128
505,176,72
506,176,108
507,176,230
508,176,255
509,176,240
510,176,5193
511,176,6695
512,176,7434
513,176,6151
514,176,7806
515,176,7496
516,176,4591
517,176,374
518,176,2138
519,176,5194
520,176,1509
521,176,4499
522,176,3050
523,176,4319
524,176,14445
525,176,12475
526,176,9883
527,176,13072
528,176,11892
529,176,11903
530,176,16652
531,176,13736
532,176,11748
533,176,13086
534,176,11645
535,176,11417
536,176,10030
537,176,11001
538,176,7149
539,176,2362
540,176,4303
541,176,4722
542,176,5178
543,176,2827
544,176,973
545,176,4890
546,176,5591
547,176,7453
548,176,5810
549,176,4190
550,176,5794
551,176,6435
552,176,2435
553,176,384
554,176,115
555,176,381
556,176,200
557,176,74
558,176,58
559,176,93
560,176,150
561,176,192
562,176,128
563,176,2080
564,176,5854
565,176,2081
566,176,70
567,176,35
568,176,35
569,176,35
570,176,26
571,176,23
572,176,24
573,176,1354
490,177,466
491,177,316
492,177,133
493,177,351
494,177,845
495,177,1110
496,177,1861
497,177,167
498,177,894
499,177,969
500,177,620
501,177,1792
502,177,1402
503,177,468
504,177,136
505,177,608
506,177,276
507,177,1259
508,177,3490
509,177,1112
510,177,1804
511,177,4475
512,177,6009
513,177,4426
514,177,1586
515,177,3172
516,177,3132
517,177,5553
518,177,3469
519,177,6383
520,177,5232
521,177,3896
522,177,4752
523,177,9608
524,177,18674
525,177,12575
526,177,14101
527,177,6521
528,177,3151
529,177,4566
530,177,13746
531,177,13741
532,177,14796
533,177,12340
534,177,11569
535,177,9842
536,177,10413
537,177,10019
538,177,5020
539,177,4949
540,177,7655
541,177,7867
542,177,2095
543,177,10726
544,177,6730
545,177,5866
546,177,3102
547,177,5542
548,177,6106
549,177,5562
550,177,5492
551,177,6661
552,177,2387
553,177,158
554,177,101
555,177,277
556,177,258
557,177,107
558,177,1325
559,177,1623
560,177,2912
561,177,5411
562,177,3629
563,177,531
564,177,880
565,177,233
566,177,105
567,177,46
568,177,35
569,177,35
570,177,26
571,177,23
572,177,23
573,177,24
490,178,1323
491,178,540
492,178,57
493,178,69
494,178,1645
495,178,625
496,178,693
497,178,359
498,178,552
499,178,1939
500,178,4582
501,178,6340
502,178,987
503,178,251
504,178,218
505,178,1416
506,178,3105
507,178,1030
508,178,2226
509,178,6021
510,178,2135
511,178,4259
512,178,8345
513,178,2784
514,178,207
515,178,306
516,178,2630
517,178,9014
518,178,4074
519,178,4361
520,178,7857
521,178,9276
522,178,7651
523,178,8917
524,178,17306
525,178,19596
526,178,12953
527,178,13266
528,178,12573
529,178,22474
530,178,7711
531,178,15759
532,178,15308
533,178,14369
534,178,12491
535,178,8826
536,178,9499
537,178,10283
538,178,4905
539,178,6511
540,178,3989
541,178,5295
542,178,8732
543,178,9090
544,178,12862
545,178,10759
546,178,7792
547,178,3493
548,178,3839
549,178,6191
550,178,4367
551,178,2668
552,178,248
553,178,131
554,178,794
555,178,3196
556,178,1644
557,178,145
558,178,710
559,178,5761
560,178,2361
561,178,4058
562,178,5252
563,178,1047
564,178,3542
565,178,1276
566,178,109
567,178,1350
568,178,1736
569,178,70
570,178,45
571,178,23
572,178,24
573,178,24
490,179,602
491,179,495
492,179,100
493,179,193
494,179,1684
495,179,4159
496,179,5914
497,179,6967
498,179,5208
499,179,4809
500,179,5348
501,179,4698
502,179,996
503,179,1116
504,179,279
505,179,2644
506,179,6326
507,179,2371
508,179,3982
509,179,4611
510,179,2001
511,179,5502
512,179,7709
513,179,3464
514,179,2418
515,179,5318
516,179,10856
517,179,8444
518,179,4325
519,179,6610
520,179,11771
521,179,11620
522,179,15284
523,179,16635
524,179,9857
525,179,12714
526,179,7219
527,179,7385
528,179,3887
529,179,5610
530,179,2553
531,179,10804
532,179,16708
533,179,16253
534,179,11080
535,179,7871
536,179,6521
537,179,11627
538,179,5989
539,179,1501
540,179,1030
541,179,971
542,179,3364
543,179,3805
544,179,7250
545,179,2741
546,179,5638
547,179,8537
548,179,3856
549,179,2242
550,179,360
551,179,170
552,179,24
553,179,49
554,179,115
555,179,197
556,179,1570
557,179,178
558,179,199
559,179,2595
560,179,5840
561,179,5026
562,179,4197
563,179,1594
564,179,3291
565,179,1274
566,179,122
567,179,1018
568,179,714
569,179,70
570,179,64
571,179,26
572,179,24
573,179,24
490,180,404
491,180,123
492,180,318
493,180,3645
494,180,6751
495,180,3012
496,180,4472
497,180,6862
498,180,5657
499,180,4924
500,180,393
501,180,221
502,180,421
503,180,486
504,180,191
505,180,2229
506,180,4944
507,180,628
508,180,1810
509,180,5502
510,180,6447
511,180,4054
512,180,12237
513,180,6528
514,180,2327
515,180,7738
516,180,11247
517,180,6214
518,180,6555
519,180,6943
520,180,11013
521,180,8906
522,180,15657
523,180,8701
524,180,12423
525,180,13430
526,180,5366
527,180,1370
528,180,3655
529,180,3241
530,180,2242
531,180,4405
532,180,3108
533,180,2410
534,180,11849
535,180,10403
536,180,8456
537,180,6761
538,180,7424
539,180,880
540,180,5580
541,180,1320
542,180,2482
543,180,3819
544,180,1919
545,180,3190
546,180,5895
547,180,5941
548,180,324
549,180,336
550,180,261
551,180,44
552,180,24
553,180,24
554,180,43
555,180,188
556,180,3857
557,180,805
558,180,2968
559,180,1357
560,180,552
561,180,3179
562,180,2038
563,180,623
564,180,192
565,180,242
566,180,109
567,180,160
568,180,64
569,180,64
570,180,47
571,180,29
572,180,21
573,180,22
490,181,935
491,181,210
492,181,3914
493,181,5642
494,181,3307
495,181,2667
496,181,7618
497,181,5553
498,181,3101
499,181,1961
500,181,629
501,181,167
502,181,517
503,181,1819
504,181,361
505,181,4134
506,181,4921
507,181,4178
508,181,6591
509,181,5787
510,181,7635
511,181,5588
512,181,5325
513,181,9522
514,181,4325
515,181,8893
516,181,6804
517,181,7172
518,181,5053
519,181,3942
520,181,7263
521,181,5934
522,181,2388
523,181,11004
524,181,18384
525,181,19018
526,181,13610
527,181,16967
528,181,8211
529,181,8369
530,181,8255
531,181,4482
532,181,4133
533,181,6500
534,181,17056
535,181,17246
536,181,14233
537,181,15227
538,181,7774
539,181,5822
540,181,12072
541,181,8943
542,181,7383
543,181,4128
544,181,203
545,181,259
546,181,881
547,181,3617
548,181,686
549,181,187
550,181,137
551,181,49
552,181,2084
553,181,503
554,181,49
555,181,50
556,181,1574
557,181,961
558,181,5214
559,181,1892
560,181,108
561,181,178
562,181,123
563,181,136
564,181,905
565,181,679
566,181,358
567,181,358
568,181,969
569,181,201
570,181,35
571,181,17
572,181,17
573,181,17
490,182,1048
491,182,211
492,182,2419
493,182,2790
494,182,4734
495,182,6100
496,182,3737
497,182,256
498,182,737
499,182,455
500,182,57
501,182,177
502,182,1274
503,182,240
504,182,449
505,182,5846
506,182,3670
507,182,5542
508,182,2833
509,182,6121
510,182,4627
511,182,8379
512,182,8608
513,182,7641
514,182,5921
515,182,3832
516,182,3239
517,182,4628
518,182,4557
519,182,1060
520,182,1561
521,182,1326
522,182,2981
523,182,8731
524,182,21440
525,182,20062
526,182,16227
527,182,11452
528,182,6465
529,182,11420
530,182,17950
531,182,13946
532,182,14758
533,182,11799
534,182,15657
535,182,17011
536,182,12192
537,182,14961
538,182,2078
539,182,7424
540,182,13256
541,182,11125
542,182,11275
543,182,4320
544,182,306
545,182,870
546,182,1941
547,182,612
548,182,188
549,182,233
550,182,475
551,182,1707
552,182,4165
553,182,2826
554,182,277
555,182,99
556,182,65
557,182,122
558,182,1293
559,182,3862
560,182,558
561,182,65
562,182,14
563,182,41
564,182,379
565,182,48
566,182,83
567,182,802
568,182,3536
569,182,2316
570,182,161
571,182,122
572,182,17
573,182,17
490,183,507
491,183,75
492,183,1054
493,183,760
494,183,103
495,183,1087
496,183,593
497,183,625
498,183,670
499,183,261
500,183,54
501,183,247
502,183,2150
503,183,277
504,183,1261
505,183,5594
506,183,1770
507,183,5030
508,183,3192
509,183,1517
510,183,1227
511,183,4164
512,183,5013
513,183,4379
514,183,4556
515,183,4348
516,183,4039
517,183,5844
518,183,6598
519,183,1614
520,183,3487
521,183,13715
522,183,8318
523,183,9791
524,183,10088
525,183,16099
526,183,10861
527,183,5586
528,183,6474
529,183,13278
530,183,11261
531,183,12491
532,183,16162
533,183,17312
534,183,15036
535,183,11701
536,183,13626
537,183,6862
538,183,4969
539,183,13619
540,183,16134
541,183,16969
542,183,15857
543,183,6632
544,183,11338
545,183,6474
546,183,5304
547,183,2747
548,183,3181
549,183,5077
550,183,2843
551,183,4929
552,183,1883
553,183,2392
554,183,374
555,183,39
556,183,44
557,183,35
558,183,92
559,183,428
560,183,34
561,183,33
562,183,14
563,183,14
564,183,49
565,183,61
566,183,997
567,183,200
568,183,3375
569,183,6429
570,183,3068
571,183,647
572,183,17
573,183,17
490,184,134
491,184,59
492,184,51
493,184,53
494,184,59
495,184,553
496,184,992
497,184,1098
498,184,882
499,184,160
500,184,66
501,184,191
502,184,344
503,184,88
504,184,550
505,184,3621
506,184,1884
507,184,3903
508,184,2445
509,184,226
510,184,739
511,184,1153
512,184,4893
513,184,5590
514,184,5031
515,184,2910
516,184,3096
517,184,6906
518,184,9339
519,184,6567
520,184,9549
521,184,10514
522,184,12285
523,184,8130
524,184,12923
525,184,13626
526,184,13286
527,184,14255
528,184,14782
529,184,14652
530,184,11458
531,184,13495
532,184,15025
533,184,13264
534,184,12537
535,184,16955
536,184,6427
537,184,1096
538,184,3761
539,184,13232
540,184,14966
541,184,19548
542,184,16153
543,184,9048
544,184,9326
545,184,8419
546,184,6265
547,184,7872
548,184,7064
549,184,8646
550,184,5416
551,184,2087
552,184,5566
553,184,1322
554,184,69
555,184,189
556,184,169
557,184,51
558,184,37
559,184,41
560,184,36
561,184,26
562,184,14
563,184,14
564,184,41
565,184,59
566,184,57
567,184,38
568,184,281
569,184,3226
570,184,2209
571,184,396
572,184,34
573,184,17
490,185,143
491,185,84
492,185,54
493,185,53
494,185,58
495,185,511
496,185,1623
497,185,202
498,185,188
499,185,125
500,185,87
501,185,82
502,185,130
503,185,178
504,185,327
505,185,907
506,185,1652
507,185,2502
508,185,1603
509,185,1012
510,185,3208
511,185,3215
512,185,6142
513,185,7638
514,185,6298
515,185,6385
516,185,7988
517,185,8225
518,185,8612
519,185,3786
520,185,3687
521,185,6532
522,185,7499
523,185,11821
524,185,8881
525,185,10918
526,185,9581
527,185,11673
528,185,11080
529,185,15589
530,185,14956
531,185,12359
532,185,15554
533,185,17362
534,185,15491
535,185,14615
536,185,8166
537,185,554
538,185,9064
539,185,14049
540,185,12989
541,185,10103
542,185,15418
543,185,13161
544,185,12169
545,185,7934
546,185,6833
547,185,7921
548,185,7770
549,185,7330
550,185,2535
551,185,867
552,185,7025
553,185,4975
554,185,1521
555,185,2446
556,185,2183
557,185,281
558,185,44
559,185,48
560,185,50
561,185,40
562,185,14
563,185,281
564,185,155
565,185,17
566,185,37
567,185,54
568,185,76
569,185,192
570,185,137
571,185,125
572,185,125
573,185,95
490,186,283
491,186,161
492,186,62
493,186,52
494,186,51
495,186,260
496,186,732
497,186,289
498,186,69
499,186,662
500,186,674
501,186,296
502,186,202
503,186,344
504,186,976
505,186,300
506,186,993
507,186,3228
508,186,2789
509,186,3871
510,186,6540
511,186,5705
512,186,7958
513,186,7645
514,186,6849
515,186,2431
516,186,5033
517,186,6750
518,186,6879
519,186,5861
520,186,6814
521,186,7397
522,186,6995
523,186,5497
524,186,7992
525,186,4056
526,186,1766
527,186,741
528,186,7169
529,186,12836
530,186,16938
531,186,13963
532,186,11345
533,186,14267
534,186,16229
535,186,7654
536,186,1080
537,186,5379
538,186,13220
539,186,12125
540,186,2099
541,186,2100
542,186,2781
543,186,8065
544,186,10918
545,186,8122
546,186,6020
547,186,9207
548,186,8049
549,186,6050
550,186,2940
551,186,3201
552,186,3852
553,186,5373
554,186,4840
555,186,3830
556,186,3219
557,186,1265
558,186,50
559,186,50
560,186,45
561,186,19
562,186,14
563,186,81
564,186,199
565,186,14
566,186,14
567,186,41
568,186,131
569,186,149
570,186,111
571,186,628
572,186,560
573,186,93
490,187,1477
491,187,391
492,187,83
493,187,55
494,187,52
495,187,45
496,187,97
497,187,83
498,187,162
499,187,1227
500,187,1489
501,187,370
502,187,759
503,187,542
504,187,470
505,187,145
506,187,156
507,187,591
508,187,3076
509,187,4003
510,187,5050
511,187,5162
512,187,5851
513,187,6719
514,187,6082
515,187,2722
516,187,2004
517,187,4990
518,187,5717
519,187,2383
520,187,7068
521,187,1951
522,187,3345
523,187,3268
524,187,7914
525,187,4519
526,187,957
527,187,990
528,187,5561
529,187,13119
530,187,12567
531,187,7239
532,187,10067
533,187,15515
534,187,11112
535,187,1312
536,187,7105
537,187,13625
538,187,12762
539,187,8854
540,187,2858
541,187,1300
542,187,5937
543,187,5613
544,187,10046
545,187,10548
546,187,8470
547,187,7906
548,187,5630
549,187,3096
550,187,3984
551,187,5203
552,187,5307
553,187,4519
554,187,3961
555,187,2250
556,187,2001
557,187,3937
558,187,480
559,187,45
560,187,44
561,187,24
562,187,14
563,187,18
564,187,46
565,187,62
566,187,1723
567,187,2360
568,187,1684
569,187,2251
570,187,2338
571,187,1823
572,187,5131
573,187,1441
490,188,588
491,188,793
492,188,203
493,188,75
494,188,57
495,188,42
496,188,59
497,188,128
498,188,170
499,188,765
500,188,1268
501,188,390
502,188,112
503,188,1053
504,188,754
505,188,521
506,188,20
507,188,422
508,188,2529
509,188,1530
510,188,3942
511,188,4375
512,188,5640
513,188,6889
514,188,7175
515,188,8526
516,188,5809
517,188,4713
518,188,7278
519,188,4485
520,188,5826
521,188,6409
522,188,7762
523,188,5878
524,188,8958
525,188,3775
526,188,2891
527,188,2988
528,188,4445
529,188,6074
530,188,12121
531,188,12223
532,188,10965
533,188,14290
534,188,5660
535,188,1861
536,188,11316
537,188,13493
538,188,8755
539,188,2809
540,188,6744
541,188,3427
542,188,8393
543,188,8482
544,188,8832
545,188,5260
546,188,5676
547,188,8361
548,188,5176
549,188,1717
550,188,5980
551,188,4914
552,188,5680
553,188,4612
554,188,2521
555,188,1460
556,188,1543
557,188,2112
558,188,283
559,188,37
560,188,93
561,188,129
562,188,820
563,188,256
564,188,57
565,188,209
566,188,2802
567,188,4322
568,188,5934
569,188,5874
570,188,3436
571,188,6096
572,188,5520
573,188,5700
490,189,1728
491,189,1861
492,189,539
493,189,503
494,189,548
495,189,228
496,189,64
497,189,105
498,189,170
499,189,1266
500,189,1092
501,189,192
502,189,98
503,189,166
504,189,475
505,189,1015
506,189,60
507,189,246
508,189,430
509,189,1565
510,189,3433
511,189,3449
512,189,3842
513,189,3701
514,189,5412
515,189,8601
516,189,6364
517,189,8026
518,189,8752
519,189,7579
520,189,6305
521,189,6199
522,189,4415
523,189,8581
524,189,4960
525,189,4480
526,189,7135
527,189,7206
528,189,8668
529,189,5486
530,189,8536
531,189,13597
532,189,10595
533,189,13220
534,189,5698
535,189,2178
536,189,14327
537,189,11465
538,189,9940
539,189,2826
540,189,6989
541,189,2114
542,189,5378
543,189,7321
544,189,4606
545,189,1827
546,189,616
547,189,3498
548,189,2468
549,189,3105
550,189,5450
551,189,4477
552,189,4265
553,189,4995
554,189,3841
555,189,939
556,189,74
557,189,164
558,189,62
559,189,40
560,189,37
561,189,39
562,189,95
563,189,66
564,189,58
565,189,175
566,189,336
567,189,3560
568,189,4102
569,189,1869
570,189,2393
571,189,4930
572,189,5108
573,189,5002
490,190,1738
491,190,622
492,190,1770
493,190,1462
494,190,2721
495,190,179
496,190,144
497,190,177
498,190,458
499,190,2717
500,190,1432
501,190,162
502,190,83
503,190,47
504,190,882
505,190,2340
506,190,508
507,190,500
508,190,601
509,190,2225
510,190,4686
511,190,4274
512,190,2877
513,190,1398
514,190,7701
515,190,8827
516,190,7510
517,190,6962
518,190,6367
519,190,9520
520,190,7595
521,190,10477
522,190,2426
523,190,2452
524,190,5615
525,190,6852
526,190,7042
527,190,3167
528,190,8237
529,190,5905
530,190,6802
531,190,14098
532,190,10974
533,190,11737
534,190,10296
535,190,3027
536,190,9764
537,190,7576
538,190,8624
539,190,4309
540,190,7708
541,190,3733
542,190,4528
543,190,6387
544,190,4336
545,190,228
546,190,55
547,190,184
548,190,588
549,190,3733
550,190,5740
551,190,3008
552,190,1425
553,190,4238
554,190,4102
555,190,1124
556,190,98
557,190,73
558,190,52
559,190,45
560,190,37
561,190,66
562,190,161
563,190,154
564,190,42
565,190,120
566,190,191
567,190,583
568,190,2460
569,190,2257
570,190,371
571,190,531
572,190,774
573,190,1599
490,191,291
491,191,208
492,191,453
493,191,2025
494,191,1108
495,191,170
496,191,1136
497,191,404
498,191,229
499,191,1173
500,191,2485
501,191,203
502,191,102
503,191,45
504,191,705
505,191,366
506,191,187
507,191,457
508,191,2773
509,191,4133
510,191,1819
511,191,1233
512,191,3214
513,191,3042
514,191,3142
515,191,4687
516,191,3338
517,191,4595
518,191,4636
519,191,6436
520,191,8602
521,191,5438
522,191,3070
523,191,3950
524,191,3129
525,191,7225
526,191,6636
527,191,3609
528,191,5925
529,191,5994
530,191,12327
531,191,7205
532,191,7373
533,191,8265
534,191,8230
535,191,903
536,191,2647
537,191,4419
538,191,6873
539,191,2979
540,191,6206
541,191,6394
542,191,3590
543,191,2493
544,191,7197
545,191,3602
546,191,835
547,191,61
548,191,391
549,191,4989
550,191,6097
551,191,2340
552,191,1990
553,191,6571
554,191,5494
555,191,3645
556,191,458
557,191,62
558,191,344
559,191,959
560,191,80
561,191,94
562,191,506
563,191,122
564,191,36
565,191,32
566,191,58
567,191,102
568,191,495
569,191,191
570,191,390
571,191,608
572,191,247
573,191,349
490,192,347
491,192,147
492,192,331
493,192,954
494,192,183
495,192,96
496,192,679
497,192,299
498,192,587
499,192,558
500,192,1230
501,192,204
502,192,892
503,192,1052
504,192,163
505,192,142
506,192,124
507,192,260
508,192,1641
509,192,2238
510,192,1525
511,192,5248
512,192,1821
513,192,353
514,192,194
515,192,1372
516,192,3024
517,192,3866
518,192,5553
519,192,5983
520,192,6266
521,192,3573
522,192,1179
523,192,834
524,192,1312
525,192,5951
526,192,7983
527,192,5240
528,192,6753
529,192,5646
530,192,5590
531,192,7969
532,192,6425
533,192,9482
534,192,11777
535,192,778
536,192,4050
537,192,7272
538,192,5076
539,192,3013
540,192,3267
541,192,4178
542,192,1279
543,192,1416
544,192,3441
545,192,4842
546,192,5029
547,192,483
548,192,109
549,192,1468
550,192,1898
551,192,201
552,192,275
553,192,6123
554,192,3409
555,192,1799
556,192,342
557,192,771
558,192,2126
559,192,4249
560,192,1026
561,192,754
562,192,507
563,192,152
564,192,35
565,192,31
566,192,89
567,192,331
568,192,1808
569,192,154
570,192,122
571,192,352
572,192,221
573,192,1464
490,193,868
491,193,138
492,193,58
493,193,276
494,193,82
495,193,61
496,193,110
497,193,244
498,193,1980
499,193,1133
500,193,144
501,193,94
502,193,194
503,193,591
504,193,1123
505,193,363
506,193,406
507,193,294
508,193,604
509,193,653
510,193,2765
511,193,3834
512,193,2774
513,193,296
514,193,647
515,193,349
516,193,761
517,193,487
518,193,401
519,193,5068
520,193,3578
521,193,1938
522,193,378
523,193,159
524,193,610
525,193,3117
526,193,4544
527,193,6002
528,193,4080
529,193,4524
530,193,5882
531,193,7431
532,193,5169
533,193,7792
534,193,11930
535,193,5012
536,193,1214
537,193,5541
538,193,6716
539,193,3576
540,193,2601
541,193,3933
542,193,939
543,193,999
544,193,640
545,193,300
546,193,1072
547,193,212
548,193,99
549,193,118
550,193,193
551,193,172
552,193,119
553,193,650
554,193,214
555,193,148
556,193,47
557,193,675
558,193,2502
559,193,4274
560,193,2017
561,193,3003
562,193,619
563,193,184
564,193,63
565,193,153
566,193,1197
567,193,1304
568,193,2568
569,193,84
570,193,113
571,193,226
572,193,459
573,193,1642
490,194,1885
491,194,74
492,194,44
493,194,174
494,194,65
495,194,39
496,194,40
497,194,158
498,194,168
499,194,248
500,194,222
501,194,289
502,194,202
503,194,1313
504,194,4793
505,194,2823
506,194,1214
507,194,620
508,194,511
509,194,822
510,194,2228
511,194,2969
512,194,1500
513,194,1626
514,194,4062
515,194,1617
516,194,221
517,194,379
518,194,342
519,194,225
520,194,377
521,194,337
522,194,192
523,194,117
524,194,509
525,194,1250
526,194,3608
527,194,3866
528,194,5707
529,194,6594
530,194,3059
531,194,5193
532,194,5435
533,194,5491
534,194,9807
535,194,7065
536,194,300
537,194,2487
538,194,5495
539,194,2813
540,194,1640
541,194,2896
542,194,2579
543,194,173
544,194,95
545,194,162
546,194,366
547,194,70
548,194,53
549,194,64
550,194,128
551,194,261
552,194,122
553,194,46
554,194,43
555,194,29
556,194,35
557,194,29
558,194,2601
559,194,2973
560,194,1944
561,194,2262
562,194,2494
563,194,1207
564,194,90
565,194,220
566,194,1107
567,194,3093
568,194,3742
569,194,634
570,194,186
571,194,246
572,194,263
573,194,477
490,195,499
491,195,42
492,195,49
493,195,298
494,195,275
495,195,109
496,195,52
497,195,64
498,195,137
499,195,153
500,195,113
501,195,711
502,195,2030
503,195,778
504,195,1706
505,195,893
506,195,800
507,195,4269
508,195,2614
509,195,5307
510,195,6295
511,195,3104
512,195,3342
513,195,4337
514,195,2226
515,195,436
516,195,210
517,195,1131
518,195,989
519,195,2077
520,195,3085
521,195,355
522,195,851
523,195,4527
524,195,5572
525,195,4611
526,195,6340
527,195,5280
528,195,3541
529,195,5653
530,195,4871
531,195,3673
532,195,3301
533,195,7911
534,195,7314
535,195,7990
536,195,949
537,195,2008
538,195,840
539,195,120
540,195,287
541,195,1777
542,195,4021
543,195,2723
544,195,312
545,195,44
546,195,156
547,195,102
548,195,53
549,195,73
550,195,113
551,195,59
552,195,35
553,195,32
554,195,30
555,195,58
556,195,159
557,195,503
558,195,4117
559,195,739
560,195,533
561,195,2152
562,195,4125
563,195,2115
564,195,130
565,195,288
566,195,3246
567,195,3254
568,195,1483
569,195,205
570,195,142
571,195,793
572,195,71
573,195,145
490,196,1192
491,196,105
492,196,51
493,196,28
494,196,49
495,196,491
496,196,67
497,196,177
498,196,288
499,196,496
500,196,285
501,196,724
502,196,1270
503,196,794
504,196,827
505,196,620
506,196,358
507,196,1916
508,196,2348
509,196,4157
510,196,6506
511,196,4317
512,196,1785
513,196,1135
514,196,491
515,196,128
516,196,63
517,196,123
518,196,1607
519,196,5257
520,196,4418
521,196,498
522,196,473
523,196,2663
524,196,5365
525,196,4433
526,196,4488
527,196,3983
528,196,1098
529,196,1306
530,196,2300
531,196,3560
532,196,3525
533,196,6106
534,196,3094
535,196,6466
536,196,1776
537,196,338
538,196,113
539,196,73
540,196,86
541,196,897
542,196,3282
543,196,4824
544,196,2233
545,196,112
546,196,812
547,196,272
548,196,52
549,196,58
550,196,60
551,196,42
552,196,32
553,196,32
554,196,32
555,196,55
556,196,140
557,196,164
558,196,253
559,196,224
560,196,90
561,196,152
562,196,386
563,196,119
564,196,15
565,196,97
566,196,1270
567,196,3143
568,196,3511
569,196,227
570,196,189
571,196,640
572,196,149
573,196,52
490,197,1134
491,197,388
492,197,108
493,197,28
494,197,34
495,197,769
496,197,2461
497,197,1942
498,197,1260
499,197,2042
500,197,709
501,197,39
502,197,118
503,197,335
504,197,129
505,197,60
506,197,37
507,197,37
508,197,305
509,197,2502
510,197,5711
511,197,2938
512,197,2426
513,197,615
514,197,214
515,197,158
516,197,85
517,197,290
518,197,4743
519,197,4771
520,197,2634
521,197,217
522,197,33
523,197,513
524,197,1118
525,197,622
526,197,962
527,197,589
528,197,195
529,197,172
530,197,557
531,197,5208
532,197,7538
533,197,6849
534,197,5918
535,197,9278
536,197,2891
537,197,467
538,197,236
539,197,72
540,197,79
541,197,221
542,197,895
543,197,4465
544,197,2699
545,197,248
546,197,144
547,197,225
548,197,40
549,197,53
550,197,34
551,197,25
552,197,32
553,197,32
554,197,32
555,197,32
556,197,80
557,197,130
558,197,58
559,197,122
560,197,58
561,197,67
562,197,72
563,197,338
564,197,15
565,197,15
566,197,78
567,197,101
568,197,282
569,197,47
570,197,54
571,197,58
572,197,50
573,197,48
490,198,306
491,198,120
492,198,95
493,198,74
494,198,125
495,198,546
496,198,2861
497,198,3397
498,198,498
499,198,526
500,198,246
501,198,37
502,198,39
503,198,65
504,198,128
505,198,49
506,198,37
507,198,37
508,198,148
509,198,2732
510,198,7425
511,198,5681
512,198,1008
513,198,155
514,198,158
515,198,441
516,198,522
517,198,388
518,198,1861
519,198,2718
520,198,156
521,198,47
522,198,18
523,198,20
524,198,131
525,198,151
526,198,1067
527,198,303
528,198,58
529,198,49
530,198,383
531,198,713
532,198,3527
533,198,2308
534,198,3818
535,198,8322
536,198,5628
537,198,3645
538,198,194
539,198,62
540,198,96
541,198,173
542,198,214
543,198,221
544,198,793
545,198,1066
546,198,48
547,198,17
548,198,27
549,198,27
550,198,20
551,198,31
552,198,38
553,198,32
554,198,32
555,198,32
556,198,49
557,198,1603
558,198,437
559,198,1307
560,198,59
561,198,69
562,198,73
563,198,599
564,198,887
565,198,157
566,198,38
567,198,27
568,198,334
569,198,618
570,198,185
571,198,54
572,198,53
573,198,50
490,199,322
491,199,62
492,199,120
493,199,330
494,199,216
495,199,674
496,199,1767
497,199,929
498,199,118
499,199,55
500,199,64
501,199,69
502,199,72
503,199,311
504,199,423
505,199,63
506,199,38
507,199,69
508,199,579
509,199,3563
510,199,4820
511,199,4604
512,199,2390
513,199,198
514,199,115
515,199,1566
516,199,2220
517,199,375
518,199,69
519,199,112
520,199,34
521,199,41
522,199,49
523,199,52
524,199,58
525,199,92
526,199,267
527,199,106
528,199,39
529,199,34
530,199,99
531,199,268
532,199,63
533,199,62
534,199,1825
535,199,6624
536,199,3636
537,199,1190
538,199,1026
539,199,508
540,199,212
541,199,130
542,199,113
543,199,181
544,199,310
545,199,1614
546,199,28
547,199,17
548,199,22
549,199,25
550,199,20
551,199,34
552,199,39
553,199,35
554,199,35
555,199,44
556,199,48
557,199,318
558,199,895
559,199,1515
560,199,259
561,199,45
562,199,55
563,199,47
564,199,1962
565,199,826
566,199,101
567,199,27
568,199,231
569,199,290
570,199,67
571,199,70
572,199,70
573,199,60
490,200,54
491,200,83
492,200,379
493,200,302
494,200,62
495,200,488
496,200,1883
497,200,374
498,200,70
499,200,55
500,200,60
501,200,71
502,200,73
503,200,139
504,200,78
505,200,62
506,200,85
507,200,107
508,200,1479
509,200,1487
510,200,5485
511,200,3925
512,200,1585
513,200,109
514,200,62
515,200,881
516,200,1567
517,200,325
518,200,1303
519,200,762
520,200,28
521,200,110
522,200,118
523,200,345
524,200,1617
525,200,2389
526,200,2758
527,200,169
528,200,46
529,200,42
530,200,78
531,200,137
532,200,57
533,200,99
534,200,236
535,200,3681
536,200,3913
537,200,1916
538,200,3936
539,200,5571
540,200,3257
541,200,70
542,200,63
543,200,55
544,200,52
545,200,429
546,200,502
547,200,47
548,200,24
549,200,25
550,200,22
551,200,39
552,200,41
553,200,39
554,200,42
555,200,48
556,200,49
557,200,89
558,200,322
559,200,377
560,200,111
561,200,37
562,200,33
563,200,45
564,200,204
565,200,150
566,200,36
567,200,31
568,200,28
569,200,27
570,200,53
571,200,100
572,200,62
573,200,60
490,201,285
491,201,291
492,201,57
493,201,24
494,201,120
495,201,1088
496,201,1699
497,201,495
498,201,191
499,201,56
500,201,44
501,201,78
502,201,74
503,201,85
504,201,472
505,201,123
506,201,187
507,201,217
508,201,2661
509,201,3612
510,201,3769
511,201,1352
512,201,753
513,201,453
514,201,129
515,201,245
516,201,118
517,201,321
518,201,1176
519,201,107
520,201,29
521,201,174
522,201,296
523,201,1638
524,201,4124
525,201,2885
526,201,3429
527,201,202
528,201,101
529,201,57
530,201,180
531,201,171
532,201,123
533,201,139
534,201,1064
535,201,2697
536,201,3898
537,201,279
538,201,572
539,201,1009
540,201,844
541,201,63
542,201,62
543,201,28
544,201,103
545,201,1958
546,201,1748
547,201,56
548,201,17
549,201,24
550,201,35
551,201,53
552,201,57
553,201,40
554,201,85
555,201,370
556,201,81
557,201,94
558,201,79
559,201,249
560,201,355
561,201,33
562,201,35
563,201,38
564,201,40
565,201,42
566,201,101
567,201,413
568,201,56
569,201,34
570,201,186
571,201,224
572,201,71
573,201,67
490,202,184
491,202,208
492,202,38
493,202,28
494,202,599
495,202,4498
496,202,4987
497,202,777
498,202,391
499,202,97
500,202,94
501,202,249
502,202,137
503,202,146
504,202,734
505,202,257
506,202,894
507,202,2595
508,202,371
509,202,1446
510,202,386
511,202,217
512,202,2109
513,202,982
514,202,263
515,202,120
516,202,172
517,202,301
518,202,141
519,202,40
520,202,24
521,202,25
522,202,20
523,202,253
524,202,840
525,202,1013
526,202,909
527,202,59
528,202,244
529,202,240
530,202,1559
531,202,602
532,202,520
533,202,1055
534,202,4294
535,202,5426
536,202,3221
537,202,157
538,202,63
539,202,71
540,202,100
541,202,174
542,202,69
543,202,28
544,202,61
545,202,2180
546,202,2500
547,202,1155
548,202,15
549,202,31
550,202,60
551,202,62
552,202,58
553,202,58
554,202,839
555,202,1145
556,202,106
557,202,68
558,202,71
559,202,217
560,202,186
561,202,44
562,202,45
563,202,67
564,202,49
565,202,37
566,202,37
567,202,46
568,202,34
569,202,202
570,202,1262
571,202,1408
572,202,69
573,202,66
490,203,93
491,203,155
492,203,83
493,203,239
494,203,582
495,203,2651
496,203,1081
497,203,391
498,203,153
499,203,155
500,203,550
501,203,2584
502,203,254
503,203,90
504,203,181
505,203,202
506,203,745
507,203,1214
508,203,545
509,203,757
510,203,128
511,203,81
512,203,175
513,203,1431
514,203,1960
515,203,748
516,203,747
517,203,1490
518,203,1428
519,203,57
520,203,18
521,203,32
522,203,58
523,203,275
524,203,752
525,203,712
526,203,328
527,203,96
528,203,151
529,203,630
530,203,1491
531,203,1041
532,203,997
533,203,2245
534,203,5061
535,203,4276
536,203,3584
537,203,150
538,203,31
539,203,50
540,203,38
541,203,64
542,203,45
543,203,27
544,203,66
545,203,300
546,203,468
547,203,274
548,203,162
549,203,815
550,203,320
551,203,59
552,203,52
553,203,40
554,203,535
555,203,1115
556,203,385
557,203,57
558,203,65
559,203,58
560,203,50
561,203,42
562,203,35
563,203,40
564,203,68
565,203,67
566,203,34
567,203,30
568,203,32
569,203,179
570,203,1405
571,203,1645
572,203,233
573,203,370
490,204,133
491,204,139
492,204,71
493,204,140
494,204,117
495,204,228
496,204,181
497,204,86
498,204,110
499,204,191
500,204,122
501,204,956
502,204,71
503,204,130
504,204,186
505,204,456
506,204,1945
507,204,806
508,204,78
509,204,284
510,204,49
511,204,43
512,204,130
513,204,2531
514,204,718
515,204,375
516,204,1206
517,204,3988
518,204,552
519,204,17
520,204,27
521,204,45
522,204,103
523,204,198
524,204,1124
525,204,779
526,204,260
527,204,101
528,204,75
529,204,154
530,204,201
531,204,445
532,204,1511
533,204,2401
534,204,570
535,204,710
536,204,4601
537,204,486
538,204,77
539,204,100
540,204,58
541,204,42
542,204,28
543,204,118
544,204,27
545,204,27
546,204,75
547,204,367
548,204,254
549,204,1038
550,204,1376
551,204,34
552,204,30
553,204,28
554,204,1060
555,204,486
556,204,100
557,204,54
558,204,56
559,204,58
560,204,56
561,204,40
562,204,35
563,204,37
564,204,41
565,204,42
566,204,30
567,204,29
568,204,29
569,204,511
570,204,4573
571,204,3254
572,204,3556
573,204,1493
490,205,48
491,205,68
492,205,78
493,205,78
494,205,105
495,205,86
496,205,69
497,205,74
498,205,103
499,205,90
500,205,34
501,205,47
502,205,103
503,205,536
504,205,891
505,205,2279
506,205,5404
507,205,2670
508,205,428
509,205,40
510,205,26
511,205,26
512,205,77
513,205,1315
514,205,3150
515,205,1285
516,205,2106
517,205,645
518,205,160
519,205,195
520,205,525
521,205,357
522,205,402
523,205,1810
524,205,163
525,205,141
526,205,42
527,205,36
528,205,60
529,205,75
530,205,76
531,205,251
532,205,97
533,205,83
534,205,97
535,205,134
536,205,3280
537,205,749
538,205,163
539,205,720
540,205,243
541,205,95
542,205,42
543,205,279
544,205,49
545,205,27
546,205,93
547,205,89
548,205,101
549,205,96
550,205,467
551,205,40
552,205,28
553,205,28
554,205,235
555,205,195
556,205,79
557,205,51
558,205,48
559,205,36
560,205,33
561,205,24
562,205,37
563,205,36
564,205,34
565,205,110
566,205,352
567,205,1206
568,205,240
569,205,1955
570,205,4393
571,205,5939
572,205,3394
573,205,1435
490,206,60
491,206,86
492,206,91
493,206,80
494,206,82
495,206,81
496,206,56
497,206,158
498,206,284
499,206,253
500,206,201
501,206,166
502,206,320
503,206,2445
504,206,3908
505,206,3849
506,206,4521
507,206,4746
508,206,2898
509,206,71
510,206,24
511,206,26
512,206,496
513,206,1979
514,206,3366
515,206,4189
516,206,5592
517,206,2966
518,206,310
519,206,339
520,206,372
521,206,2366
522,206,3079
523,206,197
524,206,36
525,206,36
526,206,37
527,206,45
528,206,117
529,206,146
530,206,70
531,206,63
532,206,41
533,206,41
534,206,97
535,206,205
536,206,2624
537,206,1137
538,206,348
539,206,1148
540,206,138
541,206,77
542,206,80
543,206,317
544,206,195
545,206,33
546,206,30
547,206,30
548,206,30
549,206,38
550,206,68
551,206,39
552,206,36
553,206,39
554,206,54
555,206,137
556,206,161
557,206,103
558,206,33
559,206,26
560,206,26
561,206,22
562,206,40
563,206,42
564,206,32
565,206,84
566,206,748
567,206,1979
568,206,846
569,206,4078
570,206,3882
571,206,2929
572,206,2362
573,206,1148
490,207,67
491,207,124
492,207,130
493,207,47
494,207,74
495,207,103
496,207,31
497,207,1195
498,207,3351
499,207,4423
500,207,680
501,207,179
502,207,236
503,207,4198
504,207,3904
505,207,3867
506,207,4803
507,207,3613
508,207,1323
509,207,23
510,207,20
511,207,21
512,207,21
513,207,755
514,207,5517
515,207,4592
516,207,4800
517,207,3783
518,207,626
519,207,241
520,207,768
521,207,2880
522,207,4133
523,207,36
524,207,43
525,207,35
526,207,44
527,207,46
528,207,63
529,207,109
530,207,65
531,207,58
532,207,42
533,207,41
534,207,84
535,207,418
536,207,2694
537,207,1507
538,207,320
539,207,167
540,207,166
541,207,150
542,207,670
543,207,4130
544,207,4638
545,207,2839
546,207,911
547,207,31
548,207,64
549,207,31
550,207,38
551,207,38
552,207,38
553,207,51
554,207,54
555,207,85
556,207,73
557,207,58
558,207,51
559,207,63
560,207,33
561,207,23
562,207,41
563,207,42
564,207,236
565,207,36
566,207,29
567,207,140
568,207,1191
569,207,3829
570,207,3945
571,207,3087
572,207,3871
573,207,3474
490,208,82
491,208,81
492,208,37
493,208,24
494,208,207
495,208,85
496,208,295
497,208,2902
498,208,3443
499,208,816
500,208,518
501,208,186
502,208,494
503,208,1684
504,208,3454
505,208,2691
506,208,4700
507,208,1190
508,208,153
509,208,20
510,208,18
511,208,19
512,208,20
513,208,400
514,208,3541
515,208,4057
516,208,3120
517,208,3388
518,208,358
519,208,128
520,208,2186
521,208,5343
522,208,4900
523,208,1185
524,208,184
525,208,40
526,208,46
527,208,255
528,208,79
529,208,51
530,208,62
531,208,57
532,208,41
533,208,41
534,208,58
535,208,105
536,208,824
537,208,2743
538,208,645
539,208,71
540,208,127
541,208,164
542,208,1717
543,208,3635
544,208,5167
545,208,5079
546,208,4417
547,208,2458
548,208,467
549,208,48
550,208,35
551,208,33
552,208,28
553,208,33
554,208,38
555,208,46
556,208,49
557,208,53
558,208,86
559,208,28
560,208,24
561,208,24
562,208,36
563,208,39
564,208,206
565,208,34
566,208,30
567,208,29
568,208,3343
569,208,4931
570,208,4386
571,208,2821
572,208,5333
573,208,1170
490,209,89
491,209,37
492,209,24
493,209,60
494,209,152
495,209,81
496,209,537
497,209,703
498,209,266
499,209,89
500,209,96
501,209,395
502,209,300
503,209,104
504,209,206
505,209,1056
506,209,4790
507,209,3140
508,209,1079
509,209,17
510,209,17
511,209,17
512,209,19
513,209,20
514,209,2189
515,209,1134
516,209,2375
517,209,3112
518,209,172
519,209,37
520,209,824
521,209,2133
522,209,4799
523,209,1775
524,209,35
525,209,36
526,209,39
527,209,37
528,209,47
529,209,47
530,209,60
531,209,64
532,209,41
533,209,41
534,209,93
535,209,135
536,209,1329
537,209,5997
538,209,1628
539,209,43
540,209,907
541,209,193
542,209,231
543,209,1958
544,209,3085
545,209,3677
546,209,3546
547,209,5026
548,209,3846
549,209,73
550,209,27
551,209,25
552,209,25
553,209,55
554,209,25
555,209,39
556,209,39
557,209,35
558,209,32
559,209,30
560,209,30
561,209,30
562,209,30
563,209,30
564,209,30
565,209,30
566,209,32
567,209,34
568,209,674
569,209,1496
570,209,2630
571,209,1563
572,209,4164
573,209,901
490,210,88
491,210,284
492,210,407
493,210,602
494,210,169
495,210,91
496,210,177
497,210,31
498,210,31
499,210,31
500,210,62
501,210,70
502,210,76
503,210,69
504,210,24
505,210,21
506,210,479
507,210,2574
508,210,451
509,210,17
510,210,17
511,210,17
512,210,18
513,210,20
514,210,43
515,210,70
516,210,404
517,210,763
518,210,83
519,210,39
520,210,77
521,210,782
522,210,438
523,210,398
524,210,1288
525,210,533
526,210,66
527,210,63
528,210,104
529,210,38
530,210,46
531,210,98
532,210,256
533,210,41
534,210,160
535,210,388
536,210,1517
537,210,5465
538,210,908
539,210,54
540,210,355
541,210,123
542,210,85
543,210,2266
544,210,3834
545,210,4627
546,210,4059
547,210,808
548,210,256
549,210,97
550,210,37
551,210,34
552,210,54
553,210,180
554,210,28
555,210,30
556,210,30
557,210,30
558,210,31
559,210,37
560,210,36
561,210,39
562,210,31
563,210,30
564,210,31
565,210,33
566,210,34
567,210,34
568,210,41
569,210,257
570,210,1555
571,210,374
572,210,307
573,210,116
490,211,93
491,211,2913
492,211,2993
493,211,354
494,211,101
495,211,135
496,211,232
497,211,106
498,211,33
499,211,47
500,211,124
501,211,68
502,211,85
503,211,50
504,211,21
505,211,21
506,211,21
507,211,17
508,211,14
509,211,395
510,211,771
511,211,22
512,211,254
513,211,273
514,211,118
515,211,36
516,211,99
517,211,149
518,211,24
519,211,35
520,211,39
521,211,105
522,211,1031
523,211,1538
524,211,5226
525,211,3864
526,211,1138
527,211,55
528,211,113
529,211,76
530,211,94
531,211,498
532,211,1756
533,211,247
534,211,474
535,211,921
536,211,330
537,211,955
538,211,2018
539,211,344
540,211,47
541,211,35
542,211,56
543,211,207
544,211,272
545,211,738
546,211,1578
547,211,2679
548,211,906
549,211,213
550,211,40
551,211,48
552,211,66
553,211,90
554,211,43
555,211,31
556,211,30
557,211,30
558,211,33
559,211,42
560,211,42
561,211,47
562,211,46
563,211,44
564,211,46
565,211,41
566,211,34
567,211,35
568,211,100
569,211,382
570,211,765
571,211,98
572,211,59
573,211,54
490,212,67
491,212,329
492,212,3005
493,212,604
494,212,119
495,212,105
496,212,145
497,212,60
498,212,41
499,212,116
500,212,144
501,212,37
502,212,91
503,212,61
504,212,21
505,212,21
506,212,18
507,212,13
508,212,18
509,212,877
510,212,2418
511,212,268
512,212,250
513,212,741
514,212,1838
515,212,185
516,212,48
517,212,50
518,212,56
519,212,54
520,212,39
521,212,87
522,212,1467
523,212,3413
524,212,4289
525,212,4085
526,212,3989
527,212,220
528,212,37
529,212,35
530,212,560
531,212,3180
532,212,2696
533,212,2514
534,212,2516
535,212,272
536,212,447
537,212,691
538,212,417
539,212,60
540,212,40
541,212,33
542,212,40
543,212,50
544,212,54
545,212,116
546,212,288
547,212,1434
548,212,334
549,212,52
550,212,70
551,212,80
552,212,54
553,212,58
554,212,39
555,212,34
556,212,33
557,212,46
558,212,59
559,212,118
560,212,82
561,212,46
562,212,48
563,212,48
564,212,45
565,212,41
566,212,40
567,212,56
568,212,116
569,212,159
570,212,241
571,212,290
572,212,35
573,212,35
490,213,212
491,213,99
492,213,475
493,213,258
494,213,109
495,213,68
496,213,70
497,213,73
498,213,64
499,213,278
500,213,47
501,213,32
502,213,68
503,213,137
504,213,82
505,213,13
506,213,18
507,213,46
508,213,91
509,213,158
510,213,122
511,213,50
512,213,108
513,213,1053
514,213,4427
515,213,1021
516,213,97
517,213,2192
518,213,1010
519,213,70
520,213,29
521,213,68
522,213,513
523,213,1894
524,213,1277
525,213,1755
526,213,1842
527,213,196
528,213,86
529,213,73
530,213,1893
531,213,2096
532,213,3471
533,213,1235
534,213,2058
535,213,1236
536,213,1273
537,213,313
538,213,46
539,213,45
540,213,59
541,213,221
542,213,36
543,213,51
544,213,57
545,213,35
546,213,189
547,213,414
548,213,277
549,213,113
550,213,320
551,213,94
552,213,34
553,213,37
554,213,32
555,213,34
556,213,34
557,213,53
558,213,89
559,213,165
560,213,86
561,213,42
562,213,42
563,213,47
564,213,42
565,213,42
566,213,50
567,213,56
568,213,93
569,213,655
570,213,64
571,213,269
572,213,73
573,213,34
