xv,yv,rho
490,148,55
491,148,77
492,148,74
493,148,46
494,148,46
495,148,121
496,148,389
497,148,473
498,148,365
499,148,1168
500,148,566
501,148,59
502,148,138
503,148,86
504,148,55
505,148,65
506,148,56
507,148,72
508,148,157
509,148,36
510,148,47
511,148,30
512,148,25
513,148,366
514,148,1088
515,148,443
516,148,2851
517,148,1221
518,148,138
519,148,591
520,148,318
521,148,44
522,148,63
523,148,74
524,148,560
525,148,3673
526,148,2461
527,148,613
528,148,713
529,148,135
530,148,467
531,148,84
532,148,34
533,148,27
534,148,37
535,148,63
536,148,1331
537,148,126
538,148,47
539,148,49
540,148,57
541,148,36
542,148,62
543,148,230
544,148,264
545,148,121
546,148,195
547,148,102
548,148,59
549,148,53
550,148,39
551,148,39
552,148,77
553,148,27
554,148,56
555,148,89
556,148,546
557,148,955
558,148,1448
559,148,4134
560,148,3807
561,148,317
562,148,127
563,148,97
564,148,107
565,148,170
566,148,1113
567,148,520
568,148,106
569,148,143
570,148,56
571,148,88
572,148,97
573,148,87
490,149,429
491,149,96
492,149,201
493,149,45
494,149,51
495,149,97
496,149,240
497,149,1281
498,149,4307
499,149,3383
500,149,3877
501,149,1193
502,149,267
503,149,121
504,149,59
505,149,65
506,149,33
507,149,21
508,149,30
509,149,29
510,149,48
511,149,39
512,149,25
513,149,111
514,149,271
515,149,535
516,149,3872
517,149,726
518,149,96
519,149,764
520,149,449
521,149,101
522,149,61
523,149,71
524,149,394
525,149,2589
526,149,3286
527,149,3102
528,149,2548
529,149,111
530,149,1032
531,149,113
532,149,29
533,149,27
534,149,37
535,149,61
536,149,187
537,149,59
538,149,60
539,149,76
540,149,277
541,149,36
542,149,53
543,149,108
544,149,79
545,149,65
546,149,74
547,149,56
548,149,60
549,149,62
550,149,38
551,149,32
552,149,85
553,149,81
554,149,50
555,149,110
556,149,349
557,149,334
558,149,505
559,149,1543
560,149,570
561,149,114
562,149,211
563,149,621
564,149,136
565,149,148
566,149,147
567,149,399
568,149,87
569,149,275
570,149,161
571,149,90
572,149,82
573,149,70
490,150,492
491,150,158
492,150,495
493,150,362
494,150,106
495,150,482
496,150,1625
497,150,4046
498,150,4282
499,150,3226
500,150,1771
501,150,2780
502,150,2144
503,150,156
504,150,52
505,150,38
506,150,45
507,150,52
508,150,62
509,150,67
510,150,64
511,150,63
512,150,24
513,150,23
514,150,24
515,150,126
516,150,922
517,150,847
518,150,214
519,150,467
520,150,264
521,150,271
522,150,97
523,150,162
524,150,1474
525,150,2632
526,150,2819
527,150,4553
528,150,1742
529,150,96
530,150,271
531,150,395
532,150,577
533,150,881
534,150,70
535,150,281
536,150,64
537,150,65
538,150,62
539,150,407
540,150,1646
541,150,36
542,150,40
543,150,98
544,150,77
545,150,64
546,150,58
547,150,55
548,150,64
549,150,65
550,150,31
551,150,35
552,150,213
553,150,282
554,150,59
555,150,93
556,150,99
557,150,64
558,150,55
559,150,63
560,150,76
561,150,70
562,150,461
563,150,1210
564,150,103
565,150,49
566,150,49
567,150,51
568,150,53
569,150,385
570,150,414
571,150,65
572,150,65
573,150,322
490,151,640
491,151,219
492,151,211
493,151,238
494,151,379
495,151,474
496,151,675
497,151,3399
498,151,5642
499,151,2888
500,151,860
501,151,3015
502,151,3347
503,151,33
504,151,101
505,151,42
506,151,48
507,151,62
508,151,64
509,151,158
510,151,123
511,151,63
512,151,30
513,151,27
514,151,29
515,151,82
516,151,284
517,151,170
518,151,84
519,151,588
520,151,262
521,151,154
522,151,83
523,151,93
524,151,354
525,151,1360
526,151,1137
527,151,4053
528,151,2781
529,151,406
530,151,89
531,151,208
532,151,275
533,151,190
534,151,368
535,151,446
536,151,65
537,151,66
538,151,323
539,151,995
540,151,2492
541,151,133
542,151,338
543,151,69
544,151,49
545,151,47
546,151,54
547,151,56
548,151,79
549,151,68
550,151,28
551,151,48
552,151,182
553,151,118
554,151,56
555,151,54
556,151,52
557,151,41
558,151,42
559,151,45
560,151,49
561,151,53
562,151,73
563,151,82
564,151,60
565,151,47
566,151,55
567,151,54
568,151,52
569,151,73
570,151,137
571,151,103
572,151,103
573,151,1041
490,152,223
491,152,41
492,152,61
493,152,76
494,152,118
495,152,160
496,152,1090
497,152,928
498,152,3856
499,152,2175
500,152,525
501,152,1892
502,152,1070
503,152,80
504,152,294
505,152,179
506,152,43
507,152,126
508,152,136
509,152,538
510,152,192
511,152,87
512,152,103
513,152,86
514,152,100
515,152,160
516,152,165
517,152,78
518,152,85
519,152,339
520,152,376
521,152,88
522,152,45
523,152,60
524,152,170
525,152,169
526,152,190
527,152,349
528,152,1259
529,152,3194
530,152,653
531,152,77
532,152,77
533,152,61
534,152,427
535,152,1043
536,152,65
537,152,63
538,152,855
539,152,1757
540,152,753
541,152,137
542,152,321
543,152,56
544,152,45
545,152,45
546,152,47
547,152,52
548,152,101
549,152,85
550,152,18
551,152,128
552,152,325
553,152,438
554,152,55
555,152,51
556,152,51
557,152,40
558,152,85
559,152,72
560,152,42
561,152,49
562,152,54
563,152,52
564,152,51
565,152,49
566,152,51
567,152,74
568,152,601
569,152,322
570,152,118
571,152,104
572,152,140
573,152,177
490,153,100
491,153,40
492,153,37
493,153,37
494,153,40
495,153,97
496,153,197
497,153,200
498,153,81
499,153,314
500,153,140
501,153,63
502,153,116
503,153,66
504,153,273
505,153,116
506,153,56
507,153,398
508,153,285
509,153,732
510,153,288
511,153,420
512,153,1306
513,153,864
514,153,477
515,153,98
516,153,78
517,153,78
518,153,76
519,153,59
520,153,57
521,153,18
522,153,94
523,153,68
524,153,561
525,153,371
526,153,98
527,153,114
528,153,138
529,153,1642
530,153,622
531,153,77
532,153,191
533,153,228
534,153,122
535,153,84
536,153,93
537,153,89
538,153,1185
539,153,1008
540,153,656
541,153,50
542,153,40
543,153,113
544,153,619
545,153,160
546,153,40
547,153,40
548,153,79
549,153,71
550,153,24
551,153,279
552,153,900
553,153,960
554,153,66
555,153,57
556,153,59
557,153,62
558,153,82
559,153,171
560,153,230
561,153,172
562,153,59
563,153,52
564,153,57
565,153,73
566,153,53
567,153,87
568,153,388
569,153,1025
570,153,259
571,153,109
572,153,228
573,153,359
490,154,125
491,154,38
492,154,36
493,154,37
494,154,74
495,154,160
496,154,291
497,154,134
498,154,117
499,154,134
500,154,129
501,154,133
502,154,214
503,154,420
504,154,320
505,154,75
506,154,74
507,154,319
508,154,816
509,154,1291
510,154,201
511,154,220
512,154,1383
513,154,2429
514,154,1592
515,154,143
516,154,149
517,154,147
518,154,59
519,154,118
520,154,103
521,154,201
522,154,511
523,154,34
524,154,990
525,154,328
526,154,59
527,154,66
528,154,97
529,154,143
530,154,163
531,154,222
532,154,613
533,154,1112
534,154,1253
535,154,120
536,154,109
537,154,194
538,154,95
539,154,189
540,154,46
541,154,26
542,154,33
543,154,150
544,154,1532
545,154,431
546,154,82
547,154,198
548,154,95
549,154,47
550,154,18
551,154,560
552,154,1957
553,154,509
554,154,88
555,154,72
556,154,73
557,154,80
558,154,121
559,154,87
560,154,59
561,154,64
562,154,66
563,154,62
564,154,65
565,154,116
566,154,609
567,154,1049
568,154,173
569,154,160
570,154,187
571,154,143
572,154,1593
573,154,3191
490,155,108
491,155,36
492,155,36
493,155,109
494,155,313
495,155,177
496,155,122
497,155,76
498,155,172
499,155,262
500,155,290
501,155,269
502,155,983
503,155,1063
504,155,716
505,155,104
506,155,66
507,155,122
508,155,361
509,155,461
510,155,260
511,155,89
512,155,1041
513,155,1897
514,155,2227
515,155,736
516,155,496
517,155,771
518,155,49
519,155,148
520,155,105
521,155,242
522,155,1085
523,155,584
524,155,584
525,155,391
526,155,97
527,155,60
528,155,158
529,155,175
530,155,164
531,155,240
532,155,2064
533,155,2313
534,155,1732
535,155,109
536,155,154
537,155,284
538,155,80
539,155,89
540,155,26
541,155,26
542,155,28
543,155,38
544,155,66
545,155,104
546,155,184
547,155,361
548,155,588
549,155,94
550,155,1018
551,155,1340
552,155,2641
553,155,1905
554,155,352
555,155,140
556,155,96
557,155,123
558,155,320
559,155,305
560,155,61
561,155,71
562,155,79
563,155,60
564,155,49
565,155,121
566,155,925
567,155,422
568,155,146
569,155,82
570,155,83
571,155,128
572,155,790
573,155,2035
490,156,223
491,156,168
492,156,349
493,156,565
494,156,586
495,156,371
496,156,166
497,156,235
498,156,553
499,156,979
500,156,1737
501,156,995
502,156,359
503,156,162
504,156,656
505,156,359
506,156,33
507,156,32
508,156,32
509,156,59
510,156,225
511,156,131
512,156,200
513,156,425
514,156,2755
515,156,1573
516,156,1960
517,156,1697
518,156,447
519,156,210
520,156,201
521,156,66
522,156,1309
523,156,2702
524,156,700
525,156,614
526,156,226
527,156,150
528,156,626
529,156,123
530,156,246
531,156,462
532,156,4877
533,156,2517
534,156,2354
535,156,132
536,156,429
537,156,369
538,156,28
539,156,26
540,156,87
541,156,379
542,156,105
543,156,55
544,156,56
545,156,44
546,156,48
547,156,100
548,156,112
549,156,197
550,156,1070
551,156,2402
552,156,1566
553,156,3737
554,156,533
555,156,260
556,156,76
557,156,95
558,156,168
559,156,408
560,156,443
561,156,479
562,156,210
563,156,58
564,156,41
565,156,165
566,156,137
567,156,134
568,156,110
569,156,192
570,156,506
571,156,168
572,156,101
573,156,1696
490,157,642
491,157,766
492,157,500
493,157,541
494,157,503
495,157,1245
496,157,1375
497,157,1857
498,157,1280
499,157,2730
500,157,3317
501,157,2836
502,157,271
503,157,197
504,157,298
505,157,136
506,157,34
507,157,32
508,157,38
509,157,51
510,157,83
511,157,136
512,157,103
513,157,98
514,157,135
515,157,425
516,157,2588
517,157,1892
518,157,1404
519,157,305
520,157,431
521,157,534
522,157,1906
523,157,4473
524,157,710
525,157,133
526,157,159
527,157,485
528,157,503
529,157,621
530,157,857
531,157,2902
532,157,1163
533,157,865
534,157,1119
535,157,967
536,157,365
537,157,229
538,157,26
539,157,26
540,157,428
541,157,816
542,157,356
543,157,101
544,157,95
545,157,86
546,157,53
547,157,58
548,157,27
549,157,25
550,157,410
551,157,830
552,157,379
553,157,908
554,157,748
555,157,310
556,157,118
557,157,79
558,157,96
559,157,147
560,157,1432
561,157,1613
562,157,350
563,157,99
564,157,43
565,157,176
566,157,86
567,157,1144
568,157,517
569,157,1524
570,157,698
571,157,1408
572,157,553
573,157,543
490,158,247
491,158,75
492,158,73
493,158,53
494,158,357
495,158,1332
496,158,4419
497,158,5906
498,158,5504
499,158,4287
500,158,3129
501,158,2164
502,158,694
503,158,181
504,158,238
505,158,61
506,158,54
507,158,41
508,158,46
509,158,59
510,158,72
511,158,189
512,158,179
513,158,122
514,158,122
515,158,134
516,158,1386
517,158,2398
518,158,3066
519,158,759
520,158,322
521,158,215
522,158,1448
523,158,2288
524,158,1326
525,158,681
526,158,148
527,158,992
528,158,1304
529,158,1349
530,158,2651
531,158,1180
532,158,720
533,158,1608
534,158,1969
535,158,1822
536,158,1658
537,158,42
538,158,26
539,158,26
540,158,1024
541,158,3650
542,158,1955
543,158,138
544,158,100
545,158,86
546,158,77
547,158,91
548,158,17
549,158,21
550,158,94
551,158,652
552,158,291
553,158,632
554,158,1648
555,158,925
556,158,200
557,158,52
558,158,40
559,158,44
560,158,123
561,158,126
562,158,78
563,158,210
564,158,275
565,158,133
566,158,111
567,158,483
568,158,858
569,158,4440
570,158,3537
571,158,2381
572,158,2127
573,158,247
490,159,3496
491,159,72
492,159,17
493,159,42
494,159,875
495,159,1945
496,159,647
497,159,2194
498,159,1703
499,159,3467
500,159,2427
501,159,4780
502,159,2733
503,159,2273
504,159,1207
505,159,83
506,159,350
507,159,51
508,159,57
509,159,59
510,159,312
511,159,973
512,159,1296
513,159,440
514,159,561
515,159,263
516,159,209
517,159,225
518,159,1691
519,159,1586
520,159,1608
521,159,1429
522,159,1289
523,159,2670
524,159,2514
525,159,2411
526,159,575
527,159,1586
528,159,3788
529,159,2939
530,159,2409
531,159,2321
532,159,2027
533,159,1608
534,159,1566
535,159,1271
536,159,521
537,159,31
538,159,26
539,159,37
540,159,271
541,159,2020
542,159,649
543,159,203
544,159,152
545,159,90
546,159,78
547,159,289
548,159,329
549,159,155
550,159,98
551,159,500
552,159,442
553,159,683
554,159,546
555,159,111
556,159,87
557,159,46
558,159,41
559,159,40
560,159,965
561,159,269
562,159,40
563,159,112
564,159,130
565,159,117
566,159,161
567,159,161
568,159,142
569,159,2414
570,159,1600
571,159,323
572,159,227
573,159,150
490,160,1984
491,160,94
492,160,49
493,160,303
494,160,1926
495,160,756
496,160,221
497,160,113
498,160,106
499,160,416
500,160,580
501,160,694
502,160,3003
503,160,1769
504,160,1376
505,160,514
506,160,2913
507,160,333
508,160,145
509,160,197
510,160,3124
511,160,2172
512,160,1392
513,160,992
514,160,938
515,160,242
516,160,121
517,160,171
518,160,257
519,160,1918
520,160,2775
521,160,3679
522,160,895
523,160,1261
524,160,1374
525,160,2493
526,160,669
527,160,467
528,160,970
529,160,1779
530,160,3364
531,160,4185
532,160,2617
533,160,934
534,160,2171
535,160,810
536,160,38
537,160,26
538,160,28
539,160,137
540,160,294
541,160,301
542,160,246
543,160,102
544,160,116
545,160,93
546,160,102
547,160,91
548,160,370
549,160,177
550,160,93
551,160,54
552,160,137
553,160,133
554,160,40
555,160,42
556,160,59
557,160,60
558,160,57
559,160,45
560,160,49
561,160,47
562,160,46
563,160,103
564,160,83
565,160,68
566,160,141
567,160,86
568,160,63
569,160,784
570,160,1005
571,160,252
572,160,675
573,160,500
490,161,847
491,161,907
492,161,2317
493,161,767
494,161,458
495,161,340
496,161,187
497,161,254
498,161,126
499,161,154
500,161,115
501,161,125
502,161,513
503,161,1562
504,161,3075
505,161,1861
506,161,2299
507,161,465
508,161,226
509,161,87
510,161,256
511,161,222
512,161,921
513,161,729
514,161,358
515,161,187
516,161,141
517,161,143
518,161,398
519,161,1501
520,161,4052
521,161,3488
522,161,970
523,161,750
524,161,1082
525,161,1146
526,161,1059
527,161,136
528,161,223
529,161,1068
530,161,2216
531,161,3682
532,161,2073
533,161,2727
534,161,1311
535,161,1067
536,161,578
537,161,99
538,161,3153
539,161,1545
540,161,163
541,161,257
542,161,110
543,161,108
544,161,77
545,161,90
546,161,123
547,161,132
548,161,221
549,161,419
550,161,143
551,161,253
552,161,81
553,161,34
554,161,34
555,161,49
556,161,71
557,161,97
558,161,98
559,161,59
560,161,59
561,161,59
562,161,60
563,161,680
564,161,1534
565,161,54
566,161,90
567,161,63
568,161,127
569,161,3113
570,161,3118
571,161,253
572,161,477
573,161,340
490,162,1045
491,162,1684
492,162,1793
493,162,865
494,162,127
495,162,187
496,162,347
497,162,1576
498,162,272
499,162,29
500,162,86
501,162,140
502,162,330
503,162,839
504,162,2945
505,162,1669
506,162,370
507,162,810
508,162,343
509,162,576
510,162,111
511,162,117
512,162,140
513,162,190
514,162,359
515,162,754
516,162,449
517,162,245
518,162,319
519,162,352
520,162,2638
521,162,3582
522,162,1905
523,162,1722
524,162,2305
525,162,5249
526,162,2364
527,162,1881
528,162,1458
529,162,3128
530,162,2136
531,162,2448
532,162,4824
533,162,2525
534,162,2871
535,162,4884
536,162,5262
537,162,1614
538,162,5365
539,162,657
540,162,73
541,162,120
542,162,141
543,162,244
544,162,69
545,162,283
546,162,266
547,162,462
548,162,175
549,162,323
550,162,179
551,162,202
552,162,73
553,162,33
554,162,26
555,162,71
556,162,110
557,162,715
558,162,183
559,162,65
560,162,59
561,162,61
562,162,62
563,162,438
564,162,773
565,162,40
566,162,55
567,162,64
568,162,64
569,162,182
570,162,925
571,162,158
572,162,261
573,162,250
490,163,495
491,163,1719
492,163,263
493,163,1141
494,163,424
495,163,88
496,163,136
497,163,117
498,163,54
499,163,34
500,163,43
501,163,363
502,163,1770
503,163,1976
504,163,1847
505,163,1084
506,163,350
507,163,1239
508,163,1454
509,163,939
510,163,757
511,163,1078
512,163,451
513,163,405
514,163,861
515,163,2352
516,163,1308
517,163,2239
518,163,3560
519,163,2121
520,163,3188
521,163,3583
522,163,2719
523,163,734
524,163,3684
525,163,6841
526,163,6286
527,163,4758
528,163,4991
529,163,6002
530,163,4285
531,163,1295
532,163,5475
533,163,2389
534,163,1494
535,163,1965
536,163,1227
537,163,3887
538,163,5538
539,163,57
540,163,66
541,163,178
542,163,237
543,163,168
544,163,236
545,163,1859
546,163,2017
547,163,434
548,163,80
549,163,86
550,163,88
551,163,92
552,163,50
553,163,19
554,163,15
555,163,76
556,163,637
557,163,1829
558,163,200
559,163,83
560,163,65
561,163,64
562,163,63
563,163,319
564,163,227
565,163,64
566,163,35
567,163,123
568,163,104
569,163,166
570,163,792
571,163,241
572,163,62
573,163,75
490,164,49
491,164,230
492,164,987
493,164,553
494,164,320
495,164,25
496,164,25
497,164,25
498,164,29
499,164,48
500,164,57
501,164,202
502,164,498
503,164,921
504,164,4188
505,164,3937
506,164,1326
507,164,2905
508,164,3262
509,164,1567
510,164,2488
511,164,3981
512,164,1352
513,164,1350
514,164,1328
515,164,1391
516,164,593
517,164,3694
518,164,5504
519,164,3387
520,164,4149
521,164,4180
522,164,4963
523,164,4103
524,164,5869
525,164,6932
526,164,8322
527,164,4726
528,164,5668
529,164,6214
530,164,4915
531,164,4790
532,164,6700
533,164,3530
534,164,622
535,164,358
536,164,485
537,164,1984
538,164,695
539,164,2009
540,164,646
541,164,866
542,164,683
543,164,1627
544,164,2832
545,164,4368
546,164,4026
547,164,797
548,164,120
549,164,87
550,164,92
551,164,20
552,164,15
553,164,136
554,164,146
555,164,40
556,164,185
557,164,652
558,164,151
559,164,86
560,164,447
561,164,225
562,164,75
563,164,202
564,164,109
565,164,68
566,164,44
567,164,92
568,164,90
569,164,217
570,164,1026
571,164,370
572,164,55
573,164,77
490,165,34
491,165,43
492,165,268
493,165,187
494,165,65
495,165,88
496,165,39
497,165,33
498,165,74
499,165,84
500,165,115
501,165,121
502,165,387
503,165,1425
504,165,2244
505,165,659
506,165,643
507,165,2388
508,165,1645
509,165,2089
510,165,2791
511,165,3792
512,165,1202
513,165,819
514,165,992
515,165,2035
516,165,1545
517,165,1154
518,165,6115
519,165,3687
520,165,1726
521,165,3590
522,165,5709
523,165,5572
524,165,5499
525,165,5456
526,165,6154
527,165,6359
528,165,4457
529,165,1237
530,165,2243
531,165,4694
532,165,3521
533,165,6796
534,165,2127
535,165,2060
536,165,4249
537,165,5328
538,165,2890
539,165,3098
540,165,999
541,165,623
542,165,2026
543,165,1888
544,165,3189
545,165,4375
546,165,3624
547,165,2409
548,165,259
549,165,71
550,165,95
551,165,25
552,165,29
553,165,290
554,165,680
555,165,123
556,165,87
557,165,93
558,165,76
559,165,248
560,165,4025
561,165,629
562,165,116
563,165,261
564,165,736
565,165,150
566,165,46
567,165,29
568,165,74
569,165,109
570,165,204
571,165,64
572,165,102
573,165,747
490,166,40
491,166,45
492,166,592
493,166,309
494,166,767
495,166,962
496,166,175
497,166,77
498,166,233
499,166,447
500,166,156
501,166,487
502,166,169
503,166,2091
504,166,3210
505,166,911
506,166,330
507,166,497
508,166,968
509,166,2028
510,166,5313
511,166,3296
512,166,802
513,166,747
514,166,2085
515,166,2436
516,166,3671
517,166,4158
518,166,5858
519,166,4884
520,166,4460
521,166,4730
522,166,4340
523,166,4827
524,166,5836
525,166,5275
526,166,5529
527,166,8726
528,166,2882
529,166,239
530,166,3629
531,166,9674
532,166,7195
533,166,9428
534,166,6904
535,166,3377
536,166,2872
537,166,2278
538,166,2869
539,166,4199
540,166,2487
541,166,398
542,166,1700
543,166,1381
544,166,3098
545,166,3714
546,166,3672
547,166,5201
548,166,187
549,166,78
550,166,365
551,166,135
552,166,102
553,166,130
554,166,561
555,166,258
556,166,113
557,166,111
558,166,60
559,166,146
560,166,1018
561,166,178
562,166,89
563,166,176
564,166,576
565,166,146
566,166,26
567,166,24
568,166,45
569,166,72
570,166,773
571,166,453
572,166,539
573,166,2871
490,167,72
491,167,443
492,167,1539
493,167,2252
494,167,1155
495,167,905
496,167,265
497,167,109
498,167,351
499,167,1155
500,167,635
501,167,156
502,167,192
503,167,1412
504,167,817
505,167,152
506,167,591
507,167,2271
508,167,3099
509,167,671
510,167,2367
511,167,952
512,167,1396
513,167,2643
514,167,1747
515,167,2703
516,167,1198
517,167,5587
518,167,8260
519,167,4601
520,167,3533
521,167,5237
522,167,3902
523,167,3703
524,167,3173
525,167,4523
526,167,6467
527,167,2986
528,167,399
529,167,897
530,167,5686
531,167,10790
532,167,7972
533,167,5052
534,167,9123
535,167,4925
536,167,5672
537,167,1876
538,167,1940
539,167,3502
540,167,2303
541,167,2038
542,167,4311
543,167,3032
544,167,4000
545,167,3582
546,167,3847
547,167,3282
548,167,183
549,167,125
550,167,667
551,167,1010
552,167,323
553,167,64
554,167,127
555,167,145
556,167,202
557,167,130
558,167,52
559,167,104
560,167,1750
561,167,519
562,167,155
563,167,370
564,167,1324
565,167,430
566,167,123
567,167,69
568,167,27
569,167,57
570,167,665
571,167,437
572,167,502
573,167,2152
490,168,658
491,168,653
492,168,1032
493,168,787
494,168,426
495,168,362
496,168,157
497,168,91
498,168,248
499,168,656
500,168,1073
501,168,512
502,168,206
503,168,114
504,168,646
505,168,278
506,168,830
507,168,1289
508,168,1000
509,168,1313
510,168,2093
511,168,698
512,168,1950
513,168,5152
514,168,3781
515,168,1159
516,168,87
517,168,1498
518,168,5992
519,168,3654
520,168,6565
521,168,5815
522,168,4265
523,168,3818
524,168,5627
525,168,5102
526,168,5122
527,168,5548
528,168,3019
529,168,5900
530,168,8214
531,168,10917
532,168,9327
533,168,7793
534,168,8172
535,168,2665
536,168,5610
537,168,2247
538,168,3054
539,168,4769
540,168,3558
541,168,4966
542,168,3489
543,168,1071
544,168,1068
545,168,2177
546,168,4611
547,168,4622
548,168,369
549,168,62
550,168,3529
551,168,3842
552,168,1516
553,168,93
554,168,67
555,168,185
556,168,355
557,168,62
558,168,38
559,168,238
560,168,2405
561,168,1452
562,168,1299
563,168,203
564,168,160
565,168,210
566,168,312
567,168,131
568,168,27
569,168,36
570,168,46
571,168,4247
572,168,4633
573,168,723
490,169,2543
491,169,2014
492,169,311
493,169,178
494,169,397
495,169,80
496,169,36
497,169,65
498,169,136
499,169,346
500,169,503
501,169,489
502,169,619
503,169,1183
504,169,1390
505,169,706
506,169,150
507,169,151
508,169,1152
509,169,2399
510,169,2802
511,169,1809
512,169,1007
513,169,3281
514,169,993
515,169,192
516,169,180
517,169,2610
518,169,5480
519,169,7652
520,169,4112
521,169,2213
522,169,4428
523,169,7645
524,169,6491
525,169,5288
526,169,5761
527,169,8466
528,169,7724
529,169,7431
530,169,7633
531,169,5372
532,169,7401
533,169,5002
534,169,6522
535,169,9032
536,169,5433
537,169,4714
538,169,4243
539,169,4328
540,169,4597
541,169,4184
542,169,1934
543,169,1629
544,169,775
545,169,1630
546,169,4438
547,169,1123
548,169,131
549,169,244
550,169,3128
551,169,2728
552,169,793
553,169,214
554,169,171
555,169,1130
556,169,2009
557,169,36
558,169,99
559,169,483
560,169,564
561,169,695
562,169,670
563,169,1105
564,169,293
565,169,48
566,169,60
567,169,32
568,169,35
569,169,66
570,169,410
571,169,1945
572,169,4978
573,169,5622
490,170,709
491,170,1255
492,170,343
493,170,65
494,170,55
495,170,36
496,170,34
497,170,78
498,170,2327
499,170,4532
500,170,2229
501,170,1271
502,170,3469
503,170,2504
504,170,4774
505,170,3980
506,170,592
507,170,1729
508,170,4215
509,170,5306
510,170,2168
511,170,667
512,170,4363
513,170,4478
514,170,1770
515,170,1739
516,170,4385
517,170,3747
518,170,7200
519,170,4965
520,170,1134
521,170,804
522,170,1489
523,170,4067
524,170,6861
525,170,9617
526,170,8301
527,170,10195
528,170,11811
529,170,10718
530,170,6312
531,170,3577
532,170,5048
533,170,7665
534,170,4983
535,170,7949
536,170,2348
537,170,4061
538,170,1626
539,170,4829
540,170,4489
541,170,1030
542,170,1723
543,170,1867
544,170,1409
545,170,368
546,170,1518
547,170,1492
548,170,732
549,170,251
550,170,404
551,170,1918
552,170,1582
553,170,272
554,170,220
555,170,603
556,170,263
557,170,152
558,170,113
559,170,86
560,170,180
561,170,248
562,170,172
563,170,1407
564,170,148
565,170,1871
566,170,1157
567,170,50
568,170,174
569,170,364
570,170,380
571,170,381
572,170,951
573,170,3298
490,171,140
491,171,59
492,171,68
493,171,55
494,171,55
495,171,36
496,171,34
497,171,136
498,171,737
499,171,1736
500,171,1525
501,171,2480
502,171,2910
503,171,2372
504,171,3137
505,171,2886
506,171,5274
507,171,4624
508,171,2954
509,171,2779
510,171,1747
511,171,2491
512,171,6178
513,171,2774
514,171,4361
515,171,6664
516,171,3952
517,171,4054
518,171,2801
519,171,132
520,171,1648
521,171,1316
522,171,98
523,171,1179
524,171,3585
525,171,5889
526,171,4863
527,171,11646
528,171,9663
529,171,8107
530,171,8302
531,171,8682
532,171,8409
533,171,6242
534,171,5756
535,171,8369
536,171,5790
537,171,5435
538,171,5203
539,171,7122
540,171,5659
541,171,3172
542,171,5397
543,171,5571
544,171,1951
545,171,2341
546,171,3798
547,171,1599
548,171,1171
549,171,250
550,171,1615
551,171,1033
552,171,424
553,171,671
554,171,650
555,171,544
556,171,785
557,171,1442
558,171,145
559,171,203
560,171,76
561,171,210
562,171,187
563,171,1858
564,171,1127
565,171,5144
566,171,5366
567,171,442
568,171,118
569,171,291
570,171,958
571,171,1369
572,171,86
573,171,162
490,172,142
491,172,95
492,172,286
493,172,47
494,172,43
495,172,36
496,172,34
497,172,51
498,172,233
499,172,282
500,172,246
501,172,445
502,172,310
503,172,777
504,172,582
505,172,1631
506,172,2593
507,172,939
508,172,396
509,172,4062
510,172,4240
511,172,2171
512,172,5111
513,172,3446
514,172,5169
515,172,4951
516,172,1889
517,172,3134
518,172,397
519,172,123
520,172,116
521,172,840
522,172,738
523,172,3094
524,172,3811
525,172,6937
526,172,7567
527,172,7814
528,172,11237
529,172,4667
530,172,10236
531,172,8259
532,172,6754
533,172,1611
534,172,5253
535,172,8274
536,172,7385
537,172,5286
538,172,5827
539,172,6749
540,172,5930
541,172,3253
542,172,5851
543,172,4445
544,172,4703
545,172,4783
546,172,4309
547,172,4106
548,172,1247
549,172,184
550,172,1684
551,172,1100
552,172,1358
553,172,2199
554,172,1412
555,172,407
556,172,638
557,172,420
558,172,455
559,172,1018
560,172,83
561,172,132
562,172,3272
563,172,5755
564,172,4296
565,172,6395
566,172,5539
567,172,1025
568,172,141
569,172,50
570,172,85
571,172,408
572,172,57
573,172,247
490,173,113
491,173,103
492,173,324
493,173,58
494,173,60
495,173,51
496,173,46
497,173,42
498,173,1022
499,173,717
500,173,326
501,173,167
502,173,84
503,173,102
504,173,230
505,173,2336
506,173,3486
507,173,441
508,173,2897
509,173,5614
510,173,5112
511,173,3733
512,173,3121
513,173,5134
514,173,5923
515,173,5327
516,173,4664
517,173,1293
518,173,861
519,173,262
520,173,138
521,173,754
522,173,5355
523,173,4217
524,173,9182
525,173,8641
526,173,7171
527,173,5741
528,173,11347
529,173,11195
530,173,12329
531,173,7755
532,173,3623
533,173,1400
534,173,5158
535,173,7881
536,173,7905
537,173,6114
538,173,9003
539,173,6846
540,173,5975
541,173,3317
542,173,2337
543,173,1967
544,173,3707
545,173,6164
546,173,3524
547,173,4650
548,173,3238
549,173,2193
550,173,1032
551,173,1026
552,173,2875
553,173,4668
554,173,2417
555,173,4162
556,173,4890
557,173,1111
558,173,197
559,173,264
560,173,1393
561,173,222
562,173,2267
563,173,7147
564,173,6488
565,173,4624
566,173,3641
567,173,1007
568,173,95
569,173,51
570,173,63
571,173,61
572,173,37
573,173,1531
490,174,49
491,174,50
492,174,58
493,174,65
494,174,262
495,174,83
496,174,101
497,174,246
498,174,2274
499,174,947
500,174,728
501,174,322
502,174,87
503,174,257
504,174,765
505,174,1788
506,174,1109
507,174,63
508,174,1544
509,174,2458
510,174,2770
511,174,1384
512,174,3197
513,174,7536
514,174,5956
515,174,4962
516,174,6221
517,174,5212
518,174,7116
519,174,1061
520,174,1571
521,174,2927
522,174,5036
523,174,7432
524,174,8392
525,174,8198
526,174,8084
527,174,8677
528,174,6822
529,174,11267
530,174,11625
531,174,8074
532,174,5260
533,174,7727
534,174,7367
535,174,4323
536,174,7914
537,174,7017
538,174,8324
539,174,6196
540,174,4942
541,174,3421
542,174,3994
543,174,2988
544,174,2862
545,174,6347
546,174,5515
547,174,3231
548,174,4062
549,174,2690
550,174,1594
551,174,3037
552,174,4637
553,174,5011
554,174,3324
555,174,5070
556,174,978
557,174,1793
558,174,2291
559,174,2483
560,174,3773
561,174,1581
562,174,1077
563,174,1485
564,174,1758
565,174,1423
566,174,298
567,174,89
568,174,53
569,174,44
570,174,38
571,174,34
572,174,32
573,174,27
490,175,54
491,175,61
492,175,81
493,175,1836
494,175,2818
495,175,1783
496,175,2521
497,175,78
498,175,317
499,175,265
500,175,301
501,175,225
502,175,166
503,175,273
504,175,188
505,175,32
506,175,60
507,175,33
508,175,25
509,175,163
510,175,574
511,175,4225
512,175,7662
513,175,6245
514,175,6173
515,175,3909
516,175,4476
517,175,633
518,175,5960
519,175,6309
520,175,8177
521,175,6120
522,175,4212
523,175,9398
524,175,4771
525,175,3905
526,175,9266
527,175,10494
528,175,11500
529,175,11050
530,175,13083
531,175,10866
532,175,7258
533,175,9589
534,175,8849
535,175,6846
536,175,8881
537,175,7156
538,175,5518
539,175,6357
540,175,4970
541,175,6124
542,175,6459
543,175,4181
544,175,1952
545,175,6282
546,175,4883
547,175,3925
548,175,4887
549,175,4282
550,175,3474
551,175,3009
552,175,2595
553,175,904
554,175,2088
555,175,1749
556,175,200
557,175,232
558,175,604
559,175,318
560,175,164
561,175,128
562,175,36
563,175,72
564,175,337
565,175,74
566,175,54
567,175,23
568,175,3
569,175,2
570,175,18
571,175,30
572,175,26
573,175,608
490,176,54
491,176,91
492,176,119
493,176,3424
494,176,4707
495,176,3281
496,176,4751
497,176,162
498,176,550
499,176,1468
500,176,288
501,176,143
502,176,721
503,176,697
504,176,120
505,176,52
506,176,102
507,176,228
508,176,182
509,176,191
510,176,4670
511,176,5861
512,176,6898
513,176,4984
514,176,6316
515,176,5561
516,176,3515
517,176,314
518,176,2072
519,176,3804
520,176,1284
521,176,4082
522,176,2962
523,176,4060
524,176,13057
525,176,11606
526,176,6270
527,176,10871
528,176,10225
529,176,10202
530,176,14615
531,176,12143
532,176,9750
533,176,11333
534,176,8899
535,176,8958
536,176,8398
537,176,8376
538,176,6695
539,176,2192
540,176,4159
541,176,4353
542,176,3808
543,176,2725
544,176,938
545,176,4680
546,176,5296
547,176,7246
548,176,5699
549,176,4130
550,176,5709
551,176,6020
552,176,2267
553,176,361
554,176,102
555,176,324
556,176,67
557,176,30
558,176,55
559,176,4
560,176,71
561,176,15
562,176,69
563,176,1863
564,176,5391
565,176,2093
566,176,101
567,176,63
568,176,58
569,176,10
570,176,6
571,176,24
572,176,26
573,176,1229
490,177,398
491,177,269
492,177,132
493,177,329
494,177,802
495,177,934
496,177,1397
497,177,169
498,177,810
499,177,935
500,177,227
501,177,1473
502,177,1340
503,177,394
504,177,127
505,177,578
506,177,258
507,177,1178
508,177,2573
509,177,899
510,177,1583
511,177,3932
512,177,5094
513,177,3965
514,177,1403
515,177,2333
516,177,2514
517,177,4132
518,177,2541
519,177,5673
520,177,4988
521,177,3456
522,177,4616
523,177,8563
524,177,17004
525,177,11735
526,177,14501
527,177,6457
528,177,1405
529,177,3959
530,177,11274
531,177,13109
532,177,13246
533,177,9512
534,177,8882
535,177,8913
536,177,9862
537,177,6263
538,177,4335
539,177,4309
540,177,7123
541,177,6606
542,177,1709
543,177,9104
544,177,6587
545,177,5400
546,177,2798
547,177,5309
548,177,6019
549,177,5407
550,177,5362
551,177,5847
552,177,2305
553,177,213
554,177,75
555,177,83
556,177,118
557,177,90
558,177,1037
559,177,1528
560,177,2389
561,177,4101
562,177,3490
563,177,541
564,177,868
565,177,222
566,177,113
567,177,70
568,177,63
569,177,23
570,177,2
571,177,25
572,177,31
573,177,40
490,178,1285
491,178,473
492,178,55
493,178,63
494,178,1634
495,178,612
496,178,989
497,178,897
498,178,501
499,178,1700
500,178,3302
501,178,5470
502,178,879
503,178,230
504,178,210
505,178,1296
506,178,2750
507,178,821
508,178,1800
509,178,5190
510,178,1965
511,178,4041
512,178,7323
513,178,2612
514,178,179
515,178,272
516,178,2129
517,178,7343
518,178,3036
519,178,4163
520,178,7212
521,178,8461
522,178,7669
523,178,8601
524,178,15876
525,178,19675
526,178,13708
527,178,13965
528,178,11531
529,178,20573
530,178,5678
531,178,13907
532,178,15465
533,178,12054
534,178,10583
535,178,8035
536,178,7969
537,178,7200
538,178,3837
539,178,5364
540,178,3770
541,178,4915
542,178,7805
543,178,6917
544,178,10762
545,178,8828
546,178,6984
547,178,3191
548,178,3553
549,178,5801
550,178,4192
551,178,1233
552,178,3
553,178,39
554,178,600
555,178,2265
556,178,924
557,178,117
558,178,332
559,178,2286
560,178,2121
561,178,3650
562,178,5311
563,178,997
564,178,3460
565,178,1094
566,178,112
567,178,1303
568,178,1855
569,178,53
570,178,0
571,178,20
572,178,39
573,178,40
490,179,559
491,179,461
492,179,96
493,179,155
494,179,1113
495,179,3336
496,179,4101
497,179,4435
498,179,4352
499,179,4198
500,179,4998
501,179,4298
502,179,861
503,179,956
504,179,245
505,179,2470
506,179,4668
507,179,1731
508,179,3404
509,179,3262
510,179,1724
511,179,5006
512,179,6970
513,179,3226
514,179,2154
515,179,4767
516,179,10165
517,179,7970
518,179,4000
519,179,5537
520,179,10932
521,179,9588
522,179,14196
523,179,15849
524,179,9147
525,179,12564
526,179,6871
527,179,6956
528,179,3965
529,179,4999
530,179,2165
531,179,10532
532,179,14423
533,179,12053
534,179,8318
535,179,6728
536,179,4800
537,179,4760
538,179,5000
539,179,199
540,179,296
541,179,518
542,179,2811
543,179,1025
544,179,3093
545,179,1346
546,179,4615
547,179,7589
548,179,3536
549,179,2104
550,179,444
551,179,8
552,179,26
553,179,41
554,179,93
555,179,169
556,179,1488
557,179,141
558,179,182
559,179,1909
560,179,3919
561,179,5037
562,179,4403
563,179,1582
564,179,3101
565,179,1332
566,179,134
567,179,1114
568,179,832
569,179,59
570,179,0
571,179,1
572,179,14
573,179,13
490,180,363
491,180,112
492,180,330
493,180,3300
494,180,5959
495,180,2571
496,180,3135
497,180,4807
498,180,4919
499,180,4659
500,180,404
501,180,192
502,180,345
503,180,418
504,180,172
505,180,1354
506,180,4392
507,180,564
508,180,1580
509,180,4568
510,180,5368
511,180,3867
512,180,11626
513,180,5935
514,180,2202
515,180,6742
516,180,9456
517,180,5568
518,180,5875
519,180,6055
520,180,9589
521,180,6831
522,180,14012
523,180,7889
524,180,12812
525,180,13992
526,180,4718
527,180,1246
528,180,2562
529,180,2369
530,180,1615
531,180,4206
532,180,2892
533,180,1635
534,180,10804
535,180,8877
536,180,7009
537,180,5249
538,180,2654
539,180,363
540,180,2024
541,180,823
542,180,1954
543,180,2408
544,180,228
545,180,423
546,180,5047
547,180,5115
548,180,317
549,180,220
550,180,124
551,180,19
552,180,26
553,180,26
554,180,42
555,180,178
556,180,3662
557,180,747
558,180,2606
559,180,1048
560,180,495
561,180,3018
562,180,1979
563,180,620
564,180,163
565,180,242
566,180,114
567,180,185
568,180,96
569,180,81
570,180,2
571,180,0
572,180,0
573,180,0
490,181,861
491,181,198
492,181,3973
493,181,5526
494,181,2947
495,181,2459
496,181,6910
497,181,5107
498,181,2774
499,181,1790
500,181,651
501,181,146
502,181,430
503,181,1655
504,181,331
505,181,3824
506,181,4551
507,181,3556
508,181,5847
509,181,4830
510,181,6773
511,181,5137
512,181,4963
513,181,8795
514,181,4070
515,181,8217
516,181,6748
517,181,6813
518,181,4592
519,181,3631
520,181,5646
521,181,5162
522,181,1922
523,181,10080
524,181,17150
525,181,14656
526,181,10735
527,181,14500
528,181,6634
529,181,6575
530,181,6661
531,181,3127
532,181,4062
533,181,5228
534,181,13382
535,181,15203
536,181,10025
537,181,11053
538,181,6217
539,181,5181
540,181,9996
541,181,7881
542,181,7141
543,181,3895
544,181,236
545,181,55
546,181,326
547,181,2702
548,181,283
549,181,93
550,181,125
551,181,53
552,181,1986
553,181,511
554,181,50
555,181,48
556,181,1474
557,181,900
558,181,4799
559,181,1592
560,181,107
561,181,191
562,181,105
563,181,97
564,181,581
565,181,685
566,181,347
567,181,408
568,181,1073
569,181,231
570,181,42
571,181,16
572,181,13
573,181,10
490,182,969
491,182,208
492,182,2408
493,182,2740
494,182,4917
495,182,5674
496,182,3268
497,182,228
498,182,326
499,182,363
500,182,60
501,182,151
502,182,1135
503,182,225
504,182,446
505,182,4104
506,182,1693
507,182,5040
508,182,2468
509,182,5674
510,182,3954
511,182,7310
512,182,5448
513,182,6827
514,182,4736
515,182,3698
516,182,3167
517,182,4517
518,182,3945
519,182,611
520,182,1187
521,182,1132
522,182,2223
523,182,7540
524,182,16533
525,182,16581
526,182,13038
527,182,8091
528,182,5829
529,182,10491
530,182,16582
531,182,11366
532,182,10466
533,182,9145
534,182,13682
535,182,15268
536,182,9738
537,182,12066
538,182,1659
539,182,6041
540,182,10060
541,182,8178
542,182,9017
543,182,3588
544,182,218
545,182,440
546,182,1059
547,182,517
548,182,189
549,182,243
550,182,291
551,182,1453
552,182,3869
553,182,2747
554,182,283
555,182,101
556,182,56
557,182,122
558,182,985
559,182,3686
560,182,595
561,182,70
562,182,14
563,182,30
564,182,354
565,182,51
566,182,79
567,182,878
568,182,3508
569,182,2482
570,182,186
571,182,122
572,182,23
573,182,23
490,183,479
491,183,74
492,183,1043
493,183,764
494,183,95
495,183,924
496,183,550
497,183,554
498,183,641
499,183,270
500,183,54
501,183,210
502,183,2039
503,183,249
504,183,1172
505,183,4836
506,183,2185
507,183,4786
508,183,2970
509,183,1370
510,183,1121
511,183,3591
512,183,4447
513,183,4004
514,183,3967
515,183,3938
516,183,3234
517,183,4870
518,183,6156
519,183,1337
520,183,3554
521,183,8748
522,183,6436
523,183,8868
524,183,8013
525,183,13534
526,183,9702
527,183,5457
528,183,5946
529,183,11343
530,183,9366
531,183,10358
532,183,13202
533,183,13892
534,183,12085
535,183,10369
536,183,9857
537,183,3612
538,183,2355
539,183,11116
540,183,13774
541,183,13125
542,183,12140
543,183,5743
544,183,7955
545,183,5563
546,183,4845
547,183,2483
548,183,3008
549,183,4751
550,183,2820
551,183,4573
552,183,1769
553,183,2440
554,183,385
555,183,30
556,183,34
557,183,38
558,183,92
559,183,422
560,183,41
561,183,41
562,183,15
563,183,14
564,183,54
565,183,67
566,183,1019
567,183,178
568,183,3669
569,183,6633
570,183,3213
571,183,686
572,183,23
573,183,23
490,184,115
491,184,56
492,184,43
493,184,44
494,184,54
495,184,471
496,184,964
497,184,1034
498,184,836
499,184,151
500,184,65
501,184,163
502,184,339
503,184,75
504,184,476
505,184,2901
506,184,1744
507,184,3751
508,184,2333
509,184,204
510,184,585
511,184,1016
512,184,3896
513,184,4780
514,184,4467
515,184,2567
516,184,2740
517,184,5731
518,184,7609
519,184,5771
520,184,9110
521,184,8416
522,184,10167
523,184,6906
524,184,11406
525,184,11923
526,184,11810
527,184,13799
528,184,12743
529,184,12925
530,184,9570
531,184,12463
532,184,12573
533,184,9206
534,184,10004
535,184,14333
536,184,5570
537,184,824
538,184,2528
539,184,10025
540,184,12726
541,184,16127
542,184,13366
543,184,7643
544,184,7892
545,184,6769
546,184,5127
547,184,6953
548,184,6633
549,184,7223
550,184,5189
551,184,2016
552,184,5424
553,184,1156
554,184,65
555,184,195
556,184,166
557,184,42
558,184,30
559,184,44
560,184,42
561,184,31
562,184,14
563,184,14
564,184,44
565,184,65
566,184,59
567,184,38
568,184,291
569,184,3376
570,184,2362
571,184,419
572,184,38
573,184,22
490,185,127
491,185,77
492,185,47
493,185,45
494,185,52
495,185,436
496,185,1577
497,185,194
498,185,179
499,185,122
500,185,90
501,185,76
502,185,110
503,185,166
504,185,327
505,185,857
506,185,1570
507,185,2331
508,185,1490
509,185,914
510,185,2376
511,185,2996
512,185,5712
513,185,6804
514,185,5509
515,185,5804
516,185,6901
517,185,6342
518,185,5741
519,185,3051
520,185,3412
521,185,5593
522,185,6674
523,185,9888
524,185,7688
525,185,9671
526,185,9042
527,185,10738
528,185,10205
529,185,13989
530,185,11739
531,185,9288
532,185,13390
533,185,13743
534,185,11776
535,185,12537
536,185,8761
537,185,1034
538,185,7887
539,185,11301
540,185,10209
541,185,8175
542,185,12049
543,185,11332
544,185,10343
545,185,6190
546,185,6237
547,185,7593
548,185,7326
549,185,6618
550,185,2384
551,185,828
552,185,6839
553,185,5240
554,185,1549
555,185,2494
556,185,2206
557,185,274
558,185,38
559,185,47
560,185,49
561,185,40
562,185,14
563,185,276
564,185,151
565,185,18
566,185,38
567,185,56
568,185,76
569,185,193
570,185,135
571,185,123
572,185,124
573,185,85
490,186,265
491,186,135
492,186,60
493,186,43
494,186,42
495,186,195
496,186,691
497,186,293
498,186,74
499,186,600
500,186,640
501,186,277
502,186,165
503,186,325
504,186,972
505,186,267
506,186,950
507,186,3211
508,186,2719
509,186,3711
510,186,6333
511,186,5471
512,186,7197
513,186,6965
514,186,4989
515,186,2232
516,186,4860
517,186,6251
518,186,4939
519,186,4199
520,186,5953
521,186,7092
522,186,6129
523,186,4575
524,186,6838
525,186,3809
526,186,1759
527,186,704
528,186,6831
529,186,11368
530,186,14962
531,186,12247
532,186,10492
533,186,11961
534,186,13370
535,186,4874
536,186,948
537,186,4387
538,186,10670
539,186,9932
540,186,1827
541,186,2085
542,186,2326
543,186,5903
544,186,7829
545,186,6739
546,186,5335
547,186,8481
548,186,7427
549,186,5361
550,186,2818
551,186,2821
552,186,3917
553,186,5144
554,186,4710
555,186,3659
556,186,3102
557,186,1264
558,186,49
559,186,49
560,186,45
561,186,20
562,186,14
563,186,77
564,186,189
565,186,14
566,186,14
567,186,35
568,186,108
569,186,134
570,186,110
571,186,655
572,186,502
573,186,93
490,187,1464
491,187,390
492,187,81
493,187,48
494,187,43
495,187,43
496,187,98
497,187,86
498,187,142
499,187,1068
500,187,1430
501,187,331
502,187,714
503,187,473
504,187,439
505,187,133
506,187,149
507,187,594
508,187,2967
509,187,3670
510,187,4712
511,187,4898
512,187,5290
513,187,6184
514,187,5437
515,187,2219
516,187,1786
517,187,4888
518,187,5482
519,187,2137
520,187,6125
521,187,1851
522,187,2754
523,187,2976
524,187,6869
525,187,4025
526,187,964
527,187,1060
528,187,4870
529,187,12257
530,187,11864
531,187,6366
532,187,11075
533,187,13163
534,187,9652
535,187,930
536,187,5496
537,187,11849
538,187,10688
539,187,7335
540,187,2793
541,187,1295
542,187,6001
543,187,5035
544,187,7868
545,187,9024
546,187,6649
547,187,6981
548,187,5164
549,187,2940
550,187,3825
551,187,4575
552,187,5155
553,187,4362
554,187,3805
555,187,2194
556,187,1909
557,187,3887
558,187,455
559,187,46
560,187,45
561,187,25
562,187,14
563,187,18
564,187,45
565,187,60
566,187,1597
567,187,2394
568,187,1599
569,187,2119
570,187,2244
571,187,1864
572,187,4860
573,187,1468
490,188,552
491,188,745
492,188,187
493,188,68
494,188,49
495,188,43
496,188,58
497,188,125
498,188,164
499,188,725
500,188,1134
501,188,351
502,188,112
503,188,952
504,188,661
505,188,497
506,188,24
507,188,436
508,188,2481
509,188,1440
510,188,3587
511,188,4245
512,188,5392
513,188,6076
514,188,6094
515,188,5846
516,188,5030
517,188,4473
518,188,6902
519,188,4122
520,188,5050
521,188,5414
522,188,6051
523,188,4930
524,188,7592
525,188,3671
526,188,2800
527,188,2775
528,188,3809
529,188,5515
530,188,9904
531,188,10713
532,188,9317
533,188,11918
534,188,4646
535,188,1638
536,188,8849
537,188,10808
538,188,7490
539,188,2427
540,188,6133
541,188,3413
542,188,7323
543,188,6775
544,188,6784
545,188,4439
546,188,3757
547,188,6635
548,188,4884
549,188,1687
550,188,4959
551,188,3651
552,188,5164
553,188,4447
554,188,2345
555,188,1414
556,188,1548
557,188,2131
558,188,272
559,188,39
560,188,98
561,188,136
562,188,772
563,188,227
564,188,59
565,188,199
566,188,2886
567,188,4280
568,188,4997
569,188,5697
570,188,2847
571,188,5645
572,188,5186
573,188,5646
490,189,1651
491,189,1601
492,189,519
493,189,459
494,189,465
495,189,172
496,189,57
497,189,99
498,189,156
499,189,1218
500,189,1083
501,189,176
502,189,102
503,189,131
504,189,472
505,189,975
506,189,65
507,189,259
508,189,419
509,189,1385
510,189,3231
511,189,3299
512,189,3403
513,189,3500
514,189,4620
515,189,6264
516,189,5904
517,189,7060
518,189,7537
519,189,6988
520,189,5247
521,189,4755
522,189,3591
523,189,7199
524,189,4376
525,189,4007
526,189,6626
527,189,6467
528,189,7795
529,189,5290
530,189,6487
531,189,10536
532,189,9202
533,189,10726
534,189,4924
535,189,1603
536,189,11417
537,189,9376
538,189,8280
539,189,2686
540,189,6352
541,189,2118
542,189,4756
543,189,6667
544,189,4030
545,189,1562
546,189,510
547,189,3183
548,189,2148
549,189,2824
550,189,4824
551,189,3549
552,189,4136
553,189,4223
554,189,3611
555,189,913
556,189,55
557,189,135
558,189,60
559,189,42
560,189,39
561,189,41
562,189,89
563,189,66
564,189,59
565,189,144
566,189,321
567,189,3392
568,189,3725
569,189,1684
570,189,2307
571,189,4636
572,189,4660
573,189,5060
490,190,1651
491,190,613
492,190,1656
493,190,1322
494,190,2198
495,190,157
496,190,133
497,190,162
498,190,471
499,190,2546
500,190,1322
501,190,153
502,190,83
503,190,49
504,190,867
505,190,2159
506,190,528
507,190,493
508,190,625
509,190,2229
510,190,4353
511,190,4151
512,190,2785
513,190,1242
514,190,6546
515,190,7137
516,190,6357
517,190,5877
518,190,5262
519,190,7811
520,190,6477
521,190,8672
522,190,2010
523,190,2192
524,190,4947
525,190,5828
526,190,6207
527,190,2479
528,190,7319
529,190,5303
530,190,5806
531,190,11419
532,190,9447
533,190,9964
534,190,8884
535,190,2510
536,190,8248
537,190,6131
538,190,6600
539,190,4060
540,190,6253
541,190,3277
542,190,4274
543,190,5465
544,190,3332
545,190,185
546,190,38
547,190,157
548,190,523
549,190,3671
550,190,5796
551,190,2972
552,190,1391
553,190,3909
554,190,3860
555,190,1089
556,190,82
557,190,64
558,190,52
559,190,46
560,190,39
561,190,63
562,190,140
563,190,135
564,190,37
565,190,94
566,190,153
567,190,541
568,190,2055
569,190,2158
570,190,212
571,190,454
572,190,753
573,190,1556
490,191,296
491,191,217
492,191,437
493,191,1869
494,191,952
495,191,151
496,191,1143
497,191,367
498,191,222
499,191,1179
500,191,2377
501,191,251
502,191,103
503,191,47
504,191,650
505,191,354
506,191,201
507,191,445
508,191,2714
509,191,4221
510,191,1795
511,191,1322
512,191,2948
513,191,2985
514,191,2948
515,191,4236
516,191,2584
517,191,3918
518,191,3884
519,191,4694
520,191,8014
521,191,4989
522,191,2613
523,191,2870
524,191,2429
525,191,6217
526,191,5827
527,191,3239
528,191,5088
529,191,4607
530,191,9816
531,191,6067
532,191,6511
533,191,7118
534,191,7217
535,191,900
536,191,2548
537,191,3997
538,191,6240
539,191,2851
540,191,5861
541,191,5928
542,191,3368
543,191,1625
544,191,6755
545,191,3261
546,191,753
547,191,44
548,191,365
549,191,4878
550,191,5772
551,191,2127
552,191,1884
553,191,6141
554,191,5114
555,191,3639
556,191,430
557,191,58
558,191,337
559,191,933
560,191,82
561,191,90
562,191,484
563,191,107
564,191,32
565,191,30
566,191,58
567,191,95
568,191,437
569,191,181
570,191,159
571,191,245
572,191,219
573,191,274
490,192,322
491,192,148
492,192,314
493,192,866
494,192,163
495,192,83
496,192,641
497,192,286
498,192,563
499,192,555
500,192,1292
501,192,324
502,192,881
503,192,849
504,192,142
505,192,130
506,192,124
507,192,283
508,192,1701
509,192,2170
510,192,1398
511,192,4852
512,192,1780
513,192,367
514,192,205
515,192,1237
516,192,2386
517,192,3239
518,192,4960
519,192,5327
520,192,5645
521,192,3377
522,192,1098
523,192,831
524,192,1031
525,192,5501
526,192,7021
527,192,4606
528,192,5685
529,192,5237
530,192,4918
531,192,6744
532,192,6046
533,192,7911
534,192,9802
535,192,625
536,192,3830
537,192,6622
538,192,4679
539,192,2763
540,192,3126
541,192,3958
542,192,1220
543,192,1367
544,192,3314
545,192,4436
546,192,4259
547,192,396
548,192,100
549,192,1574
550,192,1863
551,192,188
552,192,279
553,192,5751
554,192,3179
555,192,1793
556,192,355
557,192,749
558,192,1021
559,192,3916
560,192,949
561,192,681
562,192,458
563,192,144
564,192,32
565,192,30
566,192,92
567,192,316
568,192,1741
569,192,151
570,192,116
571,192,311
572,192,208
573,192,1524
490,193,859
491,193,137
492,193,55
493,193,254
494,193,73
495,193,54
496,193,106
497,193,226
498,193,1880
499,193,1069
500,193,295
501,193,174
502,193,198
503,193,605
504,193,1095
505,193,358
506,193,414
507,193,306
508,193,645
509,193,614
510,193,2790
511,193,3642
512,193,2843
513,193,326
514,193,712
515,193,346
516,193,521
517,193,296
518,193,371
519,193,4653
520,193,3156
521,193,1809
522,193,351
523,193,171
524,193,596
525,193,3041
526,193,4371
527,193,5181
528,193,3713
529,193,3858
530,193,5507
531,193,6430
532,193,4834
533,193,6945
534,193,10118
535,193,2767
536,193,1166
537,193,5403
538,193,6234
539,193,3178
540,193,2477
541,193,3757
542,193,809
543,193,976
544,193,600
545,193,289
546,193,1055
547,193,202
548,193,97
549,193,121
550,193,187
551,193,164
552,193,99
553,193,656
554,193,216
555,193,158
556,193,51
557,193,628
558,193,2056
559,193,3278
560,193,1901
561,193,2821
562,193,581
563,193,162
564,193,47
565,193,151
566,193,1205
567,193,1347
568,193,2516
569,193,87
570,193,117
571,193,220
572,193,429
573,193,1633
490,194,1910
491,194,77
492,194,43
493,194,163
494,194,68
495,194,39
496,194,37
497,194,136
498,194,148
499,194,229
500,194,277
501,194,302
502,194,196
503,194,1316
504,194,4692
505,194,2499
506,194,1111
507,194,572
508,194,478
509,194,717
510,194,2309
511,194,2878
512,194,1477
513,194,1574
514,194,3726
515,194,1559
516,194,195
517,194,348
518,194,326
519,194,224
520,194,331
521,194,302
522,194,193
523,194,122
524,194,538
525,194,1275
526,194,3577
527,194,3525
528,194,5325
529,194,5087
530,194,2974
531,194,4673
532,194,5145
533,194,5274
534,194,8570
535,194,6366
536,194,282
537,194,2342
538,194,5006
539,194,2515
540,194,1620
541,194,2717
542,194,2401
543,194,158
544,194,82
545,194,148
546,194,364
547,194,61
548,194,44
549,194,56
550,194,118
551,194,279
552,194,128
553,194,39
554,194,37
555,194,30
556,194,36
557,194,30
558,194,2421
559,194,2735
560,194,1826
561,194,2223
562,194,2425
563,194,1026
564,194,130
565,194,238
566,194,1073
567,194,2857
568,194,3730
569,194,691
570,194,184
571,194,234
572,194,246
573,194,467
490,195,496
491,195,41
492,195,47
493,195,275
494,195,290
495,195,112
496,195,49
497,195,59
498,195,127
499,195,145
500,195,102
501,195,697
502,195,1955
503,195,777
504,195,1651
505,195,885
506,195,762
507,195,4081
508,195,2528
509,195,4275
510,195,5466
511,195,2654
512,195,3024
513,195,4277
514,195,2141
515,195,440
516,195,208
517,195,1012
518,195,997
519,195,1757
520,195,3098
521,195,353
522,195,869
523,195,4600
524,195,5537
525,195,4285
526,195,5689
527,195,4975
528,195,3326
529,195,5058
530,195,4419
531,195,3472
532,195,3165
533,195,7486
534,195,6433
535,195,6924
536,195,939
537,195,1876
538,195,850
539,195,111
540,195,273
541,195,1745
542,195,3929
543,195,2664
544,195,309
545,195,37
546,195,154
547,195,91
548,195,43
549,195,64
550,195,101
551,195,52
552,195,34
553,195,32
554,195,31
555,195,57
556,195,153
557,195,470
558,195,4087
559,195,767
560,195,501
561,195,2041
562,195,4048
563,195,2033
564,195,149
565,195,294
566,195,3263
567,195,3162
568,195,1447
569,195,211
570,195,130
571,195,722
572,195,64
573,195,148
490,196,1199
491,196,103
492,196,49
493,196,26
494,196,49
495,196,418
496,196,61
497,196,180
498,196,265
499,196,490
500,196,267
501,196,717
502,196,1167
503,196,771
504,196,697
505,196,650
506,196,349
507,196,1924
508,196,2357
509,196,2625
510,196,5482
511,196,3677
512,196,1755
513,196,1022
514,196,504
515,196,145
516,196,73
517,196,110
518,196,1446
519,196,3703
520,196,4067
521,196,462
522,196,441
523,196,2673
524,196,4526
525,196,4119
526,196,4164
527,196,3896
528,196,1044
529,196,1231
530,196,2099
531,196,3208
532,196,2907
533,196,5436
534,196,2430
535,196,5399
536,196,1189
537,196,274
538,196,91
539,196,69
540,196,89
541,196,910
542,196,3200
543,196,4385
544,196,2181
545,196,116
546,196,797
547,196,256
548,196,43
549,196,49
550,196,52
551,196,39
552,196,32
553,196,32
554,196,32
555,196,54
556,196,135
557,196,162
558,196,241
559,196,209
560,196,85
561,196,142
562,196,391
563,196,119
564,196,16
565,196,97
566,196,1238
567,196,3133
568,196,3552
569,196,223
570,196,159
571,196,530
572,196,126
573,196,46
490,197,1129
491,197,390
492,197,102
493,197,26
494,197,33
495,197,592
496,197,2396
497,197,1880
498,197,1184
499,197,1857
500,197,675
501,197,38
502,197,106
503,197,316
504,197,129
505,197,61
506,197,36
507,197,36
508,197,279
509,197,2436
510,197,4608
511,197,2591
512,197,2324
513,197,490
514,197,225
515,197,180
516,197,56
517,197,196
518,197,4059
519,197,4418
520,197,2627
521,197,213
522,197,33
523,197,511
524,197,1029
525,197,609
526,197,946
527,197,500
528,197,163
529,197,143
530,197,539
531,197,4825
532,197,6903
533,197,6521
534,197,4912
535,197,8354
536,197,2525
537,197,295
538,197,205
539,197,73
540,197,83
541,197,208
542,197,844
543,197,4495
544,197,2781
545,197,252
546,197,117
547,197,161
548,197,34
549,197,45
550,197,29
551,197,22
552,197,32
553,197,32
554,197,32
555,197,32
556,197,79
557,197,127
558,197,50
559,197,110
560,197,53
561,197,63
562,197,68
563,197,326
564,197,16
565,197,16
566,197,76
567,197,96
568,197,252
569,197,44
570,197,53
571,197,53
572,197,45
573,197,43
490,198,287
491,198,131
492,198,96
493,198,76
494,198,126
495,198,516
496,198,2525
497,198,3125
498,198,432
499,198,505
500,198,253
501,198,36
502,198,39
503,198,66
504,198,132
505,198,51
506,198,36
507,198,36
508,198,133
509,198,2541
510,198,6695
511,198,5247
512,198,949
513,198,121
514,198,178
515,198,735
516,198,475
517,198,293
518,198,1765
519,198,2657
520,198,149
521,198,49
522,198,18
523,198,20
524,198,119
525,198,137
526,198,961
527,198,284
528,198,48
529,198,42
530,198,379
531,198,825
532,198,3383
533,198,2092
534,198,3468
535,198,7372
536,198,4921
537,198,1725
538,198,190
539,198,68
540,198,76
541,198,129
542,198,219
543,198,239
544,198,793
545,198,1037
546,198,49
547,198,18
548,198,26
549,198,25
550,198,15
551,198,25
552,198,32
553,198,32
554,198,32
555,198,32
556,198,48
557,198,1616
558,198,435
559,198,1312
560,198,53
561,198,64
562,198,69
563,198,534
564,198,741
565,198,146
566,198,33
567,198,22
568,198,308
569,198,604
570,198,185
571,198,53
572,198,47
573,198,46
490,199,306
491,199,65
492,199,122
493,199,335
494,199,200
495,199,662
496,199,1666
497,199,907
498,199,105
499,199,55
500,199,64
501,199,72
502,199,76
503,199,314
504,199,431
505,199,66
506,199,38
507,199,75
508,199,543
509,199,3348
510,199,4625
511,199,3929
512,199,2234
513,199,115
514,199,149
515,199,1661
516,199,2191
517,199,307
518,199,57
519,199,112
520,199,36
521,199,47
522,199,53
523,199,49
524,199,54
525,199,90
526,199,297
527,199,117
528,199,35
529,199,29
530,199,101
531,199,257
532,199,54
533,199,53
534,199,1589
535,199,5944
536,199,3189
537,199,619
538,199,821
539,199,538
540,199,194
541,199,357
542,199,92
543,199,174
544,199,292
545,199,1590
546,199,29
547,199,18
548,199,22
549,199,23
550,199,15
551,199,28
552,199,32
553,199,32
554,199,32
555,199,43
556,199,46
557,199,330
558,199,875
559,199,1512
560,199,272
561,199,44
562,199,54
563,199,53
564,199,1883
565,199,784
566,199,94
567,199,22
568,199,237
569,199,315
570,199,53
571,199,52
572,199,54
573,199,62
490,200,52
491,200,83
492,200,371
493,200,311
494,200,60
495,200,440
496,200,1895
497,200,378
498,200,68
499,200,55
500,200,60
501,200,74
502,200,76
503,200,145
504,200,82
505,200,65
506,200,87
507,200,89
508,200,1099
509,200,842
510,200,5296
511,200,3462
512,200,1505
513,200,136
514,200,115
515,200,909
516,200,1520
517,200,311
518,200,1295
519,200,782
520,200,30
521,200,122
522,200,126
523,200,343
524,200,1566
525,200,2378
526,200,2619
527,200,150
528,200,42
529,200,38
530,200,76
531,200,129
532,200,53
533,200,85
534,200,218
535,200,3444
536,200,3334
537,200,1626
538,200,3978
539,200,5604
540,200,3049
541,200,51
542,200,48
543,200,44
544,200,49
545,200,404
546,200,472
547,200,42
548,200,23
549,200,22
550,200,17
551,200,32
552,200,35
553,200,32
554,200,37
555,200,46
556,200,47
557,200,85
558,200,321
559,200,394
560,200,112
561,200,38
562,200,37
563,200,50
564,200,207
565,200,152
566,200,35
567,200,28
568,200,23
569,200,22
570,200,38
571,200,79
572,200,61
573,200,62
490,201,291
491,201,266
492,201,55
493,201,22
494,201,114
495,201,907
496,201,1516
497,201,491
498,201,200
499,201,55
500,201,47
501,201,80
502,201,75
503,201,85
504,201,489
505,201,116
506,201,167
507,201,207
508,201,2656
509,201,3562
510,201,3556
511,201,1275
512,201,750
513,201,444
514,201,129
515,201,263
516,201,127
517,201,323
518,201,1234
519,201,110
520,201,32
521,201,172
522,201,300
523,201,1566
524,201,4017
525,201,2490
526,201,3417
527,201,192
528,201,96
529,201,52
530,201,178
531,201,149
532,201,120
533,201,127
534,201,1024
535,201,2322
536,201,3664
537,201,291
538,201,613
539,201,1026
540,201,871
541,201,48
542,201,47
543,201,26
544,201,100
545,201,1943
546,201,1700
547,201,49
548,201,18
549,201,21
550,201,31
551,201,50
552,201,55
553,201,33
554,201,79
555,201,349
556,201,78
557,201,90
558,201,81
559,201,258
560,201,375
561,201,37
562,201,38
563,201,41
564,201,45
565,201,45
566,201,99
567,201,417
568,201,53
569,201,29
570,201,328
571,201,214
572,201,53
573,201,56
490,202,185
491,202,210
492,202,37
493,202,26
494,202,556
495,202,4289
496,202,4712
497,202,793
498,202,434
499,202,103
500,202,97
501,202,249
502,202,134
503,202,157
504,202,749
505,202,241
506,202,855
507,202,1768
508,202,360
509,202,1409
510,202,399
511,202,206
512,202,2051
513,202,950
514,202,262
515,202,126
516,202,143
517,202,305
518,202,153
519,202,42
520,202,27
521,202,27
522,202,20
523,202,238
524,202,793
525,202,949
526,202,881
527,202,62
528,202,241
529,202,238
530,202,1524
531,202,570
532,202,533
533,202,1108
534,202,4261
535,202,5059
536,202,3102
537,202,157
538,202,59
539,202,83
540,202,75
541,202,65
542,202,48
543,202,26
544,202,58
545,202,2237
546,202,2262
547,202,1101
548,202,16
549,202,30
550,202,59
551,202,61
552,202,53
553,202,51
554,202,944
555,202,1163
556,202,95
557,202,68
558,202,76
559,202,224
560,202,189
561,202,41
562,202,40
563,202,61
564,202,47
565,202,34
566,202,34
567,202,44
568,202,32
569,202,199
570,202,1310
571,202,1448
572,202,58
573,202,57
490,203,92
491,203,157
492,203,81
493,203,271
494,203,546
495,203,2510
496,203,1048
497,203,395
498,203,147
499,203,145
500,203,576
501,203,2518
502,203,249
503,203,87
504,203,185
505,203,192
506,203,734
507,203,1199
508,203,529
509,203,777
510,203,152
511,203,86
512,203,177
513,203,1461
514,203,1868
515,203,320
516,203,232
517,203,1329
518,203,1416
519,203,59
520,203,22
521,203,31
522,203,53
523,203,277
524,203,769
525,203,739
526,203,366
527,203,106
528,203,168
529,203,669
530,203,1479
531,203,1023
532,203,892
533,203,2207
534,203,5059
535,203,3880
536,203,3599
537,203,143
538,203,28
539,203,51
540,203,73
541,203,75
542,203,40
543,203,25
544,203,61
545,203,288
546,203,439
547,203,254
548,203,186
549,203,686
550,203,267
551,203,58
552,203,50
553,203,38
554,203,524
555,203,1056
556,203,332
557,203,50
558,203,67
559,203,57
560,203,47
561,203,38
562,203,31
563,203,36
564,203,62
565,203,62
566,203,30
567,203,26
568,203,28
569,203,163
570,203,1454
571,203,1731
572,203,210
573,203,348
490,204,133
491,204,140
492,204,69
493,204,138
494,204,114
495,204,203
496,204,164
497,204,82
498,204,101
499,204,174
500,204,113
501,204,868
502,204,68
503,204,124
504,204,185
505,204,451
506,204,1256
507,204,750
508,204,81
509,204,307
510,204,57
511,204,50
512,204,137
513,204,2469
514,204,704
515,204,358
516,204,367
517,204,3808
518,204,535
519,204,21
520,204,29
521,204,39
522,204,96
523,204,193
524,204,1095
525,204,798
526,204,268
527,204,107
528,204,80
529,204,165
530,204,206
531,204,443
532,204,1385
533,204,2293
534,204,604
535,204,545
536,204,3039
537,204,488
538,204,79
539,204,104
540,204,67
541,204,60
542,204,28
543,204,113
544,204,25
545,204,25
546,204,72
547,204,350
548,204,306
549,204,1027
550,204,1432
551,204,34
552,204,30
553,204,28
554,204,1090
555,204,360
556,204,67
557,204,45
558,204,53
559,204,57
560,204,54
561,204,36
562,204,31
563,204,33
564,204,37
565,204,37
566,204,26
567,204,24
568,204,25
569,204,489
570,204,4782
571,204,3193
572,204,3232
573,204,1194
490,205,45
491,205,65
492,205,76
493,205,77
494,205,102
495,205,87
496,205,69
497,205,72
498,205,98
499,205,87
500,205,37
501,205,49
502,205,98
503,205,517
504,205,763
505,205,2070
506,205,4355
507,205,2495
508,205,445
509,205,43
510,205,28
511,205,28
512,205,80
513,205,1307
514,205,2840
515,205,1201
516,205,1928
517,205,514
518,205,135
519,205,179
520,205,546
521,205,347
522,205,389
523,205,1746
524,205,167
525,205,141
526,205,39
527,205,33
528,205,60
529,205,78
530,205,79
531,205,248
532,205,87
533,205,73
534,205,85
535,205,152
536,205,3192
537,205,774
538,205,173
539,205,796
540,205,250
541,205,93
542,205,43
543,205,268
544,205,46
545,205,25
546,205,92
547,205,92
548,205,103
549,205,90
550,205,520
551,205,39
552,205,28
553,205,28
554,205,232
555,205,138
556,205,56
557,205,42
558,205,41
559,205,35
560,205,32
561,205,23
562,205,35
563,205,32
564,205,29
565,205,120
566,205,384
567,205,1281
568,205,240
569,205,1489
570,205,4048
571,205,4814
572,205,3459
573,205,1309
490,206,58
491,206,84
492,206,90
493,206,80
494,206,84
495,206,82
496,206,55
497,206,143
498,206,252
499,206,240
500,206,191
501,206,156
502,206,335
503,206,2512
504,206,3778
505,206,2976
506,206,4438
507,206,4619
508,206,2946
509,206,74
510,206,25
511,206,28
512,206,511
513,206,1961
514,206,3104
515,206,3732
516,206,5027
517,206,2591
518,206,278
519,206,316
520,206,394
521,206,2285
522,206,2958
523,206,196
524,206,31
525,206,33
526,206,33
527,206,40
528,206,91
529,206,119
530,206,69
531,206,61
532,206,33
533,206,33
534,206,85
535,206,191
536,206,2527
537,206,1149
538,206,362
539,206,1250
540,206,148
541,206,81
542,206,78
543,206,330
544,206,185
545,206,34
546,206,35
547,206,37
548,206,37
549,206,43
550,206,66
551,206,39
552,206,38
553,206,43
554,206,61
555,206,144
556,206,161
557,206,98
558,206,29
559,206,25
560,206,25
561,206,21
562,206,41
563,206,43
564,206,29
565,206,77
566,206,765
567,206,2107
568,206,873
569,206,3198
570,206,2944
571,206,2478
572,206,2207
573,206,1176
490,207,66
491,207,129
492,207,138
493,207,51
494,207,73
495,207,95
496,207,27
497,207,1176
498,207,3210
499,207,4057
500,207,651
501,207,166
502,207,244
503,207,4118
504,207,3912
505,207,3522
506,207,4473
507,207,3324
508,207,1309
509,207,24
510,207,20
511,207,21
512,207,21
513,207,672
514,207,4920
515,207,3694
516,207,4310
517,207,3477
518,207,619
519,207,236
520,207,808
521,207,2736
522,207,3992
523,207,25
524,207,29
525,207,23
526,207,38
527,207,41
528,207,56
529,207,91
530,207,61
531,207,53
532,207,34
533,207,33
534,207,74
535,207,331
536,207,2414
537,207,1471
538,207,333
539,207,166
540,207,153
541,207,159
542,207,692
543,207,4343
544,207,4729
545,207,2923
546,207,939
547,207,37
548,207,70
549,207,37
550,207,41
551,207,41
552,207,40
553,207,58
554,207,61
555,207,87
556,207,66
557,207,51
558,207,50
559,207,61
560,207,32
561,207,21
562,207,42
563,207,43
564,207,229
565,207,34
566,207,25
567,207,153
568,207,1170
569,207,3464
570,207,3054
571,207,2788
572,207,3739
573,207,2622
490,208,78
491,208,85
492,208,41
493,208,28
494,208,200
495,208,78
496,208,271
497,208,2713
498,208,2964
499,208,727
500,208,334
501,208,186
502,208,494
503,208,1639
504,208,3440
505,208,2588
506,208,4505
507,208,1103
508,208,146
509,208,23
510,208,22
511,208,21
512,208,20
513,208,406
514,208,2865
515,208,3545
516,208,2898
517,208,3183
518,208,378
519,208,138
520,208,523
521,208,2360
522,208,4299
523,208,1116
524,208,170
525,208,30
526,208,41
527,208,290
528,208,85
529,208,53
530,208,59
531,208,52
532,208,33
533,208,33
534,208,47
535,208,84
536,208,816
537,208,2287
538,208,668
539,208,67
540,208,118
541,208,165
542,208,1833
543,208,3780
544,208,5091
545,208,4873
546,208,4430
547,208,2430
548,208,275
549,208,51
550,208,36
551,208,34
552,208,28
553,208,34
554,208,41
555,208,42
556,208,41
557,208,48
558,208,84
559,208,26
560,208,23
561,208,23
562,208,37
563,208,40
564,208,200
565,208,34
566,208,27
567,208,25
568,208,3295
569,208,4723
570,208,4320
571,208,2941
572,208,5326
573,208,982
490,209,86
491,209,39
492,209,28
493,209,61
494,209,140
495,209,75
496,209,545
497,209,689
498,209,269
499,209,79
500,209,91
501,209,388
502,209,300
503,209,103
504,209,215
505,209,1137
506,209,4888
507,209,3062
508,209,1033
509,209,23
510,209,23
511,209,23
512,209,21
513,209,20
514,209,2087
515,209,980
516,209,2343
517,209,3058
518,209,175
519,209,45
520,209,221
521,209,513
522,209,4392
523,209,1642
524,209,32
525,209,45
526,209,58
527,209,63
528,209,56
529,209,47
530,209,58
531,209,59
532,209,34
533,209,33
534,209,86
535,209,117
536,209,1195
537,209,5935
538,209,1569
539,209,46
540,209,907
541,209,169
542,209,260
543,209,1982
544,209,2909
545,209,3582
546,209,3522
547,209,4792
548,209,3063
549,209,74
550,209,26
551,209,24
552,209,24
553,209,56
554,209,24
555,209,33
556,209,34
557,209,31
558,209,28
559,209,27
560,209,27
561,209,27
562,209,31
563,209,31
564,209,31
565,209,31
566,209,32
567,209,34
568,209,709
569,209,1519
570,209,2464
571,209,1578
572,209,3684
573,209,196
490,210,85
491,210,264
492,210,396
493,210,587
494,210,157
495,210,84
496,210,182
497,210,27
498,210,27
499,210,27
500,210,60
501,210,63
502,210,67
503,210,61
504,210,25
505,210,22
506,210,521
507,210,2618
508,210,444
509,210,23
510,210,23
511,210,23
512,210,22
513,210,20
514,210,37
515,210,57
516,210,386
517,210,771
518,210,82
519,210,49
520,210,97
521,210,201
522,210,228
523,210,219
524,210,1137
525,210,474
526,210,97
527,210,87
528,210,103
529,210,36
530,210,44
531,210,96
532,210,258
533,210,34
534,210,171
535,210,429
536,210,1043
537,210,5295
538,210,920
539,210,58
540,210,378
541,210,111
542,210,114
543,210,2376
544,210,3030
545,210,4524
546,210,4012
547,210,252
548,210,135
549,210,52
550,210,36
551,210,33
552,210,54
553,210,187
554,210,27
555,210,27
556,210,27
557,210,27
558,210,28
559,210,32
560,210,32
561,210,35
562,210,31
563,210,31
564,210,31
565,210,33
566,210,33
567,210,34
568,210,38
569,210,216
570,210,1527
571,210,354
572,210,318
573,210,117
490,211,92
491,211,2982
492,211,2915
493,211,346
494,211,91
495,211,145
496,211,242
497,211,104
498,211,30
499,211,49
500,211,132
501,211,61
502,211,74
503,211,45
504,211,22
505,211,22
506,211,22
507,211,17
508,211,15
509,211,346
510,211,699
511,211,27
512,211,243
513,211,266
514,211,110
515,211,36
516,211,92
517,211,140
518,211,24
519,211,43
520,211,50
521,211,50
522,211,754
523,211,764
524,211,4339
525,211,3884
526,211,1142
527,211,55
528,211,111
529,211,74
530,211,105
531,211,519
532,211,1804
533,211,217
534,211,424
535,211,952
536,211,320
537,211,927
538,211,1673
539,211,366
540,211,51
541,211,33
542,211,67
543,211,194
544,211,212
545,211,664
546,211,1479
547,211,2555
548,211,802
549,211,148
550,211,40
551,211,46
552,211,63
553,211,88
554,211,41
555,211,29
556,211,27
557,211,27
558,211,29
559,211,37
560,211,37
561,211,46
562,211,46
563,211,44
564,211,46
565,211,41
566,211,34
567,211,35
568,211,77
569,211,187
570,211,654
571,211,99
572,211,62
573,211,51
490,212,66
491,212,328
492,212,3015
493,212,590
494,212,109
495,212,108
496,212,151
497,212,53
498,212,47
499,212,119
500,212,144
501,212,37
502,212,82
503,212,58
504,212,22
505,212,22
506,212,18
507,212,11
508,212,14
509,212,804
510,212,2280
511,212,269
512,212,249
513,212,704
514,212,1897
515,212,177
516,212,48
517,212,50
518,212,57
519,212,63
520,212,50
521,212,92
522,212,1429
523,212,3297
524,212,4052
525,212,3501
526,212,4061
527,212,230
528,212,35
529,212,32
530,212,585
531,212,3044
532,212,2227
533,212,1828
534,212,2344
535,212,247
536,212,409
537,212,657
538,212,396
539,212,65
540,212,40
541,212,31
542,212,37
543,212,43
544,212,44
545,212,108
546,212,215
547,212,1440
548,212,330
549,212,54
550,212,69
551,212,76
552,212,49
553,212,54
554,212,34
555,212,34
556,212,33
557,212,47
558,212,60
559,212,97
560,212,66
561,212,42
562,212,47
563,212,47
564,212,45
565,212,42
566,212,42
567,212,61
568,212,117
569,212,153
570,212,235
571,212,274
572,212,36
573,212,34
490,213,205
491,213,97
492,213,463
493,213,255
494,213,99
495,213,62
496,213,64
497,213,72
498,213,65
499,213,262
500,213,47
501,213,33
502,213,67
503,213,135
504,213,80
505,213,11
506,213,17
507,213,46
508,213,78
509,213,130
510,213,96
511,213,50
512,213,116
513,213,874
514,213,4064
515,213,985
516,213,98
517,213,2128
518,213,962
519,213,72
520,213,32
521,213,73
522,213,493
523,213,1764
524,213,1133
525,213,1799
526,213,1927
527,213,194
528,213,81
529,213,70
530,213,1825
531,213,1998
532,213,3258
533,213,1148
534,213,1975
535,213,1088
536,213,929
537,213,323
538,213,49
539,213,48
540,213,62
541,213,226
542,213,33
543,213,43
544,213,45
545,213,34
546,213,200
547,213,411
548,213,295
549,213,104
550,213,323
551,213,89
552,213,26
553,213,30
554,213,24
555,213,34
556,213,34
557,213,56
558,213,95
559,213,138
560,213,70
561,213,34
562,213,37
563,213,46
564,213,42
565,213,44
566,213,54
567,213,61
568,213,96
569,213,679
570,213,65
571,213,250
572,213,71
573,213,33
