"","long","lat","cluster_id","add.data"
"1",494,176,1,1044
"2",494,177,1,1027
"3",495,175,1,1119
"4",495,176,1,1228
"5",495,177,1,1218
"6",495,178,1,1103
"7",496,174,1,1003
"8",496,175,1,1181
"9",496,176,1,1339
"10",496,177,1,1350
"11",496,178,1,1229
"12",496,179,1,1124
"13",496,180,1,1014
"14",497,175,1,1153
"15",497,176,1,1302
"16",497,177,1,1351
"17",497,178,1,1255
"18",497,179,1,1231
"19",497,180,1,1127
"20",498,175,1,1122
"21",498,176,1,1274
"22",498,177,1,1292
"23",498,178,1,1189
"24",498,179,1,1200
"25",498,180,1,1114
"26",499,167,1,1022
"27",499,168,1,1055
"28",499,170,1,1017
"29",499,171,1,1020
"30",499,174,1,1029
"31",499,175,1,1076
"32",499,176,1,1119
"33",499,177,1,1122
"34",499,178,1,1074
"35",499,179,1,1084
"36",499,180,1,1020
"38",500,167,1,1044
"39",500,168,1,1089
"40",500,169,1,1069
"41",500,170,1,1208
"42",500,171,1,1223
"43",500,172,1,1114
"44",500,173,1,1137
"45",500,174,1,1125
"46",500,175,1,1053
"47",500,178,1,1045
"48",500,179,1,1145
"49",500,180,1,1107
"50",501,169,1,1068
"51",501,170,1,1244
"52",501,171,1,1282
"53",501,172,1,1179
"54",501,173,1,1248
"55",501,174,1,1211
"56",501,175,1,1024
"57",501,178,1,1043
"58",501,179,1,1230
"59",501,180,1,1212
"60",502,169,1,1017
"61",502,170,1,1182
"62",502,171,1,1281
"63",502,172,1,1196
"64",502,173,1,1164
"65",502,174,1,1090
"66",502,179,1,1136
"67",502,180,1,1133
"68",502,195,1,1050
"69",502,196,1,1044
"70",503,165,1,1004
"71",503,166,1,1105
"72",503,167,1,1023
"73",503,169,1,1067
"74",503,170,1,1305
"75",503,171,1,1478
"76",503,172,1,1324
"77",503,173,1,1098
"78",503,179,1,1180
"79",503,180,1,1189
"80",503,181,1,1010
"81",503,195,1,1011
"82",504,164,1,1044
"83",504,165,1,1107
"84",504,166,1,1152
"85",504,167,1,1049
"86",504,169,1,1081
"87",504,170,1,1335
"88",504,171,1,1537
"89",504,172,1,1391
"90",504,173,1,1120
"91",504,178,1,1089
"92",504,179,1,1292
"93",504,180,1,1311
"94",504,181,1,1144
"95",504,193,1,1002
"96",504,194,1,1138
"97",504,195,1,1057
"98",505,163,1,1038
"99",505,164,1,1188
"100",505,165,1,1207
"101",505,166,1,1103
"102",505,167,1,1035
"103",505,169,1,1065
"104",505,170,1,1297
"105",505,171,1,1543
"106",505,172,1,1504
"107",505,173,1,1231
"108",505,178,1,1266
"109",505,179,1,1567
"110",505,180,1,1592
"111",505,181,1,1343
"112",505,182,1,1097
"113",505,193,1,1149
"114",505,194,1,1368
"115",505,195,1,1146
"116",506,162,1,1033
"117",506,163,1,1186
"118",506,164,1,1185
"119",506,165,1,1165
"120",506,166,1,1157
"121",506,167,1,1213
"122",506,168,1,1156
"123",506,169,1,1150
"124",506,170,1,1377
"125",506,171,1,1673
"126",506,172,1,1659
"127",506,173,1,1334
"128",506,174,1,1039
"129",506,177,1,1029
"130",506,178,1,1324
"131",506,179,1,1627
"132",506,180,1,1649
"133",506,181,1,1399
"134",506,182,1,1162
"135",506,183,1,1085
"136",506,184,1,1130
"137",506,185,1,1141
"138",506,186,1,1058
"139",506,192,1,1006
"140",506,193,1,1159
"141",506,194,1,1227
"142",506,195,1,1077
"143",507,162,1,1108
"144",507,163,1,1377
"145",507,164,1,1250
"146",507,165,1,1170
"147",507,166,1,1325
"148",507,167,1,1483
"149",507,168,1,1371
"150",507,169,1,1283
"151",507,170,1,1390
"152",507,171,1,1542
"153",507,172,1,1538
"154",507,173,1,1355
"155",507,174,1,1131
"156",507,177,1,1078
"157",507,178,1,1324
"158",507,179,1,1533
"159",507,180,1,1528
"160",507,181,1,1342
"161",507,182,1,1158
"162",507,183,1,1146
"163",507,184,1,1290
"164",507,185,1,1377
"165",507,186,1,1318
"166",507,187,1,1062
"167",507,190,1,1094
"168",507,191,1,1240
"169",507,192,1,1253
"170",507,193,1,1347
"171",507,194,1,1239
"172",507,195,1,1118
"173",508,162,1,1010
"174",508,163,1,1209
"175",508,164,1,1221
"176",508,165,1,1222
"177",508,166,1,1365
"178",508,167,1,1531
"179",508,168,1,1488
"180",508,169,1,1531
"181",508,170,1,1566
"182",508,171,1,1507
"183",508,172,1,1529
"184",508,173,1,1581
"185",508,174,1,1433
"186",508,175,1,1236
"187",508,176,1,1150
"188",508,177,1,1305
"189",508,178,1,1584
"190",508,179,1,1771
"191",508,180,1,1664
"192",508,181,1,1398
"193",508,182,1,1158
"194",508,183,1,1114
"195",508,184,1,1225
"196",508,185,1,1392
"197",508,186,1,1376
"198",508,187,1,1283
"199",508,188,1,1075
"200",508,189,1,1095
"201",508,190,1,1357
"202",508,191,1,1589
"203",508,192,1,1484
"204",508,193,1,1611
"205",508,194,1,1340
"206",508,195,1,1163
"207",509,163,1,1139
"208",509,164,1,1337
"209",509,165,1,1369
"210",509,166,1,1305
"211",509,167,1,1375
"212",509,168,1,1551
"213",509,169,1,1850
"214",509,170,1,1956
"215",509,171,1,1830
"216",509,172,1,1932
"217",509,173,1,2086
"218",509,174,1,1865
"219",509,175,1,1572
"220",509,176,1,1447
"221",509,177,1,1566
"222",509,178,1,1918
"223",509,179,1,2195
"224",509,180,1,1945
"225",509,181,1,1531
"226",509,182,1,1193
"227",509,183,1,1058
"228",509,184,1,1128
"229",509,185,1,1320
"230",509,186,1,1632
"231",509,187,1,1666
"232",509,188,1,1375
"233",509,189,1,1254
"234",509,190,1,1439
"235",509,191,1,1634
"236",509,192,1,1491
"237",509,193,1,1408
"238",509,194,1,1263
"239",509,195,1,1169
"240",509,196,1,1192
"241",509,197,1,1091
"244",510,163,1,1166
"245",510,164,1,1478
"246",510,165,1,1519
"247",510,166,1,1328
"248",510,167,1,1278
"249",510,168,1,1563
"250",510,169,1,1976
"251",510,170,1,2307
"252",510,171,1,2093
"253",510,172,1,2238
"254",510,173,1,2590
"255",510,174,1,2222
"256",510,175,1,1941
"257",510,176,1,1826
"258",510,177,1,1779
"259",510,178,1,2071
"260",510,179,1,2364
"261",510,180,1,2121
"262",510,181,1,1657
"263",510,182,1,1244
"264",510,183,1,1096
"265",510,184,1,1202
"266",510,185,1,1431
"267",510,186,1,1707
"268",510,187,1,1934
"269",510,188,1,1717
"270",510,189,1,1528
"271",510,190,1,1455
"272",510,191,1,1473
"273",510,192,1,1352
"274",510,193,1,1228
"275",510,194,1,1236
"276",510,195,1,1315
"277",510,196,1,1306
"278",510,197,1,1342
"279",510,198,1,1179
"280",511,163,1,1094
"281",511,164,1,1350
"282",511,165,1,1421
"283",511,166,1,1323
"284",511,167,1,1294
"285",511,168,1,1560
"286",511,169,1,1923
"287",511,170,1,2134
"288",511,171,1,2049
"289",511,172,1,2148
"290",511,173,1,2332
"291",511,174,1,2266
"292",511,175,1,2324
"293",511,176,1,2259
"294",511,177,1,2044
"295",511,178,1,2184
"296",511,179,1,2554
"297",511,180,1,2476
"298",511,181,1,1982
"299",511,182,1,1476
"300",511,183,1,1180
"301",511,184,1,1240
"302",511,185,1,1456
"303",511,186,1,1690
"304",511,187,1,2085
"305",511,188,1,1985
"306",511,189,1,2005
"307",511,190,1,1818
"308",511,191,1,1690
"309",511,192,1,1483
"310",511,193,1,1265
"311",511,194,1,1363
"312",511,195,1,1519
"313",511,196,1,1490
"314",511,197,1,1410
"315",511,198,1,1343
"316",511,199,1,1057
"318",512,163,1,1033
"319",512,164,1,1267
"320",512,165,1,1438
"321",512,166,1,1503
"322",512,167,1,1528
"323",512,168,1,1853
"324",512,169,1,2239
"325",512,170,1,2347
"326",512,171,1,2185
"327",512,172,1,2184
"328",512,173,1,2291
"329",512,174,1,2415
"330",512,175,1,2573
"331",512,176,1,2538
"332",512,177,1,2323
"333",512,178,1,2475
"334",512,179,1,2915
"335",512,180,1,2872
"336",512,181,1,2265
"337",512,182,1,1713
"338",512,183,1,1363
"339",512,184,1,1326
"340",512,185,1,1507
"341",512,186,1,1975
"342",512,187,1,2398
"343",512,188,1,2369
"344",512,189,1,2558
"345",512,190,1,2199
"346",512,191,1,2094
"347",512,192,1,1733
"348",512,193,1,1356
"349",512,194,1,1364
"350",512,195,1,1481
"351",512,196,1,1326
"352",512,197,1,1155
"353",512,198,1,1099
"355",513,163,1,1150
"356",513,164,1,1476
"357",513,165,1,1810
"358",513,166,1,1915
"359",513,167,1,1886
"360",513,168,1,2161
"361",513,169,1,2608
"362",513,170,1,2732
"363",513,171,1,2599
"364",513,172,1,2716
"365",513,173,1,2790
"366",513,174,1,2955
"367",513,175,1,3010
"368",513,176,1,2985
"369",513,177,1,2810
"370",513,178,1,2661
"371",513,179,1,2905
"372",513,180,1,2904
"373",513,181,1,2488
"374",513,182,1,2165
"375",513,183,1,1991
"376",513,184,1,1812
"377",513,185,1,1951
"378",513,186,1,2277
"379",513,187,1,2635
"380",513,188,1,2819
"381",513,189,1,2509
"382",513,190,1,2381
"383",513,191,1,2160
"384",513,192,1,1743
"385",513,193,1,1339
"386",513,194,1,1178
"387",513,195,1,1174
"388",513,196,1,1065
"389",514,163,1,1275
"390",514,164,1,1647
"391",514,165,1,2128
"392",514,166,1,2315
"393",514,167,1,2289
"394",514,168,1,2381
"395",514,169,1,2620
"396",514,170,1,2875
"397",514,171,1,3250
"398",514,172,1,3430
"399",514,173,1,3381
"400",514,174,1,3349
"401",514,175,1,3334
"402",514,176,1,3374
"403",514,177,1,3278
"404",514,178,1,3073
"405",514,179,1,3354
"406",514,180,1,3578
"407",514,181,1,3222
"408",514,182,1,2882
"409",514,183,1,2725
"410",514,184,1,2569
"411",514,185,1,2427
"412",514,186,1,2813
"413",514,187,1,2888
"414",514,188,1,2923
"415",514,189,1,2701
"416",514,190,1,2429
"417",514,191,1,1972
"418",514,192,1,1507
"419",514,193,1,1161
"423",515,155,1,1011
"424",515,156,1,1189
"425",515,157,1,1201
"426",515,158,1,1061
"427",515,163,1,1258
"428",515,164,1,1615
"429",515,165,1,2115
"430",515,166,1,2473
"431",515,167,1,2617
"432",515,168,1,2757
"433",515,169,1,2810
"434",515,170,1,3277
"435",515,171,1,3576
"436",515,172,1,4107
"437",515,173,1,4120
"438",515,174,1,3832
"439",515,175,1,3530
"440",515,176,1,3683
"441",515,177,1,3460
"442",515,178,1,3674
"443",515,179,1,4002
"444",515,180,1,4541
"445",515,181,1,4030
"446",515,182,1,3492
"447",515,183,1,3225
"448",515,184,1,2971
"449",515,185,1,3063
"450",515,186,1,2894
"451",515,187,1,3247
"452",515,188,1,3322
"453",515,189,1,3150
"454",515,190,1,2437
"455",515,191,1,1759
"456",515,192,1,1297
"457",515,199,1,1043
"458",515,200,1,1049
"463",516,155,1,1071
"464",516,156,1,1366
"465",516,157,1,1434
"466",516,158,1,1315
"467",516,159,1,1269
"468",516,160,1,1108
"469",516,163,1,1156
"470",516,164,1,1483
"471",516,165,1,1934
"472",516,166,1,2373
"473",516,167,1,2631
"474",516,168,1,2815
"475",516,169,1,3228
"476",516,170,1,3423
"477",516,171,1,3529
"478",516,172,1,3815
"479",516,173,1,4281
"480",516,174,1,4281
"481",516,175,1,3798
"482",516,176,1,3712
"483",516,177,1,3737
"484",516,178,1,4216
"485",516,179,1,4626
"486",516,180,1,5129
"487",516,181,1,4432
"488",516,182,1,3651
"489",516,183,1,3299
"490",516,184,1,3159
"491",516,185,1,3193
"492",516,186,1,3202
"493",516,187,1,3353
"494",516,188,1,3462
"495",516,189,1,2787
"496",516,190,1,2152
"497",516,191,1,1586
"498",516,192,1,1150
"499",516,198,1,1001
"500",516,199,1,1190
"501",516,200,1,1178
"502",517,156,1,1232
"503",517,157,1,1400
"504",517,158,1,1605
"505",517,159,1,1605
"506",517,160,1,1363
"507",517,161,1,1167
"508",517,162,1,1098
"509",517,163,1,1163
"510",517,164,1,1468
"511",517,165,1,1951
"512",517,166,1,2575
"513",517,167,1,3066
"514",517,168,1,3274
"515",517,169,1,3788
"516",517,170,1,3409
"517",517,171,1,3204
"518",517,172,1,3576
"519",517,173,1,4252
"520",517,174,1,4626
"521",517,175,1,4666
"522",517,176,1,4230
"523",517,177,1,4160
"524",517,178,1,4458
"525",517,179,1,5250
"526",517,180,1,5320
"527",517,181,1,4973
"528",517,182,1,4064
"529",517,183,1,3823
"530",517,184,1,3742
"531",517,185,1,3983
"532",517,186,1,3886
"533",517,187,1,3585
"534",517,188,1,3042
"535",517,189,1,2419
"536",517,190,1,1813
"537",517,191,1,1401
"538",517,192,1,1156
"539",517,195,1,1146
"540",517,196,1,1240
"541",517,197,1,1138
"542",517,198,1,1024
"543",517,199,1,1063
"544",517,200,1,1021
"545",518,156,1,1024
"546",518,157,1,1300
"547",518,158,1,1614
"548",518,159,1,1697
"549",518,160,1,1576
"550",518,161,1,1499
"551",518,162,1,1378
"552",518,163,1,1349
"553",518,164,1,1547
"554",518,165,1,2008
"555",518,166,1,2615
"556",518,167,1,3144
"557",518,168,1,3364
"558",518,169,1,3756
"559",518,170,1,3353
"560",518,171,1,2963
"561",518,172,1,3210
"562",518,173,1,3895
"563",518,174,1,4710
"564",518,175,1,5025
"565",518,176,1,5147
"566",518,177,1,4659
"567",518,178,1,4909
"568",518,179,1,5387
"569",518,180,1,5620
"570",518,181,1,5279
"571",518,182,1,4664
"572",518,183,1,4446
"573",518,184,1,4695
"574",518,185,1,4183
"575",518,186,1,3693
"576",518,187,1,3386
"577",518,188,1,2762
"578",518,189,1,2106
"579",518,190,1,1651
"580",518,191,1,1497
"581",518,192,1,1367
"582",518,193,1,1174
"583",518,194,1,1160
"584",518,195,1,1401
"585",518,196,1,1590
"586",518,197,1,1364
"587",518,198,1,1062
"588",519,157,1,1108
"589",519,158,1,1381
"590",519,159,1,1626
"591",519,160,1,1926
"592",519,161,1,1970
"593",519,162,1,1807
"594",519,163,1,1704
"595",519,164,1,1757
"596",519,165,1,2101
"597",519,166,1,2558
"598",519,167,1,3038
"599",519,168,1,3595
"600",519,169,1,4063
"601",519,170,1,3445
"602",519,171,1,2896
"603",519,172,1,2933
"604",519,173,1,3597
"605",519,174,1,4390
"606",519,175,1,5047
"607",519,176,1,5398
"608",519,177,1,5158
"609",519,178,1,6105
"610",519,179,1,6371
"611",519,180,1,6021
"612",519,181,1,5664
"613",519,182,1,5205
"614",519,183,1,5510
"615",519,184,1,5183
"616",519,185,1,4069
"617",519,186,1,3923
"618",519,187,1,3247
"619",519,188,1,2626
"620",519,189,1,2112
"621",519,190,1,1873
"622",519,191,1,1856
"623",519,192,1,1761
"624",519,193,1,1446
"625",519,194,1,1269
"626",519,195,1,1437
"627",519,196,1,1601
"628",519,197,1,1359
"629",519,198,1,1019
"630",520,158,1,1218
"631",520,159,1,1715
"632",520,160,1,2241
"633",520,161,1,2414
"634",520,162,1,2382
"635",520,163,1,2209
"636",520,164,1,2299
"637",520,165,1,2682
"638",520,166,1,3001
"639",520,167,1,3482
"640",520,168,1,3942
"641",520,169,1,3840
"642",520,170,1,3384
"643",520,171,1,2905
"644",520,172,1,2883
"645",520,173,1,3606
"646",520,174,1,4517
"647",520,175,1,5364
"648",520,176,1,5487
"649",520,177,1,5602
"650",520,178,1,6724
"651",520,179,1,6613
"652",520,180,1,6566
"653",520,181,1,6238
"654",520,182,1,5799
"655",520,183,1,6322
"656",520,184,1,5436
"657",520,185,1,4034
"658",520,186,1,3551
"659",520,187,1,3215
"660",520,188,1,3083
"661",520,189,1,2632
"662",520,190,1,2325
"663",520,191,1,2312
"664",520,192,1,2123
"665",520,193,1,1703
"666",520,194,1,1308
"667",520,195,1,1260
"668",520,196,1,1279
"669",520,197,1,1125
"670",521,157,1,1048
"671",521,158,1,1259
"672",521,159,1,1673
"673",521,160,1,2147
"674",521,161,1,2506
"675",521,162,1,2872
"676",521,163,1,2575
"677",521,164,1,2732
"678",521,165,1,3280
"679",521,166,1,3550
"680",521,167,1,3942
"681",521,168,1,4620
"682",521,169,1,4254
"683",521,170,1,3808
"684",521,171,1,3355
"685",521,172,1,3407
"686",521,173,1,4092
"687",521,174,1,5023
"688",521,175,1,5753
"689",521,176,1,5855
"690",521,177,1,5947
"691",521,178,1,6944
"692",521,179,1,6927
"693",521,180,1,6292
"694",521,181,1,6106
"695",521,182,1,6425
"696",521,183,1,6644
"697",521,184,1,5789
"698",521,185,1,4581
"699",521,186,1,3690
"700",521,187,1,3662
"701",521,188,1,3820
"702",521,189,1,3169
"703",521,190,1,2650
"704",521,191,1,2644
"705",521,192,1,2512
"706",521,193,1,1927
"707",521,194,1,1407
"708",521,195,1,1110
"709",521,196,1,1018
"710",522,156,1,1084
"711",522,157,1,1175
"712",522,158,1,1375
"713",522,159,1,1824
"714",522,160,1,2140
"715",522,161,1,2486
"716",522,162,1,2635
"717",522,163,1,2541
"718",522,164,1,2772
"719",522,165,1,3294
"720",522,166,1,3547
"721",522,167,1,4072
"722",522,168,1,4361
"723",522,169,1,4873
"724",522,170,1,4484
"725",522,171,1,4065
"726",522,172,1,4247
"727",522,173,1,4757
"728",522,174,1,5483
"729",522,175,1,6054
"730",522,176,1,6078
"731",522,177,1,6787
"732",522,178,1,7756
"733",522,179,1,7420
"734",522,180,1,7066
"735",522,181,1,6695
"736",522,182,1,7145
"737",522,183,1,7025
"738",522,184,1,6091
"739",522,185,1,5098
"740",522,186,1,4518
"741",522,187,1,4008
"742",522,188,1,3909
"743",522,189,1,3203
"744",522,190,1,2501
"745",522,191,1,2350
"746",522,192,1,2206
"747",522,193,1,1779
"748",522,194,1,1347
"749",522,195,1,1038
"750",523,155,1,1019
"751",523,156,1,1128
"752",523,157,1,1144
"753",523,158,1,1344
"754",523,159,1,1856
"755",523,160,1,2160
"756",523,161,1,2318
"757",523,162,1,2472
"758",523,163,1,2660
"759",523,164,1,2620
"760",523,165,1,2800
"761",523,166,1,3083
"762",523,167,1,3593
"763",523,168,1,4312
"764",523,169,1,5004
"765",523,170,1,4990
"766",523,171,1,5041
"767",523,172,1,5288
"768",523,173,1,5844
"769",523,174,1,6433
"770",523,175,1,6709
"771",523,176,1,6895
"772",523,177,1,7520
"773",523,178,1,8413
"774",523,179,1,8171
"775",523,180,1,8077
"776",523,181,1,8060
"777",523,182,1,8004
"778",523,183,1,7660
"779",523,184,1,6916
"780",523,185,1,6033
"781",523,186,1,5425
"782",523,187,1,4434
"783",523,188,1,3742
"784",523,189,1,2988
"785",523,190,1,2228
"786",523,191,1,1916
"787",523,192,1,1749
"788",523,193,1,1499
"789",523,194,1,1256
"790",523,195,1,1087
"791",523,196,1,1006
"792",524,155,1,1005
"793",524,156,1,1200
"794",524,157,1,1195
"795",524,158,1,1393
"796",524,159,1,1899
"797",524,160,1,2435
"798",524,161,1,2422
"799",524,162,1,2686
"800",524,163,1,3111
"801",524,164,1,2823
"802",524,165,1,2545
"803",524,166,1,2685
"804",524,167,1,3231
"805",524,168,1,4042
"806",524,169,1,4854
"807",524,170,1,5775
"808",524,171,1,6001
"809",524,172,1,6237
"810",524,173,1,6927
"811",524,174,1,7143
"812",524,175,1,7427
"813",524,176,1,7841
"814",524,177,1,8442
"815",524,178,1,9414
"816",524,179,1,9616
"817",524,180,1,9817
"818",524,181,1,9854
"819",524,182,1,9647
"820",524,183,1,9056
"821",524,184,1,8067
"822",524,185,1,6908
"823",524,186,1,5952
"824",524,187,1,4786
"825",524,188,1,3848
"826",524,189,1,2922
"827",524,190,1,2132
"828",524,191,1,1675
"829",524,192,1,1476
"830",524,193,1,1343
"831",524,194,1,1307
"832",524,195,1,1314
"833",524,196,1,1292
"834",524,197,1,1261
"835",524,198,1,1183
"836",524,199,1,1030
"837",524,200,1,1075
"838",524,201,1,1146
"839",525,156,1,1172
"840",525,157,1,1189
"841",525,158,1,1325
"842",525,159,1,1710
"843",525,160,1,2127
"844",525,161,1,2578
"845",525,162,1,2835
"846",525,163,1,3130
"847",525,164,1,3071
"848",525,165,1,2815
"849",525,166,1,2778
"850",525,167,1,3281
"851",525,168,1,4133
"852",525,169,1,4921
"853",525,170,1,5862
"854",525,171,1,6268
"855",525,172,1,6710
"856",525,173,1,7241
"857",525,174,1,7818
"858",525,175,1,8178
"859",525,176,1,8658
"860",525,177,1,9542
"861",525,178,1,10785
"862",525,179,1,11605
"863",525,180,1,12028
"864",525,181,1,12160
"865",525,182,1,11825
"866",525,183,1,11095
"867",525,184,1,9718
"868",525,185,1,8257
"869",525,186,1,6645
"870",525,187,1,5489
"871",525,188,1,4228
"872",525,189,1,3110
"873",525,190,1,2250
"874",525,191,1,1763
"875",525,192,1,1538
"876",525,193,1,1515
"877",525,194,1,1620
"878",525,195,1,1682
"879",525,196,1,1661
"880",525,197,1,1589
"881",525,198,1,1474
"882",525,199,1,1218
"883",525,200,1,1139
"884",525,201,1,1171
"885",526,156,1,1019
"886",526,157,1,1229
"887",526,158,1,1460
"888",526,159,1,1575
"889",526,160,1,1853
"890",526,161,1,2261
"891",526,162,1,2619
"892",526,163,1,3145
"893",526,164,1,3228
"894",526,165,1,3042
"895",526,166,1,3117
"896",526,167,1,3549
"897",526,168,1,4062
"898",526,169,1,5027
"899",526,170,1,5954
"900",526,171,1,6379
"901",526,172,1,7059
"902",526,173,1,7553
"903",526,174,1,8128
"904",526,175,1,8932
"905",526,176,1,9422
"906",526,177,1,10738
"907",526,178,1,12459
"908",526,179,1,13628
"909",526,180,1,13545
"910",526,181,1,13702
"911",526,182,1,13361
"912",526,183,1,13120
"913",526,184,1,11507
"914",526,185,1,9749
"915",526,186,1,7768
"916",526,187,1,6019
"917",526,188,1,4556
"918",526,189,1,3349
"919",526,190,1,2505
"920",526,191,1,2151
"921",526,192,1,1943
"922",526,193,1,1825
"923",526,194,1,1984
"924",526,195,1,1996
"925",526,196,1,1897
"926",526,197,1,1665
"927",526,198,1,1502
"928",526,199,1,1212
"929",526,200,1,1024
"930",527,156,1,1003
"931",527,157,1,1352
"932",527,158,1,1753
"933",527,159,1,1714
"934",527,160,1,1718
"935",527,161,1,1979
"936",527,162,1,2561
"937",527,163,1,3287
"938",527,164,1,3513
"939",527,165,1,3672
"940",527,166,1,3852
"941",527,167,1,4384
"942",527,168,1,4554
"943",527,169,1,5381
"944",527,170,1,6205
"945",527,171,1,6696
"946",527,172,1,7407
"947",527,173,1,8260
"948",527,174,1,8241
"949",527,175,1,9244
"950",527,176,1,10345
"951",527,177,1,12231
"952",527,178,1,14244
"953",527,179,1,15187
"954",527,180,1,16291
"955",527,181,1,16695
"956",527,182,1,15961
"957",527,183,1,14388
"958",527,184,1,12379
"959",527,185,1,11186
"960",527,186,1,8985
"961",527,187,1,6783
"962",527,188,1,4994
"963",527,189,1,3625
"964",527,190,1,2924
"965",527,191,1,2689
"966",527,192,1,2443
"967",527,193,1,2062
"968",527,194,1,2070
"969",527,195,1,1990
"970",527,196,1,1726
"971",527,197,1,1446
"972",527,198,1,1278
"973",527,199,1,1069
"977",528,157,1,1323
"978",528,158,1,1709
"979",528,159,1,2027
"980",528,160,1,1820
"981",528,161,1,1830
"982",528,162,1,2357
"983",528,163,1,3019
"984",528,164,1,3412
"985",528,165,1,4061
"986",528,166,1,4417
"987",528,167,1,5235
"988",528,168,1,5060
"989",528,169,1,5717
"990",528,170,1,6490
"991",528,171,1,6728
"992",528,172,1,7569
"993",528,173,1,7994
"994",528,174,1,8228
"995",528,175,1,9331
"996",528,176,1,11249
"997",528,177,1,13440
"998",528,178,1,15228
"999",528,179,1,17690
"1000",528,180,1,19684
"1001",528,181,1,20275
"1002",528,182,1,19130
"1003",528,183,1,16712
"1004",528,184,1,14046
"1005",528,185,1,12604
"1006",528,186,1,10046
"1007",528,187,1,7588
"1008",528,188,1,5620
"1009",528,189,1,4080
"1010",528,190,1,3362
"1011",528,191,1,3174
"1012",528,192,1,2858
"1013",528,193,1,2290
"1014",528,194,1,1937
"1015",528,195,1,1737
"1016",528,196,1,1471
"1017",528,197,1,1254
"1018",528,198,1,1099
"1022",529,156,1,1013
"1023",529,157,1,1383
"1024",529,158,1,1844
"1025",529,159,1,2110
"1026",529,160,1,1996
"1027",529,161,1,2016
"1028",529,162,1,2264
"1029",529,163,1,2748
"1030",529,164,1,3183
"1031",529,165,1,3769
"1032",529,166,1,4098
"1033",529,167,1,4723
"1034",529,168,1,5181
"1035",529,169,1,6159
"1036",529,170,1,7224
"1037",529,171,1,7280
"1038",529,172,1,7535
"1039",529,173,1,7825
"1040",529,174,1,8492
"1041",529,175,1,9985
"1042",529,176,1,12099
"1043",529,177,1,13809
"1044",529,178,1,16963
"1045",529,179,1,20523
"1046",529,180,1,23183
"1047",529,181,1,23885
"1048",529,182,1,22318
"1049",529,183,1,19126
"1050",529,184,1,15683
"1051",529,185,1,13722
"1052",529,186,1,10685
"1053",529,187,1,8028
"1054",529,188,1,5884
"1055",529,189,1,4471
"1056",529,190,1,3842
"1057",529,191,1,3477
"1058",529,192,1,2923
"1059",529,193,1,2407
"1060",529,194,1,1975
"1061",529,195,1,1694
"1062",529,196,1,1425
"1063",529,197,1,1234
"1064",529,198,1,1117
"1065",529,199,1,1075
"1066",530,157,1,1372
"1067",530,158,1,1846
"1068",530,159,1,2177
"1069",530,160,1,2317
"1070",530,161,1,2461
"1071",530,162,1,2491
"1072",530,163,1,2854
"1073",530,164,1,3454
"1074",530,165,1,3774
"1075",530,166,1,3907
"1076",530,167,1,4469
"1077",530,168,1,5469
"1078",530,169,1,6497
"1079",530,170,1,6692
"1080",530,171,1,7354
"1081",530,172,1,7985
"1082",530,173,1,8098
"1083",530,174,1,8943
"1084",530,175,1,10679
"1085",530,176,1,13040
"1086",530,177,1,14915
"1087",530,178,1,18786
"1088",530,179,1,23098
"1089",530,180,1,26274
"1090",530,181,1,27070
"1091",530,182,1,25130
"1092",530,183,1,21235
"1093",530,184,1,17023
"1094",530,185,1,14480
"1095",530,186,1,10975
"1096",530,187,1,8098
"1097",530,188,1,5990
"1098",530,189,1,4803
"1099",530,190,1,4247
"1100",530,191,1,3592
"1101",530,192,1,3070
"1102",530,193,1,2742
"1103",530,194,1,2348
"1104",530,195,1,2002
"1105",530,196,1,1695
"1106",530,197,1,1460
"1107",530,198,1,1313
"1108",530,199,1,1285
"1109",530,200,1,1187
"1111",531,157,1,1275
"1112",531,158,1,1659
"1113",531,159,1,2094
"1114",531,160,1,2479
"1115",531,161,1,2954
"1116",531,162,1,2892
"1117",531,163,1,3028
"1118",531,164,1,3632
"1119",531,165,1,4003
"1120",531,166,1,4292
"1121",531,167,1,4717
"1122",531,168,1,5395
"1123",531,169,1,5857
"1124",531,170,1,6243
"1125",531,171,1,7259
"1126",531,172,1,7817
"1127",531,173,1,8325
"1128",531,174,1,9349
"1129",531,175,1,11114
"1130",531,176,1,13606
"1131",531,177,1,15683
"1132",531,178,1,19964
"1133",531,179,1,24750
"1134",531,180,1,28295
"1135",531,181,1,29203
"1136",531,182,1,27042
"1137",531,183,1,22664
"1138",531,184,1,17888
"1139",531,185,1,14890
"1140",531,186,1,11027
"1141",531,187,1,7976
"1142",531,188,1,5979
"1143",531,189,1,4747
"1144",531,190,1,3924
"1145",531,191,1,3382
"1146",531,192,1,3055
"1147",531,193,1,2837
"1148",531,194,1,2743
"1149",531,195,1,2386
"1150",531,196,1,2086
"1151",531,197,1,1786
"1152",531,198,1,1594
"1153",531,199,1,1388
"1154",531,200,1,1242
"1155",531,201,1,1018
"1156",532,155,1,1071
"1157",532,156,1,1136
"1158",532,157,1,1387
"1159",532,158,1,1715
"1160",532,159,1,2181
"1161",532,160,1,2448
"1162",532,161,1,2784
"1163",532,162,1,3316
"1164",532,163,1,3335
"1165",532,164,1,3831
"1166",532,165,1,4169
"1167",532,166,1,4433
"1168",532,167,1,4921
"1169",532,168,1,5329
"1170",532,169,1,5496
"1171",532,170,1,6165
"1172",532,171,1,7175
"1173",532,172,1,7585
"1174",532,173,1,8113
"1175",532,174,1,9180
"1176",532,175,1,10952
"1177",532,176,1,13472
"1178",532,177,1,15637
"1179",532,178,1,19976
"1180",532,179,1,24853
"1181",532,180,1,28520
"1182",532,181,1,29517
"1183",532,182,1,27355
"1184",532,183,1,22875
"1185",532,184,1,17930
"1186",532,185,1,14733
"1187",532,186,1,10721
"1188",532,187,1,7633
"1189",532,188,1,5778
"1190",532,189,1,4602
"1191",532,190,1,3781
"1192",532,191,1,3423
"1193",532,192,1,2998
"1194",532,193,1,2625
"1195",532,194,1,2529
"1196",532,195,1,2477
"1197",532,196,1,2226
"1198",532,197,1,1904
"1199",532,198,1,1667
"1200",532,199,1,1355
"1201",532,200,1,1163
"1202",533,154,1,1131
"1203",533,155,1,1376
"1204",533,156,1,1387
"1205",533,157,1,1644
"1206",533,158,1,1880
"1207",533,159,1,1913
"1208",533,160,1,2065
"1209",533,161,1,2392
"1210",533,162,1,2905
"1211",533,163,1,3150
"1212",533,164,1,3661
"1213",533,165,1,4010
"1214",533,166,1,4316
"1215",533,167,1,4875
"1216",533,168,1,5201
"1217",533,169,1,5504
"1218",533,170,1,6333
"1219",533,171,1,7093
"1220",533,172,1,7119
"1221",533,173,1,7594
"1222",533,174,1,8612
"1223",533,175,1,10322
"1224",533,176,1,12708
"1225",533,177,1,14884
"1226",533,178,1,18752
"1227",533,179,1,23169
"1228",533,180,1,26565
"1229",533,181,1,27549
"1230",533,182,1,25613
"1231",533,183,1,21502
"1232",533,184,1,16916
"1233",533,185,1,13876
"1234",533,186,1,10098
"1235",533,187,1,7278
"1236",533,188,1,5686
"1237",533,189,1,4796
"1238",533,190,1,4094
"1239",533,191,1,3861
"1240",533,192,1,3287
"1241",533,193,1,2805
"1242",533,194,1,2539
"1243",533,195,1,2622
"1244",533,196,1,2274
"1245",533,197,1,1892
"1246",533,198,1,1620
"1247",533,199,1,1422
"1248",533,200,1,1207
"1249",533,201,1,1030
"1250",534,154,1,1153
"1251",534,155,1,1433
"1252",534,156,1,1466
"1253",534,157,1,1654
"1254",534,158,1,1786
"1255",534,159,1,1639
"1256",534,160,1,1569
"1257",534,161,1,1832
"1258",534,162,1,2208
"1259",534,163,1,2455
"1260",534,164,1,2866
"1261",534,165,1,3263
"1262",534,166,1,3746
"1263",534,167,1,4607
"1264",534,168,1,5037
"1265",534,169,1,5473
"1266",534,170,1,6063
"1267",534,171,1,6408
"1268",534,172,1,6474
"1269",534,173,1,6851
"1270",534,174,1,7785
"1271",534,175,1,9345
"1272",534,176,1,11658
"1273",534,177,1,14440
"1274",534,178,1,16893
"1275",534,179,1,20140
"1276",534,180,1,22787
"1277",534,181,1,23592
"1278",534,182,1,22051
"1279",534,183,1,18767
"1280",534,184,1,15097
"1281",534,185,1,12401
"1282",534,186,1,9123
"1283",534,187,1,6674
"1284",534,188,1,5300
"1285",534,189,1,4871
"1286",534,190,1,4100
"1287",534,191,1,3736
"1288",534,192,1,3314
"1289",534,193,1,3058
"1290",534,194,1,2586
"1291",534,195,1,2437
"1292",534,196,1,2222
"1293",534,197,1,1878
"1294",534,198,1,1792
"1295",534,199,1,1663
"1296",534,200,1,1406
"1297",534,201,1,1244
"1298",534,202,1,1097
"1299",535,154,1,1014
"1300",535,155,1,1311
"1301",535,156,1,1505
"1302",535,157,1,1435
"1303",535,158,1,1379
"1304",535,159,1,1249
"1305",535,160,1,1163
"1306",535,161,1,1328
"1307",535,162,1,1559
"1308",535,163,1,1764
"1309",535,164,1,2101
"1310",535,165,1,2504
"1311",535,166,1,3016
"1312",535,167,1,3803
"1313",535,168,1,4586
"1314",535,169,1,5372
"1315",535,170,1,6114
"1316",535,171,1,6450
"1317",535,172,1,6316
"1318",535,173,1,6617
"1319",535,174,1,7290
"1320",535,175,1,8529
"1321",535,176,1,10321
"1322",535,177,1,12789
"1323",535,178,1,15364
"1324",535,179,1,16763
"1325",535,180,1,18201
"1326",535,181,1,18673
"1327",535,182,1,17624
"1328",535,183,1,15574
"1329",535,184,1,13596
"1330",535,185,1,10677
"1331",535,186,1,7948
"1332",535,187,1,6048
"1333",535,188,1,4980
"1334",535,189,1,4530
"1335",535,190,1,3904
"1336",535,191,1,3501
"1337",535,192,1,3000
"1338",535,193,1,2624
"1339",535,194,1,2379
"1340",535,195,1,2425
"1341",535,196,1,2233
"1342",535,197,1,2008
"1343",535,198,1,1918
"1344",535,199,1,1788
"1345",535,200,1,1650
"1346",535,201,1,1514
"1347",535,202,1,1366
"1348",535,203,1,1162
"1349",536,155,1,1189
"1350",536,156,1,1384
"1351",536,157,1,1232
"1352",536,158,1,1026
"1353",536,162,1,1095
"1354",536,163,1,1298
"1355",536,164,1,1636
"1356",536,165,1,2126
"1357",536,166,1,2768
"1358",536,167,1,3477
"1359",536,168,1,4291
"1360",536,169,1,5234
"1361",536,170,1,5545
"1362",536,171,1,5692
"1363",536,172,1,5769
"1364",536,173,1,6388
"1365",536,174,1,7105
"1366",536,175,1,7820
"1367",536,176,1,9047
"1368",536,177,1,10739
"1369",536,178,1,12725
"1370",536,179,1,14117
"1371",536,180,1,13939
"1372",536,181,1,14109
"1373",536,182,1,13556
"1374",536,183,1,12995
"1375",536,184,1,11069
"1376",536,185,1,8685
"1377",536,186,1,6588
"1378",536,187,1,5308
"1379",536,188,1,4882
"1380",536,189,1,4320
"1381",536,190,1,3601
"1382",536,191,1,2980
"1383",536,192,1,2548
"1384",536,193,1,2185
"1385",536,194,1,2160
"1386",536,195,1,2298
"1387",536,196,1,2200
"1388",536,197,1,2116
"1389",536,198,1,2068
"1390",536,199,1,1780
"1391",536,200,1,1816
"1392",536,201,1,1595
"1393",536,202,1,1570
"1394",536,203,1,1270
"1395",536,204,1,1019
"1396",537,156,1,1025
"1397",537,163,1,1142
"1398",537,164,1,1608
"1399",537,165,1,2217
"1400",537,166,1,2883
"1401",537,167,1,3606
"1402",537,168,1,3905
"1403",537,169,1,4935
"1404",537,170,1,5214
"1405",537,171,1,5328
"1406",537,172,1,5722
"1407",537,173,1,6285
"1408",537,174,1,6715
"1409",537,175,1,7236
"1410",537,176,1,8123
"1411",537,177,1,8913
"1412",537,178,1,10045
"1413",537,179,1,10872
"1414",537,180,1,10498
"1415",537,181,1,11204
"1416",537,182,1,10858
"1417",537,183,1,10006
"1418",537,184,1,8626
"1419",537,185,1,6945
"1420",537,186,1,5404
"1421",537,187,1,4642
"1422",537,188,1,4277
"1423",537,189,1,3954
"1424",537,190,1,3190
"1425",537,191,1,2708
"1426",537,192,1,2389
"1427",537,193,1,1994
"1428",537,194,1,1910
"1429",537,195,1,1908
"1430",537,196,1,1840
"1431",537,197,1,1767
"1432",537,198,1,1663
"1433",537,199,1,1485
"1434",537,200,1,1462
"1435",537,201,1,1327
"1436",537,202,1,1287
"1437",537,203,1,1118
"1440",538,163,1,1108
"1441",538,164,1,1670
"1442",538,165,1,2370
"1443",538,166,1,3061
"1444",538,167,1,3191
"1445",538,168,1,3636
"1446",538,169,1,4476
"1447",538,170,1,4682
"1448",538,171,1,4855
"1449",538,172,1,5056
"1450",538,173,1,5608
"1451",538,174,1,6265
"1452",538,175,1,6776
"1453",538,176,1,7162
"1454",538,177,1,7494
"1455",538,178,1,7995
"1456",538,179,1,8368
"1457",538,180,1,8383
"1458",538,181,1,8461
"1459",538,182,1,8214
"1460",538,183,1,7653
"1461",538,184,1,7089
"1462",538,185,1,5937
"1463",538,186,1,4645
"1464",538,187,1,4109
"1465",538,188,1,3662
"1466",538,189,1,3684
"1467",538,190,1,3056
"1468",538,191,1,2714
"1469",538,192,1,2468
"1470",538,193,1,2027
"1471",538,194,1,1991
"1472",538,195,1,1751
"1473",538,196,1,1475
"1474",538,197,1,1336
"1475",538,198,1,1226
"1476",538,199,1,1119
"1477",538,200,1,1083
"1478",538,201,1,1008
"1479",539,163,1,1124
"1480",539,164,1,1659
"1481",539,165,1,2264
"1482",539,166,1,2638
"1483",539,167,1,2930
"1484",539,168,1,3738
"1485",539,169,1,4555
"1486",539,170,1,4330
"1487",539,171,1,4412
"1488",539,172,1,4656
"1489",539,173,1,5320
"1490",539,174,1,5913
"1491",539,175,1,6232
"1492",539,176,1,6375
"1493",539,177,1,6430
"1494",539,178,1,6618
"1495",539,179,1,6599
"1496",539,180,1,6430
"1497",539,181,1,6329
"1498",539,182,1,6265
"1499",539,183,1,6059
"1500",539,184,1,5784
"1501",539,185,1,5257
"1502",539,186,1,4198
"1503",539,187,1,3609
"1504",539,188,1,3071
"1505",539,189,1,2941
"1506",539,190,1,2584
"1507",539,191,1,2306
"1508",539,192,1,2124
"1509",539,193,1,1869
"1510",539,194,1,1875
"1511",539,195,1,1594
"1512",539,196,1,1254
"1513",539,197,1,1023
"1514",540,163,1,1088
"1515",540,164,1,1576
"1516",540,165,1,2115
"1517",540,166,1,2445
"1518",540,167,1,2888
"1519",540,168,1,3658
"1520",540,169,1,4119
"1521",540,170,1,4122
"1522",540,171,1,4385
"1523",540,172,1,4597
"1524",540,173,1,5001
"1525",540,174,1,5301
"1526",540,175,1,5528
"1527",540,176,1,5523
"1528",540,177,1,5676
"1529",540,178,1,5772
"1530",540,179,1,5521
"1531",540,180,1,5119
"1532",540,181,1,4873
"1533",540,182,1,4916
"1534",540,183,1,5041
"1535",540,184,1,4840
"1536",540,185,1,4598
"1537",540,186,1,3753
"1538",540,187,1,3075
"1539",540,188,1,2523
"1540",540,189,1,2245
"1541",540,190,1,1988
"1542",540,191,1,1763
"1543",540,192,1,1626
"1544",540,193,1,1484
"1545",540,194,1,1449
"1546",540,195,1,1272
"1547",540,196,1,1026
"1548",541,164,1,1343
"1549",541,165,1,1744
"1550",541,166,1,2114
"1551",541,167,1,2666
"1552",541,168,1,3232
"1553",541,169,1,3526
"1554",541,170,1,3758
"1555",541,171,1,3821
"1556",541,172,1,4034
"1557",541,173,1,4221
"1558",541,174,1,4546
"1559",541,175,1,4913
"1560",541,176,1,4798
"1561",541,177,1,4911
"1562",541,178,1,5155
"1563",541,179,1,4828
"1564",541,180,1,4299
"1565",541,181,1,3932
"1566",541,182,1,3935
"1567",541,183,1,4248
"1568",541,184,1,4320
"1569",541,185,1,3995
"1570",541,186,1,3365
"1571",541,187,1,2668
"1572",541,188,1,2119
"1573",541,189,1,1756
"1574",541,190,1,1509
"1575",541,191,1,1316
"1576",541,192,1,1204
"1577",541,193,1,1112
"1578",541,194,1,1066
"1579",542,164,1,1153
"1580",542,165,1,1512
"1581",542,166,1,2043
"1582",542,167,1,2716
"1583",542,168,1,3389
"1584",542,169,1,3406
"1585",542,170,1,3475
"1586",542,171,1,3437
"1587",542,172,1,3868
"1588",542,173,1,3947
"1589",542,174,1,3723
"1590",542,175,1,3929
"1591",542,176,1,3925
"1592",542,177,1,4109
"1593",542,178,1,4526
"1594",542,179,1,4431
"1595",542,180,1,3841
"1596",542,181,1,3329
"1597",542,182,1,3279
"1598",542,183,1,3682
"1599",542,184,1,4158
"1600",542,185,1,3784
"1601",542,186,1,3339
"1602",542,187,1,2730
"1603",542,188,1,2084
"1604",542,189,1,1578
"1605",542,190,1,1235
"1606",542,191,1,1027
"1607",543,164,1,1186
"1608",543,165,1,1557
"1609",543,166,1,2073
"1610",543,167,1,2575
"1611",543,168,1,2909
"1612",543,169,1,3069
"1613",543,170,1,2914
"1614",543,171,1,2959
"1615",543,172,1,3388
"1616",543,173,1,3426
"1617",543,174,1,3103
"1618",543,175,1,3101
"1619",543,176,1,3092
"1620",543,177,1,3474
"1621",543,178,1,3947
"1622",543,179,1,3931
"1623",543,180,1,3411
"1624",543,181,1,2920
"1625",543,182,1,2876
"1626",543,183,1,3239
"1627",543,184,1,3603
"1628",543,185,1,3490
"1629",543,186,1,3612
"1630",543,187,1,2882
"1631",543,188,1,2126
"1632",543,189,1,1536
"1633",543,190,1,1135
"1634",544,163,1,1022
"1635",544,164,1,1388
"1636",544,165,1,1817
"1637",544,166,1,2254
"1638",544,167,1,2758
"1639",544,168,1,2599
"1640",544,169,1,2507
"1641",544,170,1,2408
"1642",544,171,1,2639
"1643",544,172,1,3094
"1644",544,173,1,3103
"1645",544,174,1,2771
"1646",544,175,1,2720
"1647",544,176,1,2808
"1648",544,177,1,3107
"1649",544,178,1,3566
"1650",544,179,1,3565
"1651",544,180,1,3073
"1652",544,181,1,2628
"1653",544,182,1,2663
"1654",544,183,1,3128
"1655",544,184,1,3675
"1656",544,185,1,3278
"1657",544,186,1,3123
"1658",544,187,1,2656
"1659",544,188,1,2034
"1660",544,189,1,1482
"1661",544,190,1,1078
"1662",545,163,1,1267
"1663",545,164,1,1582
"1664",545,165,1,2002
"1665",545,166,1,2228
"1666",545,167,1,2409
"1667",545,168,1,2420
"1668",545,169,1,2207
"1669",545,170,1,2055
"1670",545,171,1,2349
"1671",545,172,1,2679
"1672",545,173,1,2583
"1673",545,174,1,2506
"1674",545,175,1,2752
"1675",545,176,1,2841
"1676",545,177,1,2842
"1677",545,178,1,3212
"1678",545,179,1,3195
"1679",545,180,1,2722
"1680",545,181,1,2305
"1681",545,182,1,2320
"1682",545,183,1,2667
"1683",545,184,1,2948
"1684",545,185,1,2803
"1685",545,186,1,2864
"1686",545,187,1,2721
"1687",545,188,1,2080
"1688",545,189,1,1514
"1689",545,190,1,1093
"1690",546,162,1,1170
"1691",546,163,1,1519
"1692",546,164,1,1671
"1693",546,165,1,1783
"1694",546,166,1,1926
"1695",546,167,1,2216
"1696",546,168,1,2567
"1697",546,169,1,2188
"1698",546,170,1,1963
"1699",546,171,1,2335
"1700",546,172,1,2812
"1701",546,173,1,2493
"1702",546,174,1,2350
"1703",546,175,1,2632
"1704",546,176,1,2693
"1705",546,177,1,2553
"1706",546,178,1,2715
"1707",546,179,1,2668
"1708",546,180,1,2281
"1709",546,181,1,1917
"1710",546,182,1,1853
"1711",546,183,1,2066
"1712",546,184,1,2188
"1713",546,185,1,2188
"1714",546,186,1,2455
"1715",546,187,1,2752
"1716",546,188,1,2169
"1717",546,189,1,1558
"1718",546,190,1,1104
"1719",547,162,1,1279
"1720",547,163,1,1548
"1721",547,164,1,1562
"1722",547,165,1,1441
"1723",547,166,1,1515
"1724",547,167,1,1821
"1725",547,168,1,2044
"1726",547,169,1,1872
"1727",547,170,1,1722
"1728",547,171,1,2009
"1729",547,172,1,2298
"1730",547,173,1,2199
"1731",547,174,1,2075
"1732",547,175,1,2285
"1733",547,176,1,2345
"1734",547,177,1,2323
"1735",547,178,1,2612
"1736",547,179,1,2571
"1737",547,180,1,2112
"1738",547,181,1,1747
"1739",547,182,1,1706
"1740",547,183,1,1713
"1741",547,184,1,1649
"1742",547,185,1,1733
"1743",547,186,1,2112
"1744",547,187,1,2497
"1745",547,188,1,2015
"1746",547,189,1,1468
"1747",547,190,1,1050
"1748",548,161,1,1022
"1749",548,162,1,1350
"1750",548,163,1,1434
"1751",548,164,1,1251
"1752",548,165,1,1142
"1753",548,166,1,1202
"1754",548,167,1,1422
"1755",548,168,1,1564
"1756",548,169,1,1492
"1757",548,170,1,1415
"1758",548,171,1,1601
"1759",548,172,1,1887
"1760",548,173,1,2056
"1761",548,174,1,2023
"1762",548,175,1,2311
"1763",548,176,1,2334
"1764",548,177,1,2127
"1765",548,178,1,2285
"1766",548,179,1,2244
"1767",548,180,1,1928
"1768",548,181,1,1709
"1769",548,182,1,1793
"1770",548,183,1,1740
"1771",548,184,1,1497
"1772",548,185,1,1449
"1773",548,186,1,1720
"1774",548,187,1,1928
"1775",548,188,1,1696
"1776",548,189,1,1316
"1777",549,162,1,1140
"1778",549,163,1,1165
"1779",549,164,1,1020
"1780",549,166,1,1037
"1781",549,167,1,1262
"1782",549,168,1,1406
"1783",549,169,1,1336
"1784",549,170,1,1254
"1785",549,171,1,1445
"1786",549,172,1,1833
"1787",549,173,1,2224
"1788",549,174,1,2065
"1789",549,175,1,2151
"1790",549,176,1,2129
"1791",549,177,1,1946
"1792",549,178,1,2103
"1793",549,179,1,2311
"1794",549,180,1,1908
"1795",549,181,1,1647
"1796",549,182,1,1725
"1797",549,183,1,1651
"1798",549,184,1,1355
"1799",549,185,1,1211
"1800",549,186,1,1347
"1801",549,187,1,1485
"1802",549,188,1,1392
"1803",549,189,1,1184
"1804",550,166,1,1044
"1805",550,167,1,1352
"1806",550,168,1,1574
"1807",550,169,1,1419
"1808",550,170,1,1235
"1809",550,171,1,1316
"1810",550,172,1,1617
"1811",550,173,1,1909
"1812",550,174,1,1957
"1813",550,175,1,2054
"1814",550,176,1,2056
"1815",550,177,1,1952
"1816",550,178,1,1935
"1817",550,179,1,1892
"1818",550,180,1,1661
"1819",550,181,1,1480
"1820",550,182,1,1448
"1821",550,183,1,1357
"1822",550,184,1,1142
"1823",550,185,1,1030
"1824",550,186,1,1150
"1825",550,187,1,1386
"1826",550,188,1,1502
"1827",550,189,1,1310
"1828",550,190,1,1021
"1831",551,166,1,1047
"1832",551,167,1,1324
"1833",551,168,1,1534
"1834",551,169,1,1374
"1835",551,170,1,1165
"1836",551,171,1,1153
"1837",551,172,1,1366
"1838",551,173,1,1706
"1839",551,174,1,2000
"1840",551,175,1,1891
"1841",551,176,1,1939
"1842",551,177,1,1848
"1843",551,178,1,1736
"1844",551,179,1,1514
"1845",551,180,1,1427
"1846",551,181,1,1527
"1847",551,182,1,1481
"1848",551,183,1,1212
"1849",551,186,1,1104
"1850",551,187,1,1448
"1851",551,188,1,1750
"1852",551,189,1,1469
"1853",551,190,1,1119
"1858",552,164,1,1015
"1859",552,165,1,1043
"1860",552,166,1,1007
"1861",552,167,1,1113
"1862",552,168,1,1214
"1863",552,169,1,1150
"1864",552,170,1,1026
"1865",552,171,1,1009
"1866",552,172,1,1200
"1867",552,173,1,1490
"1868",552,174,1,1705
"1869",552,175,1,1703
"1870",552,176,1,1763
"1871",552,177,1,1580
"1872",552,178,1,1389
"1873",552,179,1,1217
"1874",552,180,1,1248
"1875",552,181,1,1431
"1876",552,182,1,1404
"1877",552,183,1,1126
"1878",552,186,1,1028
"1879",552,187,1,1336
"1880",552,188,1,1532
"1881",552,189,1,1488
"1882",552,190,1,1221
"1883",553,164,1,1136
"1884",553,165,1,1150
"1885",553,172,1,1103
"1886",553,173,1,1366
"1887",553,174,1,1553
"1888",553,175,1,1487
"1889",553,176,1,1433
"1890",553,177,1,1298
"1891",553,178,1,1104
"1892",553,181,1,1104
"1893",553,182,1,1089
"1894",553,186,1,1046
"1895",553,187,1,1330
"1896",553,188,1,1436
"1897",553,189,1,1438
"1898",553,190,1,1254
"1901",554,172,1,1083
"1902",554,173,1,1365
"1903",554,174,1,1631
"1904",554,175,1,1427
"1905",554,176,1,1236
"1906",554,177,1,1203
"1907",554,178,1,1095
"1908",554,186,1,1049
"1909",554,187,1,1288
"1910",554,188,1,1336
"1911",554,189,1,1282
"1912",554,190,1,1295
"1913",554,191,1,1097
"1918",555,173,1,1195
"1919",555,174,1,1352
"1920",555,175,1,1261
"1921",555,176,1,1151
"1922",555,177,1,1218
"1923",555,178,1,1146
"1924",555,186,1,1091
"1925",555,187,1,1185
"1926",555,188,1,1146
"1927",555,189,1,1157
"1928",555,190,1,1229
"1929",555,191,1,1074
"1931",556,173,1,1010
"1932",556,174,1,1162
"1933",556,175,1,1144
"1934",556,176,1,1034
"1935",556,177,1,1048
"1936",556,186,1,1166
"1937",556,187,1,1201
"1938",556,188,1,1029
"1939",557,174,1,1183
"1940",557,175,1,1180
"1941",558,174,1,1154
"1942",558,175,1,1149
"1943",559,174,1,1070
"1944",559,175,1,1056
"1945",560,174,1,1153
"1946",560,175,1,1110
"1947",561,173,1,1102
"1948",561,174,1,1252
"1949",561,175,1,1112
"1950",562,173,1,1134
"1951",562,174,1,1195
"1952",562,175,1,1097
"1953",562,176,1,1020
"1954",563,172,1,1053
"1955",563,173,1,1162
"1956",563,174,1,1191
"1957",563,175,1,1133
"1958",563,176,1,1091
"1959",564,172,1,1094
"1960",564,173,1,1216
"1961",564,174,1,1249
"1962",564,175,1,1113
"1963",565,172,1,1043
"1964",565,173,1,1158
"1965",565,174,1,1180
"1966",565,175,1,1019
