"","long","lat","cluster_id","add.data"
"1",494,176,1,1066
"2",494,177,1,1069
"3",494,178,1,1020
"4",494,180,1,1016
"5",494,181,1,1015
"6",495,175,1,1139
"7",495,176,1,1258
"8",495,177,1,1265
"9",495,178,1,1177
"10",495,179,1,1090
"11",495,180,1,1041
"12",496,174,1,1043
"13",496,175,1,1225
"14",496,176,1,1387
"15",496,177,1,1414
"16",496,178,1,1317
"17",496,179,1,1232
"18",496,180,1,1132
"19",497,174,1,1072
"20",497,175,1,1236
"21",497,176,1,1386
"22",497,177,1,1444
"23",497,178,1,1370
"24",497,179,1,1351
"25",497,180,1,1248
"26",497,181,1,1027
"27",498,168,1,1009
"28",498,173,1,1022
"29",498,174,1,1136
"30",498,175,1,1264
"31",498,176,1,1390
"32",498,177,1,1411
"33",498,178,1,1333
"34",498,179,1,1343
"35",498,180,1,1253
"36",498,181,1,1031
"37",498,197,1,1021
"38",499,167,1,1149
"39",499,168,1,1197
"40",499,169,1,1145
"41",499,170,1,1177
"42",499,171,1,1179
"43",499,172,1,1133
"44",499,173,1,1149
"45",499,174,1,1231
"46",499,175,1,1314
"47",499,176,1,1296
"48",499,177,1,1277
"49",499,178,1,1244
"50",499,179,1,1259
"51",499,180,1,1189
"52",499,181,1,1005
"53",499,196,1,1008
"54",499,197,1,1136
"55",500,166,1,1001
"56",500,167,1,1187
"57",500,168,1,1250
"58",500,169,1,1253
"59",500,170,1,1384
"60",500,171,1,1403
"61",500,172,1,1306
"62",500,173,1,1316
"63",500,174,1,1312
"64",500,175,1,1298
"65",500,176,1,1207
"66",500,177,1,1157
"67",500,178,1,1226
"68",500,179,1,1326
"69",500,180,1,1281
"70",500,181,1,1075
"71",500,196,1,1019
"72",500,197,1,1041
"73",501,167,1,1108
"74",501,168,1,1168
"75",501,169,1,1264
"76",501,170,1,1439
"77",501,171,1,1485
"78",501,172,1,1393
"79",501,173,1,1431
"80",501,174,1,1378
"81",501,175,1,1205
"82",501,176,1,1092
"83",501,177,1,1084
"84",501,178,1,1233
"85",501,179,1,1421
"86",501,180,1,1397
"87",501,181,1,1148
"88",501,195,1,1071
"89",501,196,1,1101
"90",502,166,1,1091
"91",502,167,1,1106
"92",502,168,1,1111
"93",502,169,1,1225
"94",502,170,1,1403
"95",502,171,1,1505
"96",502,172,1,1425
"97",502,173,1,1366
"98",502,174,1,1264
"99",502,175,1,1100
"100",502,177,1,1037
"101",502,178,1,1210
"102",502,179,1,1395
"103",502,180,1,1386
"104",502,181,1,1173
"105",502,194,1,1030
"106",502,195,1,1204
"107",502,196,1,1193
"108",503,160,1,1039
"109",503,161,1,1072
"110",503,164,1,1034
"111",503,165,1,1166
"112",503,166,1,1266
"113",503,167,1,1200
"114",503,168,1,1149
"115",503,169,1,1277
"116",503,170,1,1522
"117",503,171,1,1693
"118",503,172,1,1549
"119",503,173,1,1314
"120",503,174,1,1134
"121",503,177,1,1041
"122",503,178,1,1266
"123",503,179,1,1513
"124",503,180,1,1516
"125",503,181,1,1272
"126",503,182,1,1042
"127",503,187,1,1040
"128",503,194,1,1115
"129",503,195,1,1190
"130",503,196,1,1122
"131",504,160,1,1048
"132",504,161,1,1125
"133",504,162,1,1107
"134",504,163,1,1119
"135",504,164,1,1227
"136",504,165,1,1295
"137",504,166,1,1337
"138",504,167,1,1245
"139",504,168,1,1179
"140",504,169,1,1306
"141",504,170,1,1567
"142",504,171,1,1768
"143",504,172,1,1630
"144",504,173,1,1347
"145",504,174,1,1093
"146",504,177,1,1077
"147",504,178,1,1327
"148",504,179,1,1565
"149",504,180,1,1578
"150",504,181,1,1373
"151",504,182,1,1193
"152",504,183,1,1142
"153",504,184,1,1090
"154",504,185,1,1013
"155",504,186,1,1026
"156",504,187,1,1070
"157",504,193,1,1183
"158",504,194,1,1330
"159",504,195,1,1250
"160",504,196,1,1057
"161",505,161,1,1103
"162",505,162,1,1244
"163",505,163,1,1287
"164",505,164,1,1393
"165",505,165,1,1411
"166",505,166,1,1326
"167",505,167,1,1264
"168",505,168,1,1221
"169",505,169,1,1320
"170",505,170,1,1563
"171",505,171,1,1802
"172",505,172,1,1756
"173",505,173,1,1469
"174",505,174,1,1173
"175",505,177,1,1176
"176",505,178,1,1486
"177",505,179,1,1792
"178",505,180,1,1809
"179",505,181,1,1550
"180",505,182,1,1348
"181",505,183,1,1348
"182",505,184,1,1316
"183",505,185,1,1186
"184",505,186,1,1086
"185",505,187,1,1020
"186",505,192,1,1107
"187",505,193,1,1359
"188",505,194,1,1567
"189",505,195,1,1352
"190",505,196,1,1085
"191",506,161,1,1076
"192",506,162,1,1308
"193",506,163,1,1418
"194",506,164,1,1418
"195",506,165,1,1406
"196",506,166,1,1406
"197",506,167,1,1455
"198",506,168,1,1413
"199",506,169,1,1437
"200",506,170,1,1662
"201",506,171,1,1941
"202",506,172,1,1920
"203",506,173,1,1594
"204",506,174,1,1276
"205",506,175,1,1080
"206",506,176,1,1064
"207",506,177,1,1249
"208",506,178,1,1563
"209",506,179,1,1863
"210",506,180,1,1873
"211",506,181,1,1613
"212",506,182,1,1400
"213",506,183,1,1396
"214",506,184,1,1445
"215",506,185,1,1445
"216",506,186,1,1336
"217",506,187,1,1131
"218",506,190,1,1043
"219",506,191,1,1160
"220",506,192,1,1260
"221",506,193,1,1417
"222",506,194,1,1482
"223",506,195,1,1340
"224",506,196,1,1122
"225",507,161,1,1009
"226",507,162,1,1310
"227",507,163,1,1577
"228",507,164,1,1492
"229",507,165,1,1440
"230",507,166,1,1581
"231",507,167,1,1728
"232",507,168,1,1651
"233",507,169,1,1635
"234",507,170,1,1723
"235",507,171,1,1867
"236",507,172,1,1858
"237",507,173,1,1664
"238",507,174,1,1416
"239",507,175,1,1242
"240",507,176,1,1188
"241",507,177,1,1344
"242",507,178,1,1611
"243",507,179,1,1823
"244",507,180,1,1800
"245",507,181,1,1585
"246",507,182,1,1399
"247",507,183,1,1447
"248",507,184,1,1637
"249",507,185,1,1715
"250",507,186,1,1647
"251",507,187,1,1393
"252",507,188,1,1199
"253",507,189,1,1189
"254",507,190,1,1359
"255",507,191,1,1512
"256",507,192,1,1543
"257",507,193,1,1631
"258",507,194,1,1545
"259",507,195,1,1464
"260",507,196,1,1235
"261",507,197,1,1009
"264",508,154,1,1063
"265",508,162,1,1202
"266",508,163,1,1431
"267",508,164,1,1480
"268",508,165,1,1504
"269",508,166,1,1640
"270",508,167,1,1804
"271",508,168,1,1810
"272",508,169,1,1929
"273",508,170,1,1944
"274",508,171,1,1900
"275",508,172,1,1917
"276",508,173,1,1931
"277",508,174,1,1757
"278",508,175,1,1544
"279",508,176,1,1457
"280",508,177,1,1616
"281",508,178,1,1902
"282",508,179,1,2088
"283",508,180,1,1967
"284",508,181,1,1672
"285",508,182,1,1420
"286",508,183,1,1415
"287",508,184,1,1580
"288",508,185,1,1770
"289",508,186,1,1793
"290",508,187,1,1692
"291",508,188,1,1467
"292",508,189,1,1462
"293",508,190,1,1690
"294",508,191,1,1894
"295",508,192,1,1801
"296",508,193,1,1896
"297",508,194,1,1656
"298",508,195,1,1532
"299",508,196,1,1336
"300",508,197,1,1150
"303",509,154,1,1122
"304",509,155,1,1119
"305",509,156,1,1043
"306",509,162,1,1089
"307",509,163,1,1368
"308",509,164,1,1587
"309",509,165,1,1644
"310",509,166,1,1610
"311",509,167,1,1697
"312",509,168,1,1902
"313",509,169,1,2195
"314",509,170,1,2319
"315",509,171,1,2237
"316",509,172,1,2327
"317",509,173,1,2447
"318",509,174,1,2224
"319",509,175,1,1937
"320",509,176,1,1816
"321",509,177,1,1936
"322",509,178,1,2275
"323",509,179,1,2531
"324",509,180,1,2283
"325",509,181,1,1849
"326",509,182,1,1489
"327",509,183,1,1377
"328",509,184,1,1508
"329",509,185,1,1766
"330",509,186,1,2085
"331",509,187,1,2122
"332",509,188,1,1851
"333",509,189,1,1792
"334",509,190,1,1939
"335",509,191,1,2012
"336",509,192,1,1839
"337",509,193,1,1732
"338",509,194,1,1589
"339",509,195,1,1528
"340",509,196,1,1538
"341",509,197,1,1362
"342",509,198,1,1186
"343",509,199,1,1037
"344",510,154,1,1064
"345",510,155,1,1221
"346",510,156,1,1179
"347",510,162,1,1059
"348",510,163,1,1386
"349",510,164,1,1721
"350",510,165,1,1804
"351",510,166,1,1659
"352",510,167,1,1646
"353",510,168,1,1929
"354",510,169,1,2341
"355",510,170,1,2671
"356",510,171,1,2518
"357",510,172,1,2657
"358",510,173,1,2962
"359",510,174,1,2622
"360",510,175,1,2354
"361",510,176,1,2239
"362",510,177,1,2221
"363",510,178,1,2500
"364",510,179,1,2764
"365",510,180,1,2524
"366",510,181,1,2043
"367",510,182,1,1607
"368",510,183,1,1462
"369",510,184,1,1613
"370",510,185,1,1911
"371",510,186,1,2233
"372",510,187,1,2451
"373",510,188,1,2254
"374",510,189,1,2152
"375",510,190,1,2246
"376",510,191,1,2022
"377",510,192,1,1755
"378",510,193,1,1586
"379",510,194,1,1559
"380",510,195,1,1618
"381",510,196,1,1602
"382",510,197,1,1589
"383",510,198,1,1408
"384",510,199,1,1187
"385",511,154,1,1043
"386",511,155,1,1193
"387",511,156,1,1147
"388",511,162,1,1044
"389",511,163,1,1338
"390",511,164,1,1661
"391",511,165,1,1865
"392",511,166,1,1769
"393",511,167,1,1728
"394",511,168,1,1972
"395",511,169,1,2343
"396",511,170,1,2573
"397",511,171,1,2539
"398",511,172,1,2663
"399",511,173,1,2835
"400",511,174,1,2745
"401",511,175,1,2762
"402",511,176,1,2697
"403",511,177,1,2542
"404",511,178,1,2694
"405",511,179,1,3017
"406",511,180,1,2918
"407",511,181,1,2415
"408",511,182,1,1897
"409",511,183,1,1631
"410",511,184,1,1712
"411",511,185,1,1992
"412",511,186,1,2288
"413",511,187,1,2664
"414",511,188,1,2578
"415",511,189,1,2554
"416",511,190,1,2366
"417",511,191,1,2141
"418",511,192,1,1874
"419",511,193,1,1627
"420",511,194,1,1668
"421",511,195,1,1787
"422",511,196,1,1750
"423",511,197,1,1660
"424",511,198,1,1573
"425",511,199,1,1281
"426",511,200,1,1048
"427",512,154,1,1122
"428",512,155,1,1286
"429",512,156,1,1177
"430",512,161,1,1010
"431",512,162,1,1112
"432",512,163,1,1361
"433",512,164,1,1683
"434",512,165,1,1950
"435",512,166,1,1946
"436",512,167,1,1951
"437",512,168,1,2270
"438",512,169,1,2664
"439",512,170,1,2812
"440",512,171,1,2744
"441",512,172,1,2879
"442",512,173,1,3025
"443",512,174,1,2988
"444",512,175,1,3069
"445",512,176,1,3033
"446",512,177,1,2876
"447",512,178,1,3026
"448",512,179,1,3408
"449",512,180,1,3353
"450",512,181,1,2778
"451",512,182,1,2240
"452",512,183,1,1937
"453",512,184,1,1942
"454",512,185,1,2142
"455",512,186,1,2606
"456",512,187,1,3027
"457",512,188,1,3021
"458",512,189,1,3118
"459",512,190,1,2738
"460",512,191,1,2526
"461",512,192,1,2112
"462",512,193,1,1709
"463",512,194,1,1659
"464",512,195,1,1732
"465",512,196,1,1582
"466",512,197,1,1415
"467",512,198,1,1343
"468",512,199,1,1186
"469",512,200,1,1057
"470",512,201,1,1061
"471",512,202,1,1031
"472",513,154,1,1128
"473",513,155,1,1288
"474",513,156,1,1196
"475",513,157,1,1028
"476",513,160,1,1142
"477",513,161,1,1219
"478",513,162,1,1275
"479",513,163,1,1545
"480",513,164,1,1809
"481",513,165,1,2167
"482",513,166,1,2293
"483",513,167,1,2317
"484",513,168,1,2607
"485",513,169,1,3050
"486",513,170,1,3216
"487",513,171,1,3183
"488",513,172,1,3418
"489",513,173,1,3616
"490",513,174,1,3547
"491",513,175,1,3532
"492",513,176,1,3501
"493",513,177,1,3368
"494",513,178,1,3289
"495",513,179,1,3514
"496",513,180,1,3513
"497",513,181,1,3128
"498",513,182,1,2788
"499",513,183,1,2602
"500",513,184,1,2492
"501",513,185,1,2615
"502",513,186,1,2976
"503",513,187,1,3335
"504",513,188,1,3496
"505",513,189,1,3181
"506",513,190,1,2951
"507",513,191,1,2623
"508",513,192,1,2129
"509",513,193,1,1673
"510",513,194,1,1462
"511",513,195,1,1418
"512",513,196,1,1300
"513",513,197,1,1155
"514",513,198,1,1112
"515",513,199,1,1071
"516",513,200,1,1075
"517",513,201,1,1166
"518",513,202,1,1159
"519",513,203,1,1056
"520",513,204,1,1061
"521",513,205,1,1022
"522",513,206,1,1021
"524",514,154,1,1053
"525",514,155,1,1185
"526",514,156,1,1208
"527",514,157,1,1159
"528",514,158,1,1069
"529",514,159,1,1109
"530",514,160,1,1241
"531",514,161,1,1316
"532",514,162,1,1481
"533",514,163,1,1821
"534",514,164,1,2059
"535",514,165,1,2515
"536",514,166,1,2700
"537",514,167,1,2731
"538",514,168,1,2877
"539",514,169,1,3152
"540",514,170,1,3433
"541",514,171,1,3798
"542",514,172,1,4037
"543",514,173,1,4118
"544",514,174,1,3965
"545",514,175,1,3900
"546",514,176,1,3918
"547",514,177,1,3852
"548",514,178,1,3742
"549",514,179,1,4011
"550",514,180,1,4208
"551",514,181,1,3893
"552",514,182,1,3563
"553",514,183,1,3393
"554",514,184,1,3252
"555",514,185,1,3169
"556",514,186,1,3527
"557",514,187,1,3629
"558",514,188,1,3644
"559",514,189,1,3364
"560",514,190,1,3001
"561",514,191,1,2461
"562",514,192,1,1910
"563",514,193,1,1489
"564",514,194,1,1233
"565",514,195,1,1142
"566",514,196,1,1067
"567",514,198,1,1031
"568",514,199,1,1086
"569",514,200,1,1098
"570",514,201,1,1129
"571",514,202,1,1112
"572",514,203,1,1102
"573",514,204,1,1199
"574",514,205,1,1144
"575",514,206,1,1195
"576",514,207,1,1058
"577",515,151,1,1028
"578",515,152,1,1053
"579",515,154,1,1031
"580",515,155,1,1223
"581",515,156,1,1405
"582",515,157,1,1425
"583",515,158,1,1305
"584",515,159,1,1245
"585",515,160,1,1247
"586",515,161,1,1279
"587",515,162,1,1509
"588",515,163,1,1855
"589",515,164,1,2158
"590",515,165,1,2693
"591",515,166,1,2920
"592",515,167,1,3076
"593",515,168,1,3260
"594",515,169,1,3394
"595",515,170,1,3833
"596",515,171,1,4145
"597",515,172,1,4648
"598",515,173,1,4698
"599",515,174,1,4435
"600",515,175,1,4169
"601",515,176,1,4272
"602",515,177,1,4125
"603",515,178,1,4342
"604",515,179,1,4684
"605",515,180,1,5154
"606",515,181,1,4711
"607",515,182,1,4219
"608",515,183,1,3950
"609",515,184,1,3729
"610",515,185,1,3799
"611",515,186,1,3686
"612",515,187,1,3989
"613",515,188,1,4009
"614",515,189,1,3732
"615",515,190,1,2979
"616",515,191,1,2250
"617",515,192,1,1735
"618",515,193,1,1377
"619",515,194,1,1143
"620",515,195,1,1030
"621",515,196,1,1010
"622",515,197,1,1012
"623",515,198,1,1117
"624",515,199,1,1254
"625",515,200,1,1256
"626",515,201,1,1130
"627",515,202,1,1012
"628",515,203,1,1001
"629",515,204,1,1062
"630",515,205,1,1078
"631",515,206,1,1166
"632",515,207,1,1105
"633",516,151,1,1144
"634",516,152,1,1160
"635",516,153,1,1038
"636",516,154,1,1038
"637",516,155,1,1275
"638",516,156,1,1576
"639",516,157,1,1667
"640",516,158,1,1579
"641",516,159,1,1531
"642",516,160,1,1395
"643",516,161,1,1332
"644",516,162,1,1458
"645",516,163,1,1699
"646",516,164,1,2018
"647",516,165,1,2465
"648",516,166,1,2854
"649",516,167,1,3152
"650",516,168,1,3394
"651",516,169,1,3794
"652",516,170,1,4002
"653",516,171,1,4142
"654",516,172,1,4439
"655",516,173,1,4859
"656",516,174,1,4874
"657",516,175,1,4511
"658",516,176,1,4463
"659",516,177,1,4503
"660",516,178,1,4907
"661",516,179,1,5325
"662",516,180,1,5773
"663",516,181,1,5178
"664",516,182,1,4494
"665",516,183,1,4184
"666",516,184,1,3998
"667",516,185,1,4019
"668",516,186,1,4021
"669",516,187,1,4163
"670",516,188,1,4139
"671",516,189,1,3439
"672",516,190,1,2734
"673",516,191,1,2143
"674",516,192,1,1796
"675",516,193,1,1456
"676",516,194,1,1225
"677",516,195,1,1157
"678",516,196,1,1173
"679",516,197,1,1147
"680",516,198,1,1233
"681",516,199,1,1399
"682",516,200,1,1373
"683",516,201,1,1136
"684",516,206,1,1003
"685",517,151,1,1020
"686",517,152,1,1031
"687",517,155,1,1178
"688",517,156,1,1457
"689",517,157,1,1657
"690",517,158,1,1863
"691",517,159,1,1871
"692",517,160,1,1663
"693",517,161,1,1551
"694",517,162,1,1642
"695",517,163,1,1853
"696",517,164,1,2046
"697",517,165,1,2411
"698",517,166,1,3029
"699",517,167,1,3558
"700",517,168,1,3830
"701",517,169,1,4308
"702",517,170,1,4021
"703",517,171,1,3886
"704",517,172,1,4230
"705",517,173,1,4847
"706",517,174,1,5213
"707",517,175,1,5276
"708",517,176,1,4928
"709",517,177,1,4915
"710",517,178,1,5236
"711",517,179,1,5949
"712",517,180,1,6043
"713",517,181,1,5727
"714",517,182,1,4967
"715",517,183,1,4703
"716",517,184,1,4603
"717",517,185,1,4745
"718",517,186,1,4617
"719",517,187,1,4334
"720",517,188,1,3770
"721",517,189,1,3133
"722",517,190,1,2557
"723",517,191,1,2275
"724",517,192,1,2047
"725",517,193,1,1625
"726",517,194,1,1390
"727",517,195,1,1422
"728",517,196,1,1497
"729",517,197,1,1399
"730",517,198,1,1278
"731",517,199,1,1285
"732",517,200,1,1213
"733",517,201,1,1014
"734",518,155,1,1006
"735",518,156,1,1251
"736",518,157,1,1557
"737",518,158,1,1882
"738",518,159,1,1995
"739",518,160,1,1913
"740",518,161,1,1860
"741",518,162,1,1895
"742",518,163,1,2053
"743",518,164,1,2261
"744",518,165,1,2565
"745",518,166,1,3143
"746",518,167,1,3718
"747",518,168,1,3990
"748",518,169,1,4321
"749",518,170,1,3982
"750",518,171,1,3673
"751",518,172,1,3912
"752",518,173,1,4564
"753",518,174,1,5344
"754",518,175,1,5705
"755",518,176,1,5794
"756",518,177,1,5465
"757",518,178,1,5752
"758",518,179,1,6210
"759",518,180,1,6406
"760",518,181,1,6102
"761",518,182,1,5590
"762",518,183,1,5379
"763",518,184,1,5490
"764",518,185,1,4978
"765",518,186,1,4570
"766",518,187,1,4185
"767",518,188,1,3562
"768",518,189,1,3020
"769",518,190,1,2628
"770",518,191,1,2356
"771",518,192,1,2023
"772",518,193,1,1705
"773",518,194,1,1527
"774",518,195,1,1691
"775",518,196,1,1853
"776",518,197,1,1626
"777",518,198,1,1314
"778",518,199,1,1108
"779",519,156,1,1084
"780",519,157,1,1367
"781",519,158,1,1682
"782",519,159,1,1970
"783",519,160,1,2272
"784",519,161,1,2339
"785",519,162,1,2244
"786",519,163,1,2293
"787",519,164,1,2477
"788",519,165,1,2923
"789",519,166,1,3312
"790",519,167,1,3909
"791",519,168,1,4320
"792",519,169,1,4630
"793",519,170,1,4075
"794",519,171,1,3614
"795",519,172,1,3691
"796",519,173,1,4343
"797",519,174,1,5186
"798",519,175,1,5843
"799",519,176,1,6125
"800",519,177,1,6025
"801",519,178,1,6818
"802",519,179,1,7107
"803",519,180,1,6843
"804",519,181,1,6534
"805",519,182,1,6132
"806",519,183,1,6341
"807",519,184,1,6015
"808",519,185,1,5035
"809",519,186,1,4835
"810",519,187,1,4078
"811",519,188,1,3708
"812",519,189,1,3095
"813",519,190,1,2784
"814",519,191,1,2547
"815",519,192,1,2310
"816",519,193,1,1893
"817",519,194,1,1636
"818",519,195,1,1741
"819",519,196,1,1868
"820",519,197,1,1613
"821",519,198,1,1252
"822",520,156,1,1017
"823",520,157,1,1238
"824",520,158,1,1547
"825",520,159,1,2067
"826",520,160,1,2596
"827",520,161,1,2801
"828",520,162,1,2815
"829",520,163,1,2738
"830",520,164,1,2933
"831",520,165,1,3373
"832",520,166,1,3781
"833",520,167,1,4145
"834",520,168,1,4582
"835",520,169,1,4502
"836",520,170,1,4088
"837",520,171,1,3679
"838",520,172,1,3711
"839",520,173,1,4379
"840",520,174,1,5272
"841",520,175,1,6085
"842",520,176,1,6301
"843",520,177,1,6507
"844",520,178,1,7432
"845",520,179,1,7398
"846",520,180,1,7331
"847",520,181,1,6998
"848",520,182,1,6651
"849",520,183,1,7053
"850",520,184,1,6289
"851",520,185,1,5238
"852",520,186,1,4569
"853",520,187,1,4041
"854",520,188,1,3781
"855",520,189,1,3298
"856",520,190,1,3040
"857",520,191,1,2890
"858",520,192,1,2578
"859",520,193,1,2091
"860",520,194,1,1669
"861",520,195,1,1570
"862",520,196,1,1548
"863",520,197,1,1366
"864",520,198,1,1096
"865",521,156,1,1141
"866",521,157,1,1322
"867",521,158,1,1596
"868",521,159,1,2067
"869",521,160,1,2569
"870",521,161,1,2950
"871",521,162,1,3324
"872",521,163,1,3228
"873",521,164,1,3382
"874",521,165,1,3838
"875",521,166,1,4192
"876",521,167,1,4632
"877",521,168,1,5233
"878",521,169,1,4929
"879",521,170,1,4529
"880",521,171,1,4155
"881",521,172,1,4236
"882",521,173,1,4873
"883",521,174,1,5751
"884",521,175,1,6479
"885",521,176,1,6710
"886",521,177,1,6927
"887",521,178,1,7724
"888",521,179,1,7721
"889",521,180,1,7234
"890",521,181,1,7000
"891",521,182,1,7172
"892",521,183,1,7354
"893",521,184,1,6577
"894",521,185,1,5800
"895",521,186,1,4888
"896",521,187,1,4483
"897",521,188,1,4454
"898",521,189,1,3730
"899",521,190,1,3310
"900",521,191,1,3190
"901",521,192,1,2945
"902",521,193,1,2308
"903",521,194,1,1750
"904",521,195,1,1411
"905",521,196,1,1275
"906",521,197,1,1130
"907",522,155,1,1185
"908",522,156,1,1330
"909",522,157,1,1464
"910",522,158,1,1720
"911",522,159,1,2221
"912",522,160,1,2602
"913",522,161,1,2972
"914",522,162,1,3182
"915",522,163,1,3295
"916",522,164,1,3472
"917",522,165,1,3898
"918",522,166,1,4260
"919",522,167,1,4890
"920",522,168,1,5135
"921",522,169,1,5534
"922",522,170,1,5207
"923",522,171,1,4896
"924",522,172,1,5085
"925",522,173,1,5594
"926",522,174,1,6277
"927",522,175,1,6848
"928",522,176,1,7036
"929",522,177,1,7664
"930",522,178,1,8478
"931",522,179,1,8244
"932",522,180,1,7907
"933",522,181,1,7586
"934",522,182,1,7867
"935",522,183,1,7769
"936",522,184,1,6938
"937",522,185,1,6141
"938",522,186,1,5355
"939",522,187,1,4757
"940",522,188,1,4518
"941",522,189,1,3772
"942",522,190,1,3161
"943",522,191,1,2925
"944",522,192,1,2665
"945",522,193,1,2167
"946",522,194,1,1682
"947",522,195,1,1357
"948",522,196,1,1199
"949",522,197,1,1070
"950",523,155,1,1249
"951",523,156,1,1401
"952",523,157,1,1474
"953",523,158,1,1728
"954",523,159,1,2274
"955",523,160,1,2646
"956",523,161,1,2864
"957",523,162,1,3066
"958",523,163,1,3303
"959",523,164,1,3358
"960",523,165,1,3588
"961",523,166,1,3969
"962",523,167,1,4532
"963",523,168,1,5168
"964",523,169,1,5791
"965",523,170,1,5774
"966",523,171,1,5841
"967",523,172,1,6108
"968",523,173,1,6645
"969",523,174,1,7193
"970",523,175,1,7522
"971",523,176,1,7801
"972",523,177,1,8378
"973",523,178,1,9130
"974",523,179,1,8976
"975",523,180,1,8842
"976",523,181,1,8742
"977",523,182,1,8686
"978",523,183,1,8392
"979",523,184,1,7677
"980",523,185,1,6926
"981",523,186,1,6208
"982",523,187,1,5162
"983",523,188,1,4465
"984",523,189,1,3667
"985",523,190,1,3012
"986",523,191,1,2749
"987",523,192,1,2379
"988",523,193,1,1959
"989",523,194,1,1619
"990",523,195,1,1475
"991",523,196,1,1372
"992",523,197,1,1242
"993",523,198,1,1114
"994",523,199,1,1024
"995",523,200,1,1044
"996",523,201,1,1063
"997",524,155,1,1249
"998",524,156,1,1475
"999",524,157,1,1537
"1000",524,158,1,1792
"1001",524,159,1,2328
"1002",524,160,1,2893
"1003",524,161,1,2980
"1004",524,162,1,3274
"1005",524,163,1,3724
"1006",524,164,1,3718
"1007",524,165,1,3686
"1008",524,166,1,3908
"1009",524,167,1,4414
"1010",524,168,1,5226
"1011",524,169,1,6030
"1012",524,170,1,6552
"1013",524,171,1,6754
"1014",524,172,1,7036
"1015",524,173,1,7683
"1016",524,174,1,7950
"1017",524,175,1,8267
"1018",524,176,1,8684
"1019",524,177,1,9242
"1020",524,178,1,10030
"1021",524,179,1,10156
"1022",524,180,1,10186
"1023",524,181,1,10106
"1024",524,182,1,9923
"1025",524,183,1,9481
"1026",524,184,1,8706
"1027",524,185,1,7647
"1028",524,186,1,6689
"1029",524,187,1,5520
"1030",524,188,1,4593
"1031",524,189,1,3645
"1032",524,190,1,3035
"1033",524,191,1,2639
"1034",524,192,1,2256
"1035",524,193,1,1964
"1036",524,194,1,1778
"1037",524,195,1,1781
"1038",524,196,1,1726
"1039",524,197,1,1540
"1040",524,198,1,1408
"1041",524,199,1,1252
"1042",524,200,1,1273
"1043",524,201,1,1322
"1044",524,202,1,1168
"1045",524,203,1,1045
"1046",525,155,1,1217
"1047",525,156,1,1453
"1048",525,157,1,1540
"1049",525,158,1,1743
"1050",525,159,1,2169
"1051",525,160,1,2630
"1052",525,161,1,3105
"1053",525,162,1,3417
"1054",525,163,1,3773
"1055",525,164,1,3929
"1056",525,165,1,4074
"1057",525,166,1,4152
"1058",525,167,1,4545
"1059",525,168,1,5225
"1060",525,169,1,5877
"1061",525,170,1,6609
"1062",525,171,1,7062
"1063",525,172,1,7535
"1064",525,173,1,8066
"1065",525,174,1,8594
"1066",525,175,1,8977
"1067",525,176,1,9455
"1068",525,177,1,10198
"1069",525,178,1,11114
"1070",525,179,1,11562
"1071",525,180,1,11604
"1072",525,181,1,11528
"1073",525,182,1,11275
"1074",525,183,1,10850
"1075",525,184,1,9872
"1076",525,185,1,8688
"1077",525,186,1,7239
"1078",525,187,1,6102
"1079",525,188,1,4901
"1080",525,189,1,3868
"1081",525,190,1,3357
"1082",525,191,1,2893
"1083",525,192,1,2559
"1084",525,193,1,2207
"1085",525,194,1,2164
"1086",525,195,1,2094
"1087",525,196,1,2031
"1088",525,197,1,1861
"1089",525,198,1,1706
"1090",525,199,1,1448
"1091",525,200,1,1350
"1092",525,201,1,1352
"1093",525,202,1,1163
"1094",526,155,1,1119
"1095",526,156,1,1326
"1096",526,157,1,1580
"1097",526,158,1,1858
"1098",526,159,1,2054
"1099",526,160,1,2384
"1100",526,161,1,2828
"1101",526,162,1,3245
"1102",526,163,1,3783
"1103",526,164,1,3967
"1104",526,165,1,4030
"1105",526,166,1,4210
"1106",526,167,1,4596
"1107",526,168,1,5088
"1108",526,169,1,5897
"1109",526,170,1,6724
"1110",526,171,1,7268
"1111",526,172,1,7910
"1112",526,173,1,8415
"1113",526,174,1,8945
"1114",526,175,1,9653
"1115",526,176,1,10140
"1116",526,177,1,11121
"1117",526,178,1,12214
"1118",526,179,1,12685
"1119",526,180,1,11988
"1120",526,181,1,11896
"1121",526,182,1,11696
"1122",526,183,1,11963
"1123",526,184,1,10954
"1124",526,185,1,9704
"1125",526,186,1,8088
"1126",526,187,1,6536
"1127",526,188,1,5245
"1128",526,189,1,4209
"1129",526,190,1,3344
"1130",526,191,1,2882
"1131",526,192,1,2602
"1132",526,193,1,2423
"1133",526,194,1,2405
"1134",526,195,1,2339
"1135",526,196,1,2227
"1136",526,197,1,1964
"1137",526,198,1,1746
"1138",526,199,1,1440
"1139",526,200,1,1238
"1140",526,201,1,1155
"1141",526,202,1,1010
"1142",527,150,1,1105
"1143",527,151,1,1097
"1144",527,152,1,1089
"1145",527,153,1,1123
"1146",527,154,1,1088
"1147",527,155,1,1096
"1148",527,156,1,1311
"1149",527,157,1,1692
"1150",527,158,1,2119
"1151",527,159,1,2178
"1152",527,160,1,2263
"1153",527,161,1,2581
"1154",527,162,1,3180
"1155",527,163,1,3891
"1156",527,164,1,4150
"1157",527,165,1,4373
"1158",527,166,1,4616
"1159",527,167,1,5131
"1160",527,168,1,5406
"1161",527,169,1,6162
"1162",527,170,1,6990
"1163",527,171,1,7635
"1164",527,172,1,8255
"1165",527,173,1,9006
"1166",527,174,1,9135
"1167",527,175,1,9968
"1168",527,176,1,10845
"1169",527,177,1,12104
"1170",527,178,1,13198
"1171",527,179,1,13158
"1172",527,180,1,13558
"1173",527,181,1,13677
"1174",527,182,1,13192
"1175",527,183,1,12276
"1176",527,184,1,11077
"1177",527,185,1,10679
"1178",527,186,1,9043
"1179",527,187,1,7200
"1180",527,188,1,5655
"1181",527,189,1,4494
"1182",527,190,1,3641
"1183",527,191,1,3193
"1184",527,192,1,2910
"1185",527,193,1,2556
"1186",527,194,1,2502
"1187",527,195,1,2384
"1188",527,196,1,2220
"1189",527,197,1,1885
"1190",527,198,1,1563
"1191",527,199,1,1300
"1192",527,200,1,1096
"1193",528,150,1,1127
"1194",528,151,1,1150
"1195",528,152,1,1242
"1196",528,153,1,1346
"1197",528,154,1,1231
"1198",528,155,1,1142
"1199",528,156,1,1304
"1200",528,157,1,1680
"1201",528,158,1,2109
"1202",528,159,1,2449
"1203",528,160,1,2350
"1204",528,161,1,2448
"1205",528,162,1,2986
"1206",528,163,1,3646
"1207",528,164,1,4072
"1208",528,165,1,4667
"1209",528,166,1,5065
"1210",528,167,1,5846
"1211",528,168,1,5843
"1212",528,169,1,6488
"1213",528,170,1,7262
"1214",528,171,1,7665
"1215",528,172,1,8363
"1216",528,173,1,8831
"1217",528,174,1,9209
"1218",528,175,1,10108
"1219",528,176,1,11451
"1220",528,177,1,12730
"1221",528,178,1,13313
"1222",528,179,1,14640
"1223",528,180,1,15776
"1224",528,181,1,16084
"1225",528,182,1,15333
"1226",528,183,1,13820
"1227",528,184,1,12232
"1228",528,185,1,11803
"1229",528,186,1,9973
"1230",528,187,1,7919
"1231",528,188,1,6218
"1232",528,189,1,4834
"1233",528,190,1,3950
"1234",528,191,1,3671
"1235",528,192,1,3369
"1236",528,193,1,2855
"1237",528,194,1,2613
"1238",528,195,1,2309
"1239",528,196,1,2127
"1240",528,197,1,1779
"1241",528,198,1,1454
"1242",528,199,1,1228
"1243",528,200,1,1088
"1244",529,151,1,1024
"1245",529,152,1,1198
"1246",529,153,1,1334
"1247",529,154,1,1230
"1248",529,155,1,1144
"1249",529,156,1,1314
"1250",529,157,1,1726
"1251",529,158,1,2224
"1252",529,159,1,2539
"1253",529,160,1,2518
"1254",529,161,1,2600
"1255",529,162,1,2903
"1256",529,163,1,3409
"1257",529,164,1,3881
"1258",529,165,1,4442
"1259",529,166,1,4837
"1260",529,167,1,5463
"1261",529,168,1,5971
"1262",529,169,1,6866
"1263",529,170,1,7843
"1264",529,171,1,8010
"1265",529,172,1,8307
"1266",529,173,1,8676
"1267",529,174,1,9366
"1268",529,175,1,10540
"1269",529,176,1,11936
"1270",529,177,1,12482
"1271",529,178,1,14298
"1272",529,179,1,16496
"1273",529,180,1,18162
"1274",529,181,1,18595
"1275",529,182,1,17595
"1276",529,183,1,15590
"1277",529,184,1,13530
"1278",529,185,1,12830
"1279",529,186,1,10659
"1280",529,187,1,8421
"1281",529,188,1,6492
"1282",529,189,1,5111
"1283",529,190,1,4425
"1284",529,191,1,4084
"1285",529,192,1,3749
"1286",529,193,1,3137
"1287",529,194,1,2919
"1288",529,195,1,2466
"1289",529,196,1,2180
"1290",529,197,1,1769
"1291",529,198,1,1457
"1292",529,199,1,1351
"1293",529,200,1,1244
"1294",529,201,1,1109
"1295",529,202,1,1105
"1296",529,203,1,1031
"1297",530,153,1,1103
"1298",530,154,1,1092
"1299",530,155,1,1095
"1300",530,156,1,1298
"1301",530,157,1,1716
"1302",530,158,1,2229
"1303",530,159,1,2610
"1304",530,160,1,2807
"1305",530,161,1,2987
"1306",530,162,1,3100
"1307",530,163,1,3485
"1308",530,164,1,4067
"1309",530,165,1,4445
"1310",530,166,1,4704
"1311",530,167,1,5277
"1312",530,168,1,6170
"1313",530,169,1,7118
"1314",530,170,1,7422
"1315",530,171,1,8017
"1316",530,172,1,8579
"1317",530,173,1,8795
"1318",530,174,1,9592
"1319",530,175,1,10966
"1320",530,176,1,12535
"1321",530,177,1,13136
"1322",530,178,1,15475
"1323",530,179,1,18213
"1324",530,180,1,20241
"1325",530,181,1,20753
"1326",530,182,1,19539
"1327",530,183,1,17117
"1328",530,184,1,14604
"1329",530,185,1,13575
"1330",530,186,1,11060
"1331",530,187,1,8617
"1332",530,188,1,6662
"1333",530,189,1,5488
"1334",530,190,1,4863
"1335",530,191,1,4233
"1336",530,192,1,3685
"1337",530,193,1,3293
"1338",530,194,1,2929
"1339",530,195,1,2546
"1340",530,196,1,2240
"1341",530,197,1,1873
"1342",530,198,1,1661
"1343",530,199,1,1591
"1344",530,200,1,1468
"1345",530,201,1,1251
"1346",530,202,1,1259
"1347",530,203,1,1177
"1348",531,154,1,1022
"1349",531,155,1,1123
"1350",531,156,1,1290
"1351",531,157,1,1650
"1352",531,158,1,2086
"1353",531,159,1,2552
"1354",531,160,1,2962
"1355",531,161,1,3423
"1356",531,162,1,3455
"1357",531,163,1,3657
"1358",531,164,1,4225
"1359",531,165,1,4627
"1360",531,166,1,4974
"1361",531,167,1,5435
"1362",531,168,1,6087
"1363",531,169,1,6593
"1364",531,170,1,7035
"1365",531,171,1,7883
"1366",531,172,1,8400
"1367",531,173,1,8895
"1368",531,174,1,9818
"1369",531,175,1,11243
"1370",531,176,1,12918
"1371",531,177,1,13644
"1372",531,178,1,16246
"1373",531,179,1,19275
"1374",531,180,1,21516
"1375",531,181,1,22084
"1376",531,182,1,20743
"1377",531,183,1,18051
"1378",531,184,1,15218
"1379",531,185,1,13928
"1380",531,186,1,11177
"1381",531,187,1,8611
"1382",531,188,1,6742
"1383",531,189,1,5718
"1384",531,190,1,4842
"1385",531,191,1,4184
"1386",531,192,1,3667
"1387",531,193,1,3370
"1388",531,194,1,3212
"1389",531,195,1,2834
"1390",531,196,1,2508
"1391",531,197,1,2172
"1392",531,198,1,1947
"1393",531,199,1,1718
"1394",531,200,1,1536
"1395",531,201,1,1291
"1396",531,202,1,1199
"1397",531,203,1,1102
"1398",532,154,1,1157
"1399",532,155,1,1337
"1400",532,156,1,1467
"1401",532,157,1,1761
"1402",532,158,1,2128
"1403",532,159,1,2600
"1404",532,160,1,2934
"1405",532,161,1,3305
"1406",532,162,1,3786
"1407",532,163,1,3885
"1408",532,164,1,4369
"1409",532,165,1,4745
"1410",532,166,1,5070
"1411",532,167,1,5566
"1412",532,168,1,6007
"1413",532,169,1,6286
"1414",532,170,1,6909
"1415",532,171,1,7764
"1416",532,172,1,8170
"1417",532,173,1,8686
"1418",532,174,1,9653
"1419",532,175,1,11114
"1420",532,176,1,12841
"1421",532,177,1,13642
"1422",532,178,1,16254
"1423",532,179,1,19294
"1424",532,180,1,21561
"1425",532,181,1,22154
"1426",532,182,1,20810
"1427",532,183,1,18076
"1428",532,184,1,15161
"1429",532,185,1,13748
"1430",532,186,1,10917
"1431",532,187,1,8392
"1432",532,188,1,6574
"1433",532,189,1,5467
"1434",532,190,1,4601
"1435",532,191,1,4086
"1436",532,192,1,3599
"1437",532,193,1,3213
"1438",532,194,1,3051
"1439",532,195,1,2925
"1440",532,196,1,2636
"1441",532,197,1,2295
"1442",532,198,1,2026
"1443",532,199,1,1693
"1444",532,200,1,1455
"1445",532,201,1,1235
"1446",532,202,1,1096
"1447",533,153,1,1016
"1448",533,154,1,1347
"1449",533,155,1,1628
"1450",533,156,1,1709
"1451",533,157,1,1981
"1452",533,158,1,2236
"1453",533,159,1,2331
"1454",533,160,1,2534
"1455",533,161,1,2857
"1456",533,162,1,3356
"1457",533,163,1,3651
"1458",533,164,1,4159
"1459",533,165,1,4551
"1460",533,166,1,4920
"1461",533,167,1,5483
"1462",533,168,1,5874
"1463",533,169,1,6242
"1464",533,170,1,6978
"1465",533,171,1,7658
"1466",533,172,1,7769
"1467",533,173,1,8241
"1468",533,174,1,9183
"1469",533,175,1,10638
"1470",533,176,1,12353
"1471",533,177,1,13260
"1472",533,178,1,15517
"1473",533,179,1,18186
"1474",533,180,1,20221
"1475",533,181,1,20770
"1476",533,182,1,19554
"1477",533,183,1,17056
"1478",533,184,1,14368
"1479",533,185,1,13007
"1480",533,186,1,10323
"1481",533,187,1,7961
"1482",533,188,1,6428
"1483",533,189,1,5470
"1484",533,190,1,4734
"1485",533,191,1,4389
"1486",533,192,1,3813
"1487",533,193,1,3340
"1488",533,194,1,3050
"1489",533,195,1,3034
"1490",533,196,1,2675
"1491",533,197,1,2287
"1492",533,198,1,1989
"1493",533,199,1,1741
"1494",533,200,1,1485
"1495",533,201,1,1267
"1496",533,202,1,1108
"1497",534,153,1,1021
"1498",534,154,1,1377
"1499",534,155,1,1692
"1500",534,156,1,1784
"1501",534,157,1,1974
"1502",534,158,1,2105
"1503",534,159,1,2008
"1504",534,160,1,1993
"1505",534,161,1,2233
"1506",534,162,1,2637
"1507",534,163,1,2945
"1508",534,164,1,3388
"1509",534,165,1,3839
"1510",534,166,1,4372
"1511",534,167,1,5198
"1512",534,168,1,5702
"1513",534,169,1,6182
"1514",534,170,1,6737
"1515",534,171,1,7097
"1516",534,172,1,7230
"1517",534,173,1,7632
"1518",534,174,1,8511
"1519",534,175,1,9889
"1520",534,176,1,11693
"1521",534,177,1,13484
"1522",534,178,1,14511
"1523",534,179,1,16292
"1524",534,180,1,17767
"1525",534,181,1,18170
"1526",534,182,1,17197
"1527",534,183,1,15229
"1528",534,184,1,13121
"1529",534,185,1,11843
"1530",534,186,1,9449
"1531",534,187,1,7368
"1532",534,188,1,6054
"1533",534,189,1,5476
"1534",534,190,1,4708
"1535",534,191,1,4276
"1536",534,192,1,3819
"1537",534,193,1,3514
"1538",534,194,1,3062
"1539",534,195,1,2876
"1540",534,196,1,2632
"1541",534,197,1,2287
"1542",534,198,1,2139
"1543",534,199,1,1960
"1544",534,200,1,1683
"1545",534,201,1,1482
"1546",534,202,1,1297
"1547",534,203,1,1128
"1548",535,154,1,1248
"1549",535,155,1,1572
"1550",535,156,1,1782
"1551",535,157,1,1741
"1552",535,158,1,1686
"1553",535,159,1,1566
"1554",535,160,1,1505
"1555",535,161,1,1672
"1556",535,162,1,1942
"1557",535,163,1,2218
"1558",535,164,1,2620
"1559",535,165,1,3101
"1560",535,166,1,3689
"1561",535,167,1,4500
"1562",535,168,1,5349
"1563",535,169,1,6101
"1564",535,170,1,6723
"1565",535,171,1,7059
"1566",535,172,1,7031
"1567",535,173,1,7364
"1568",535,174,1,8045
"1569",535,175,1,9184
"1570",535,176,1,10699
"1571",535,177,1,12485
"1572",535,178,1,14015
"1573",535,179,1,14250
"1574",535,180,1,14834
"1575",535,181,1,15011
"1576",535,182,1,14373
"1577",535,183,1,13256
"1578",535,184,1,12465
"1579",535,185,1,10553
"1580",535,186,1,8419
"1581",535,187,1,6740
"1582",535,188,1,5700
"1583",535,189,1,5178
"1584",535,190,1,4509
"1585",535,191,1,4041
"1586",535,192,1,3521
"1587",535,193,1,3123
"1588",535,194,1,2858
"1589",535,195,1,2836
"1590",535,196,1,2629
"1591",535,197,1,2393
"1592",535,198,1,2260
"1593",535,199,1,2095
"1594",535,200,1,1925
"1595",535,201,1,1754
"1596",535,202,1,1570
"1597",535,203,1,1334
"1598",535,204,1,1105
"1599",536,154,1,1127
"1600",536,155,1,1421
"1601",536,156,1,1616
"1602",536,157,1,1488
"1603",536,158,1,1290
"1604",536,159,1,1153
"1605",536,160,1,1096
"1606",536,161,1,1204
"1607",536,162,1,1416
"1608",536,163,1,1699
"1609",536,164,1,2123
"1610",536,165,1,2691
"1611",536,166,1,3388
"1612",536,167,1,4146
"1613",536,168,1,4973
"1614",536,169,1,5850
"1615",536,170,1,6199
"1616",536,171,1,6402
"1617",536,172,1,6555
"1618",536,173,1,7103
"1619",536,174,1,7778
"1620",536,175,1,8510
"1621",536,176,1,9609
"1622",536,177,1,10938
"1623",536,178,1,12244
"1624",536,179,1,12872
"1625",536,180,1,12114
"1626",536,181,1,12146
"1627",536,182,1,11881
"1628",536,183,1,11969
"1629",536,184,1,10775
"1630",536,185,1,8999
"1631",536,186,1,7233
"1632",536,187,1,6024
"1633",536,188,1,5490
"1634",536,189,1,4931
"1635",536,190,1,4219
"1636",536,191,1,3569
"1637",536,192,1,3097
"1638",536,193,1,2715
"1639",536,194,1,2622
"1640",536,195,1,2683
"1641",536,196,1,2562
"1642",536,197,1,2448
"1643",536,198,1,2363
"1644",536,199,1,2082
"1645",536,200,1,2063
"1646",536,201,1,1833
"1647",536,202,1,1757
"1648",536,203,1,1444
"1649",536,204,1,1179
"1650",536,205,1,1072
"1651",536,206,1,1097
"1652",536,207,1,1071
"1653",537,154,1,1001
"1654",537,155,1,1151
"1655",537,156,1,1234
"1656",537,157,1,1139
"1657",537,162,1,1110
"1658",537,163,1,1481
"1659",537,164,1,2021
"1660",537,165,1,2695
"1661",537,166,1,3416
"1662",537,167,1,4171
"1663",537,168,1,4606
"1664",537,169,1,5526
"1665",537,170,1,5846
"1666",537,171,1,6020
"1667",537,172,1,6399
"1668",537,173,1,6918
"1669",537,174,1,7364
"1670",537,175,1,7896
"1671",537,176,1,8682
"1672",537,177,1,9361
"1673",537,178,1,10151
"1674",537,179,1,10550
"1675",537,180,1,9845
"1676",537,181,1,10613
"1677",537,182,1,10495
"1678",537,183,1,9984
"1679",537,184,1,8953
"1680",537,185,1,7545
"1681",537,186,1,6166
"1682",537,187,1,5357
"1683",537,188,1,4892
"1684",537,189,1,4511
"1685",537,190,1,3790
"1686",537,191,1,3272
"1687",537,192,1,2895
"1688",537,193,1,2496
"1689",537,194,1,2363
"1690",537,195,1,2307
"1691",537,196,1,2201
"1692",537,197,1,2090
"1693",537,198,1,1957
"1694",537,199,1,1769
"1695",537,200,1,1709
"1696",537,201,1,1560
"1697",537,202,1,1481
"1698",537,203,1,1291
"1699",537,204,1,1107
"1700",537,205,1,1078
"1701",537,206,1,1172
"1702",537,207,1,1165
"1703",537,208,1,1048
"1704",537,209,1,1017
"1707",538,163,1,1411
"1708",538,164,1,2036
"1709",538,165,1,2784
"1710",538,166,1,3520
"1711",538,167,1,3810
"1712",538,168,1,4329
"1713",538,169,1,5097
"1714",538,170,1,5354
"1715",538,171,1,5560
"1716",538,172,1,5807
"1717",538,173,1,6313
"1718",538,174,1,6897
"1719",538,175,1,7367
"1720",538,176,1,7726
"1721",538,177,1,8020
"1722",538,178,1,8373
"1723",538,179,1,8569
"1724",538,180,1,8505
"1725",538,181,1,8648
"1726",538,182,1,8553
"1727",538,183,1,8148
"1728",538,184,1,7647
"1729",538,185,1,6586
"1730",538,186,1,5433
"1731",538,187,1,4786
"1732",538,188,1,4280
"1733",538,189,1,4170
"1734",538,190,1,3558
"1735",538,191,1,3170
"1736",538,192,1,2874
"1737",538,193,1,2448
"1738",538,194,1,2353
"1739",538,195,1,2099
"1740",538,196,1,1813
"1741",538,197,1,1634
"1742",538,198,1,1488
"1743",538,199,1,1357
"1744",538,200,1,1293
"1745",538,201,1,1201
"1746",538,202,1,1138
"1747",538,203,1,1032
"1748",538,206,1,1030
"1749",538,207,1,1045
"1750",538,208,1,1010
"1751",538,209,1,1076
"1752",538,210,1,1058
"1755",539,163,1,1395
"1756",539,164,1,1999
"1757",539,165,1,2664
"1758",539,166,1,3142
"1759",539,167,1,3552
"1760",539,168,1,4321
"1761",539,169,1,5085
"1762",539,170,1,5005
"1763",539,171,1,5133
"1764",539,172,1,5398
"1765",539,173,1,5968
"1766",539,174,1,6492
"1767",539,175,1,6788
"1768",539,176,1,6919
"1769",539,177,1,6961
"1770",539,178,1,7069
"1771",539,179,1,7008
"1772",539,180,1,6865
"1773",539,181,1,6850
"1774",539,182,1,6871
"1775",539,183,1,6727
"1776",539,184,1,6446
"1777",539,185,1,5893
"1778",539,186,1,4881
"1779",539,187,1,4297
"1780",539,188,1,3687
"1781",539,189,1,3449
"1782",539,190,1,3043
"1783",539,191,1,2717
"1784",539,192,1,2489
"1785",539,193,1,2224
"1786",539,194,1,2171
"1787",539,195,1,1878
"1788",539,196,1,1528
"1789",539,197,1,1266
"1790",539,198,1,1110
"1791",539,199,1,1009
"1792",539,210,1,1013
"1793",540,163,1,1333
"1794",540,164,1,1887
"1795",540,165,1,2489
"1796",540,166,1,2923
"1797",540,167,1,3437
"1798",540,168,1,4183
"1799",540,169,1,4662
"1800",540,170,1,4746
"1801",540,171,1,4993
"1802",540,172,1,5220
"1803",540,173,1,5596
"1804",540,174,1,5883
"1805",540,175,1,6088
"1806",540,176,1,6083
"1807",540,177,1,6167
"1808",540,178,1,6197
"1809",540,179,1,5958
"1810",540,180,1,5633
"1811",540,181,1,5494
"1812",540,182,1,5597
"1813",540,183,1,5735
"1814",540,184,1,5540
"1815",540,185,1,5226
"1816",540,186,1,4394
"1817",540,187,1,3704
"1818",540,188,1,3163
"1819",540,189,1,2755
"1820",540,190,1,2443
"1821",540,191,1,2164
"1822",540,192,1,1964
"1823",540,193,1,1803
"1824",540,194,1,1709
"1825",540,195,1,1507
"1826",540,196,1,1239
"1827",540,197,1,1007
"1828",540,210,1,1029
"1829",541,163,1,1200
"1830",541,164,1,1650
"1831",541,165,1,2137
"1832",541,166,1,2607
"1833",541,167,1,3206
"1834",541,168,1,3797
"1835",541,169,1,4134
"1836",541,170,1,4374
"1837",541,171,1,4470
"1838",541,172,1,4683
"1839",541,173,1,4881
"1840",541,174,1,5152
"1841",541,175,1,5436
"1842",541,176,1,5339
"1843",541,177,1,5396
"1844",541,178,1,5544
"1845",541,179,1,5243
"1846",541,180,1,4800
"1847",541,181,1,4548
"1848",541,182,1,4626
"1849",541,183,1,4936
"1850",541,184,1,4995
"1851",541,185,1,4647
"1852",541,186,1,3998
"1853",541,187,1,3284
"1854",541,188,1,2698
"1855",541,189,1,2223
"1856",541,190,1,1891
"1857",541,191,1,1665
"1858",541,192,1,1503
"1859",541,193,1,1393
"1860",541,194,1,1306
"1861",541,195,1,1162
"1862",542,163,1,1094
"1863",542,164,1,1473
"1864",542,165,1,1925
"1865",542,166,1,2514
"1866",542,167,1,3201
"1867",542,168,1,3854
"1868",542,169,1,3952
"1869",542,170,1,4050
"1870",542,171,1,4063
"1871",542,172,1,4420
"1872",542,173,1,4511
"1873",542,174,1,4369
"1874",542,175,1,4516
"1875",542,176,1,4501
"1876",542,177,1,4617
"1877",542,178,1,4909
"1878",542,179,1,4787
"1879",542,180,1,4276
"1880",542,181,1,3887
"1881",542,182,1,3933
"1882",542,183,1,4339
"1883",542,184,1,4757
"1884",542,185,1,4403
"1885",542,186,1,3928
"1886",542,187,1,3270
"1887",542,188,1,2600
"1888",542,189,1,2000
"1889",542,190,1,1550
"1890",542,191,1,1286
"1891",542,192,1,1125
"1892",542,193,1,1048
"1893",543,163,1,1139
"1894",543,164,1,1527
"1895",543,165,1,1988
"1896",543,166,1,2568
"1897",543,167,1,3105
"1898",543,168,1,3423
"1899",543,169,1,3589
"1900",543,170,1,3501
"1901",543,171,1,3569
"1902",543,172,1,3922
"1903",543,173,1,3976
"1904",543,174,1,3783
"1905",543,175,1,3836
"1906",543,176,1,3814
"1907",543,177,1,4000
"1908",543,178,1,4337
"1909",543,179,1,4283
"1910",543,180,1,3816
"1911",543,181,1,3421
"1912",543,182,1,3461
"1913",543,183,1,3853
"1914",543,184,1,4208
"1915",543,185,1,4106
"1916",543,186,1,4131
"1917",543,187,1,3362
"1918",543,188,1,2614
"1919",543,189,1,1919
"1920",543,190,1,1406
"1921",543,191,1,1085
"1922",544,163,1,1309
"1923",544,164,1,1745
"1924",544,165,1,2241
"1925",544,166,1,2736
"1926",544,167,1,3259
"1927",544,168,1,3141
"1928",544,169,1,3052
"1929",544,170,1,2986
"1930",544,171,1,3190
"1931",544,172,1,3576
"1932",544,173,1,3619
"1933",544,174,1,3492
"1934",544,175,1,3664
"1935",544,176,1,3536
"1936",544,177,1,3619
"1937",544,178,1,3946
"1938",544,179,1,3906
"1939",544,180,1,3454
"1940",544,181,1,3079
"1941",544,182,1,3166
"1942",544,183,1,3652
"1943",544,184,1,4170
"1944",544,185,1,3838
"1945",544,186,1,3665
"1946",544,187,1,3162
"1947",544,188,1,2504
"1948",544,189,1,1866
"1949",544,190,1,1365
"1950",544,191,1,1031
"1951",545,162,1,1220
"1952",545,163,1,1576
"1953",545,164,1,1952
"1954",545,165,1,2412
"1955",545,166,1,2689
"1956",545,167,1,2895
"1957",545,168,1,2892
"1958",545,169,1,2710
"1959",545,170,1,2605
"1960",545,171,1,2863
"1961",545,172,1,3165
"1962",545,173,1,3126
"1963",545,174,1,3136
"1964",545,175,1,3307
"1965",545,176,1,3341
"1966",545,177,1,3326
"1967",545,178,1,3597
"1968",545,179,1,3542
"1969",545,180,1,3100
"1970",545,181,1,2746
"1971",545,182,1,2862
"1972",545,183,1,3287
"1973",545,184,1,3506
"1974",545,185,1,3358
"1975",545,186,1,3382
"1976",545,187,1,3190
"1977",545,188,1,2532
"1978",545,189,1,1890
"1979",545,190,1,1373
"1980",545,191,1,1015
"1981",546,161,1,1045
"1982",546,162,1,1437
"1983",546,163,1,1831
"1984",546,164,1,2035
"1985",546,165,1,2194
"1986",546,166,1,2364
"1987",546,167,1,2615
"1988",546,168,1,2907
"1989",546,169,1,2595
"1990",546,170,1,2433
"1991",546,171,1,2760
"1992",546,172,1,3194
"1993",546,173,1,2970
"1994",546,174,1,2874
"1995",546,175,1,3091
"1996",546,176,1,3143
"1997",546,177,1,3041
"1998",546,178,1,3152
"1999",546,179,1,3070
"2000",546,180,1,2696
"2001",546,181,1,2393
"2002",546,182,1,2468
"2003",546,183,1,2733
"2004",546,184,1,2831
"2005",546,185,1,2790
"2006",546,186,1,2963
"2007",546,187,1,3168
"2008",546,188,1,2560
"2009",546,189,1,1888
"2010",546,190,1,1352
"2011",547,161,1,1183
"2012",547,162,1,1554
"2013",547,163,1,1858
"2014",547,164,1,1908
"2015",547,165,1,1832
"2016",547,166,1,1921
"2017",547,167,1,2181
"2018",547,168,1,2378
"2019",547,169,1,2244
"2020",547,170,1,2145
"2021",547,171,1,2418
"2022",547,172,1,2719
"2023",547,173,1,2718
"2024",547,174,1,2609
"2025",547,175,1,2765
"2026",547,176,1,2822
"2027",547,177,1,2805
"2028",547,178,1,3012
"2029",547,179,1,2941
"2030",547,180,1,2520
"2031",547,181,1,2210
"2032",547,182,1,2228
"2033",547,183,1,2410
"2034",547,184,1,2617
"2035",547,185,1,2459
"2036",547,186,1,2588
"2037",547,187,1,2867
"2038",547,188,1,2369
"2039",547,189,1,1774
"2040",547,190,1,1277
"2041",548,161,1,1246
"2042",548,162,1,1607
"2043",548,163,1,1723
"2044",548,164,1,1577
"2045",548,165,1,1487
"2046",548,166,1,1549
"2047",548,167,1,1757
"2048",548,168,1,1898
"2049",548,169,1,1850
"2050",548,170,1,1816
"2051",548,171,1,2062
"2052",548,172,1,2415
"2053",548,173,1,2569
"2054",548,174,1,2502
"2055",548,175,1,2729
"2056",548,176,1,2756
"2057",548,177,1,2601
"2058",548,178,1,2707
"2059",548,179,1,2648
"2060",548,180,1,2355
"2061",548,181,1,2168
"2062",548,182,1,2256
"2063",548,183,1,2268
"2064",548,184,1,2254
"2065",548,185,1,2096
"2066",548,186,1,2147
"2067",548,187,1,2280
"2068",548,188,1,2025
"2069",548,189,1,1599
"2070",548,190,1,1193
"2071",549,161,1,1156
"2072",549,162,1,1388
"2073",549,163,1,1434
"2074",549,164,1,1309
"2075",549,165,1,1231
"2076",549,166,1,1336
"2077",549,167,1,1559
"2078",549,168,1,1706
"2079",549,169,1,1656
"2080",549,170,1,1601
"2081",549,171,1,1801
"2082",549,172,1,2187
"2083",549,173,1,2561
"2084",549,174,1,2468
"2085",549,175,1,2556
"2086",549,176,1,2548
"2087",549,177,1,2408
"2088",549,178,1,2512
"2089",549,179,1,2652
"2090",549,180,1,2296
"2091",549,181,1,2087
"2092",549,182,1,2161
"2093",549,183,1,2123
"2094",549,184,1,2053
"2095",549,185,1,1841
"2096",549,186,1,1771
"2097",549,187,1,1832
"2098",549,188,1,1715
"2099",549,189,1,1460
"2100",549,190,1,1147
"2101",550,157,1,1058
"2102",550,161,1,1042
"2103",550,162,1,1151
"2104",550,163,1,1162
"2105",550,164,1,1115
"2106",550,165,1,1114
"2107",550,166,1,1299
"2108",550,167,1,1593
"2109",550,168,1,1802
"2110",550,169,1,1675
"2111",550,170,1,1524
"2112",550,171,1,1616
"2113",550,172,1,1922
"2114",550,173,1,2229
"2115",550,174,1,2323
"2116",550,175,1,2426
"2117",550,176,1,2433
"2118",550,177,1,2341
"2119",550,178,1,2309
"2120",550,179,1,2247
"2121",550,180,1,2037
"2122",550,181,1,1888
"2123",550,182,1,1858
"2124",550,183,1,1785
"2125",550,184,1,1809
"2126",550,185,1,1725
"2127",550,186,1,1622
"2128",550,187,1,1714
"2129",550,188,1,1786
"2130",550,189,1,1568
"2131",550,190,1,1233
"2132",551,155,1,1081
"2133",551,156,1,1167
"2134",551,157,1,1278
"2135",551,158,1,1131
"2136",551,159,1,1031
"2137",551,160,1,1042
"2138",551,161,1,1111
"2139",551,162,1,1087
"2140",551,163,1,1050
"2141",551,164,1,1085
"2142",551,165,1,1136
"2143",551,166,1,1282
"2144",551,167,1,1544
"2145",551,168,1,1737
"2146",551,169,1,1599
"2147",551,170,1,1416
"2148",551,171,1,1422
"2149",551,172,1,1649
"2150",551,173,1,1994
"2151",551,174,1,2290
"2152",551,175,1,2234
"2153",551,176,1,2272
"2154",551,177,1,2180
"2155",551,178,1,2064
"2156",551,179,1,1865
"2157",551,180,1,1780
"2158",551,181,1,1849
"2159",551,182,1,1795
"2160",551,183,1,1570
"2161",551,184,1,1533
"2162",551,185,1,1494
"2163",551,186,1,1519
"2164",551,187,1,1744
"2165",551,188,1,2008
"2166",551,189,1,1728
"2167",551,190,1,1351
"2168",551,191,1,1027
"2169",552,154,1,1030
"2170",552,155,1,1211
"2171",552,156,1,1172
"2172",552,157,1,1170
"2173",552,158,1,1118
"2174",552,159,1,1132
"2175",552,160,1,1130
"2176",552,161,1,1233
"2177",552,162,1,1128
"2178",552,163,1,1108
"2179",552,164,1,1209
"2180",552,165,1,1245
"2181",552,166,1,1233
"2182",552,167,1,1338
"2183",552,168,1,1434
"2184",552,169,1,1374
"2185",552,170,1,1257
"2186",552,171,1,1251
"2187",552,172,1,1452
"2188",552,173,1,1754
"2189",552,174,1,1984
"2190",552,175,1,2008
"2191",552,176,1,2050
"2192",552,177,1,1881
"2193",552,178,1,1696
"2194",552,179,1,1534
"2195",552,180,1,1549
"2196",552,181,1,1694
"2197",552,182,1,1655
"2198",552,183,1,1419
"2199",552,184,1,1389
"2200",552,185,1,1543
"2201",552,186,1,1512
"2202",552,187,1,1652
"2203",552,188,1,1823
"2204",552,189,1,1767
"2205",552,190,1,1471
"2206",552,191,1,1130
"2207",553,155,1,1060
"2208",553,156,1,1069
"2209",553,157,1,1059
"2210",553,158,1,1037
"2211",553,159,1,1071
"2212",553,160,1,1034
"2213",553,161,1,1063
"2214",553,162,1,1038
"2215",553,163,1,1115
"2216",553,164,1,1295
"2217",553,165,1,1317
"2218",553,166,1,1186
"2219",553,167,1,1142
"2220",553,168,1,1196
"2221",553,169,1,1215
"2222",553,170,1,1162
"2223",553,171,1,1156
"2224",553,172,1,1330
"2225",553,173,1,1604
"2226",553,174,1,1805
"2227",553,175,1,1767
"2228",553,176,1,1711
"2229",553,177,1,1577
"2230",553,178,1,1390
"2231",553,179,1,1247
"2232",553,180,1,1257
"2233",553,181,1,1337
"2234",553,182,1,1311
"2235",553,183,1,1181
"2236",553,184,1,1200
"2237",553,185,1,1347
"2238",553,186,1,1482
"2239",553,187,1,1630
"2240",553,188,1,1728
"2241",553,189,1,1722
"2242",553,190,1,1507
"2243",553,191,1,1198
"2245",554,164,1,1124
"2246",554,165,1,1148
"2247",554,166,1,1067
"2248",554,167,1,1063
"2249",554,168,1,1191
"2250",554,169,1,1289
"2251",554,170,1,1216
"2252",554,171,1,1155
"2253",554,172,1,1287
"2254",554,173,1,1568
"2255",554,174,1,1827
"2256",554,175,1,1668
"2257",554,176,1,1501
"2258",554,177,1,1447
"2259",554,178,1,1325
"2260",554,179,1,1132
"2261",554,180,1,1012
"2262",554,181,1,1010
"2263",554,184,1,1050
"2264",554,185,1,1273
"2265",554,186,1,1462
"2266",554,187,1,1574
"2267",554,188,1,1612
"2268",554,189,1,1555
"2269",554,190,1,1519
"2270",554,191,1,1276
"2273",555,167,1,1002
"2274",555,168,1,1214
"2275",555,169,1,1415
"2276",555,170,1,1259
"2277",555,171,1,1130
"2278",555,172,1,1188
"2279",555,173,1,1398
"2280",555,174,1,1566
"2281",555,175,1,1499
"2282",555,176,1,1394
"2283",555,177,1,1422
"2284",555,178,1,1330
"2285",555,179,1,1081
"2286",555,185,1,1186
"2287",555,186,1,1431
"2288",555,187,1,1454
"2289",555,188,1,1409
"2290",555,189,1,1398
"2291",555,190,1,1422
"2292",555,191,1,1235
"2294",556,168,1,1077
"2295",556,169,1,1201
"2296",556,170,1,1124
"2297",556,171,1,1022
"2298",556,172,1,1050
"2299",556,173,1,1222
"2300",556,174,1,1389
"2301",556,175,1,1382
"2302",556,176,1,1268
"2303",556,177,1,1246
"2304",556,178,1,1157
"2305",556,185,1,1114
"2306",556,186,1,1373
"2307",556,187,1,1408
"2308",556,188,1,1251
"2309",556,189,1,1166
"2310",556,190,1,1153
"2311",556,191,1,1060
"2312",557,173,1,1168
"2313",557,174,1,1386
"2314",557,175,1,1388
"2315",557,176,1,1198
"2316",557,177,1,1060
"2317",557,185,1,1005
"2318",557,186,1,1160
"2319",557,187,1,1171
"2320",557,188,1,1039
"2321",558,173,1,1124
"2322",558,174,1,1337
"2323",558,175,1,1336
"2324",558,176,1,1131
"2326",559,173,1,1090
"2327",559,174,1,1253
"2328",559,175,1,1245
"2329",559,176,1,1086
"2333",560,173,1,1143
"2334",560,174,1,1315
"2335",560,175,1,1286
"2336",560,176,1,1128
"2337",560,177,1,1042
"2338",561,172,1,1035
"2339",561,173,1,1219
"2340",561,174,1,1379
"2341",561,175,1,1274
"2342",561,176,1,1157
"2343",561,177,1,1127
"2344",561,178,1,1030
"2345",562,172,1,1067
"2346",562,173,1,1217
"2347",562,174,1,1302
"2348",562,175,1,1238
"2349",562,176,1,1170
"2350",562,177,1,1077
"2351",563,172,1,1086
"2352",563,173,1,1209
"2353",563,174,1,1267
"2354",563,175,1,1240
"2355",563,176,1,1204
"2356",563,177,1,1010
"2357",564,172,1,1101
"2358",564,173,1,1230
"2359",564,174,1,1288
"2360",564,175,1,1191
"2361",564,176,1,1067
"2362",565,172,1,1045
"2363",565,173,1,1164
"2364",565,174,1,1205
"2365",565,175,1,1078
