"","long","lat","cluster_id","add.data"
"1",494,176,1,1058
"2",494,177,1,1052
"3",495,175,1,1132
"4",495,176,1,1248
"5",495,177,1,1247
"6",495,178,1,1145
"7",495,179,1,1047
"8",496,174,1,1025
"9",496,175,1,1207
"10",496,176,1,1369
"11",496,177,1,1389
"12",496,178,1,1281
"13",496,179,1,1187
"14",496,180,1,1082
"15",497,174,1,1034
"16",497,175,1,1200
"17",497,176,1,1352
"18",497,177,1,1407
"19",497,178,1,1323
"20",497,179,1,1302
"21",497,180,1,1199
"22",498,174,1,1073
"23",498,175,1,1202
"24",498,176,1,1340
"25",498,177,1,1362
"26",498,178,1,1273
"27",498,179,1,1284
"28",498,180,1,1196
"29",499,167,1,1098
"30",499,168,1,1139
"31",499,169,1,1076
"32",499,170,1,1110
"33",499,171,1,1112
"34",499,172,1,1062
"35",499,173,1,1076
"36",499,174,1,1148
"37",499,175,1,1225
"38",499,176,1,1219
"39",499,177,1,1208
"40",499,178,1,1171
"41",499,179,1,1185
"42",499,180,1,1118
"44",500,167,1,1128
"45",500,168,1,1184
"46",500,169,1,1176
"47",500,170,1,1312
"48",500,171,1,1329
"49",500,172,1,1225
"50",500,173,1,1240
"51",500,174,1,1230
"52",500,175,1,1204
"53",500,176,1,1116
"54",500,177,1,1075
"55",500,178,1,1147
"56",500,179,1,1250
"57",500,180,1,1209
"58",500,181,1,1009
"59",501,167,1,1038
"60",501,168,1,1089
"61",501,169,1,1180
"62",501,170,1,1358
"63",501,171,1,1401
"64",501,172,1,1304
"65",501,173,1,1355
"66",501,174,1,1307
"67",501,175,1,1125
"68",501,176,1,1008
"69",501,178,1,1149
"70",501,179,1,1340
"71",501,180,1,1319
"72",501,181,1,1075
"73",501,195,1,1010
"74",501,196,1,1038
"75",502,166,1,1024
"76",502,167,1,1030
"77",502,168,1,1024
"78",502,169,1,1134
"79",502,170,1,1309
"80",502,171,1,1411
"81",502,172,1,1328
"82",502,173,1,1280
"83",502,174,1,1189
"84",502,175,1,1026
"85",502,178,1,1109
"86",502,179,1,1287
"87",502,180,1,1280
"88",502,181,1,1081
"89",502,195,1,1140
"90",502,196,1,1131
"91",503,161,1,1015
"92",503,165,1,1097
"93",503,166,1,1198
"94",503,167,1,1124
"95",503,168,1,1060
"96",503,169,1,1185
"97",503,170,1,1431
"98",503,171,1,1605
"99",503,172,1,1455
"100",503,173,1,1220
"101",503,174,1,1051
"102",503,178,1,1153
"103",503,179,1,1387
"104",503,180,1,1393
"105",503,181,1,1164
"106",503,194,1,1038
"107",503,195,1,1115
"108",503,196,1,1053
"109",504,161,1,1052
"110",504,162,1,1016
"111",504,163,1,1031
"112",504,164,1,1148
"113",504,165,1,1216
"114",504,166,1,1259
"115",504,167,1,1159
"116",504,168,1,1083
"117",504,169,1,1206
"118",504,170,1,1469
"119",504,171,1,1674
"120",504,172,1,1531
"121",504,173,1,1249
"122",504,174,1,1004
"123",504,178,1,1223
"124",504,179,1,1451
"125",504,180,1,1466
"126",504,181,1,1268
"127",504,182,1,1077
"128",504,193,1,1106
"129",504,194,1,1250
"130",504,195,1,1168
"131",505,161,1,1006
"132",505,162,1,1129
"133",505,163,1,1184
"134",505,164,1,1306
"135",505,165,1,1325
"136",505,166,1,1230
"137",505,167,1,1163
"138",505,168,1,1112
"139",505,169,1,1205
"140",505,170,1,1449
"141",505,171,1,1697
"142",505,172,1,1653
"143",505,173,1,1367
"144",505,174,1,1080
"145",505,177,1,1088
"146",505,178,1,1392
"147",505,179,1,1699
"148",505,180,1,1719
"149",505,181,1,1456
"150",505,182,1,1226
"151",505,183,1,1179
"152",505,184,1,1146
"153",505,185,1,1051
"154",505,192,1,1017
"155",505,193,1,1269
"156",505,194,1,1483
"157",505,195,1,1263
"158",505,196,1,1002
"159",506,162,1,1201
"160",506,163,1,1319
"161",506,164,1,1318
"162",506,165,1,1303
"163",506,166,1,1298
"164",506,167,1,1350
"165",506,168,1,1300
"166",506,169,1,1308
"167",506,170,1,1540
"168",506,171,1,1831
"169",506,172,1,1814
"170",506,173,1,1484
"171",506,174,1,1170
"172",506,177,1,1150
"173",506,178,1,1460
"174",506,179,1,1766
"175",506,180,1,1781
"176",506,181,1,1518
"177",506,182,1,1286
"178",506,183,1,1254
"179",506,184,1,1302
"180",506,185,1,1313
"181",506,186,1,1213
"182",506,187,1,1009
"183",506,191,1,1058
"184",506,192,1,1149
"185",506,193,1,1305
"186",506,194,1,1371
"187",506,195,1,1226
"188",506,196,1,1018
"189",507,162,1,1224
"190",507,163,1,1494
"191",507,164,1,1390
"192",507,165,1,1324
"193",507,166,1,1472
"194",507,167,1,1625
"195",507,168,1,1529
"196",507,169,1,1462
"197",507,170,1,1577
"198",507,171,1,1729
"199",507,172,1,1723
"200",507,173,1,1531
"201",507,174,1,1289
"202",507,175,1,1125
"203",507,176,1,1071
"204",507,177,1,1224
"205",507,178,1,1487
"206",507,179,1,1701
"207",507,180,1,1685
"208",507,181,1,1476
"209",507,182,1,1285
"210",507,183,1,1314
"211",507,184,1,1496
"212",507,185,1,1573
"213",507,186,1,1507
"214",507,187,1,1243
"215",507,188,1,1059
"216",507,189,1,1062
"217",507,190,1,1240
"218",507,191,1,1395
"219",507,192,1,1418
"220",507,193,1,1509
"221",507,194,1,1413
"222",507,195,1,1325
"223",507,196,1,1104
"226",508,154,1,1008
"227",508,162,1,1119
"228",508,163,1,1339
"229",508,164,1,1371
"230",508,165,1,1382
"231",508,166,1,1523
"232",508,167,1,1689
"233",508,168,1,1665
"234",508,169,1,1722
"235",508,170,1,1771
"236",508,171,1,1730
"237",508,172,1,1751
"238",508,173,1,1782
"239",508,174,1,1617
"240",508,175,1,1406
"241",508,176,1,1318
"242",508,177,1,1478
"243",508,178,1,1767
"244",508,179,1,1956
"245",508,180,1,1839
"246",508,181,1,1549
"247",508,182,1,1297
"248",508,183,1,1279
"249",508,184,1,1427
"250",508,185,1,1609
"251",508,186,1,1610
"252",508,187,1,1510
"253",508,188,1,1288
"254",508,189,1,1292
"255",508,190,1,1538
"256",508,191,1,1762
"257",508,192,1,1667
"258",508,193,1,1774
"259",508,194,1,1518
"260",508,195,1,1381
"261",508,196,1,1190
"262",508,197,1,1034
"265",509,154,1,1059
"266",509,155,1,1050
"267",509,162,1,1004
"268",509,163,1,1272
"269",509,164,1,1483
"270",509,165,1,1527
"271",509,166,1,1477
"272",509,167,1,1556
"273",509,168,1,1743
"274",509,169,1,2047
"275",509,170,1,2169
"276",509,171,1,2065
"277",509,172,1,2162
"278",509,173,1,2300
"279",509,174,1,2074
"280",509,175,1,1779
"281",509,176,1,1653
"282",509,177,1,1775
"283",509,178,1,2125
"284",509,179,1,2394
"285",509,180,1,2143
"286",509,181,1,1710
"287",509,182,1,1351
"288",509,183,1,1227
"289",509,184,1,1334
"290",509,185,1,1569
"291",509,186,1,1896
"292",509,187,1,1930
"293",509,188,1,1639
"294",509,189,1,1555
"295",509,190,1,1711
"296",509,191,1,1838
"297",509,192,1,1687
"298",509,193,1,1590
"299",509,194,1,1445
"300",509,195,1,1376
"301",509,196,1,1399
"302",509,197,1,1245
"303",509,198,1,1092
"304",510,155,1,1151
"305",510,156,1,1114
"306",510,163,1,1292
"307",510,164,1,1618
"308",510,165,1,1678
"309",510,166,1,1508
"310",510,167,1,1479
"311",510,168,1,1769
"312",510,169,1,2189
"313",510,170,1,2521
"314",510,171,1,2340
"315",510,172,1,2482
"316",510,173,1,2810
"317",510,174,1,2456
"318",510,175,1,2179
"319",510,176,1,2061
"320",510,177,1,2030
"321",510,178,1,2319
"322",510,179,1,2601
"323",510,180,1,2358
"324",510,181,1,1876
"325",510,182,1,1440
"326",510,183,1,1289
"327",510,184,1,1422
"328",510,185,1,1696
"329",510,186,1,2011
"330",510,187,1,2234
"331",510,188,1,2017
"332",510,189,1,1873
"333",510,190,1,1937
"334",510,191,1,1782
"335",510,192,1,1572
"336",510,193,1,1426
"337",510,194,1,1415
"338",510,195,1,1486
"339",510,196,1,1475
"340",510,197,1,1484
"341",510,198,1,1312
"342",510,199,1,1098
"343",511,155,1,1114
"344",511,156,1,1071
"345",511,163,1,1225
"346",511,164,1,1519
"347",511,165,1,1679
"348",511,166,1,1573
"349",511,167,1,1533
"350",511,168,1,1789
"351",511,169,1,2165
"352",511,170,1,2388
"353",511,171,1,2326
"354",511,172,1,2439
"355",511,173,1,2620
"356",511,174,1,2540
"357",511,175,1,2577
"358",511,176,1,2511
"359",511,177,1,2328
"360",511,178,1,2478
"361",511,179,1,2828
"362",511,180,1,2737
"363",511,181,1,2230
"364",511,182,1,1707
"365",511,183,1,1414
"366",511,184,1,1492
"367",511,185,1,1747
"368",511,186,1,2031
"369",511,187,1,2420
"370",511,188,1,2324
"371",511,189,1,2308
"372",511,190,1,2115
"373",511,191,1,1935
"374",511,192,1,1702
"375",511,193,1,1468
"376",511,194,1,1536
"377",511,195,1,1675
"378",511,196,1,1642
"379",511,197,1,1558
"380",511,198,1,1481
"381",511,199,1,1188
"382",512,154,1,1049
"383",512,155,1,1214
"384",512,156,1,1099
"385",512,163,1,1210
"386",512,164,1,1502
"387",512,165,1,1738
"388",512,166,1,1747
"389",512,167,1,1758
"390",512,168,1,2088
"391",512,169,1,2486
"392",512,170,1,2615
"393",512,171,1,2501
"394",512,172,1,2598
"395",512,173,1,2738
"396",512,174,1,2739
"397",512,175,1,2858
"398",512,176,1,2824
"399",512,177,1,2640
"400",512,178,1,2792
"401",512,179,1,3205
"402",512,180,1,3155
"403",512,181,1,2560
"404",512,182,1,2006
"405",512,183,1,1661
"406",512,184,1,1637
"407",512,185,1,1850
"408",512,186,1,2336
"409",512,187,1,2764
"410",512,188,1,2751
"411",512,189,1,2880
"412",512,190,1,2510
"413",512,191,1,2345
"414",512,192,1,1952
"415",512,193,1,1556
"416",512,194,1,1533
"417",512,195,1,1628
"418",512,196,1,1475
"419",512,197,1,1306
"420",512,198,1,1240
"421",512,199,1,1087
"422",513,154,1,1055
"423",513,155,1,1213
"424",513,156,1,1112
"425",513,161,1,1027
"426",513,162,1,1094
"427",513,163,1,1374
"428",513,164,1,1648
"429",513,165,1,2005
"430",513,166,1,2127
"431",513,167,1,2130
"432",513,168,1,2418
"433",513,169,1,2867
"434",513,170,1,3014
"435",513,171,1,2933
"436",513,172,1,3135
"437",513,173,1,3319
"438",513,174,1,3296
"439",513,175,1,3312
"440",513,176,1,3286
"441",513,177,1,3133
"442",513,178,1,3023
"443",513,179,1,3260
"444",513,180,1,3261
"445",513,181,1,2859
"446",513,182,1,2524
"447",513,183,1,2336
"448",513,184,1,2180
"449",513,185,1,2330
"450",513,186,1,2682
"451",513,187,1,3045
"452",513,188,1,3219
"453",513,189,1,2906
"454",513,190,1,2720
"455",513,191,1,2434
"456",513,192,1,1966
"457",513,193,1,1527
"458",513,194,1,1337
"459",513,195,1,1312
"460",513,196,1,1197
"461",513,197,1,1049
"462",513,198,1,1009
"463",513,201,1,1091
"464",513,202,1,1091
"465",513,204,1,1004
"467",514,155,1,1097
"468",514,156,1,1114
"469",514,157,1,1063
"470",514,160,1,1055
"471",514,161,1,1109
"472",514,162,1,1268
"473",514,163,1,1614
"474",514,164,1,1876
"475",514,165,1,2351
"476",514,166,1,2538
"477",514,167,1,2546
"478",514,168,1,2669
"479",514,169,1,2930
"480",514,170,1,3203
"481",514,171,1,3571
"482",514,172,1,3787
"483",514,173,1,3840
"484",514,174,1,3707
"485",514,175,1,3663
"486",514,176,1,3692
"487",514,177,1,3611
"488",514,178,1,3461
"489",514,179,1,3738
"490",514,180,1,3951
"491",514,181,1,3617
"492",514,182,1,3282
"493",514,183,1,3115
"494",514,184,1,2964
"495",514,185,1,2861
"496",514,186,1,3229
"497",514,187,1,3322
"498",514,188,1,3348
"499",514,189,1,3094
"500",514,190,1,2769
"501",514,191,1,2258
"502",514,192,1,1733
"503",514,193,1,1337
"504",514,194,1,1105
"505",514,195,1,1036
"506",514,200,1,1004
"507",514,201,1,1045
"508",514,202,1,1035
"509",514,203,1,1035
"510",514,204,1,1148
"511",514,205,1,1095
"512",514,206,1,1158
"513",514,207,1,1024
"514",515,155,1,1133
"515",515,156,1,1316
"516",515,157,1,1331
"517",515,158,1,1197
"518",515,159,1,1116
"519",515,160,1,1090
"520",515,161,1,1091
"521",515,162,1,1293
"522",515,163,1,1625
"523",515,164,1,1938
"524",515,165,1,2490
"525",515,166,1,2736
"526",515,167,1,2885
"527",515,168,1,3050
"528",515,169,1,3152
"529",515,170,1,3606
"530",515,171,1,3916
"531",515,172,1,4431
"532",515,173,1,4467
"533",515,174,1,4188
"534",515,175,1,3901
"535",515,176,1,4025
"536",515,177,1,3845
"537",515,178,1,4064
"538",515,179,1,4407
"539",515,180,1,4908
"540",515,181,1,4437
"541",515,182,1,3922
"542",515,183,1,3652
"543",515,184,1,3414
"544",515,185,1,3496
"545",515,186,1,3360
"546",515,187,1,3679
"547",515,188,1,3729
"548",515,189,1,3495
"549",515,190,1,2754
"550",515,191,1,2030
"551",515,192,1,1518
"552",515,193,1,1185
"553",515,198,1,1019
"554",515,199,1,1160
"555",515,200,1,1165
"556",515,201,1,1042
"557",515,204,1,1007
"558",515,205,1,1029
"559",515,206,1,1125
"560",515,207,1,1069
"563",516,155,1,1190
"564",516,156,1,1492
"565",516,157,1,1574
"566",516,158,1,1470
"567",516,159,1,1417
"568",516,160,1,1261
"569",516,161,1,1161
"570",516,162,1,1237
"571",516,163,1,1444
"572",516,164,1,1781
"573",516,165,1,2246
"574",516,166,1,2649
"575",516,167,1,2934
"576",516,168,1,3154
"577",516,169,1,3563
"578",516,170,1,3767
"579",516,171,1,3892
"580",516,172,1,4188
"581",516,173,1,4629
"582",516,174,1,4635
"583",516,175,1,4215
"584",516,176,1,4161
"585",516,177,1,4193
"586",516,178,1,4621
"587",516,179,1,5046
"588",516,180,1,5516
"589",516,181,1,4877
"590",516,182,1,4145
"591",516,183,1,3794
"592",516,184,1,3652
"593",516,185,1,3684
"594",516,186,1,3685
"595",516,187,1,3831
"596",516,188,1,3869
"597",516,189,1,3174
"598",516,190,1,2473
"599",516,191,1,1859
"600",516,192,1,1486
"601",516,193,1,1194
"602",516,194,1,1040
"603",516,195,1,1033
"604",516,196,1,1064
"605",516,197,1,1038
"606",516,198,1,1130
"607",516,199,1,1307
"608",516,200,1,1288
"609",516,201,1,1054
"610",517,155,1,1093
"611",517,156,1,1365
"612",517,157,1,1553
"613",517,158,1,1761
"614",517,159,1,1763
"615",517,160,1,1529
"616",517,161,1,1352
"617",517,162,1,1332
"618",517,163,1,1458
"619",517,164,1,1725
"620",517,165,1,2177
"621",517,166,1,2834
"622",517,167,1,3356
"623",517,168,1,3603
"624",517,169,1,4101
"625",517,170,1,3771
"626",517,171,1,3600
"627",517,172,1,3958
"628",517,173,1,4608
"629",517,174,1,4980
"630",517,175,1,5027
"631",517,176,1,4627
"632",517,177,1,4595
"633",517,178,1,4914
"634",517,179,1,5670
"635",517,180,1,5757
"636",517,181,1,5421
"637",517,182,1,4589
"638",517,183,1,4337
"639",517,184,1,4253
"640",517,185,1,4438
"641",517,186,1,4315
"642",517,187,1,4016
"643",517,188,1,3464
"644",517,189,1,2817
"645",517,190,1,2198
"646",517,191,1,1877
"647",517,192,1,1656
"648",517,193,1,1323
"649",517,194,1,1193
"650",517,195,1,1291
"651",517,196,1,1382
"652",517,197,1,1284
"653",517,198,1,1167
"654",517,199,1,1188
"655",517,200,1,1129
"656",518,156,1,1153
"657",518,157,1,1450
"658",518,158,1,1774
"659",518,159,1,1874
"660",518,160,1,1771
"661",518,161,1,1691
"662",518,162,1,1610
"663",518,163,1,1639
"664",518,164,1,1855
"665",518,165,1,2277
"666",518,166,1,2908
"667",518,167,1,3472
"668",518,168,1,3731
"669",518,169,1,4095
"670",518,170,1,3721
"671",518,171,1,3368
"672",518,172,1,3611
"673",518,173,1,4287
"674",518,174,1,5091
"675",518,175,1,5447
"676",518,176,1,5529
"677",518,177,1,5130
"678",518,178,1,5407
"679",518,179,1,5883
"680",518,180,1,6095
"681",518,181,1,5774
"682",518,182,1,5203
"683",518,183,1,5004
"684",518,184,1,5172
"685",518,185,1,4663
"686",518,186,1,4184
"687",518,187,1,3822
"688",518,188,1,3177
"689",518,189,1,2599
"690",518,190,1,2188
"691",518,191,1,1964
"692",518,192,1,1706
"693",518,193,1,1456
"694",518,194,1,1351
"695",518,195,1,1559
"696",518,196,1,1737
"697",518,197,1,1512
"698",518,198,1,1203
"699",518,199,1,1011
"700",519,157,1,1253
"701",519,158,1,1554
"702",519,159,1,1827
"703",519,160,1,2131
"704",519,161,1,2185
"705",519,162,1,2040
"706",519,163,1,1983
"707",519,164,1,2096
"708",519,165,1,2496
"709",519,166,1,2972
"710",519,167,1,3574
"711",519,168,1,4029
"712",519,169,1,4400
"713",519,170,1,3813
"714",519,171,1,3302
"715",519,172,1,3358
"716",519,173,1,4028
"717",519,174,1,4879
"718",519,175,1,5548
"719",519,176,1,5831
"720",519,177,1,5671
"721",519,178,1,6534
"722",519,179,1,6821
"723",519,180,1,6522
"724",519,181,1,6180
"725",519,182,1,5760
"726",519,183,1,6018
"727",519,184,1,5690
"728",519,185,1,4629
"729",519,186,1,4411
"730",519,187,1,3679
"731",519,188,1,3256
"732",519,189,1,2650
"733",519,190,1,2377
"734",519,191,1,2241
"735",519,192,1,2074
"736",519,193,1,1695
"737",519,194,1,1469
"738",519,195,1,1605
"739",519,196,1,1750
"740",519,197,1,1502
"741",519,198,1,1148
"742",520,157,1,1116
"743",520,158,1,1402
"744",520,159,1,1919
"745",520,160,1,2454
"746",520,161,1,2647
"747",520,162,1,2634
"748",520,163,1,2494
"749",520,164,1,2626
"750",520,165,1,3027
"751",520,166,1,3403
"752",520,167,1,3849
"753",520,168,1,4319
"754",520,169,1,4232
"755",520,170,1,3791
"756",520,171,1,3340
"757",520,172,1,3347
"758",520,173,1,4045
"759",520,174,1,4962
"760",520,175,1,5798
"761",520,176,1,5975
"762",520,177,1,6142
"763",520,178,1,7153
"764",520,179,1,7094
"765",520,180,1,7025
"766",520,181,1,6684
"767",520,182,1,6283
"768",520,183,1,6763
"769",520,184,1,5942
"770",520,185,1,4680
"771",520,186,1,4089
"772",520,187,1,3660
"773",520,188,1,3440
"774",520,189,1,2987
"775",520,190,1,2738
"776",520,191,1,2643
"777",520,192,1,2373
"778",520,193,1,1913
"779",520,194,1,1507
"780",520,195,1,1431
"781",520,196,1,1428
"782",520,197,1,1258
"783",520,198,1,1001
"784",521,156,1,1039
"785",521,157,1,1200
"786",521,158,1,1447
"787",521,159,1,1903
"788",521,160,1,2397
"789",521,161,1,2771
"790",521,162,1,3136
"791",521,163,1,2962
"792",521,164,1,3107
"793",521,165,1,3593
"794",521,166,1,3912
"795",521,167,1,4358
"796",521,168,1,4991
"797",521,169,1,4658
"798",521,170,1,4229
"799",521,171,1,3811
"800",521,172,1,3878
"801",521,173,1,4544
"802",521,174,1,5456
"803",521,175,1,6193
"804",521,176,1,6372
"805",521,177,1,6539
"806",521,178,1,7421
"807",521,179,1,7406
"808",521,180,1,6832
"809",521,181,1,6602
"810",521,182,1,6842
"811",521,183,1,7076
"812",521,184,1,6259
"813",521,185,1,5208
"814",521,186,1,4315
"815",521,187,1,4106
"816",521,188,1,4159
"817",521,189,1,3476
"818",521,190,1,3044
"819",521,191,1,2949
"820",521,192,1,2746
"821",521,193,1,2135
"822",521,194,1,1593
"823",521,195,1,1271
"824",521,196,1,1153
"825",521,197,1,1026
"826",522,155,1,1100
"827",522,156,1,1226
"828",522,157,1,1338
"829",522,158,1,1569
"830",522,159,1,2058
"831",522,160,1,2414
"832",522,161,1,2774
"833",522,162,1,2952
"834",522,163,1,2993
"835",522,164,1,3176
"836",522,165,1,3637
"837",522,166,1,3968
"838",522,167,1,4590
"839",522,168,1,4828
"840",522,169,1,5270
"841",522,170,1,4912
"842",522,171,1,4549
"843",522,172,1,4736
"844",522,173,1,5252
"845",522,174,1,5958
"846",522,175,1,6531
"847",522,176,1,6652
"848",522,177,1,7314
"849",522,178,1,8199
"850",522,179,1,7921
"851",522,180,1,7561
"852",522,181,1,7206
"853",522,182,1,7571
"854",522,183,1,7477
"855",522,184,1,6600
"856",522,185,1,5663
"857",522,186,1,4979
"858",522,187,1,4429
"859",522,188,1,4244
"860",522,189,1,3514
"861",522,190,1,2876
"862",522,191,1,2650
"863",522,192,1,2445
"864",522,193,1,1986
"865",522,194,1,1523
"866",522,195,1,1194
"867",522,196,1,1045
"868",523,155,1,1154
"869",523,156,1,1288
"870",523,157,1,1331
"871",523,158,1,1561
"872",523,159,1,2102
"873",523,160,1,2448
"874",523,161,1,2638
"875",523,162,1,2815
"876",523,163,1,3025
"877",523,164,1,3035
"878",523,165,1,3240
"879",523,166,1,3594
"880",523,167,1,4149
"881",523,168,1,4813
"882",523,169,1,5478
"883",523,170,1,5456
"884",523,171,1,5518
"885",523,172,1,5779
"886",523,173,1,6329
"887",523,174,1,6894
"888",523,175,1,7200
"889",523,176,1,7440
"890",523,177,1,8038
"891",523,178,1,8856
"892",523,179,1,8665
"893",523,180,1,8533
"894",523,181,1,8469
"895",523,182,1,8417
"896",523,183,1,8106
"897",523,184,1,7373
"898",523,185,1,6527
"899",523,186,1,5854
"900",523,187,1,4847
"901",523,188,1,4170
"902",523,189,1,3371
"903",523,190,1,2617
"904",523,191,1,2283
"905",523,192,1,2025
"906",523,193,1,1713
"907",523,194,1,1430
"908",523,195,1,1258
"909",523,196,1,1162
"910",523,197,1,1097
"911",523,198,1,1017
"912",524,155,1,1148
"913",524,156,1,1361
"914",524,157,1,1390
"915",524,158,1,1622
"916",524,159,1,2154
"917",524,160,1,2713
"918",524,161,1,2753
"919",524,162,1,3033
"920",524,163,1,3475
"921",524,164,1,3379
"922",524,165,1,3244
"923",524,166,1,3429
"924",524,167,1,3942
"925",524,168,1,4795
"926",524,169,1,5648
"927",524,170,1,6252
"928",524,171,1,6460
"929",524,172,1,6726
"930",524,173,1,7394
"931",524,174,1,7640
"932",524,175,1,7940
"933",524,176,1,8353
"934",524,177,1,8932
"935",524,178,1,9803
"936",524,179,1,9963
"937",524,180,1,10061
"938",524,181,1,10030
"939",524,182,1,9837
"940",524,183,1,9329
"941",524,184,1,8443
"942",524,185,1,7328
"943",524,186,1,6366
"944",524,187,1,5211
"945",524,188,1,4288
"946",524,189,1,3317
"947",524,190,1,2527
"948",524,191,1,2052
"949",524,192,1,1774
"950",524,193,1,1599
"951",524,194,1,1510
"952",524,195,1,1513
"953",524,196,1,1480
"954",524,197,1,1400
"955",524,198,1,1308
"956",524,199,1,1156
"957",524,200,1,1189
"958",524,201,1,1249
"959",524,202,1,1086
"960",525,155,1,1113
"961",525,156,1,1335
"962",525,157,1,1389
"963",525,158,1,1562
"964",525,159,1,1977
"965",525,160,1,2425
"966",525,161,1,2895
"967",525,162,1,3184
"968",525,163,1,3514
"969",525,164,1,3592
"970",525,165,1,3639
"971",525,166,1,3659
"972",525,167,1,4070
"973",525,168,1,4805
"974",525,169,1,5497
"975",525,170,1,6303
"976",525,171,1,6750
"977",525,172,1,7214
"978",525,173,1,7749
"979",525,174,1,8295
"980",525,175,1,8669
"981",525,176,1,9147
"982",525,177,1,9955
"983",525,178,1,11019
"984",525,179,1,11629
"985",525,180,1,11828
"986",525,181,1,11837
"987",525,182,1,11549
"988",525,183,1,10996
"989",525,184,1,9828
"990",525,185,1,8512
"991",525,186,1,6995
"992",525,187,1,5846
"993",525,188,1,4606
"994",525,189,1,3479
"995",525,190,1,2703
"996",525,191,1,2190
"997",525,192,1,1927
"998",525,193,1,1786
"999",525,194,1,1857
"1000",525,195,1,1875
"1001",525,196,1,1842
"1002",525,197,1,1738
"1003",525,198,1,1607
"1004",525,199,1,1350
"1005",525,200,1,1261
"1006",525,201,1,1276
"1007",525,202,1,1086
"1008",526,155,1,1005
"1009",526,156,1,1194
"1010",526,157,1,1430
"1011",526,158,1,1688
"1012",526,159,1,1849
"1013",526,160,1,2160
"1014",526,161,1,2595
"1015",526,162,1,2991
"1016",526,163,1,3529
"1017",526,164,1,3661
"1018",526,165,1,3634
"1019",526,166,1,3773
"1020",526,167,1,4168
"1021",526,168,1,4671
"1022",526,169,1,5544
"1023",526,170,1,6414
"1024",526,171,1,6925
"1025",526,172,1,7581
"1026",526,173,1,8083
"1027",526,174,1,8629
"1028",526,175,1,9378
"1029",526,176,1,9870
"1030",526,177,1,11002
"1031",526,178,1,12372
"1032",526,179,1,13141
"1033",526,180,1,12763
"1034",526,181,1,12772
"1035",526,182,1,12512
"1036",526,183,1,12507
"1037",526,184,1,11227
"1038",526,185,1,9749
"1039",526,186,1,7964
"1040",526,187,1,6310
"1041",526,188,1,4902
"1042",526,189,1,3737
"1043",526,190,1,2855
"1044",526,191,1,2453
"1045",526,192,1,2220
"1046",526,193,1,2095
"1047",526,194,1,2191
"1048",526,195,1,2181
"1049",526,196,1,2075
"1050",526,197,1,1831
"1051",526,198,1,1640
"1052",526,199,1,1341
"1053",526,200,1,1144
"1054",526,201,1,1073
"1055",527,150,1,1059
"1056",527,151,1,1036
"1057",527,152,1,1017
"1058",527,153,1,1044
"1059",527,156,1,1177
"1060",527,157,1,1549
"1061",527,158,1,1968
"1062",527,159,1,1983
"1063",527,160,1,2029
"1064",527,161,1,2326
"1065",527,162,1,2930
"1066",527,163,1,3658
"1067",527,164,1,3893
"1068",527,165,1,4083
"1069",527,166,1,4296
"1070",527,167,1,4822
"1071",527,168,1,5055
"1072",527,169,1,5842
"1073",527,170,1,6683
"1074",527,171,1,7299
"1075",527,172,1,7938
"1076",527,173,1,8723
"1077",527,174,1,8789
"1078",527,175,1,9691
"1079",527,176,1,10671
"1080",527,177,1,12209
"1081",527,178,1,13705
"1082",527,179,1,14153
"1083",527,180,1,14852
"1084",527,181,1,15090
"1085",527,182,1,14495
"1086",527,183,1,13295
"1087",527,184,1,11736
"1088",527,185,1,10930
"1089",527,186,1,9031
"1090",527,187,1,7003
"1091",527,188,1,5303
"1092",527,189,1,4007
"1093",527,190,1,3251
"1094",527,191,1,2941
"1095",527,192,1,2686
"1096",527,193,1,2321
"1097",527,194,1,2298
"1098",527,195,1,2198
"1099",527,196,1,2006
"1100",527,197,1,1692
"1101",527,198,1,1427
"1102",527,199,1,1193
"1103",528,150,1,1074
"1104",528,151,1,1082
"1105",528,152,1,1170
"1106",528,153,1,1275
"1107",528,154,1,1142
"1108",528,155,1,1026
"1109",528,156,1,1168
"1110",528,157,1,1529
"1111",528,158,1,1947
"1112",528,159,1,2276
"1113",528,160,1,2124
"1114",528,161,1,2180
"1115",528,162,1,2724
"1116",528,163,1,3394
"1117",528,164,1,3808
"1118",528,165,1,4426
"1119",528,166,1,4809
"1120",528,167,1,5608
"1121",528,168,1,5531
"1122",528,169,1,6181
"1123",528,170,1,6962
"1124",528,171,1,7310
"1125",528,172,1,8056
"1126",528,173,1,8512
"1127",528,174,1,8838
"1128",528,175,1,9816
"1129",528,176,1,11409
"1130",528,177,1,13092
"1131",528,178,1,14268
"1132",528,179,1,16091
"1133",528,180,1,17600
"1134",528,181,1,18030
"1135",528,182,1,17106
"1136",528,183,1,15195
"1137",528,184,1,13131
"1138",528,185,1,12197
"1139",528,186,1,10033
"1140",528,187,1,7775
"1141",528,188,1,5911
"1142",528,189,1,4439
"1143",528,190,1,3666
"1144",528,191,1,3446
"1145",528,192,1,3134
"1146",528,193,1,2594
"1147",528,194,1,2315
"1148",528,195,1,2032
"1149",528,196,1,1836
"1150",528,197,1,1537
"1151",528,198,1,1289
"1152",528,199,1,1109
"1153",529,152,1,1127
"1154",529,153,1,1263
"1155",529,154,1,1141
"1156",529,155,1,1029
"1157",529,156,1,1181
"1158",529,157,1,1580
"1159",529,158,1,2069
"1160",529,159,1,2366
"1161",529,160,1,2300
"1162",529,161,1,2349
"1163",529,162,1,2632
"1164",529,163,1,3134
"1165",529,164,1,3596
"1166",529,165,1,4170
"1167",529,166,1,4539
"1168",529,167,1,5169
"1169",529,168,1,5658
"1170",529,169,1,6595
"1171",529,170,1,7610
"1172",529,171,1,7729
"1173",529,172,1,8004
"1174",529,173,1,8338
"1175",529,174,1,9032
"1176",529,175,1,10343
"1177",529,176,1,12055
"1178",529,177,1,13179
"1179",529,178,1,15590
"1180",529,179,1,18390
"1181",529,180,1,20493
"1182",529,181,1,21044
"1183",529,182,1,19797
"1184",529,183,1,17271
"1185",529,184,1,14603
"1186",529,185,1,13284
"1187",529,186,1,10714
"1188",529,187,1,8264
"1189",529,188,1,6215
"1190",529,189,1,4815
"1191",529,190,1,4164
"1192",529,191,1,3820
"1193",529,192,1,3435
"1194",529,193,1,2811
"1195",529,194,1,2550
"1196",529,195,1,2124
"1197",529,196,1,1856
"1198",529,197,1,1522
"1199",529,198,1,1291
"1200",529,199,1,1225
"1201",529,200,1,1132
"1202",529,202,1,1008
"1203",530,153,1,1023
"1204",530,156,1,1163
"1205",530,157,1,1569
"1206",530,158,1,2071
"1207",530,159,1,2436
"1208",530,160,1,2608
"1209",530,161,1,2768
"1210",530,162,1,2843
"1211",530,163,1,3221
"1212",530,164,1,3816
"1213",530,165,1,4172
"1214",530,166,1,4378
"1215",530,167,1,4951
"1216",530,168,1,5896
"1217",530,169,1,6882
"1218",530,170,1,7142
"1219",530,171,1,7763
"1220",530,172,1,8348
"1221",530,173,1,8514
"1222",530,174,1,9334
"1223",530,175,1,10877
"1224",530,176,1,12808
"1225",530,177,1,14038
"1226",530,178,1,17058
"1227",530,179,1,20491
"1228",530,180,1,23020
"1229",530,181,1,23657
"1230",530,182,1,22130
"1231",530,183,1,19068
"1232",530,184,1,15813
"1233",530,185,1,14053
"1234",530,186,1,11079
"1235",530,187,1,8414
"1236",530,188,1,6371
"1237",530,189,1,5181
"1238",530,190,1,4584
"1239",530,191,1,3954
"1240",530,192,1,3408
"1241",530,193,1,3039
"1242",530,194,1,2660
"1243",530,195,1,2291
"1244",530,196,1,1994
"1245",530,197,1,1676
"1246",530,198,1,1505
"1247",530,199,1,1460
"1248",530,200,1,1349
"1249",530,201,1,1132
"1250",530,202,1,1158
"1251",530,203,1,1090
"1252",531,155,1,1002
"1253",531,156,1,1144
"1254",531,157,1,1487
"1255",531,158,1,1907
"1256",531,159,1,2365
"1257",531,160,1,2769
"1258",531,161,1,3235
"1259",531,162,1,3226
"1260",531,163,1,3400
"1261",531,164,1,3988
"1262",531,165,1,4378
"1263",531,166,1,4700
"1264",531,167,1,5150
"1265",531,168,1,5816
"1266",531,169,1,6303
"1267",531,170,1,6721
"1268",531,171,1,7641
"1269",531,172,1,8173
"1270",531,173,1,8667
"1271",531,174,1,9636
"1272",531,175,1,11224
"1273",531,176,1,13275
"1274",531,177,1,14664
"1275",531,178,1,18009
"1276",531,179,1,21808
"1277",531,180,1,24613
"1278",531,181,1,25326
"1279",531,182,1,23633
"1280",531,183,1,20214
"1281",531,184,1,16539
"1282",531,185,1,14434
"1283",531,186,1,11170
"1284",531,187,1,8359
"1285",531,188,1,6407
"1286",531,189,1,5336
"1287",531,190,1,4467
"1288",531,191,1,3853
"1289",531,192,1,3397
"1290",531,193,1,3139
"1291",531,194,1,3006
"1292",531,195,1,2638
"1293",531,196,1,2322
"1294",531,197,1,2005
"1295",531,198,1,1797
"1296",531,199,1,1579
"1297",531,200,1,1411
"1298",531,201,1,1173
"1299",531,202,1,1097
"1300",531,203,1,1016
"1301",532,154,1,1061
"1302",532,155,1,1222
"1303",532,156,1,1324
"1304",532,157,1,1602
"1305",532,158,1,1957
"1306",532,159,1,2429
"1307",532,160,1,2744
"1308",532,161,1,3109
"1309",532,162,1,3602
"1310",532,163,1,3667
"1311",532,164,1,4159
"1312",532,165,1,4520
"1313",532,166,1,4820
"1314",532,167,1,5316
"1315",532,168,1,5741
"1316",532,169,1,5970
"1317",532,170,1,6613
"1318",532,171,1,7537
"1319",532,172,1,7939
"1320",532,173,1,8457
"1321",532,174,1,9470
"1322",532,175,1,11084
"1323",532,176,1,13175
"1324",532,177,1,14643
"1325",532,178,1,18015
"1326",532,179,1,21855
"1327",532,180,1,24722
"1328",532,181,1,25483
"1329",532,182,1,23788
"1330",532,183,1,20305
"1331",532,184,1,16515
"1332",532,185,1,14257
"1333",532,186,1,10886
"1334",532,187,1,8102
"1335",532,188,1,6227
"1336",532,189,1,5098
"1337",532,190,1,4246
"1338",532,191,1,3794
"1339",532,192,1,3340
"1340",532,193,1,2964
"1341",532,194,1,2830
"1342",532,195,1,2737
"1343",532,196,1,2463
"1344",532,197,1,2129
"1345",532,198,1,1873
"1346",532,199,1,1547
"1347",532,200,1,1327
"1348",532,201,1,1122
"1349",532,202,1,1001
"1350",533,154,1,1258
"1351",533,155,1,1525
"1352",533,156,1,1575
"1353",533,157,1,1843
"1354",533,158,1,2091
"1355",533,159,1,2160
"1356",533,160,1,2345
"1357",533,161,1,2667
"1358",533,162,1,3178
"1359",533,163,1,3454
"1360",533,164,1,3965
"1361",533,165,1,4340
"1362",533,166,1,4683
"1363",533,167,1,5249
"1364",533,168,1,5608
"1365",533,169,1,5947
"1366",533,170,1,6724
"1367",533,171,1,7442
"1368",533,172,1,7509
"1369",533,173,1,7978
"1370",533,174,1,8956
"1371",533,175,1,10539
"1372",533,176,1,12566
"1373",533,177,1,14100
"1374",533,178,1,17064
"1375",533,179,1,20491
"1376",533,180,1,23106
"1377",533,181,1,23834
"1378",533,182,1,22307
"1379",533,183,1,19118
"1380",533,184,1,15612
"1381",533,185,1,13455
"1382",533,186,1,10273
"1383",533,187,1,7684
"1384",533,188,1,6105
"1385",533,189,1,5179
"1386",533,190,1,4461
"1387",533,191,1,4166
"1388",533,192,1,3593
"1389",533,193,1,3116
"1390",533,194,1,2836
"1391",533,195,1,2861
"1392",533,196,1,2507
"1393",533,197,1,2118
"1394",533,198,1,1830
"1395",533,199,1,1601
"1396",533,200,1,1361
"1397",533,201,1,1159
"1398",533,202,1,1018
"1399",534,154,1,1286
"1400",534,155,1,1588
"1401",534,156,1,1656
"1402",534,157,1,1845
"1403",534,158,1,1976
"1404",534,159,1,1854
"1405",534,160,1,1815
"1406",534,161,1,2057
"1407",534,162,1,2460
"1408",534,163,1,2744
"1409",534,164,1,3175
"1410",534,165,1,3605
"1411",534,166,1,4119
"1412",534,167,1,4963
"1413",534,168,1,5439
"1414",534,169,1,5901
"1415",534,170,1,6472
"1416",534,171,1,6827
"1417",534,172,1,6922
"1418",534,173,1,7309
"1419",534,174,1,8215
"1420",534,175,1,9688
"1421",534,176,1,11734
"1422",534,177,1,13969
"1423",534,178,1,15690
"1424",534,179,1,18102
"1425",534,180,1,20075
"1426",534,181,1,20643
"1427",534,182,1,19422
"1428",534,183,1,16888
"1429",534,184,1,14105
"1430",534,185,1,12145
"1431",534,186,1,9346
"1432",534,187,1,7085
"1433",534,188,1,5737
"1434",534,189,1,5221
"1435",534,190,1,4457
"1436",534,191,1,4055
"1437",534,192,1,3612
"1438",534,193,1,3323
"1439",534,194,1,2863
"1440",534,195,1,2694
"1441",534,196,1,2460
"1442",534,197,1,2114
"1443",534,198,1,1991
"1444",534,199,1,1833
"1445",534,200,1,1564
"1446",534,201,1,1379
"1447",534,202,1,1210
"1448",534,203,1,1058
"1449",535,154,1,1150
"1450",535,155,1,1467
"1451",535,156,1,1671
"1452",535,157,1,1617
"1453",535,158,1,1558
"1454",535,159,1,1430
"1455",535,160,1,1355
"1456",535,161,1,1521
"1457",535,162,1,1777
"1458",535,163,1,2022
"1459",535,164,1,2398
"1460",535,165,1,2847
"1461",535,166,1,3406
"1462",535,167,1,4214
"1463",535,168,1,5064
"1464",535,169,1,5834
"1465",535,170,1,6489
"1466",535,171,1,6819
"1467",535,172,1,6741
"1468",535,173,1,7057
"1469",535,174,1,7737
"1470",535,175,1,8928
"1471",535,176,1,10583
"1472",535,177,1,12684
"1473",535,178,1,14675
"1474",535,179,1,15478
"1475",535,180,1,16421
"1476",535,181,1,16718
"1477",535,182,1,15901
"1478",535,183,1,14382
"1479",535,184,1,13014
"1480",535,185,1,10656
"1481",535,186,1,8243
"1482",535,187,1,6453
"1483",535,188,1,5400
"1484",535,189,1,4899
"1485",535,190,1,4258
"1486",535,191,1,3817
"1487",535,192,1,3304
"1488",535,193,1,2913
"1489",535,194,1,2657
"1490",535,195,1,2665
"1491",535,196,1,2465
"1492",535,197,1,2233
"1493",535,198,1,2119
"1494",535,199,1,1968
"1495",535,200,1,1812
"1496",535,201,1,1655
"1497",535,202,1,1486
"1498",535,203,1,1262
"1499",535,204,1,1042
"1500",536,154,1,1033
"1501",536,155,1,1327
"1502",536,156,1,1524
"1503",536,157,1,1383
"1504",536,158,1,1177
"1505",536,159,1,1040
"1506",536,161,1,1080
"1507",536,162,1,1271
"1508",536,163,1,1520
"1509",536,164,1,1909
"1510",536,165,1,2447
"1511",536,166,1,3125
"1512",536,167,1,3869
"1513",536,168,1,4696
"1514",536,169,1,5607
"1515",536,170,1,5942
"1516",536,171,1,6119
"1517",536,172,1,6239
"1518",536,173,1,6813
"1519",536,174,1,7506
"1520",536,175,1,8235
"1521",536,176,1,9401
"1522",536,177,1,10904
"1523",536,178,1,12516
"1524",536,179,1,13473
"1525",536,180,1,13021
"1526",536,181,1,13112
"1527",536,182,1,12723
"1528",536,183,1,12470
"1529",536,184,1,10954
"1530",536,185,1,8897
"1531",536,186,1,6972
"1532",536,187,1,5725
"1533",536,188,1,5234
"1534",536,189,1,4665
"1535",536,190,1,3952
"1536",536,191,1,3322
"1537",536,192,1,2864
"1538",536,193,1,2488
"1539",536,194,1,2425
"1540",536,195,1,2522
"1541",536,196,1,2413
"1542",536,197,1,2312
"1543",536,198,1,2242
"1544",536,199,1,1960
"1545",536,200,1,1963
"1546",536,201,1,1738
"1547",536,202,1,1682
"1548",536,203,1,1373
"1549",536,204,1,1112
"1550",536,205,1,1011
"1551",536,206,1,1047
"1552",536,207,1,1024
"1553",537,155,1,1062
"1554",537,156,1,1148
"1555",537,157,1,1051
"1556",537,163,1,1329
"1557",537,164,1,1841
"1558",537,165,1,2492
"1559",537,166,1,3196
"1560",537,167,1,3938
"1561",537,168,1,4323
"1562",537,169,1,5291
"1563",537,170,1,5596
"1564",537,171,1,5743
"1565",537,172,1,6127
"1566",537,173,1,6663
"1567",537,174,1,7104
"1568",537,175,1,7633
"1569",537,176,1,8461
"1570",537,177,1,9200
"1571",537,178,1,10145
"1572",537,179,1,10733
"1573",537,180,1,10224
"1574",537,181,1,10923
"1575",537,182,1,10709
"1576",537,183,1,10042
"1577",537,184,1,8846
"1578",537,185,1,7305
"1579",537,186,1,5842
"1580",537,187,1,5049
"1581",537,188,1,4636
"1582",537,189,1,4281
"1583",537,190,1,3542
"1584",537,191,1,3036
"1585",537,192,1,2680
"1586",537,193,1,2280
"1587",537,194,1,2170
"1588",537,195,1,2139
"1589",537,196,1,2050
"1590",537,197,1,1955
"1591",537,198,1,1835
"1592",537,199,1,1651
"1593",537,200,1,1607
"1594",537,201,1,1464
"1595",537,202,1,1402
"1596",537,203,1,1219
"1597",537,204,1,1039
"1598",537,205,1,1017
"1599",537,206,1,1123
"1600",537,207,1,1116
"1601",538,163,1,1277
"1602",538,164,1,1881
"1603",538,165,1,2614
"1604",538,166,1,3332
"1605",538,167,1,3557
"1606",538,168,1,4048
"1607",538,169,1,4851
"1608",538,170,1,5085
"1609",538,171,1,5274
"1610",538,172,1,5504
"1611",538,173,1,6031
"1612",538,174,1,6645
"1613",538,175,1,7131
"1614",538,176,1,7501
"1615",538,177,1,7812
"1616",538,178,1,8230
"1617",538,179,1,8504
"1618",538,180,1,8475
"1619",538,181,1,8597
"1620",538,182,1,8437
"1621",538,183,1,7963
"1622",538,184,1,7411
"1623",538,185,1,6309
"1624",538,186,1,5077
"1625",538,187,1,4490
"1626",538,188,1,4023
"1627",538,189,1,3969
"1628",538,190,1,3352
"1629",538,191,1,2981
"1630",538,192,1,2703
"1631",538,193,1,2271
"1632",538,194,1,2201
"1633",538,195,1,1953
"1634",538,196,1,1669
"1635",538,197,1,1506
"1636",538,198,1,1375
"1637",538,199,1,1254
"1638",538,200,1,1202
"1639",538,201,1,1118
"1640",538,202,1,1066
"1645",539,163,1,1278
"1646",539,164,1,1857
"1647",539,165,1,2500
"1648",539,166,1,2936
"1649",539,167,1,3298
"1650",539,168,1,4087
"1651",539,169,1,4876
"1652",539,170,1,4735
"1653",539,171,1,4839
"1654",539,172,1,5097
"1655",539,173,1,5707
"1656",539,174,1,6262
"1657",539,175,1,6568
"1658",539,176,1,6701
"1659",539,177,1,6746
"1660",539,178,1,6885
"1661",539,179,1,6840
"1662",539,180,1,6684
"1663",539,181,1,6636
"1664",539,182,1,6621
"1665",539,183,1,6453
"1666",539,184,1,6165
"1667",539,185,1,5612
"1668",539,186,1,4587
"1669",539,187,1,3964
"1670",539,188,1,3411
"1671",539,189,1,3223
"1672",539,190,1,2846
"1673",539,191,1,2545
"1674",539,192,1,2337
"1675",539,193,1,2076
"1676",539,194,1,2048
"1677",539,195,1,1759
"1678",539,196,1,1410
"1679",539,197,1,1159
"1680",539,198,1,1019
"1681",540,163,1,1227
"1682",540,164,1,1756
"1683",540,165,1,2334
"1684",540,166,1,2724
"1685",540,167,1,3212
"1686",540,168,1,3972
"1687",540,169,1,4445
"1688",540,170,1,4494
"1689",540,171,1,4744
"1690",540,172,1,4966
"1691",540,173,1,5356
"1692",540,174,1,5652
"1693",540,175,1,5867
"1694",540,176,1,5859
"1695",540,177,1,5968
"1696",540,178,1,6023
"1697",540,179,1,5775
"1698",540,180,1,5412
"1699",540,181,1,5227
"1700",540,182,1,5308
"1701",540,183,1,5442
"1702",540,184,1,5252
"1703",540,185,1,4958
"1704",540,186,1,4118
"1705",540,187,1,3418
"1706",540,188,1,2839
"1707",540,189,1,2511
"1708",540,190,1,2217
"1709",540,191,1,1967
"1710",540,192,1,1808
"1711",540,193,1,1656
"1712",540,194,1,1600
"1713",540,195,1,1408
"1714",540,196,1,1145
"1715",541,163,1,1098
"1716",541,164,1,1516
"1717",541,165,1,1969
"1718",541,166,1,2398
"1719",541,167,1,2982
"1720",541,168,1,3569
"1721",541,169,1,3889
"1722",541,170,1,4125
"1723",541,171,1,4206
"1724",541,172,1,4420
"1725",541,173,1,4616
"1726",541,174,1,4907
"1727",541,175,1,5223
"1728",541,176,1,5118
"1729",541,177,1,5199
"1730",541,178,1,5386
"1731",541,179,1,5071
"1732",541,180,1,4583
"1733",541,181,1,4278
"1734",541,182,1,4332
"1735",541,183,1,4650
"1736",541,184,1,4718
"1737",541,185,1,4374
"1738",541,186,1,3728
"1739",541,187,1,3008
"1740",541,188,1,2415
"1741",541,189,1,1995
"1742",541,190,1,1700
"1743",541,191,1,1476
"1744",541,192,1,1342
"1745",541,193,1,1240
"1746",541,194,1,1181
"1747",541,195,1,1062
"1748",542,164,1,1330
"1749",542,165,1,1743
"1750",542,166,1,2313
"1751",542,167,1,3001
"1752",542,168,1,3667
"1753",542,169,1,3735
"1754",542,170,1,3817
"1755",542,171,1,3808
"1756",542,172,1,4194
"1757",542,173,1,4279
"1758",542,174,1,4101
"1759",542,175,1,4265
"1760",542,176,1,4254
"1761",542,177,1,4405
"1762",542,178,1,4754
"1763",542,179,1,4641
"1764",542,180,1,4088
"1765",542,181,1,3642
"1766",542,182,1,3652
"1767",542,183,1,4066
"1768",542,184,1,4507
"1769",542,185,1,4145
"1770",542,186,1,3677
"1771",542,187,1,3032
"1772",542,188,1,2345
"1773",542,189,1,1787
"1774",542,190,1,1394
"1775",542,191,1,1148
"1776",542,192,1,1008
"1777",543,163,1,1024
"1778",543,164,1,1377
"1779",543,165,1,1803
"1780",543,166,1,2364
"1781",543,167,1,2894
"1782",543,168,1,3214
"1783",543,169,1,3376
"1784",543,170,1,3260
"1785",543,171,1,3316
"1786",543,172,1,3702
"1787",543,173,1,3746
"1788",543,174,1,3488
"1789",543,175,1,3512
"1790",543,176,1,3506
"1791",543,177,1,3771
"1792",543,178,1,4177
"1793",543,179,1,4140
"1794",543,180,1,3642
"1795",543,181,1,3200
"1796",543,182,1,3207
"1797",543,183,1,3596
"1798",543,184,1,3961
"1799",543,185,1,3850
"1800",543,186,1,3899
"1801",543,187,1,3157
"1802",543,188,1,2370
"1803",543,189,1,1728
"1804",543,190,1,1273
"1805",544,163,1,1183
"1806",544,164,1,1594
"1807",544,165,1,2067
"1808",544,166,1,2545
"1809",544,167,1,3069
"1810",544,168,1,2925
"1811",544,169,1,2824
"1812",544,170,1,2742
"1813",544,171,1,2958
"1814",544,172,1,3375
"1815",544,173,1,3396
"1816",544,174,1,3183
"1817",544,175,1,3306
"1818",544,176,1,3225
"1819",544,177,1,3394
"1820",544,178,1,3790
"1821",544,179,1,3768
"1822",544,180,1,3291
"1823",544,181,1,2878
"1824",544,182,1,2940
"1825",544,183,1,3426
"1826",544,184,1,3962
"1827",544,185,1,3609
"1828",544,186,1,3436
"1829",544,187,1,2951
"1830",544,188,1,2290
"1831",544,189,1,1678
"1832",544,190,1,1212
"1833",545,162,1,1116
"1834",545,163,1,1447
"1835",545,164,1,1801
"1836",545,165,1,2250
"1837",545,166,1,2508
"1838",545,167,1,2704
"1839",545,168,1,2696
"1840",545,169,1,2496
"1841",545,170,1,2369
"1842",545,171,1,2646
"1843",545,172,1,2963
"1844",545,173,1,2895
"1845",545,174,1,2869
"1846",545,175,1,3055
"1847",545,176,1,3119
"1848",545,177,1,3122
"1849",545,178,1,3440
"1850",545,179,1,3401
"1851",545,180,1,2937
"1852",545,181,1,2544
"1853",545,182,1,2620
"1854",545,183,1,3028
"1855",545,184,1,3266
"1856",545,185,1,3122
"1857",545,186,1,3161
"1858",545,187,1,2991
"1859",545,188,1,2331
"1860",545,189,1,1710
"1861",545,190,1,1227
"1862",546,162,1,1327
"1863",546,163,1,1707
"1864",546,164,1,1889
"1865",546,165,1,2028
"1866",546,166,1,2186
"1867",546,167,1,2450
"1868",546,168,1,2766
"1869",546,169,1,2424
"1870",546,170,1,2233
"1871",546,171,1,2580
"1872",546,172,1,3033
"1873",546,173,1,2767
"1874",546,174,1,2648
"1875",546,175,1,2894
"1876",546,176,1,2953
"1877",546,177,1,2837
"1878",546,178,1,2973
"1879",546,179,1,2905
"1880",546,180,1,2516
"1881",546,181,1,2175
"1882",546,182,1,2200
"1883",546,183,1,2437
"1884",546,184,1,2531
"1885",546,185,1,2519
"1886",546,186,1,2743
"1887",546,187,1,2988
"1888",546,188,1,2394
"1889",546,189,1,1743
"1890",546,190,1,1235
"1891",547,161,1,1089
"1892",547,162,1,1443
"1893",547,163,1,1736
"1894",547,164,1,1768
"1895",547,165,1,1667
"1896",547,166,1,1750
"1897",547,167,1,2029
"1898",547,168,1,2240
"1899",547,169,1,2086
"1900",547,170,1,1961
"1901",547,171,1,2240
"1902",547,172,1,2535
"1903",547,173,1,2501
"1904",547,174,1,2381
"1905",547,175,1,2563
"1906",547,176,1,2623
"1907",547,177,1,2604
"1908",547,178,1,2847
"1909",547,179,1,2788
"1910",547,180,1,2344
"1911",547,181,1,2002
"1912",547,182,1,1985
"1913",547,183,1,2100
"1914",547,184,1,2238
"1915",547,185,1,2140
"1916",547,186,1,2370
"1917",547,187,1,2703
"1918",547,188,1,2218
"1919",547,189,1,1641
"1920",547,190,1,1174
"1921",548,161,1,1154
"1922",548,162,1,1506
"1923",548,163,1,1608
"1924",548,164,1,1439
"1925",548,165,1,1336
"1926",548,166,1,1395
"1927",548,167,1,1612
"1928",548,168,1,1756
"1929",548,169,1,1694
"1930",548,170,1,1637
"1931",548,171,1,1864
"1932",548,172,1,2202
"1933",548,173,1,2356
"1934",548,174,1,2295
"1935",548,175,1,2553
"1936",548,176,1,2580
"1937",548,177,1,2403
"1938",548,178,1,2533
"1939",548,179,1,2482
"1940",548,180,1,2174
"1941",548,181,1,1971
"1942",548,182,1,2056
"1943",548,183,1,2024
"1944",548,184,1,1921
"1945",548,185,1,1798
"1946",548,186,1,1944
"1947",548,187,1,2124
"1948",548,188,1,1882
"1949",548,189,1,1474
"1950",548,190,1,1096
"1951",549,161,1,1062
"1952",549,162,1,1287
"1953",549,163,1,1322
"1954",549,164,1,1183
"1955",549,165,1,1095
"1956",549,166,1,1202
"1957",549,167,1,1430
"1958",549,168,1,1579
"1959",549,169,1,1517
"1960",549,170,1,1446
"1961",549,171,1,1641
"1962",549,172,1,2031
"1963",549,173,1,2415
"1964",549,174,1,2298
"1965",549,175,1,2388
"1966",549,176,1,2374
"1967",549,177,1,2215
"1968",549,178,1,2343
"1969",549,179,1,2511
"1970",549,180,1,2133
"1971",549,181,1,1901
"1972",549,182,1,1978
"1973",549,183,1,1911
"1974",549,184,1,1751
"1975",549,185,1,1549
"1976",549,186,1,1566
"1977",549,187,1,1674
"1978",549,188,1,1574
"1979",549,189,1,1338
"1980",549,190,1,1052
"1981",550,162,1,1050
"1982",550,163,1,1053
"1983",550,166,1,1187
"1984",550,167,1,1492
"1985",550,168,1,1708
"1986",550,169,1,1567
"1987",550,170,1,1397
"1988",550,171,1,1483
"1989",550,172,1,1790
"1990",550,173,1,2095
"1991",550,174,1,2172
"1992",550,175,1,2272
"1993",550,176,1,2277
"1994",550,177,1,2180
"1995",550,178,1,2154
"1996",550,179,1,2100
"1997",550,180,1,1878
"1998",550,181,1,1714
"1999",550,182,1,1682
"2000",550,183,1,1585
"2001",550,184,1,1517
"2002",550,185,1,1422
"2003",550,186,1,1402
"2004",550,187,1,1562
"2005",550,188,1,1662
"2006",550,189,1,1455
"2007",550,190,1,1139
"2008",551,155,1,1028
"2009",551,156,1,1106
"2010",551,157,1,1218
"2011",551,158,1,1060
"2012",551,161,1,1030
"2013",551,165,1,1032
"2014",551,166,1,1181
"2015",551,167,1,1453
"2016",551,168,1,1655
"2017",551,169,1,1505
"2018",551,170,1,1306
"2019",551,171,1,1302
"2020",551,172,1,1526
"2021",551,173,1,1873
"2022",551,174,1,2170
"2023",551,175,1,2093
"2024",551,176,1,2135
"2025",551,177,1,2043
"2026",551,178,1,1926
"2027",551,179,1,1716
"2028",551,180,1,1630
"2029",551,181,1,1711
"2030",551,182,1,1659
"2031",551,183,1,1399
"2032",551,184,1,1273
"2033",551,185,1,1210
"2034",551,186,1,1312
"2035",551,187,1,1605
"2036",551,188,1,1893
"2037",551,189,1,1618
"2038",551,190,1,1251
"2039",552,155,1,1165
"2040",552,156,1,1111
"2041",552,157,1,1104
"2042",552,158,1,1048
"2043",552,159,1,1064
"2044",552,160,1,1060
"2045",552,161,1,1168
"2046",552,162,1,1049
"2047",552,163,1,1021
"2048",552,164,1,1127
"2049",552,165,1,1159
"2050",552,166,1,1137
"2051",552,167,1,1243
"2052",552,168,1,1342
"2053",552,169,1,1278
"2054",552,170,1,1154
"2055",552,171,1,1141
"2056",552,172,1,1340
"2057",552,173,1,1642
"2058",552,174,1,1868
"2059",552,175,1,1881
"2060",552,176,1,1929
"2061",552,177,1,1754
"2062",552,178,1,1564
"2063",552,179,1,1396
"2064",552,180,1,1419
"2065",552,181,1,1583
"2066",552,182,1,1547
"2067",552,183,1,1277
"2068",552,184,1,1153
"2069",552,185,1,1251
"2070",552,186,1,1286
"2071",552,187,1,1503
"2072",552,188,1,1699
"2073",552,189,1,1651
"2074",552,190,1,1365
"2075",552,191,1,1045
"2076",553,155,1,1015
"2077",553,156,1,1016
"2078",553,157,1,1001
"2079",553,159,1,1012
"2080",553,163,1,1041
"2081",553,164,1,1231
"2082",553,165,1,1249
"2083",553,166,1,1099
"2084",553,167,1,1043
"2085",553,168,1,1097
"2086",553,169,1,1119
"2087",553,170,1,1065
"2088",553,171,1,1056
"2089",553,172,1,1229
"2090",553,173,1,1502
"2091",553,174,1,1700
"2092",553,175,1,1649
"2093",553,176,1,1591
"2094",553,177,1,1456
"2095",553,178,1,1264
"2096",553,179,1,1121
"2097",553,180,1,1142
"2098",553,181,1,1237
"2099",553,182,1,1214
"2100",553,183,1,1059
"2101",553,184,1,1005
"2102",553,185,1,1101
"2103",553,186,1,1278
"2104",553,187,1,1489
"2105",553,188,1,1604
"2106",553,189,1,1603
"2107",553,190,1,1401
"2108",553,191,1,1112
"2110",554,164,1,1064
"2111",554,165,1,1084
"2112",554,168,1,1106
"2113",554,169,1,1211
"2114",554,170,1,1133
"2115",554,171,1,1065
"2116",554,172,1,1197
"2117",554,173,1,1482
"2118",554,174,1,1746
"2119",554,175,1,1566
"2120",554,176,1,1387
"2121",554,177,1,1341
"2122",554,178,1,1225
"2123",554,179,1,1031
"2124",554,185,1,1066
"2125",554,186,1,1277
"2126",554,187,1,1441
"2127",554,188,1,1492
"2128",554,189,1,1440
"2129",554,190,1,1424
"2130",554,191,1,1199
"2132",555,168,1,1145
"2133",555,169,1,1356
"2134",555,170,1,1189
"2135",555,171,1,1048
"2136",555,172,1,1102
"2137",555,173,1,1311
"2138",555,174,1,1477
"2139",555,175,1,1398
"2140",555,176,1,1289
"2141",555,177,1,1335
"2142",555,178,1,1252
"2143",555,179,1,1001
"2144",555,185,1,1038
"2145",555,186,1,1285
"2146",555,187,1,1335
"2147",555,188,1,1295
"2148",555,189,1,1294
"2149",555,190,1,1339
"2150",555,191,1,1166
"2152",556,168,1,1010
"2153",556,169,1,1136
"2154",556,170,1,1053
"2155",556,173,1,1130
"2156",556,174,1,1295
"2157",556,175,1,1282
"2158",556,176,1,1168
"2159",556,177,1,1161
"2160",556,178,1,1083
"2161",556,185,1,1020
"2162",556,186,1,1281
"2163",556,187,1,1320
"2164",556,188,1,1156
"2165",556,189,1,1073
"2166",556,190,1,1074
"2167",557,173,1,1084
"2168",557,174,1,1303
"2169",557,175,1,1303
"2170",557,176,1,1108
"2171",557,186,1,1086
"2172",557,187,1,1097
"2173",558,173,1,1046
"2174",558,174,1,1262
"2175",558,175,1,1258
"2176",558,176,1,1048
"2177",559,173,1,1015
"2178",559,174,1,1177
"2179",559,175,1,1166
"2180",559,176,1,1005
"2181",560,173,1,1078
"2182",560,174,1,1249
"2183",560,175,1,1214
"2184",560,176,1,1051
"2185",561,173,1,1170
"2186",561,174,1,1328
"2187",561,175,1,1207
"2188",561,176,1,1085
"2189",561,177,1,1067
"2190",562,172,1,1037
"2191",562,173,1,1183
"2192",562,174,1,1259
"2193",562,175,1,1180
"2194",562,176,1,1107
"2195",562,177,1,1019
"2196",563,172,1,1071
"2197",563,173,1,1189
"2198",563,174,1,1236
"2199",563,175,1,1196
"2200",563,176,1,1158
"2201",564,172,1,1098
"2202",564,173,1,1226
"2203",564,174,1,1274
"2204",564,175,1,1160
"2205",564,176,1,1027
"2206",565,172,1,1045
"2207",565,173,1,1163
"2208",565,174,1,1197
"2209",565,175,1,1055
