"","long","lat","cluster_id","add.data"
"2",495,175,2,1064
"3",495,176,2,1194
"4",495,177,2,1201
"5",495,178,2,1100
"6",495,179,2,1010
"7",496,175,2,1151
"8",496,176,2,1341
"9",496,177,2,1364
"10",496,178,2,1248
"11",496,179,2,1170
"12",496,180,2,1083
"13",497,175,2,1156
"14",497,176,2,1312
"15",497,177,2,1391
"16",497,178,2,1297
"17",497,179,2,1324
"18",497,180,2,1237
"19",498,174,2,1078
"20",498,175,2,1201
"21",498,176,2,1358
"22",498,177,2,1377
"23",498,178,2,1258
"24",498,179,2,1318
"25",498,180,2,1242
"27",499,167,2,1156
"28",499,168,2,1198
"29",499,169,2,1098
"30",499,170,2,1142
"31",499,171,2,1143
"32",499,172,2,1078
"33",499,173,2,1088
"34",499,174,2,1195
"35",499,175,2,1309
"36",499,176,2,1249
"37",499,177,2,1224
"38",499,178,2,1170
"39",499,179,2,1199
"40",499,180,2,1136
"43",500,167,2,1189
"44",500,168,2,1244
"45",500,169,2,1203
"46",500,170,2,1388
"47",500,171,2,1403
"48",500,172,2,1255
"49",500,173,2,1284
"50",500,174,2,1277
"51",500,175,2,1298
"52",500,176,2,1174
"53",500,177,2,1090
"54",500,178,2,1177
"55",500,179,2,1306
"56",500,180,2,1268
"57",500,181,2,1043
"59",501,167,2,1066
"60",501,168,2,1120
"61",501,169,2,1218
"62",501,170,2,1435
"63",501,171,2,1474
"64",501,172,2,1332
"65",501,173,2,1436
"66",501,174,2,1391
"67",501,175,2,1162
"68",501,176,2,1042
"69",501,177,2,1021
"70",501,178,2,1200
"71",501,179,2,1452
"72",501,180,2,1432
"73",501,181,2,1126
"74",501,195,2,1063
"75",501,196,2,1090
"76",502,166,2,1055
"77",502,167,2,1056
"78",502,168,2,1041
"79",502,169,2,1162
"80",502,170,2,1342
"81",502,171,2,1458
"82",502,172,2,1357
"83",502,173,2,1328
"84",502,174,2,1239
"85",502,175,2,1057
"86",502,178,2,1173
"87",502,179,2,1385
"88",502,180,2,1377
"89",502,181,2,1141
"90",502,194,2,1004
"91",502,195,2,1232
"92",502,196,2,1222
"93",503,160,2,1057
"94",503,161,2,1085
"95",503,165,2,1142
"96",503,166,2,1278
"97",503,167,2,1172
"98",503,168,2,1086
"99",503,169,2,1225
"100",503,170,2,1502
"101",503,171,2,1721
"102",503,172,2,1525
"103",503,173,2,1248
"104",503,174,2,1077
"105",503,178,2,1251
"106",503,179,2,1564
"107",503,180,2,1567
"108",503,181,2,1256
"109",503,182,2,1001
"110",503,187,2,1150
"111",503,188,2,1039
"112",503,194,2,1068
"113",503,195,2,1168
"114",503,196,2,1108
"116",504,160,2,1066
"117",504,161,2,1133
"118",504,162,2,1079
"119",504,163,2,1074
"120",504,164,2,1204
"121",504,165,2,1261
"122",504,166,2,1338
"123",504,167,2,1211
"124",504,168,2,1114
"125",504,169,2,1250
"126",504,170,2,1542
"127",504,171,2,1784
"128",504,172,2,1596
"129",504,173,2,1287
"130",504,174,2,1023
"131",504,177,2,1024
"132",504,178,2,1286
"133",504,179,2,1545
"134",504,180,2,1556
"135",504,181,2,1326
"136",504,182,2,1164
"137",504,183,2,1171
"138",504,184,2,1127
"139",504,185,2,1009
"140",504,186,2,1063
"141",504,187,2,1178
"142",504,188,2,1004
"143",504,193,2,1170
"144",504,194,2,1333
"145",504,195,2,1228
"146",504,196,2,1007
"147",505,161,2,1099
"148",505,162,2,1269
"149",505,163,2,1260
"150",505,164,2,1402
"151",505,165,2,1417
"152",505,166,2,1269
"153",505,167,2,1198
"154",505,168,2,1141
"155",505,169,2,1246
"156",505,170,2,1501
"157",505,171,2,1780
"158",505,172,2,1740
"159",505,173,2,1429
"160",505,174,2,1122
"161",505,177,2,1128
"162",505,178,2,1465
"163",505,179,2,1830
"164",505,180,2,1843
"165",505,181,2,1520
"166",505,182,2,1319
"167",505,183,2,1415
"168",505,184,2,1391
"169",505,185,2,1180
"170",505,186,2,1069
"171",505,187,2,1029
"172",505,192,2,1070
"173",505,193,2,1358
"174",505,194,2,1676
"175",505,195,2,1352
"176",505,196,2,1050
"177",506,161,2,1074
"178",506,162,2,1329
"179",506,163,2,1402
"180",506,164,2,1374
"181",506,165,2,1362
"182",506,166,2,1343
"183",506,167,2,1422
"184",506,168,2,1365
"185",506,169,2,1365
"186",506,170,2,1623
"187",506,171,2,1986
"188",506,172,2,1970
"189",506,173,2,1564
"190",506,174,2,1239
"191",506,175,2,1055
"192",506,176,2,1040
"193",506,177,2,1205
"194",506,178,2,1530
"195",506,179,2,1887
"196",506,180,2,1894
"197",506,181,2,1572
"198",506,182,2,1345
"199",506,183,2,1390
"200",506,184,2,1451
"201",506,185,2,1464
"202",506,186,2,1343
"203",506,187,2,1131
"204",506,190,2,1013
"205",506,191,2,1125
"206",506,192,2,1204
"207",506,193,2,1376
"208",506,194,2,1466
"209",506,195,2,1312
"210",506,196,2,1096
"211",507,162,2,1310
"212",507,163,2,1666
"213",507,164,2,1463
"214",507,165,2,1363
"215",507,166,2,1564
"216",507,167,2,1768
"217",507,168,2,1627
"218",507,169,2,1607
"219",507,170,2,1660
"220",507,171,2,1835
"221",507,172,2,1827
"222",507,173,2,1617
"223",507,174,2,1397
"224",507,175,2,1237
"225",507,176,2,1175
"226",507,177,2,1288
"227",507,178,2,1537
"228",507,179,2,1756
"229",507,180,2,1735
"230",507,181,2,1512
"231",507,182,2,1321
"232",507,183,2,1426
"233",507,184,2,1705
"234",507,185,2,1780
"235",507,186,2,1720
"236",507,187,2,1451
"237",507,188,2,1211
"238",507,189,2,1155
"239",507,190,2,1347
"240",507,191,2,1508
"241",507,192,2,1510
"242",507,193,2,1626
"243",507,194,2,1515
"244",507,195,2,1502
"245",507,196,2,1242
"248",508,154,2,1097
"249",508,162,2,1179
"250",508,163,2,1412
"251",508,164,2,1425
"252",508,165,2,1433
"253",508,166,2,1615
"254",508,167,2,1831
"255",508,168,2,1782
"256",508,169,2,1979
"257",508,170,2,1911
"258",508,171,2,1800
"259",508,172,2,1812
"260",508,173,2,1876
"261",508,174,2,1737
"262",508,175,2,1516
"263",508,176,2,1404
"264",508,177,2,1554
"265",508,178,2,1864
"266",508,179,2,2057
"267",508,180,2,1918
"268",508,181,2,1605
"269",508,182,2,1339
"270",508,183,2,1376
"271",508,184,2,1582
"272",508,185,2,1822
"273",508,186,2,1882
"274",508,187,2,1800
"275",508,188,2,1472
"276",508,189,2,1424
"277",508,190,2,1707
"278",508,191,2,1976
"279",508,192,2,1775
"280",508,193,2,2014
"281",508,194,2,1650
"282",508,195,2,1562
"283",508,196,2,1324
"284",508,197,2,1128
"287",509,154,2,1148
"288",509,155,2,1104
"289",509,156,2,1042
"290",509,162,2,1040
"291",509,163,2,1328
"292",509,164,2,1573
"293",509,165,2,1622
"294",509,166,2,1541
"295",509,167,2,1635
"296",509,168,2,1873
"297",509,169,2,2211
"298",509,170,2,2309
"299",509,171,2,2160
"300",509,172,2,2277
"301",509,173,2,2445
"302",509,174,2,2185
"303",509,175,2,1940
"304",509,176,2,1759
"305",509,177,2,1860
"306",509,178,2,2270
"307",509,179,2,2607
"308",509,180,2,2274
"309",509,181,2,1793
"310",509,182,2,1418
"311",509,183,2,1330
"312",509,184,2,1522
"313",509,185,2,1820
"314",509,186,2,2182
"315",509,187,2,2211
"316",509,188,2,1830
"317",509,189,2,1786
"318",509,190,2,1974
"319",509,191,2,2076
"320",509,192,2,1829
"321",509,193,2,1713
"322",509,194,2,1551
"323",509,195,2,1491
"324",509,196,2,1596
"325",509,197,2,1345
"326",509,198,2,1153
"327",510,154,2,1035
"328",510,155,2,1252
"329",510,156,2,1217
"330",510,162,2,1019
"331",510,163,2,1366
"332",510,164,2,1769
"333",510,165,2,1840
"334",510,166,2,1606
"335",510,167,2,1551
"336",510,168,2,1869
"337",510,169,2,2325
"338",510,170,2,2780
"339",510,171,2,2448
"340",510,172,2,2616
"341",510,173,2,3130
"342",510,174,2,2585
"343",510,175,2,2274
"344",510,176,2,2162
"345",510,177,2,2119
"346",510,178,2,2454
"347",510,179,2,2789
"348",510,180,2,2476
"349",510,181,2,1964
"350",510,182,2,1527
"351",510,183,2,1466
"352",510,184,2,1723
"353",510,185,2,2082
"354",510,186,2,2316
"355",510,187,2,2555
"356",510,188,2,2265
"357",510,189,2,2149
"358",510,190,2,2399
"359",510,191,2,2034
"360",510,192,2,1696
"361",510,193,2,1531
"362",510,194,2,1500
"363",510,195,2,1593
"364",510,196,2,1557
"365",510,197,2,1618
"366",510,198,2,1395
"367",510,199,2,1167
"368",511,154,2,1008
"369",511,155,2,1175
"370",511,156,2,1134
"371",511,162,2,1002
"372",511,163,2,1304
"373",511,164,2,1655
"374",511,165,2,1922
"375",511,166,2,1754
"376",511,167,2,1646
"377",511,168,2,1871
"378",511,169,2,2252
"379",511,170,2,2493
"380",511,171,2,2420
"381",511,172,2,2562
"382",511,173,2,2764
"383",511,174,2,2631
"384",511,175,2,2730
"385",511,176,2,2679
"386",511,177,2,2431
"387",511,178,2,2577
"388",511,179,2,2996
"389",511,180,2,2918
"390",511,181,2,2380
"391",511,182,2,1842
"392",511,183,2,1702
"393",511,184,2,1817
"394",511,185,2,2168
"395",511,186,2,2282
"396",511,187,2,2720
"397",511,188,2,2536
"398",511,189,2,2551
"399",511,190,2,2331
"400",511,191,2,2088
"401",511,192,2,1839
"402",511,193,2,1610
"403",511,194,2,1654
"404",511,195,2,1821
"405",511,196,2,1778
"406",511,197,2,1681
"407",511,198,2,1656
"408",511,199,2,1286
"409",511,200,2,1039
"410",512,154,2,1121
"411",512,155,2,1323
"412",512,156,2,1170
"413",512,161,2,1037
"414",512,162,2,1089
"415",512,163,2,1327
"416",512,164,2,1679
"417",512,165,2,1984
"418",512,166,2,1908
"419",512,167,2,1845
"420",512,168,2,2201
"421",512,169,2,2626
"422",512,170,2,2747
"423",512,171,2,2610
"424",512,172,2,2780
"425",512,173,2,2944
"426",512,174,2,2842
"427",512,175,2,2980
"428",512,176,2,2951
"429",512,177,2,2722
"430",512,178,2,2930
"431",512,179,2,3471
"432",512,180,2,3434
"433",512,181,2,2731
"434",512,182,2,2181
"435",512,183,2,2080
"436",512,184,2,2266
"437",512,185,2,2251
"438",512,186,2,2622
"439",512,187,2,3102
"440",512,188,2,2965
"441",512,189,2,3267
"442",512,190,2,2700
"443",512,191,2,2578
"444",512,192,2,2108
"445",512,193,2,1695
"446",512,194,2,1646
"447",512,195,2,1786
"448",512,196,2,1568
"449",512,197,2,1371
"450",512,198,2,1336
"451",512,199,2,1181
"452",512,200,2,1042
"453",512,201,2,1048
"454",512,202,2,1021
"455",513,154,2,1127
"456",513,155,2,1324
"457",513,156,2,1186
"458",513,159,2,1016
"459",513,160,2,1249
"460",513,161,2,1313
"461",513,162,2,1272
"462",513,163,2,1547
"463",513,164,2,1752
"464",513,165,2,2149
"465",513,166,2,2251
"466",513,167,2,2203
"467",513,168,2,2522
"468",513,169,2,3067
"469",513,170,2,3193
"470",513,171,2,3019
"471",513,172,2,3339
"472",513,173,2,3614
"473",513,174,2,3468
"474",513,175,2,3446
"475",513,176,2,3421
"476",513,177,2,3270
"477",513,178,2,3116
"478",513,179,2,3394
"479",513,180,2,3396
"480",513,181,2,2983
"481",513,182,2,2674
"482",513,183,2,2624
"483",513,184,2,2673
"484",513,185,2,2577
"485",513,186,2,2934
"486",513,187,2,3343
"487",513,188,2,3599
"488",513,189,2,3092
"489",513,190,2,2948
"490",513,191,2,2655
"491",513,192,2,2132
"492",513,193,2,1636
"493",513,194,2,1419
"494",513,195,2,1398
"495",513,196,2,1272
"496",513,197,2,1101
"497",513,198,2,1071
"498",513,199,2,1034
"499",513,200,2,1040
"500",513,201,2,1187
"501",513,202,2,1180
"502",513,203,2,1024
"503",513,204,2,1037
"505",514,154,2,1019
"506",514,155,2,1152
"507",514,156,2,1159
"508",514,157,2,1123
"509",514,158,2,1028
"510",514,159,2,1122
"511",514,160,2,1332
"512",514,161,2,1396
"513",514,162,2,1541
"514",514,163,2,1919
"515",514,164,2,2032
"516",514,165,2,2546
"517",514,166,2,2687
"518",514,167,2,2642
"519",514,168,2,2748
"520",514,169,2,3025
"521",514,170,2,3268
"522",514,171,2,3739
"523",514,172,2,3934
"524",514,173,2,4016
"525",514,174,2,3800
"526",514,175,2,3768
"527",514,176,2,3813
"528",514,177,2,3783
"529",514,178,2,3533
"530",514,179,2,3872
"531",514,180,2,4136
"532",514,181,2,3788
"533",514,182,2,3502
"534",514,183,2,3442
"535",514,184,2,3337
"536",514,185,2,3047
"537",514,186,2,3614
"538",514,187,2,3579
"539",514,188,2,3591
"540",514,189,2,3277
"541",514,190,2,2992
"542",514,191,2,2437
"543",514,192,2,1864
"544",514,193,2,1438
"545",514,194,2,1175
"546",514,195,2,1096
"547",514,196,2,1022
"548",514,199,2,1055
"549",514,200,2,1050
"550",514,201,2,1108
"551",514,202,2,1091
"552",514,203,2,1106
"553",514,204,2,1238
"554",514,205,2,1106
"555",514,206,2,1211
"556",514,207,2,1024
"559",515,155,2,1192
"560",515,156,2,1405
"561",515,157,2,1422
"562",515,158,2,1266
"563",515,159,2,1207
"564",515,160,2,1243
"565",515,161,2,1274
"566",515,162,2,1563
"567",515,163,2,1948
"568",515,164,2,2167
"569",515,165,2,2792
"570",515,166,2,2907
"571",515,167,2,3026
"572",515,168,2,3215
"573",515,169,2,3195
"574",515,170,2,3758
"575",515,171,2,4013
"576",515,172,2,4704
"577",515,173,2,4643
"578",515,174,2,4256
"579",515,175,2,3925
"580",515,176,2,4196
"581",515,177,2,3894
"582",515,178,2,4178
"583",515,179,2,4495
"584",515,180,2,5226
"585",515,181,2,4647
"586",515,182,2,4162
"587",515,183,2,3968
"588",515,184,2,3701
"589",515,185,2,3853
"590",515,186,2,3468
"591",515,187,2,3994
"592",515,188,2,4016
"593",515,189,2,3864
"594",515,190,2,2965
"595",515,191,2,2181
"596",515,192,2,1694
"597",515,193,2,1363
"598",515,194,2,1116
"599",515,198,2,1097
"600",515,199,2,1268
"601",515,200,2,1270
"602",515,201,2,1107
"603",515,204,2,1038
"604",515,205,2,1029
"605",515,206,2,1166
"606",515,207,2,1112
"610",516,155,2,1259
"611",516,156,2,1628
"612",516,157,2,1702
"613",516,158,2,1527
"614",516,159,2,1508
"615",516,160,2,1353
"616",516,161,2,1298
"617",516,162,2,1462
"618",516,163,2,1703
"619",516,164,2,1993
"620",516,165,2,2417
"621",516,166,2,2747
"622",516,167,2,2998
"623",516,168,2,3192
"624",516,169,2,3670
"625",516,170,2,3892
"626",516,171,2,3998
"627",516,172,2,4232
"628",516,173,2,4750
"629",516,174,2,4744
"630",516,175,2,4190
"631",516,176,2,4230
"632",516,177,2,4270
"633",516,178,2,4768
"634",516,179,2,5102
"635",516,180,2,5831
"636",516,181,2,5001
"637",516,182,2,4281
"638",516,183,2,4253
"639",516,184,2,3771
"640",516,185,2,3789
"641",516,186,2,3830
"642",516,187,2,4110
"643",516,188,2,4266
"644",516,189,2,3380
"645",516,190,2,2688
"646",516,191,2,2110
"647",516,192,2,1867
"648",516,193,2,1516
"649",516,194,2,1230
"650",516,195,2,1123
"651",516,196,2,1145
"652",516,197,2,1094
"653",516,198,2,1218
"654",516,199,2,1470
"655",516,200,2,1448
"656",516,201,2,1133
"659",517,155,2,1153
"660",517,156,2,1448
"661",517,157,2,1623
"662",517,158,2,1897
"663",517,159,2,1904
"664",517,160,2,1624
"665",517,161,2,1527
"666",517,162,2,1717
"667",517,163,2,2001
"668",517,164,2,2072
"669",517,165,2,2314
"670",517,166,2,2974
"671",517,167,2,3533
"672",517,168,2,3700
"673",517,169,2,4386
"674",517,170,2,3856
"675",517,171,2,3659
"676",517,172,2,4040
"677",517,173,2,4732
"678",517,174,2,5066
"679",517,175,2,5174
"680",517,176,2,4583
"681",517,177,2,4633
"682",517,178,2,4913
"683",517,179,2,5887
"684",517,180,2,5848
"685",517,181,2,5636
"686",517,182,2,4755
"687",517,183,2,4536
"688",517,184,2,4340
"689",517,185,2,4736
"690",517,186,2,4645
"691",517,187,2,4358
"692",517,188,2,3691
"693",517,189,2,3081
"694",517,190,2,2533
"695",517,191,2,2413
"696",517,192,2,2294
"697",517,193,2,1725
"698",517,194,2,1396
"699",517,195,2,1416
"700",517,196,2,1509
"701",517,197,2,1392
"702",517,198,2,1240
"703",517,199,2,1295
"704",517,200,2,1234
"705",517,201,2,1005
"706",518,156,2,1204
"707",518,157,2,1529
"708",518,158,2,1913
"709",518,159,2,2004
"710",518,160,2,1840
"711",518,161,2,1801
"712",518,162,2,1928
"713",518,163,2,2188
"714",518,164,2,2370
"715",518,165,2,2504
"716",518,166,2,3072
"717",518,167,2,3662
"718",518,168,2,3803
"719",518,169,2,4225
"720",518,170,2,3812
"721",518,171,2,3442
"722",518,172,2,3700
"723",518,173,2,4350
"724",518,174,2,5236
"725",518,175,2,5545
"726",518,176,2,5715
"727",518,177,2,5114
"728",518,178,2,5358
"729",518,179,2,5852
"730",518,180,2,6195
"731",518,181,2,5891
"732",518,182,2,5471
"733",518,183,2,5090
"734",518,184,2,5469
"735",518,185,2,4687
"736",518,186,2,4414
"737",518,187,2,4172
"738",518,188,2,3493
"739",518,189,2,3037
"740",518,190,2,2720
"741",518,191,2,2477
"742",518,192,2,2067
"743",518,193,2,1726
"744",518,194,2,1491
"745",518,195,2,1723
"746",518,196,2,1975
"747",518,197,2,1669
"748",518,198,2,1297
"749",518,199,2,1076
"750",519,156,2,1037
"751",519,157,2,1324
"752",519,158,2,1637
"753",519,159,2,1890
"754",519,160,2,2257
"755",519,161,2,2313
"756",519,162,2,2162
"757",519,163,2,2289
"758",519,164,2,2475
"759",519,165,2,2984
"760",519,166,2,3205
"761",519,167,2,3857
"762",519,168,2,4214
"763",519,169,2,4710
"764",519,170,2,3939
"765",519,171,2,3408
"766",519,172,2,3457
"767",519,173,2,4118
"768",519,174,2,4959
"769",519,175,2,5625
"770",519,176,2,5941
"771",519,177,2,5593
"772",519,178,2,6668
"773",519,179,2,6987
"774",519,180,2,6516
"775",519,181,2,6351
"776",519,182,2,5780
"777",519,183,2,6217
"778",519,184,2,5947
"779",519,185,2,4638
"780",519,186,2,4994
"781",519,187,2,3975
"782",519,188,2,3812
"783",519,189,2,3098
"784",519,190,2,2846
"785",519,191,2,2582
"786",519,192,2,2381
"787",519,193,2,1879
"788",519,194,2,1582
"789",519,195,2,1764
"790",519,196,2,1986
"791",519,197,2,1658
"792",519,198,2,1243
"793",520,157,2,1169
"794",520,158,2,1448
"795",520,159,2,2031
"796",520,160,2,2646
"797",520,161,2,2806
"798",520,162,2,2771
"799",520,163,2,2651
"800",520,164,2,2891
"801",520,165,2,3377
"802",520,166,2,3761
"803",520,167,2,3967
"804",520,168,2,4433
"805",520,169,2,4284
"806",520,170,2,3874
"807",520,171,2,3445
"808",520,172,2,3429
"809",520,173,2,4115
"810",520,174,2,4991
"811",520,175,2,5883
"812",520,176,2,5959
"813",520,177,2,6070
"814",520,178,2,7310
"815",520,179,2,6996
"816",520,180,2,7122
"817",520,181,2,6775
"818",520,182,2,6324
"819",520,183,2,7027
"820",520,184,2,6090
"821",520,185,2,5041
"822",520,186,2,4418
"823",520,187,2,3858
"824",520,188,2,3677
"825",520,189,2,3198
"826",520,190,2,3025
"827",520,191,2,2923
"828",520,192,2,2572
"829",520,193,2,2055
"830",520,194,2,1587
"831",520,195,2,1540
"832",520,196,2,1551
"833",520,197,2,1364
"834",520,198,2,1076
"835",521,156,2,1110
"836",521,157,2,1283
"837",521,158,2,1524
"838",521,159,2,1987
"839",521,160,2,2504
"840",521,161,2,2882
"841",521,162,2,3452
"842",521,163,2,3210
"843",521,164,2,3337
"844",521,165,2,3843
"845",521,166,2,4124
"846",521,167,2,4482
"847",521,168,2,5341
"848",521,169,2,4707
"849",521,170,2,4315
"850",521,171,2,3907
"851",521,172,2,3961
"852",521,173,2,4611
"853",521,174,2,5512
"854",521,175,2,6265
"855",521,176,2,6405
"856",521,177,2,6412
"857",521,178,2,7374
"858",521,179,2,7360
"859",521,180,2,6828
"860",521,181,2,6647
"861",521,182,2,6879
"862",521,183,2,7127
"863",521,184,2,6282
"864",521,185,2,5810
"865",521,186,2,4755
"866",521,187,2,4381
"867",521,188,2,4634
"868",521,189,2,3671
"869",521,190,2,3294
"870",521,191,2,3298
"871",521,192,2,3120
"872",521,193,2,2336
"873",521,194,2,1723
"874",521,195,2,1348
"875",521,196,2,1236
"876",521,197,2,1097
"877",522,155,2,1213
"878",522,156,2,1338
"879",522,157,2,1451
"880",522,158,2,1674
"881",522,159,2,2217
"882",522,160,2,2535
"883",522,161,2,2944
"884",522,162,2,3121
"885",522,163,2,3247
"886",522,164,2,3408
"887",522,165,2,3885
"888",522,166,2,4163
"889",522,167,2,4925
"890",522,168,2,4886
"891",522,169,2,5503
"892",522,170,2,5009
"893",522,171,2,4584
"894",522,172,2,4802
"895",522,173,2,5256
"896",522,174,2,5917
"897",522,175,2,6514
"898",522,176,2,6514
"899",522,177,2,7225
"900",522,178,2,8223
"901",522,179,2,7744
"902",522,180,2,7423
"903",522,181,2,7016
"904",522,182,2,7464
"905",522,183,2,7426
"906",522,184,2,6517
"907",522,185,2,5880
"908",522,186,2,5098
"909",522,187,2,4521
"910",522,188,2,4521
"911",522,189,2,3687
"912",522,190,2,3065
"913",522,191,2,2921
"914",522,192,2,2712
"915",522,193,2,2168
"916",522,194,2,1649
"917",522,195,2,1313
"918",522,196,2,1173
"919",522,197,2,1039
"920",523,155,2,1269
"921",523,156,2,1401
"922",523,157,2,1419
"923",523,158,2,1645
"924",523,159,2,2263
"925",523,160,2,2576
"926",523,161,2,2755
"927",523,162,2,2928
"928",523,163,2,3199
"929",523,164,2,3196
"930",523,165,2,3447
"931",523,166,2,3844
"932",523,167,2,4384
"933",523,168,2,5000
"934",523,169,2,5685
"935",523,170,2,5459
"936",523,171,2,5540
"937",523,172,2,5786
"938",523,173,2,6306
"939",523,174,2,6879
"940",523,175,2,7104
"941",523,176,2,7285
"942",523,177,2,7820
"943",523,178,2,8683
"944",523,179,2,8296
"945",523,180,2,8236
"946",523,181,2,8103
"947",523,182,2,8053
"948",523,183,2,7835
"949",523,184,2,7187
"950",523,185,2,6635
"951",523,186,2,6120
"952",523,187,2,4915
"953",523,188,2,4319
"954",523,189,2,3569
"955",523,190,2,2976
"956",523,191,2,2910
"957",523,192,2,2473
"958",523,193,2,1963
"959",523,194,2,1574
"960",523,195,2,1491
"961",523,196,2,1402
"962",523,197,2,1237
"963",523,198,2,1073
"964",523,200,2,1023
"965",523,201,2,1059
"966",523,203,2,1019
"967",524,155,2,1252
"968",524,156,2,1512
"969",524,157,2,1502
"970",524,158,2,1744
"971",524,159,2,2323
"972",524,160,2,3018
"973",524,161,2,2867
"974",524,162,2,3173
"975",524,163,2,3799
"976",524,164,2,3714
"977",524,165,2,3603
"978",524,166,2,3824
"979",524,167,2,4285
"980",524,168,2,5124
"981",524,169,2,5944
"982",524,170,2,6444
"983",524,171,2,6505
"984",524,172,2,6668
"985",524,173,2,7452
"986",524,174,2,7500
"987",524,175,2,7760
"988",524,176,2,8145
"989",524,177,2,8568
"990",524,178,2,9388
"991",524,179,2,9322
"992",524,180,2,9332
"993",524,181,2,9208
"994",524,182,2,9072
"995",524,183,2,8718
"996",524,184,2,8130
"997",524,185,2,7116
"998",524,186,2,6385
"999",524,187,2,5189
"1000",524,188,2,4418
"1001",524,189,2,3507
"1002",524,190,2,3101
"1003",524,191,2,2829
"1004",524,192,2,2384
"1005",524,193,2,2046
"1006",524,194,2,1787
"1007",524,195,2,1871
"1008",524,196,2,1824
"1009",524,197,2,1527
"1010",524,198,2,1389
"1011",524,199,2,1196
"1012",524,200,2,1270
"1013",524,201,2,1383
"1014",524,202,2,1183
"1015",524,203,2,1083
"1016",525,155,2,1224
"1017",525,156,2,1493
"1018",525,157,2,1506
"1019",525,158,2,1661
"1020",525,159,2,2126
"1021",525,160,2,2575
"1022",525,161,2,3138
"1023",525,162,2,3377
"1024",525,163,2,3722
"1025",525,164,2,3911
"1026",525,165,2,4175
"1027",525,166,2,4155
"1028",525,167,2,4485
"1029",525,168,2,5148
"1030",525,169,2,5612
"1031",525,170,2,6324
"1032",525,171,2,6696
"1033",525,172,2,7123
"1034",525,173,2,7602
"1035",525,174,2,8154
"1036",525,175,2,8396
"1037",525,176,2,8782
"1038",525,177,2,9395
"1039",525,178,2,10226
"1040",525,179,2,10537
"1041",525,180,2,10418
"1042",525,181,2,10291
"1043",525,182,2,10064
"1044",525,183,2,9854
"1045",525,184,2,9021
"1046",525,185,2,8075
"1047",525,186,2,6640
"1048",525,187,2,5823
"1049",525,188,2,4694
"1050",525,189,2,3755
"1051",525,190,2,3642
"1052",525,191,2,3235
"1053",525,192,2,2899
"1054",525,193,2,2333
"1055",525,194,2,2288
"1056",525,195,2,2138
"1057",525,196,2,2081
"1058",525,197,2,1872
"1059",525,198,2,1740
"1060",525,199,2,1422
"1061",525,200,2,1337
"1062",525,201,2,1407
"1063",525,202,2,1177
"1064",526,155,2,1092
"1065",526,156,2,1293
"1066",526,157,2,1554
"1067",526,158,2,1834
"1068",526,159,2,1968
"1069",526,160,2,2311
"1070",526,161,2,2778
"1071",526,162,2,3125
"1072",526,163,2,3725
"1073",526,164,2,3871
"1074",526,165,2,3890
"1075",526,166,2,4071
"1076",526,167,2,4409
"1077",526,168,2,4805
"1078",526,169,2,5604
"1079",526,170,2,6407
"1080",526,171,2,6826
"1081",526,172,2,7493
"1082",526,173,2,7862
"1083",526,174,2,8381
"1084",526,175,2,9119
"1085",526,176,2,9281
"1086",526,177,2,10097
"1087",526,178,2,11048
"1088",526,179,2,11192
"1089",526,180,2,7730
"1090",526,181,2,7556
"1091",526,182,2,7532
"1092",526,183,2,10538
"1093",526,184,2,9801
"1094",526,185,2,8825
"1095",526,186,2,7386
"1096",526,187,2,6023
"1097",526,188,2,4999
"1098",526,189,2,4206
"1099",526,190,2,3330
"1100",526,191,2,2918
"1101",526,192,2,2653
"1102",526,193,2,2489
"1103",526,194,2,2460
"1104",526,195,2,2365
"1105",526,196,2,2274
"1106",526,197,2,1960
"1107",526,198,2,1774
"1108",526,199,2,1416
"1109",526,200,2,1194
"1110",526,201,2,1139
"1111",527,150,2,1151
"1112",527,151,2,1088
"1113",527,152,2,1061
"1114",527,153,2,1110
"1115",527,154,2,1061
"1116",527,155,2,1043
"1117",527,156,2,1276
"1118",527,157,2,1693
"1119",527,158,2,2216
"1120",527,159,2,2123
"1121",527,160,2,2167
"1122",527,161,2,2481
"1123",527,162,2,3117
"1124",527,163,2,3930
"1125",527,164,2,4075
"1126",527,165,2,4243
"1127",527,166,2,4408
"1128",527,167,2,4958
"1129",527,168,2,5077
"1130",527,169,2,5842
"1131",527,170,2,6651
"1132",527,171,2,7285
"1133",527,172,2,7793
"1134",527,173,2,8727
"1135",527,174,2,8444
"1136",527,175,2,9290
"1137",527,176,2,9879
"1138",527,177,2,10941
"1139",527,178,2,11634
"1140",527,179,2,8465
"1141",527,180,2,8480
"1142",527,181,2,8548
"1143",527,182,2,8248
"1144",527,183,2,7789
"1145",527,184,2,7140
"1146",527,185,2,9552
"1147",527,186,2,8240
"1148",527,187,2,6613
"1149",527,188,2,5320
"1150",527,189,2,4400
"1151",527,190,2,3567
"1152",527,191,2,3104
"1153",527,192,2,2872
"1154",527,193,2,2455
"1155",527,194,2,2502
"1156",527,195,2,2408
"1157",527,196,2,2289
"1158",527,197,2,1904
"1159",527,198,2,1527
"1160",527,199,2,1257
"1161",527,200,2,1036
"1162",528,150,2,1170
"1163",528,151,2,1135
"1164",528,152,2,1242
"1165",528,153,2,1400
"1166",528,154,2,1233
"1167",528,155,2,1099
"1168",528,156,2,1257
"1169",528,157,2,1640
"1170",528,158,2,2068
"1171",528,159,2,2531
"1172",528,160,2,2279
"1173",528,161,2,2299
"1174",528,162,2,2893
"1175",528,163,2,3592
"1176",528,164,2,3925
"1177",528,165,2,4620
"1178",528,166,2,4909
"1179",528,167,2,5952
"1180",528,168,2,5502
"1181",528,169,2,6106
"1182",528,170,2,6864
"1183",528,171,2,7112
"1184",528,172,2,7931
"1185",528,173,2,8300
"1186",528,174,2,8509
"1187",528,175,2,9217
"1188",528,176,2,10411
"1189",528,177,2,11245
"1190",528,178,2,8566
"1191",528,179,2,9152
"1192",528,180,2,9846
"1193",528,181,2,10033
"1194",528,182,2,9570
"1195",528,183,2,8639
"1196",528,184,2,7767
"1197",528,185,2,10512
"1198",528,186,2,9063
"1199",528,187,2,7275
"1200",528,188,2,5902
"1201",528,189,2,4623
"1202",528,190,2,3696
"1203",528,191,2,3593
"1204",528,192,2,3376
"1205",528,193,2,2797
"1206",528,194,2,2627
"1207",528,195,2,2290
"1208",528,196,2,2209
"1209",528,197,2,1817
"1210",528,198,2,1434
"1211",528,199,2,1171
"1212",528,200,2,1042
"1213",529,152,2,1203
"1214",529,153,2,1390
"1215",529,154,2,1232
"1216",529,155,2,1100
"1217",529,156,2,1269
"1218",529,157,2,1699
"1219",529,158,2,2235
"1220",529,159,2,2555
"1221",529,160,2,2437
"1222",529,161,2,2484
"1223",529,162,2,2767
"1224",529,163,2,3274
"1225",529,164,2,3671
"1226",529,165,2,4260
"1227",529,166,2,4577
"1228",529,167,2,5200
"1229",529,168,2,5579
"1230",529,169,2,6486
"1231",529,170,2,7726
"1232",529,171,2,7555
"1233",529,172,2,7706
"1234",529,173,2,8009
"1235",529,174,2,8628
"1236",529,175,2,9643
"1237",529,176,2,10695
"1238",529,177,2,8048
"1239",529,178,2,8946
"1240",529,179,2,10296
"1241",529,180,2,11321
"1242",529,181,2,11587
"1243",529,182,2,10971
"1244",529,183,2,9737
"1245",529,184,2,8583
"1246",529,185,2,11415
"1247",529,186,2,9646
"1248",529,187,2,7757
"1249",529,188,2,6030
"1250",529,189,2,4738
"1251",529,190,2,4208
"1252",529,191,2,4038
"1253",529,192,2,3868
"1254",529,193,2,3100
"1255",529,194,2,3103
"1256",529,195,2,2537
"1257",529,196,2,2303
"1258",529,197,2,1791
"1259",529,198,2,1395
"1260",529,199,2,1326
"1261",529,200,2,1233
"1262",529,201,2,1080
"1263",529,202,2,1120
"1264",529,203,2,1057
"1265",530,153,2,1092
"1266",530,154,2,1065
"1267",530,155,2,1041
"1268",530,156,2,1254
"1269",530,157,2,1690
"1270",530,158,2,2238
"1271",530,159,2,2608
"1272",530,160,2,2768
"1273",530,161,2,2922
"1274",530,162,2,2946
"1275",530,163,2,3334
"1276",530,164,2,3972
"1277",530,165,2,4265
"1278",530,166,2,4385
"1279",530,167,2,4916
"1280",530,168,2,5892
"1281",530,169,2,6985
"1282",530,170,2,6908
"1283",530,171,2,7530
"1284",530,172,2,8156
"1285",530,173,2,8083
"1286",530,174,2,8771
"1287",530,175,2,9971
"1288",530,176,2,11199
"1289",530,177,2,8344
"1290",530,178,2,9670
"1291",530,179,2,11356
"1292",530,180,2,12605
"1293",530,181,2,12921
"1294",530,182,2,12174
"1295",530,183,2,10684
"1296",530,184,2,9258
"1297",530,185,2,12070
"1298",530,186,2,9998
"1299",530,187,2,7907
"1300",530,188,2,6144
"1301",530,189,2,5185
"1302",530,190,2,4807
"1303",530,191,2,4152
"1304",530,192,2,3575
"1305",530,193,2,3260
"1306",530,194,2,2873
"1307",530,195,2,2501
"1308",530,196,2,2241
"1309",530,197,2,1817
"1310",530,198,2,1614
"1311",530,199,2,1616
"1312",530,200,2,1513
"1313",530,201,2,1224
"1314",530,202,2,1317
"1315",530,203,2,1248
"1316",531,155,2,1075
"1317",531,156,2,1220
"1318",531,157,2,1588
"1319",531,158,2,2008
"1320",531,159,2,2479
"1321",531,160,2,2903
"1322",531,161,2,3510
"1323",531,162,2,3318
"1324",531,163,2,3451
"1325",531,164,2,4092
"1326",531,165,2,4453
"1327",531,166,2,4769
"1328",531,167,2,5143
"1329",531,168,2,5792
"1330",531,169,2,6196
"1331",531,170,2,6489
"1332",531,171,2,7429
"1333",531,172,2,7833
"1334",531,173,2,8227
"1335",531,174,2,9015
"1336",531,175,2,10206
"1337",531,176,2,11507
"1338",531,177,2,8660
"1339",531,178,2,10146
"1340",531,179,2,12011
"1341",531,180,2,13391
"1342",531,181,2,13742
"1343",531,182,2,12916
"1344",531,183,2,11261
"1345",531,184,2,9642
"1346",531,185,2,12387
"1347",531,186,2,10122
"1348",531,187,2,7900
"1349",531,188,2,6280
"1350",531,189,2,5619
"1351",531,190,2,4746
"1352",531,191,2,4087
"1353",531,192,2,3553
"1354",531,193,2,3317
"1355",531,194,2,3287
"1356",531,195,2,2812
"1357",531,196,2,2503
"1358",531,197,2,2159
"1359",531,198,2,1970
"1360",531,199,2,1725
"1361",531,200,2,1570
"1362",531,201,2,1274
"1363",531,202,2,1201
"1364",531,203,2,1116
"1365",532,154,2,1138
"1366",532,155,2,1318
"1367",532,156,2,1412
"1368",532,157,2,1704
"1369",532,158,2,2055
"1370",532,159,2,2625
"1371",532,160,2,2916
"1372",532,161,2,3239
"1373",532,162,2,3872
"1374",532,163,2,3746
"1375",532,164,2,4268
"1376",532,165,2,4595
"1377",532,166,2,4843
"1378",532,167,2,5333
"1379",532,168,2,5729
"1380",532,169,2,5830
"1381",532,170,2,6420
"1382",532,171,2,7343
"1383",532,172,2,7621
"1384",532,173,2,8020
"1385",532,174,2,8850
"1386",532,175,2,10077
"1387",532,176,2,11440
"1388",532,177,2,8659
"1389",532,178,2,10152
"1390",532,179,2,12021
"1391",532,180,2,13417
"1392",532,181,2,13781
"1393",532,182,2,12954
"1394",532,183,2,11273
"1395",532,184,2,9603
"1396",532,185,2,12220
"1397",532,186,2,9869
"1398",532,187,2,7724
"1399",532,188,2,6112
"1400",532,189,2,5186
"1401",532,190,2,4352
"1402",532,191,2,3943
"1403",532,192,2,3471
"1404",532,193,2,3032
"1405",532,194,2,2938
"1406",532,195,2,2881
"1407",532,196,2,2619
"1408",532,197,2,2263
"1409",532,198,2,2034
"1410",532,199,2,1640
"1411",532,200,2,1417
"1412",532,201,2,1191
"1413",532,202,2,1055
"1414",533,154,2,1360
"1415",533,155,2,1678
"1416",533,156,2,1672
"1417",533,157,2,1987
"1418",533,158,2,2262
"1419",533,159,2,2267
"1420",533,160,2,2477
"1421",533,161,2,2770
"1422",533,162,2,3332
"1423",533,163,2,3556
"1424",533,164,2,4112
"1425",533,165,2,4450
"1426",533,166,2,4725
"1427",533,167,2,5274
"1428",533,168,2,5581
"1429",533,169,2,5841
"1430",533,170,2,6640
"1431",533,171,2,7371
"1432",533,172,2,7224
"1433",533,173,2,7626
"1434",533,174,2,8437
"1435",533,175,2,9694
"1436",533,176,2,11029
"1437",533,177,2,8538
"1438",533,178,2,9700
"1439",533,179,2,11338
"1440",533,180,2,12588
"1441",533,181,2,12924
"1442",533,182,2,12175
"1443",533,183,2,10640
"1444",533,184,2,9103
"1445",533,185,2,11567
"1446",533,186,2,9340
"1447",533,187,2,7302
"1448",533,188,2,6068
"1449",533,189,2,5294
"1450",533,190,2,4585
"1451",533,191,2,4492
"1452",533,192,2,3774
"1453",533,193,2,3232
"1454",533,194,2,2933
"1455",533,195,2,3142
"1456",533,196,2,2660
"1457",533,197,2,2240
"1458",533,198,2,1910
"1459",533,199,2,1692
"1460",533,200,2,1431
"1461",533,201,2,1203
"1462",533,202,2,1048
"1463",534,153,2,1002
"1464",534,154,2,1385
"1465",534,155,2,1730
"1466",534,156,2,1739
"1467",534,157,2,1981
"1468",534,158,2,2158
"1469",534,159,2,1976
"1470",534,160,2,1901
"1471",534,161,2,2138
"1472",534,162,2,2575
"1473",534,163,2,2832
"1474",534,164,2,3269
"1475",534,165,2,3683
"1476",534,166,2,4161
"1477",534,167,2,5101
"1478",534,168,2,5459
"1479",534,169,2,5845
"1480",534,170,2,6342
"1481",534,171,2,6613
"1482",534,172,2,6682
"1483",534,173,2,7007
"1484",534,174,2,7797
"1485",534,175,2,9000
"1486",534,176,2,10581
"1487",534,177,2,11876
"1488",534,178,2,9320
"1489",534,179,2,10173
"1490",534,180,2,11074
"1491",534,181,2,11319
"1492",534,182,2,10719
"1493",534,183,2,9512
"1494",534,184,2,8428
"1495",534,185,2,10550
"1496",534,186,2,8579
"1497",534,187,2,6754
"1498",534,188,2,5625
"1499",534,189,2,5470
"1500",534,190,2,4546
"1501",534,191,2,4207
"1502",534,192,2,3781
"1503",534,193,2,3644
"1504",534,194,2,3006
"1505",534,195,2,2811
"1506",534,196,2,2606
"1507",534,197,2,2185
"1508",534,198,2,2125
"1509",534,199,2,1978
"1510",534,200,2,1629
"1511",534,201,2,1440
"1512",534,202,2,1247
"1513",534,203,2,1085
"1514",535,154,2,1218
"1515",535,155,2,1563
"1516",535,156,2,1819
"1517",535,157,2,1709
"1518",535,158,2,1660
"1519",535,159,2,1530
"1520",535,160,2,1434
"1521",535,161,2,1614
"1522",535,162,2,1877
"1523",535,163,2,2116
"1524",535,164,2,2500
"1525",535,165,2,2940
"1526",535,166,2,3461
"1527",535,167,2,4254
"1528",535,168,2,5131
"1529",535,169,2,5842
"1530",535,170,2,6501
"1531",535,171,2,6854
"1532",535,172,2,6619
"1533",535,173,2,6865
"1534",535,174,2,7409
"1535",535,175,2,8436
"1536",535,176,2,9712
"1537",535,177,2,11254
"1538",535,178,2,12327
"1539",535,179,2,9147
"1540",535,180,2,9267
"1541",535,181,2,9371
"1542",535,182,2,8979
"1543",535,183,2,8506
"1544",535,184,2,10964
"1545",535,185,2,9536
"1546",535,186,2,7695
"1547",535,187,2,6236
"1548",535,188,2,5314
"1549",535,189,2,5062
"1550",535,190,2,4378
"1551",535,191,2,4035
"1552",535,192,2,3466
"1553",535,193,2,3057
"1554",535,194,2,2764
"1555",535,195,2,2859
"1556",535,196,2,2607
"1557",535,197,2,2337
"1558",535,198,2,2230
"1559",535,199,2,2089
"1560",535,200,2,1905
"1561",535,201,2,1758
"1562",535,202,2,1558
"1563",535,203,2,1315
"1564",535,204,2,1063
"1565",536,154,2,1101
"1566",536,155,2,1433
"1567",536,156,2,1685
"1568",536,157,2,1489
"1569",536,158,2,1247
"1570",536,159,2,1113
"1571",536,160,2,1044
"1572",536,161,2,1154
"1573",536,162,2,1354
"1574",536,163,2,1606
"1575",536,164,2,2000
"1576",536,165,2,2539
"1577",536,166,2,3221
"1578",536,167,2,3914
"1579",536,168,2,4748
"1580",536,169,2,5677
"1581",536,170,2,5859
"1582",536,171,2,6011
"1583",536,172,2,6062
"1584",536,173,2,6660
"1585",536,174,2,7322
"1586",536,175,2,7852
"1587",536,176,2,8777
"1588",536,177,2,9901
"1589",536,178,2,11020
"1590",536,179,2,11322
"1591",536,180,2,7704
"1592",536,181,2,7698
"1593",536,182,2,7640
"1594",536,183,2,10534
"1595",536,184,2,9721
"1596",536,185,2,8190
"1597",536,186,2,6621
"1598",536,187,2,5581
"1599",536,188,2,5386
"1600",536,189,2,4899
"1601",536,190,2,4169
"1602",536,191,2,3434
"1603",536,192,2,2996
"1604",536,193,2,2586
"1605",536,194,2,2567
"1606",536,195,2,2745
"1607",536,196,2,2583
"1608",536,197,2,2493
"1609",536,198,2,2480
"1610",536,199,2,2042
"1611",536,200,2,2179
"1612",536,201,2,1829
"1613",536,202,2,1870
"1614",536,203,2,1450
"1615",536,204,2,1142
"1616",536,205,2,1026
"1617",536,206,2,1084
"1618",536,207,2,1062
"1619",537,155,2,1138
"1620",537,156,2,1235
"1621",537,157,2,1128
"1622",537,162,2,1050
"1623",537,163,2,1415
"1624",537,164,2,1947
"1625",537,165,2,2605
"1626",537,166,2,3291
"1627",537,167,2,4164
"1628",537,168,2,4308
"1629",537,169,2,5395
"1630",537,170,2,5601
"1631",537,171,2,5686
"1632",537,172,2,6126
"1633",537,173,2,6632
"1634",537,174,2,6913
"1635",537,175,2,7316
"1636",537,176,2,8090
"1637",537,177,2,8518
"1638",537,178,2,9176
"1639",537,179,2,9429
"1640",537,180,2,6549
"1641",537,181,2,9364
"1642",537,182,2,9361
"1643",537,183,2,9037
"1644",537,184,2,8161
"1645",537,185,2,6914
"1646",537,186,2,5710
"1647",537,187,2,5066
"1648",537,188,2,4736
"1649",537,189,2,4467
"1650",537,190,2,3614
"1651",537,191,2,3138
"1652",537,192,2,2827
"1653",537,193,2,2377
"1654",537,194,2,2266
"1655",537,195,2,2254
"1656",537,196,2,2177
"1657",537,197,2,2086
"1658",537,198,2,1950
"1659",537,199,2,1727
"1660",537,200,2,1707
"1661",537,201,2,1523
"1662",537,202,2,1482
"1663",537,203,2,1278
"1664",537,204,2,1067
"1665",537,205,2,1047
"1666",537,206,2,1204
"1667",537,207,2,1198
"1668",537,208,2,1021
"1671",538,163,2,1347
"1672",538,164,2,1981
"1673",538,165,2,2747
"1674",538,166,2,3592
"1675",538,167,2,3617
"1676",538,168,2,4056
"1677",538,169,2,4883
"1678",538,170,2,5081
"1679",538,171,2,5285
"1680",538,172,2,5438
"1681",538,173,2,5907
"1682",538,174,2,6501
"1683",538,175,2,6938
"1684",538,176,2,7191
"1685",538,177,2,7361
"1686",538,178,2,7625
"1687",538,179,2,7775
"1688",538,180,2,7660
"1689",538,181,2,7877
"1690",538,182,2,7845
"1691",538,183,2,7468
"1692",538,184,2,7283
"1693",538,185,2,6224
"1694",538,186,2,5301
"1695",538,187,2,4642
"1696",538,188,2,4084
"1697",538,189,2,4313
"1698",538,190,2,3504
"1699",538,191,2,3175
"1700",538,192,2,2954
"1701",538,193,2,2378
"1702",538,194,2,2401
"1703",538,195,2,2084
"1704",538,196,2,1747
"1705",538,197,2,1592
"1706",538,198,2,1447
"1707",538,199,2,1309
"1708",538,200,2,1259
"1709",538,201,2,1157
"1710",538,202,2,1106
"1711",538,206,2,1027
"1712",538,207,2,1041
"1717",539,163,2,1351
"1718",539,164,2,1954
"1719",539,165,2,2632
"1720",539,166,2,3028
"1721",539,167,2,3336
"1722",539,168,2,4173
"1723",539,169,2,5106
"1724",539,170,2,4720
"1725",539,171,2,4826
"1726",539,172,2,5044
"1727",539,173,2,5676
"1728",539,174,2,6210
"1729",539,175,2,6434
"1730",539,176,2,6503
"1731",539,177,2,6423
"1732",539,178,2,6502
"1733",539,179,2,6408
"1734",539,180,2,6281
"1735",539,181,2,6294
"1736",539,182,2,6402
"1737",539,183,2,6293
"1738",539,184,2,6138
"1739",539,185,2,5758
"1740",539,186,2,4660
"1741",539,187,2,4600
"1742",539,188,2,3725
"1743",539,189,2,3559
"1744",539,190,2,3045
"1745",539,191,2,2691
"1746",539,192,2,2502
"1747",539,193,2,2191
"1748",539,194,2,2259
"1749",539,195,2,1901
"1750",539,196,2,1495
"1751",539,197,2,1211
"1752",539,198,2,1062
"1753",540,163,2,1297
"1754",540,164,2,1859
"1755",540,165,2,2491
"1756",540,166,2,2842
"1757",540,167,2,3300
"1758",540,168,2,4113
"1759",540,169,2,4565
"1760",540,170,2,4533
"1761",540,171,2,4863
"1762",540,172,2,5027
"1763",540,173,2,5407
"1764",540,174,2,5607
"1765",540,175,2,5771
"1766",540,176,2,5682
"1767",540,177,2,5778
"1768",540,178,2,5792
"1769",540,179,2,5508
"1770",540,180,2,5187
"1771",540,181,2,5073
"1772",540,182,2,5275
"1773",540,183,2,5527
"1774",540,184,2,5260
"1775",540,185,2,5145
"1776",540,186,2,4228
"1777",540,187,2,3732
"1778",540,188,2,3620
"1779",540,189,2,2998
"1780",540,190,2,2764
"1781",540,191,2,2417
"1782",540,192,2,2069
"1783",540,193,2,1902
"1784",540,194,2,1717
"1785",540,195,2,1505
"1786",540,196,2,1221
"1788",541,163,2,1159
"1789",541,164,2,1604
"1790",541,165,2,2072
"1791",541,166,2,2476
"1792",541,167,2,3061
"1793",541,168,2,3615
"1794",541,169,2,3921
"1795",541,170,2,4222
"1796",541,171,2,4247
"1797",541,172,2,4435
"1798",541,173,2,4579
"1799",541,174,2,4898
"1800",541,175,2,5294
"1801",541,176,2,5037
"1802",541,177,2,5059
"1803",541,178,2,5281
"1804",541,179,2,4891
"1805",541,180,2,4433
"1806",541,181,2,4230
"1807",541,182,2,4357
"1808",541,183,2,4777
"1809",541,184,2,4843
"1810",541,185,2,4491
"1811",541,186,2,3844
"1812",541,187,2,3234
"1813",541,188,2,2948
"1814",541,189,2,2402
"1815",541,190,2,2092
"1816",541,191,2,2053
"1817",541,192,2,1838
"1818",541,193,2,1756
"1819",541,194,2,1567
"1820",541,195,2,1316
"1821",541,196,2,1090
"1822",542,163,2,1041
"1823",542,164,2,1403
"1824",542,165,2,1820
"1825",542,166,2,2412
"1826",542,167,2,3126
"1827",542,168,2,3919
"1828",542,169,2,3844
"1829",542,170,2,3969
"1830",542,171,2,3866
"1831",542,172,2,4347
"1832",542,173,2,4409
"1833",542,174,2,4160
"1834",542,175,2,4351
"1835",542,176,2,4240
"1836",542,177,2,4307
"1837",542,178,2,4688
"1838",542,179,2,4589
"1839",542,180,2,4013
"1840",542,181,2,3605
"1841",542,182,2,3696
"1842",542,183,2,4186
"1843",542,184,2,4844
"1844",542,185,2,4314
"1845",542,186,2,3816
"1846",542,187,2,3233
"1847",542,188,2,2895
"1848",542,189,2,2235
"1849",542,190,2,1633
"1850",542,191,2,1472
"1851",542,192,2,1330
"1852",542,193,2,1376
"1853",542,194,2,1330
"1854",542,195,2,1409
"1855",542,196,2,1006
"1856",543,163,2,1094
"1857",543,164,2,1473
"1858",543,165,2,1906
"1859",543,166,2,2501
"1860",543,167,2,3012
"1861",543,168,2,3309
"1862",543,169,2,3559
"1863",543,170,2,3361
"1864",543,171,2,3378
"1865",543,172,2,3809
"1866",543,173,2,3852
"1867",543,174,2,3615
"1868",543,175,2,3674
"1869",543,176,2,3591
"1870",543,177,2,3749
"1871",543,178,2,4140
"1872",543,179,2,4095
"1873",543,180,2,3587
"1874",543,181,2,3178
"1875",543,182,2,3258
"1876",543,183,2,3692
"1877",543,184,2,4070
"1878",543,185,2,3959
"1879",543,186,2,4363
"1880",543,187,2,3331
"1881",543,188,2,2969
"1882",543,189,2,2114
"1883",543,190,2,1458
"1884",543,191,2,1182
"1885",543,192,2,1275
"1886",543,193,2,1208
"1887",544,163,2,1256
"1888",544,164,2,1716
"1889",544,165,2,2220
"1890",544,166,2,2714
"1891",544,167,2,3406
"1892",544,168,2,3040
"1893",544,169,2,2933
"1894",544,170,2,2841
"1895",544,171,2,3059
"1896",544,172,2,3542
"1897",544,173,2,3577
"1898",544,174,2,3399
"1899",544,175,2,3737
"1900",544,176,2,3418
"1901",544,177,2,3419
"1902",544,178,2,3812
"1903",544,179,2,3777
"1904",544,180,2,3270
"1905",544,181,2,2873
"1906",544,182,2,3006
"1907",544,183,2,3594
"1908",544,184,2,4384
"1909",544,185,2,3744
"1910",544,186,2,3611
"1911",544,187,2,3060
"1912",544,188,2,2605
"1913",544,189,2,2049
"1914",544,190,2,1602
"1915",544,191,2,1307
"1916",544,192,2,1137
"1917",545,162,2,1201
"1918",545,163,2,1554
"1919",545,164,2,1929
"1920",545,165,2,2480
"1921",545,166,2,2697
"1922",545,167,2,2841
"1923",545,168,2,2794
"1924",545,169,2,2588
"1925",545,170,2,2446
"1926",545,171,2,2740
"1927",545,172,2,3051
"1928",545,173,2,2969
"1929",545,174,2,3032
"1930",545,175,2,3249
"1931",545,176,2,3264
"1932",545,177,2,3145
"1933",545,178,2,3517
"1934",545,179,2,3471
"1935",545,180,2,2961
"1936",545,181,2,2585
"1937",545,182,2,2787
"1938",545,183,2,3341
"1939",545,184,2,3534
"1940",545,185,2,3275
"1941",545,186,2,3390
"1942",545,187,2,3246
"1943",545,188,2,2620
"1944",545,189,2,2064
"1945",545,190,2,1611
"1946",545,191,2,1297
"1947",545,192,2,1101
"1948",546,161,2,1010
"1949",546,162,2,1433
"1950",546,163,2,1882
"1951",546,164,2,2051
"1952",546,165,2,2182
"1953",546,166,2,2321
"1954",546,167,2,2564
"1955",546,168,2,3052
"1956",546,169,2,2545
"1957",546,170,2,2310
"1958",546,171,2,2716
"1959",546,172,2,3340
"1960",546,173,2,2889
"1961",546,174,2,2753
"1962",546,175,2,3068
"1963",546,176,2,3105
"1964",546,177,2,2887
"1965",546,178,2,3005
"1966",546,179,2,2934
"1967",546,180,2,2548
"1968",546,181,2,2251
"1969",546,182,2,2415
"1970",546,183,2,2757
"1971",546,184,2,2797
"1972",546,185,2,2694
"1973",546,186,2,2909
"1974",546,187,2,3350
"1975",546,188,2,2583
"1976",546,189,2,1882
"1977",546,190,2,1403
"1978",546,191,2,1071
"1979",547,161,2,1169
"1980",547,162,2,1551
"1981",547,163,2,1906
"1982",547,164,2,1944
"1983",547,165,2,1776
"1984",547,166,2,1847
"1985",547,167,2,2139
"1986",547,168,2,2368
"1987",547,169,2,2191
"1988",547,170,2,2042
"1989",547,171,2,2368
"1990",547,172,2,2686
"1991",547,173,2,2669
"1992",547,174,2,2478
"1993",547,175,2,2661
"1994",547,176,2,2708
"1995",547,177,2,2673
"1996",547,178,2,2997
"1997",547,179,2,2940
"1998",547,180,2,2429
"1999",547,181,2,2100
"2000",547,182,2,2164
"2001",547,183,2,2442
"2002",547,184,2,2838
"2003",547,185,2,2478
"2004",547,186,2,2564
"2005",547,187,2,3053
"2006",547,188,2,2379
"2007",547,189,2,1741
"2008",547,190,2,1245
"2009",548,161,2,1248
"2010",548,162,2,1680
"2011",548,163,2,1776
"2012",548,164,2,1538
"2013",548,165,2,1435
"2014",548,166,2,1478
"2015",548,167,2,1695
"2016",548,168,2,1836
"2017",548,169,2,1776
"2018",548,170,2,1724
"2019",548,171,2,2006
"2020",548,172,2,2413
"2021",548,173,2,2548
"2022",548,174,2,2382
"2023",548,175,2,2729
"2024",548,176,2,2751
"2025",548,177,2,2481
"2026",548,178,2,2636
"2027",548,179,2,2554
"2028",548,180,2,2258
"2029",548,181,2,2107
"2030",548,182,2,2308
"2031",548,183,2,2327
"2032",548,184,2,2365
"2033",548,185,2,2119
"2034",548,186,2,2133
"2035",548,187,2,2308
"2036",548,188,2,2023
"2037",548,189,2,1567
"2038",548,190,2,1151
"2039",549,161,2,1145
"2040",549,162,2,1409
"2041",549,163,2,1447
"2042",549,164,2,1280
"2043",549,165,2,1169
"2044",549,166,2,1271
"2045",549,167,2,1501
"2046",549,168,2,1651
"2047",549,169,2,1586
"2048",549,170,2,1507
"2049",549,171,2,1726
"2050",549,172,2,2155
"2051",549,173,2,2660
"2052",549,174,2,2388
"2053",549,175,2,2498
"2054",549,176,2,2490
"2055",549,177,2,2277
"2056",549,178,2,2438
"2057",549,179,2,2759
"2058",549,180,2,2259
"2059",549,181,2,2040
"2060",549,182,2,2233
"2061",549,183,2,2211
"2062",549,184,2,2203
"2063",549,185,2,1892
"2064",549,186,2,1736
"2065",549,187,2,1792
"2066",549,188,2,1641
"2067",549,189,2,1401
"2068",549,190,2,1096
"2069",550,157,2,1060
"2070",550,162,2,1125
"2071",550,163,2,1134
"2072",550,164,2,1072
"2073",550,165,2,1049
"2074",550,166,2,1258
"2075",550,167,2,1588
"2076",550,168,2,1851
"2077",550,169,2,1657
"2078",550,170,2,1456
"2079",550,171,2,1548
"2080",550,172,2,1875
"2081",550,173,2,2185
"2082",550,174,2,2229
"2083",550,175,2,2385
"2084",550,176,2,2394
"2085",550,177,2,2287
"2086",550,178,2,2261
"2087",550,179,2,2217
"2088",550,180,2,1987
"2089",550,181,2,1818
"2090",550,182,2,1818
"2091",550,183,2,1780
"2092",550,184,2,1956
"2093",550,185,2,1882
"2094",550,186,2,1635
"2095",550,187,2,1686
"2096",550,188,2,1792
"2097",550,189,2,1555
"2098",550,190,2,1200
"2099",551,155,2,1062
"2100",551,156,2,1154
"2101",551,157,2,1356
"2102",551,158,2,1124
"2103",551,160,2,1013
"2104",551,161,2,1098
"2105",551,162,2,1054
"2106",551,164,2,1042
"2107",551,165,2,1087
"2108",551,166,2,1243
"2109",551,167,2,1546
"2110",551,168,2,1798
"2111",551,169,2,1592
"2112",551,170,2,1359
"2113",551,171,2,1347
"2114",551,172,2,1569
"2115",551,173,2,1944
"2116",551,174,2,2344
"2117",551,175,2,2151
"2118",551,176,2,2242
"2119",551,177,2,2153
"2120",551,178,2,2056
"2121",551,179,2,1795
"2122",551,180,2,1722
"2123",551,181,2,1878
"2124",551,182,2,1836
"2125",551,183,2,1549
"2126",551,184,2,1613
"2127",551,185,2,1553
"2128",551,186,2,1521
"2129",551,187,2,1761
"2130",551,188,2,2182
"2131",551,189,2,1745
"2132",551,190,2,1317
"2133",552,154,2,1017
"2134",552,155,2,1263
"2135",552,156,2,1141
"2136",552,157,2,1140
"2137",552,158,2,1085
"2138",552,159,2,1135
"2139",552,160,2,1115
"2140",552,161,2,1303
"2141",552,162,2,1114
"2142",552,163,2,1073
"2143",552,164,2,1204
"2144",552,165,2,1235
"2145",552,166,2,1184
"2146",552,167,2,1307
"2147",552,168,2,1413
"2148",552,169,2,1337
"2149",552,170,2,1198
"2150",552,171,2,1173
"2151",552,172,2,1382
"2152",552,173,2,1697
"2153",552,174,2,1934
"2154",552,175,2,1944
"2155",552,176,2,2056
"2156",552,177,2,1838
"2157",552,178,2,1647
"2158",552,179,2,1470
"2159",552,180,2,1521
"2160",552,181,2,1752
"2161",552,182,2,1721
"2162",552,183,2,1415
"2163",552,184,2,1460
"2164",552,185,2,1768
"2165",552,186,2,1560
"2166",552,187,2,1635
"2167",552,188,2,1826
"2168",552,189,2,1806
"2169",552,190,2,1475
"2170",552,191,2,1103
"2171",553,155,2,1043
"2172",553,156,2,1047
"2173",553,157,2,1039
"2174",553,158,2,1011
"2175",553,159,2,1082
"2176",553,160,2,1010
"2177",553,161,2,1056
"2178",553,162,2,1009
"2179",553,163,2,1095
"2180",553,164,2,1342
"2181",553,165,2,1360
"2182",553,166,2,1157
"2183",553,167,2,1078
"2184",553,168,2,1132
"2185",553,169,2,1157
"2186",553,170,2,1101
"2187",553,171,2,1081
"2188",553,172,2,1261
"2189",553,173,2,1544
"2190",553,174,2,1752
"2191",553,175,2,1689
"2192",553,176,2,1655
"2193",553,177,2,1518
"2194",553,178,2,1315
"2195",553,179,2,1174
"2196",553,180,2,1226
"2197",553,181,2,1338
"2198",553,182,2,1316
"2199",553,183,2,1165
"2200",553,184,2,1245
"2201",553,185,2,1434
"2202",553,186,2,1543
"2203",553,187,2,1652
"2204",553,188,2,1732
"2205",553,189,2,1765
"2206",553,190,2,1508
"2207",553,191,2,1162
"2209",554,164,2,1129
"2210",554,165,2,1150
"2211",554,166,2,1035
"2212",554,167,2,1013
"2213",554,168,2,1162
"2214",554,169,2,1278
"2215",554,170,2,1183
"2216",554,171,2,1094
"2217",554,172,2,1233
"2218",554,173,2,1548
"2219",554,174,2,1909
"2220",554,175,2,1634
"2221",554,176,2,1422
"2222",554,177,2,1411
"2223",554,178,2,1306
"2224",554,179,2,1095
"2225",554,184,2,1075
"2226",554,185,2,1364
"2227",554,186,2,1531
"2228",554,187,2,1605
"2229",554,188,2,1631
"2230",554,189,2,1524
"2231",554,190,2,1555
"2232",554,191,2,1277
"2234",555,168,2,1213
"2235",555,169,2,1510
"2236",555,170,2,1252
"2237",555,171,2,1080
"2238",555,172,2,1136
"2239",555,173,2,1365
"2240",555,174,2,1547
"2241",555,175,2,1454
"2242",555,176,2,1341
"2243",555,177,2,1449
"2244",555,178,2,1372
"2245",555,179,2,1067
"2246",555,185,2,1221
"2247",555,186,2,1503
"2248",555,187,2,1445
"2249",555,188,2,1375
"2250",555,189,2,1384
"2251",555,190,2,1474
"2252",555,191,2,1242
"2254",556,168,2,1062
"2255",556,169,2,1202
"2256",556,170,2,1103
"2257",556,173,2,1168
"2258",556,174,2,1352
"2259",556,175,2,1344
"2260",556,176,2,1213
"2261",556,177,2,1236
"2262",556,178,2,1159
"2263",556,185,2,1111
"2264",556,186,2,1438
"2265",556,187,2,1464
"2266",556,188,2,1228
"2267",556,189,2,1134
"2268",556,190,2,1141
"2269",556,191,2,1039
"2270",557,173,2,1135
"2271",557,174,2,1402
"2272",557,175,2,1404
"2273",557,176,2,1162
"2274",557,177,2,1019
"2275",557,186,2,1180
"2276",557,187,2,1190
"2277",557,188,2,1022
"2278",558,173,2,1089
"2279",558,174,2,1349
"2280",558,175,2,1348
"2281",558,176,2,1096
"2284",559,173,2,1041
"2285",559,174,2,1218
"2286",559,175,2,1211
"2287",559,176,2,1038
"2291",560,173,2,1093
"2292",560,174,2,1306
"2293",560,175,2,1279
"2294",560,176,2,1082
"2295",560,177,2,1018
"2296",561,173,2,1178
"2297",561,174,2,1399
"2298",561,175,2,1230
"2299",561,176,2,1102
"2300",561,177,2,1132
"2301",561,178,2,1049
"2302",562,173,2,1154
"2303",562,174,2,1250
"2304",562,175,2,1171
"2305",562,176,2,1123
"2306",562,177,2,1048
"2307",563,172,2,1001
"2308",563,173,2,1124
"2309",563,174,2,1187
"2310",563,175,2,1182
"2311",563,176,2,1218
"2312",564,172,2,1019
"2313",564,173,2,1160
"2314",564,174,2,1245
"2315",564,175,2,1133
"2316",564,176,2,1030
"2317",565,173,2,1102
"2318",565,174,2,1172
"2319",565,175,2,1032
