"","long","lat","cluster_id","add.data"
"1",494,176,1,1006
"2",494,177,1,1009
"4",495,175,1,1077
"5",495,176,1,1202
"6",495,177,1,1208
"7",495,178,1,1111
"8",495,179,1,1022
"9",496,175,1,1161
"10",496,176,1,1341
"11",496,177,1,1364
"12",496,178,1,1255
"13",496,179,1,1174
"14",496,180,1,1084
"15",497,174,1,1006
"16",497,175,1,1167
"17",497,176,1,1319
"18",497,177,1,1391
"19",497,178,1,1303
"20",497,179,1,1316
"21",497,180,1,1224
"22",498,174,1,1082
"23",498,175,1,1203
"24",498,176,1,1352
"25",498,177,1,1371
"26",498,178,1,1264
"27",498,179,1,1309
"28",498,180,1,1229
"29",499,167,1,1139
"30",499,168,1,1182
"31",499,169,1,1097
"32",499,170,1,1136
"33",499,171,1,1138
"34",499,172,1,1080
"35",499,173,1,1091
"36",499,174,1,1189
"37",499,175,1,1293
"38",499,176,1,1244
"39",499,177,1,1224
"40",499,178,1,1176
"41",499,179,1,1200
"42",499,180,1,1135
"45",500,167,1,1173
"46",500,168,1,1229
"47",500,169,1,1199
"48",500,170,1,1368
"49",500,171,1,1384
"50",500,172,1,1252
"51",500,173,1,1276
"52",500,174,1,1268
"53",500,175,1,1279
"54",500,176,1,1167
"55",500,177,1,1094
"56",500,178,1,1175
"57",500,179,1,1293
"58",500,180,1,1253
"59",500,181,1,1038
"61",501,167,1,1064
"62",501,168,1,1118
"63",501,169,1,1215
"64",501,170,1,1417
"65",501,171,1,1457
"66",501,172,1,1330
"67",501,173,1,1416
"68",501,174,1,1369
"69",501,175,1,1157
"70",501,176,1,1042
"71",501,177,1,1024
"72",501,178,1,1192
"73",501,179,1,1421
"74",501,180,1,1401
"75",501,181,1,1115
"76",501,195,1,1050
"77",501,196,1,1077
"78",502,166,1,1051
"79",502,167,1,1056
"80",502,168,1,1046
"81",502,169,1,1164
"82",502,170,1,1340
"83",502,171,1,1451
"84",502,172,1,1357
"85",502,173,1,1320
"86",502,174,1,1229
"87",502,175,1,1055
"88",502,178,1,1165
"89",502,179,1,1364
"90",502,180,1,1356
"91",502,181,1,1132
"92",502,195,1,1206
"93",502,196,1,1196
"94",503,160,1,1037
"95",503,161,1,1066
"96",503,165,1,1133
"97",503,166,1,1257
"98",503,167,1,1164
"99",503,168,1,1089
"100",503,169,1,1223
"101",503,170,1,1487
"102",503,171,1,1690
"103",503,172,1,1511
"104",503,173,1,1249
"105",503,174,1,1079
"106",503,178,1,1235
"107",503,179,1,1524
"108",503,180,1,1527
"109",503,181,1,1240
"110",503,187,1,1092
"111",503,194,1,1065
"112",503,195,1,1157
"113",503,196,1,1095
"114",504,160,1,1045
"115",504,161,1,1114
"116",504,162,1,1070
"117",504,163,1,1071
"118",504,164,1,1194
"119",504,165,1,1252
"120",504,166,1,1320
"121",504,167,1,1204
"122",504,168,1,1117
"123",504,169,1,1249
"124",504,170,1,1527
"125",504,171,1,1755
"126",504,172,1,1583
"127",504,173,1,1286
"128",504,174,1,1028
"129",504,177,1,1024
"130",504,178,1,1277
"131",504,179,1,1525
"132",504,180,1,1537
"133",504,181,1,1318
"134",504,182,1,1152
"135",504,183,1,1139
"136",504,184,1,1093
"137",504,186,1,1029
"138",504,187,1,1121
"139",504,193,1,1156
"140",504,194,1,1311
"141",504,195,1,1216
"142",504,196,1,1006
"143",505,161,1,1082
"144",505,162,1,1241
"145",505,163,1,1247
"146",505,164,1,1380
"147",505,165,1,1396
"148",505,166,1,1266
"149",505,167,1,1200
"150",505,168,1,1147
"151",505,169,1,1249
"152",505,170,1,1497
"153",505,171,1,1760
"154",505,172,1,1720
"155",505,173,1,1420
"156",505,174,1,1120
"157",505,177,1,1127
"158",505,178,1,1449
"159",505,179,1,1792
"160",505,180,1,1806
"161",505,181,1,1506
"162",505,182,1,1305
"163",505,183,1,1369
"164",505,184,1,1342
"165",505,185,1,1158
"166",505,186,1,1051
"167",505,187,1,1004
"168",505,192,1,1064
"169",505,193,1,1337
"170",505,194,1,1621
"171",505,195,1,1330
"172",505,196,1,1044
"173",506,161,1,1057
"174",506,162,1,1301
"175",506,163,1,1384
"176",506,164,1,1365
"177",506,165,1,1355
"178",506,166,1,1341
"179",506,167,1,1410
"180",506,168,1,1359
"181",506,169,1,1364
"182",506,170,1,1610
"183",506,171,1,1946
"184",506,172,1,1929
"185",506,173,1,1550
"186",506,174,1,1219
"187",506,175,1,1019
"188",506,176,1,1004
"189",506,177,1,1194
"190",506,178,1,1517
"191",506,179,1,1853
"192",506,180,1,1861
"193",506,181,1,1561
"194",506,182,1,1339
"195",506,183,1,1366
"196",506,184,1,1420
"197",506,185,1,1432
"198",506,186,1,1316
"199",506,187,1,1106
"200",506,190,1,1005
"201",506,191,1,1118
"202",506,192,1,1201
"203",506,193,1,1366
"204",506,194,1,1446
"205",506,195,1,1297
"206",506,196,1,1085
"207",507,162,1,1288
"208",507,163,1,1619
"209",507,164,1,1450
"210",507,165,1,1364
"211",507,166,1,1546
"212",507,167,1,1732
"213",507,168,1,1609
"214",507,169,1,1587
"215",507,170,1,1651
"216",507,171,1,1817
"217",507,172,1,1809
"218",507,173,1,1596
"219",507,174,1,1341
"220",507,175,1,1179
"221",507,176,1,1114
"222",507,177,1,1271
"223",507,178,1,1535
"224",507,179,1,1749
"225",507,180,1,1728
"226",507,181,1,1512
"227",507,182,1,1323
"228",507,183,1,1408
"229",507,184,1,1657
"230",507,185,1,1729
"231",507,186,1,1667
"232",507,187,1,1401
"233",507,188,1,1181
"234",507,189,1,1144
"235",507,190,1,1328
"236",507,191,1,1484
"237",507,192,1,1495
"238",507,193,1,1600
"239",507,194,1,1497
"240",507,195,1,1466
"241",507,196,1,1218
"244",508,154,1,1072
"245",508,162,1,1169
"246",508,163,1,1396
"247",508,164,1,1419
"248",508,165,1,1432
"249",508,166,1,1599
"250",508,167,1,1797
"251",508,168,1,1760
"252",508,169,1,1931
"253",508,170,1,1889
"254",508,171,1,1800
"255",508,172,1,1814
"256",508,173,1,1864
"257",508,174,1,1694
"258",508,175,1,1475
"259",508,176,1,1379
"260",508,177,1,1551
"261",508,178,1,1847
"262",508,179,1,2034
"263",508,180,1,1904
"264",508,181,1,1601
"265",508,182,1,1341
"266",508,183,1,1364
"267",508,184,1,1551
"268",508,185,1,1773
"269",508,186,1,1813
"270",508,187,1,1728
"271",508,188,1,1438
"272",508,189,1,1407
"273",508,190,1,1671
"274",508,191,1,1921
"275",508,192,1,1750
"276",508,193,1,1951
"277",508,194,1,1622
"278",508,195,1,1527
"279",508,196,1,1301
"280",508,197,1,1115
"283",509,154,1,1124
"284",509,155,1,1091
"285",509,156,1,1027
"286",509,162,1,1039
"287",509,163,1,1319
"288",509,164,1,1554
"289",509,165,1,1604
"290",509,166,1,1537
"291",509,167,1,1627
"292",509,168,1,1852
"293",509,169,1,2172
"294",509,170,1,2276
"295",509,171,1,2150
"296",509,172,1,2259
"297",509,173,1,2409
"298",509,174,1,2169
"299",509,175,1,1856
"300",509,176,1,1727
"301",509,177,1,1861
"302",509,178,1,2236
"303",509,179,1,2547
"304",509,180,1,2243
"305",509,181,1,1782
"306",509,182,1,1416
"307",509,183,1,1318
"308",509,184,1,1484
"309",509,185,1,1761
"310",509,186,1,2112
"311",509,187,1,2144
"312",509,188,1,1799
"313",509,189,1,1753
"314",509,190,1,1923
"315",509,191,1,2021
"316",509,192,1,1801
"317",509,193,1,1689
"318",509,194,1,1536
"319",509,195,1,1474
"320",509,196,1,1555
"321",509,197,1,1326
"322",509,198,1,1144
"323",510,154,1,1026
"324",510,155,1,1225
"325",510,156,1,1189
"326",510,162,1,1015
"327",510,163,1,1351
"328",510,164,1,1729
"329",510,165,1,1801
"330",510,166,1,1594
"331",510,167,1,1552
"332",510,168,1,1859
"333",510,169,1,2294
"334",510,170,1,2714
"335",510,171,1,2431
"336",510,172,1,2588
"337",510,173,1,3044
"338",510,174,1,2557
"339",510,175,1,2259
"340",510,176,1,2158
"341",510,177,1,2115
"342",510,178,1,2430
"343",510,179,1,2740
"344",510,180,1,2451
"345",510,181,1,1956
"346",510,182,1,1523
"347",510,183,1,1432
"348",510,184,1,1649
"349",510,185,1,1981
"350",510,186,1,2244
"351",510,187,1,2479
"352",510,188,1,2220
"353",510,189,1,2105
"354",510,190,1,2312
"355",510,191,1,1991
"356",510,192,1,1682
"357",510,193,1,1508
"358",510,194,1,1490
"359",510,195,1,1575
"360",510,196,1,1542
"361",510,197,1,1585
"362",510,198,1,1375
"363",510,199,1,1155
"364",511,154,1,1003
"365",511,155,1,1161
"366",511,156,1,1120
"367",511,163,1,1293
"368",511,164,1,1628
"369",511,165,1,1873
"370",511,166,1,1729
"371",511,167,1,1642
"372",511,168,1,1870
"373",511,169,1,2244
"374",511,170,1,2478
"375",511,171,1,2419
"376",511,172,1,2553
"377",511,173,1,2741
"378",511,174,1,2625
"379",511,175,1,2700
"380",511,176,1,2645
"381",511,177,1,2426
"382",511,178,1,2570
"383",511,179,1,2955
"384",511,180,1,2873
"385",511,181,1,2353
"386",511,182,1,1825
"387",511,183,1,1637
"388",511,184,1,1734
"389",511,185,1,2063
"390",511,186,1,2233
"391",511,187,1,2655
"392",511,188,1,2502
"393",511,189,1,2505
"394",511,190,1,2297
"395",511,191,1,2066
"396",511,192,1,1813
"397",511,193,1,1545
"398",511,194,1,1628
"399",511,195,1,1783
"400",511,196,1,1743
"401",511,197,1,1647
"402",511,198,1,1608
"403",511,199,1,1260
"404",511,200,1,1007
"405",512,154,1,1104
"406",512,155,1,1293
"407",512,156,1,1154
"408",512,161,1,1007
"409",512,162,1,1075
"410",512,163,1,1312
"411",512,164,1,1652
"412",512,165,1,1940
"413",512,166,1,1887
"414",512,167,1,1845
"415",512,168,1,2189
"416",512,169,1,2600
"417",512,170,1,2727
"418",512,171,1,2610
"419",512,172,1,2766
"420",512,173,1,2922
"421",512,174,1,2840
"422",512,175,1,2963
"423",512,176,1,2932
"424",512,177,1,2724
"425",512,178,1,2914
"426",512,179,1,3403
"427",512,180,1,3361
"428",512,181,1,2701
"429",512,182,1,2157
"430",512,183,1,1978
"431",512,184,1,2099
"432",512,185,1,2157
"433",512,186,1,2568
"434",512,187,1,3029
"435",512,188,1,2924
"436",512,189,1,3177
"437",512,190,1,2662
"438",512,191,1,2523
"439",512,192,1,2082
"440",512,193,1,1633
"441",512,194,1,1620
"442",512,195,1,1744
"443",512,196,1,1547
"444",512,197,1,1361
"445",512,198,1,1316
"446",512,199,1,1154
"447",512,200,1,1009
"448",512,201,1,1035
"449",512,202,1,1009
"450",513,154,1,1110
"451",513,155,1,1295
"452",513,156,1,1171
"453",513,160,1,1191
"454",513,161,1,1257
"455",513,162,1,1244
"456",513,163,1,1518
"457",513,164,1,1738
"458",513,165,1,2120
"459",513,166,1,2230
"460",513,167,1,2203
"461",513,168,1,2511
"462",513,169,1,3022
"463",513,170,1,3159
"464",513,171,1,3019
"465",513,172,1,3313
"466",513,173,1,3564
"467",513,174,1,3443
"468",513,175,1,3422
"469",513,176,1,3396
"470",513,177,1,3252
"471",513,178,1,3120
"472",513,179,1,3378
"473",513,180,1,3377
"474",513,181,1,2978
"475",513,182,1,2663
"476",513,183,1,2563
"477",513,184,1,2551
"478",513,185,1,2538
"479",513,186,1,2892
"480",513,187,1,3282
"481",513,188,1,3516
"482",513,189,1,3061
"483",513,190,1,2903
"484",513,191,1,2603
"485",513,192,1,2097
"486",513,193,1,1618
"487",513,194,1,1406
"488",513,195,1,1382
"489",513,196,1,1260
"490",513,197,1,1099
"491",513,198,1,1066
"492",513,199,1,1023
"493",513,200,1,1034
"494",513,201,1,1163
"495",513,202,1,1157
"496",513,203,1,1012
"497",513,204,1,1029
"499",514,154,1,1014
"500",514,155,1,1144
"501",514,156,1,1154
"502",514,157,1,1116
"503",514,158,1,1022
"504",514,159,1,1096
"505",514,160,1,1277
"506",514,161,1,1341
"507",514,162,1,1491
"508",514,163,1,1857
"509",514,164,1,2004
"510",514,165,1,2498
"511",514,166,1,2653
"512",514,167,1,2630
"513",514,168,1,2745
"514",514,169,1,3021
"515",514,170,1,3267
"516",514,171,1,3711
"517",514,172,1,3907
"518",514,173,1,3989
"519",514,174,1,3796
"520",514,175,1,3756
"521",514,176,1,3789
"522",514,177,1,3754
"523",514,178,1,3541
"524",514,179,1,3858
"525",514,180,1,4096
"526",514,181,1,3762
"527",514,182,1,3463
"528",514,183,1,3367
"529",514,184,1,3253
"530",514,185,1,3022
"531",514,186,1,3539
"532",514,187,1,3531
"533",514,188,1,3547
"534",514,189,1,3247
"535",514,190,1,2948
"536",514,191,1,2404
"537",514,192,1,1845
"538",514,193,1,1431
"539",514,194,1,1170
"540",514,195,1,1092
"541",514,196,1,1019
"542",514,199,1,1046
"543",514,200,1,1046
"544",514,201,1,1097
"545",514,202,1,1081
"546",514,203,1,1067
"547",514,204,1,1211
"548",514,205,1,1101
"549",514,206,1,1192
"550",514,207,1,1020
"553",515,155,1,1183
"554",515,156,1,1384
"555",515,157,1,1402
"556",515,158,1,1258
"557",515,159,1,1196
"558",515,160,1,1220
"559",515,161,1,1247
"560",515,162,1,1515
"561",515,163,1,1884
"562",515,164,1,2125
"563",515,165,1,2723
"564",515,166,1,2868
"565",515,167,1,2999
"566",515,168,1,3189
"567",515,169,1,3204
"568",515,170,1,3736
"569",515,171,1,3994
"570",515,172,1,4635
"571",515,173,1,4599
"572",515,174,1,4253
"573",515,175,1,3943
"574",515,176,1,4169
"575",515,177,1,3904
"576",515,178,1,4171
"577",515,179,1,4485
"578",515,180,1,5133
"579",515,181,1,4598
"580",515,182,1,4116
"581",515,183,1,3897
"582",515,184,1,3644
"583",515,185,1,3787
"584",515,186,1,3471
"585",515,187,1,3934
"586",515,188,1,3946
"587",515,189,1,3771
"588",515,190,1,2920
"589",515,191,1,2162
"590",515,192,1,1671
"591",515,193,1,1338
"592",515,194,1,1102
"593",515,198,1,1084
"594",515,199,1,1242
"595",515,200,1,1244
"596",515,201,1,1095
"597",515,204,1,1030
"598",515,205,1,1029
"599",515,206,1,1150
"600",515,207,1,1095
"604",516,155,1,1245
"605",516,156,1,1590
"606",516,157,1,1669
"607",516,158,1,1517
"608",516,159,1,1492
"609",516,160,1,1342
"610",516,161,1,1282
"611",516,162,1,1428
"612",516,163,1,1662
"613",516,164,1,1962
"614",516,165,1,2392
"615",516,166,1,2737
"616",516,167,1,3000
"617",516,168,1,3204
"618",516,169,1,3657
"619",516,170,1,3875
"620",516,171,1,3991
"621",516,172,1,4232
"622",516,173,1,4724
"623",516,174,1,4727
"624",516,175,1,4223
"625",516,176,1,4244
"626",516,177,1,4281
"627",516,178,1,4750
"628",516,179,1,5092
"629",516,180,1,5740
"630",516,181,1,4977
"631",516,182,1,4274
"632",516,183,1,4155
"633",516,184,1,3780
"634",516,185,1,3797
"635",516,186,1,3828
"636",516,187,1,4056
"637",516,188,1,4169
"638",516,189,1,3338
"639",516,190,1,2655
"640",516,191,1,2073
"641",516,192,1,1801
"642",516,193,1,1462
"643",516,194,1,1201
"644",516,195,1,1112
"645",516,196,1,1133
"646",516,197,1,1090
"647",516,198,1,1201
"648",516,199,1,1425
"649",516,200,1,1402
"650",516,201,1,1114
"653",517,155,1,1143
"654",517,156,1,1430
"655",517,157,1,1607
"656",517,158,1,1861
"657",517,159,1,1867
"658",517,160,1,1609
"659",517,161,1,1505
"660",517,162,1,1656
"661",517,163,1,1913
"662",517,164,1,2019
"663",517,165,1,2301
"664",517,166,1,2949
"665",517,167,1,3496
"666",517,168,1,3686
"667",517,169,1,4316
"668",517,170,1,3850
"669",517,171,1,3675
"670",517,172,1,4044
"671",517,173,1,4709
"672",517,174,1,5044
"673",517,175,1,5149
"674",517,176,1,4617
"675",517,177,1,4660
"676",517,178,1,4940
"677",517,179,1,5839
"678",517,180,1,5820
"679",517,181,1,5590
"680",517,182,1,4740
"681",517,183,1,4520
"682",517,184,1,4350
"683",517,185,1,4679
"684",517,186,1,4571
"685",517,187,1,4281
"686",517,188,1,3650
"687",517,189,1,3042
"688",517,190,1,2483
"689",517,191,1,2316
"690",517,192,1,2168
"691",517,193,1,1652
"692",517,194,1,1363
"693",517,195,1,1391
"694",517,196,1,1478
"695",517,197,1,1370
"696",517,198,1,1229
"697",517,199,1,1270
"698",517,200,1,1206
"699",518,156,1,1199
"700",518,157,1,1515
"701",518,158,1,1877
"702",518,159,1,1974
"703",518,160,1,1832
"704",518,161,1,1787
"705",518,162,1,1879
"706",518,163,1,2099
"707",518,164,1,2289
"708",518,165,1,2473
"709",518,166,1,3047
"710",518,167,1,3628
"711",518,168,1,3803
"712",518,169,1,4194
"713",518,170,1,3811
"714",518,171,1,3461
"715",518,172,1,3713
"716",518,173,1,4354
"717",518,174,1,5207
"718",518,175,1,5521
"719",518,176,1,5675
"720",518,177,1,5151
"721",518,178,1,5404
"722",518,179,1,5876
"723",518,180,1,6183
"724",518,181,1,5871
"725",518,182,1,5427
"726",518,183,1,5095
"727",518,184,1,5409
"728",518,185,1,4714
"729",518,186,1,4381
"730",518,187,1,4106
"731",518,188,1,3444
"732",518,189,1,2970
"733",518,190,1,2632
"734",518,191,1,2384
"735",518,192,1,2001
"736",518,193,1,1682
"737",518,194,1,1471
"738",518,195,1,1682
"739",518,196,1,1905
"740",518,197,1,1626
"741",518,198,1,1279
"742",518,199,1,1067
"743",519,156,1,1035
"744",519,157,1,1317
"745",519,158,1,1626
"746",519,159,1,1883
"747",519,160,1,2230
"748",519,161,1,2287
"749",519,162,1,2147
"750",519,163,1,2245
"751",519,164,1,2422
"752",519,165,1,2914
"753",519,166,1,3178
"754",519,167,1,3818
"755",519,168,1,4185
"756",519,169,1,4634
"757",519,170,1,3925
"758",519,171,1,3421
"759",519,172,1,3476
"760",519,173,1,4130
"761",519,174,1,4962
"762",519,175,1,5618
"763",519,176,1,5926
"764",519,177,1,5644
"765",519,178,1,6635
"766",519,179,1,6945
"767",519,180,1,6523
"768",519,181,1,6319
"769",519,182,1,5800
"770",519,183,1,6173
"771",519,184,1,5890
"772",519,185,1,4681
"773",519,186,1,4874
"774",519,187,1,3927
"775",519,188,1,3714
"776",519,189,1,3031
"777",519,190,1,2767
"778",519,191,1,2515
"779",519,192,1,2315
"780",519,193,1,1846
"781",519,194,1,1569
"782",519,195,1,1726
"783",519,196,1,1917
"784",519,197,1,1615
"785",519,198,1,1224
"786",520,157,1,1170
"787",520,158,1,1453
"788",520,159,1,2013
"789",520,160,1,2597
"790",520,161,1,2766
"791",520,162,1,2741
"792",520,163,1,2631
"793",520,164,1,2853
"794",520,165,1,3317
"795",520,166,1,3710
"796",520,167,1,3959
"797",520,168,1,4415
"798",520,169,1,4288
"799",520,170,1,3885
"800",520,171,1,3464
"801",520,172,1,3460
"802",520,173,1,4137
"803",520,174,1,5008
"804",520,175,1,5874
"805",520,176,1,5984
"806",520,177,1,6122
"807",520,178,1,7264
"808",520,179,1,7021
"809",520,180,1,7103
"810",520,181,1,6754
"811",520,182,1,6323
"812",520,183,1,6950
"813",520,184,1,6063
"814",520,185,1,5014
"815",520,186,1,4381
"816",520,187,1,3846
"817",520,188,1,3638
"818",520,189,1,3169
"819",520,190,1,2972
"820",520,191,1,2859
"821",520,192,1,2524
"822",520,193,1,2029
"823",520,194,1,1582
"824",520,195,1,1523
"825",520,196,1,1523
"826",520,197,1,1340
"827",520,198,1,1064
"828",521,156,1,1101
"829",521,157,1,1274
"830",521,158,1,1521
"831",521,159,1,1979
"832",521,160,1,2487
"833",521,161,1,2856
"834",521,162,1,3372
"835",521,163,1,3164
"836",521,164,1,3298
"837",521,165,1,3786
"838",521,166,1,4084
"839",521,167,1,4457
"840",521,168,1,5254
"841",521,169,1,4704
"842",521,170,1,4322
"843",521,171,1,3927
"844",521,172,1,3986
"845",521,173,1,4629
"846",521,174,1,5516
"847",521,175,1,6252
"848",521,176,1,6423
"849",521,177,1,6482
"850",521,178,1,7387
"851",521,179,1,7383
"852",521,180,1,6848
"853",521,181,1,6655
"854",521,182,1,6873
"855",521,183,1,7106
"856",521,184,1,6277
"857",521,185,1,5714
"858",521,186,1,4708
"859",521,187,1,4337
"860",521,188,1,4507
"861",521,189,1,3624
"862",521,190,1,3241
"863",521,191,1,3207
"864",521,192,1,3015
"865",521,193,1,2286
"866",521,194,1,1702
"867",521,195,1,1343
"868",521,196,1,1226
"869",521,197,1,1088
"870",522,155,1,1186
"871",522,156,1,1314
"872",522,157,1,1432
"873",522,158,1,1661
"874",522,159,1,2188
"875",522,160,1,2516
"876",522,161,1,2913
"877",522,162,1,3091
"878",522,163,1,3211
"879",522,164,1,3374
"880",522,165,1,3835
"881",522,166,1,4128
"882",522,167,1,4857
"883",522,168,1,4880
"884",522,169,1,5450
"885",522,170,1,5005
"886",522,171,1,4614
"887",522,172,1,4825
"888",522,173,1,5290
"889",522,174,1,5949
"890",522,175,1,6538
"891",522,176,1,6585
"892",522,177,1,7272
"893",522,178,1,8210
"894",522,179,1,7800
"895",522,180,1,7482
"896",522,181,1,7094
"897",522,182,1,7501
"898",522,183,1,7443
"899",522,184,1,6556
"900",522,185,1,5867
"901",522,186,1,5094
"902",522,187,1,4520
"903",522,188,1,4449
"904",522,189,1,3652
"905",522,190,1,3037
"906",522,191,1,2864
"907",522,192,1,2646
"908",522,193,1,2128
"909",522,194,1,1629
"910",522,195,1,1300
"911",522,196,1,1157
"912",522,197,1,1029
"913",523,155,1,1243
"914",523,156,1,1378
"915",523,157,1,1411
"916",523,158,1,1641
"917",523,159,1,2233
"918",523,160,1,2555
"919",523,161,1,2747
"920",523,162,1,2924
"921",523,163,1,3180
"922",523,164,1,3190
"923",523,165,1,3431
"924",523,166,1,3821
"925",523,167,1,4359
"926",523,168,1,4980
"927",523,169,1,5643
"928",523,170,1,5476
"929",523,171,1,5562
"930",523,172,1,5811
"931",523,173,1,6329
"932",523,174,1,6895
"933",523,175,1,7146
"934",523,176,1,7356
"935",523,177,1,7897
"936",523,178,1,8725
"937",523,179,1,8408
"938",523,180,1,8328
"939",523,181,1,8211
"940",523,182,1,8159
"941",523,183,1,7917
"942",523,184,1,7246
"943",523,185,1,6631
"944",523,186,1,6060
"945",523,187,1,4916
"946",523,188,1,4295
"947",523,189,1,3538
"948",523,190,1,2924
"949",523,191,1,2797
"950",523,192,1,2388
"951",523,193,1,1918
"952",523,194,1,1555
"953",523,195,1,1454
"954",523,196,1,1362
"955",523,197,1,1215
"956",523,198,1,1067
"957",523,200,1,1013
"958",523,201,1,1042
"959",524,155,1,1230
"960",524,156,1,1478
"961",524,157,1,1487
"962",524,158,1,1731
"963",524,159,1,2287
"964",524,160,1,2945
"965",524,161,1,2852
"966",524,162,1,3154
"967",524,163,1,3728
"968",524,164,1,3658
"969",524,165,1,3561
"970",524,166,1,3782
"971",524,167,1,4252
"972",524,168,1,5079
"973",524,169,1,5891
"974",524,170,1,6402
"975",524,171,1,6504
"976",524,172,1,6697
"977",524,173,1,7444
"978",524,174,1,7545
"979",524,175,1,7825
"980",524,176,1,8221
"981",524,177,1,8679
"982",524,178,1,9491
"983",524,179,1,9487
"984",524,180,1,9509
"985",524,181,1,9403
"986",524,182,1,9255
"987",524,183,1,8868
"988",524,184,1,8219
"989",524,185,1,7187
"990",524,186,1,6395
"991",524,187,1,5215
"992",524,188,1,4405
"993",524,189,1,3486
"994",524,190,1,3007
"995",524,191,1,2694
"996",524,192,1,2276
"997",524,193,1,1970
"998",524,194,1,1740
"999",524,195,1,1804
"1000",524,196,1,1757
"1001",524,197,1,1500
"1002",524,198,1,1371
"1003",524,199,1,1192
"1004",524,200,1,1250
"1005",524,201,1,1342
"1006",524,202,1,1157
"1007",524,203,1,1051
"1008",525,155,1,1202
"1009",525,156,1,1458
"1010",525,157,1,1490
"1011",525,158,1,1655
"1012",525,159,1,2107
"1013",525,160,1,2547
"1014",525,161,1,3088
"1015",525,162,1,3342
"1016",525,163,1,3680
"1017",525,164,1,3854
"1018",525,165,1,4082
"1019",525,166,1,4084
"1020",525,167,1,4431
"1021",525,168,1,5100
"1022",525,169,1,5612
"1023",525,170,1,6331
"1024",525,171,1,6727
"1025",525,172,1,7164
"1026",525,173,1,7651
"1027",525,174,1,8198
"1028",525,175,1,8476
"1029",525,176,1,8895
"1030",525,177,1,9549
"1031",525,178,1,10410
"1032",525,179,1,10772
"1033",525,180,1,10786
"1034",525,181,1,10680
"1035",525,182,1,10443
"1036",525,183,1,10092
"1037",525,184,1,9203
"1038",525,185,1,8184
"1039",525,186,1,6744
"1040",525,187,1,5839
"1041",525,188,1,4686
"1042",525,189,1,3715
"1043",525,190,1,3475
"1044",525,191,1,3045
"1045",525,192,1,2722
"1046",525,193,1,2232
"1047",525,194,1,2202
"1048",525,195,1,2080
"1049",525,196,1,2026
"1050",525,197,1,1835
"1051",525,198,1,1701
"1052",525,199,1,1406
"1053",525,200,1,1319
"1054",525,201,1,1368
"1055",525,202,1,1153
"1056",526,155,1,1081
"1057",526,156,1,1280
"1058",526,157,1,1536
"1059",526,158,1,1811
"1060",526,159,1,1960
"1061",526,160,1,2297
"1062",526,161,1,2752
"1063",526,162,1,3111
"1064",526,163,1,3690
"1065",526,164,1,3841
"1066",526,165,1,3866
"1067",526,166,1,4046
"1068",526,167,1,4396
"1069",526,168,1,4817
"1070",526,169,1,5620
"1071",526,170,1,6427
"1072",526,171,1,6875
"1073",526,172,1,7535
"1074",526,173,1,7933
"1075",526,174,1,8458
"1076",526,175,1,9189
"1077",526,176,1,9449
"1078",526,177,1,10325
"1079",526,178,1,11331
"1080",526,179,1,11741
"1081",526,180,1,8368
"1082",526,181,1,8303
"1083",526,182,1,8163
"1084",526,183,1,11070
"1085",526,184,1,10161
"1086",526,185,1,9025
"1087",526,186,1,7532
"1088",526,187,1,6109
"1089",526,188,1,5002
"1090",526,189,1,4133
"1091",526,190,1,3258
"1092",526,191,1,2839
"1093",526,192,1,2574
"1094",526,193,1,2417
"1095",526,194,1,2395
"1096",526,195,1,2313
"1097",526,196,1,2218
"1098",526,197,1,1925
"1099",526,198,1,1737
"1100",526,199,1,1400
"1101",526,200,1,1187
"1102",526,201,1,1125
"1103",527,150,1,1122
"1104",527,151,1,1075
"1105",527,152,1,1053
"1106",527,153,1,1096
"1107",527,154,1,1052
"1108",527,155,1,1040
"1109",527,156,1,1265
"1110",527,157,1,1665
"1111",527,158,1,2158
"1112",527,159,1,2102
"1113",527,160,1,2159
"1114",527,161,1,2471
"1115",527,162,1,3090
"1116",527,163,1,3868
"1117",527,164,1,4041
"1118",527,165,1,4222
"1119",527,166,1,4406
"1120",527,167,1,4942
"1121",527,168,1,5108
"1122",527,169,1,5868
"1123",527,170,1,6676
"1124",527,171,1,7312
"1125",527,172,1,7839
"1126",527,173,1,8726
"1127",527,174,1,8553
"1128",527,175,1,9405
"1129",527,176,1,10084
"1130",527,177,1,11221
"1131",527,178,1,12214
"1132",527,179,1,9183
"1133",527,180,1,9463
"1134",527,181,1,9546
"1135",527,182,1,9207
"1136",527,183,1,8568
"1137",527,184,1,7732
"1138",527,185,1,9905
"1139",527,186,1,8418
"1140",527,187,1,6723
"1141",527,188,1,5347
"1142",527,189,1,4353
"1143",527,190,1,3526
"1144",527,191,1,3074
"1145",527,192,1,2832
"1146",527,193,1,2438
"1147",527,194,1,2456
"1148",527,195,1,2356
"1149",527,196,1,2223
"1150",527,197,1,1860
"1151",527,198,1,1509
"1152",527,199,1,1249
"1153",527,200,1,1037
"1154",528,150,1,1141
"1155",528,151,1,1122
"1156",528,152,1,1223
"1157",528,153,1,1364
"1158",528,154,1,1213
"1159",528,155,1,1093
"1160",528,156,1,1250
"1161",528,157,1,1625
"1162",528,158,1,2043
"1163",528,159,1,2473
"1164",528,160,1,2263
"1165",528,161,1,2302
"1166",528,162,1,2877
"1167",528,163,1,3558
"1168",528,164,1,3912
"1169",528,165,1,4579
"1170",528,166,1,4888
"1171",528,167,1,5862
"1172",528,168,1,5531
"1173",528,169,1,6150
"1174",528,170,1,6903
"1175",528,171,1,7190
"1176",528,172,1,7981
"1177",528,173,1,8369
"1178",528,174,1,8629
"1179",528,175,1,9393
"1180",528,176,1,10647
"1181",528,177,1,11790
"1182",528,178,1,9292
"1183",528,179,1,10218
"1184",528,180,1,11010
"1185",528,181,1,11225
"1186",528,182,1,10701
"1187",528,183,1,9645
"1188",528,184,1,8537
"1189",528,185,1,10926
"1190",528,186,1,9274
"1191",528,187,1,7399
"1192",528,188,1,5925
"1193",528,189,1,4618
"1194",528,190,1,3712
"1195",528,191,1,3560
"1196",528,192,1,3315
"1197",528,193,1,2762
"1198",528,194,1,2567
"1199",528,195,1,2245
"1200",528,196,1,2135
"1201",528,197,1,1766
"1202",528,198,1,1412
"1203",528,199,1,1166
"1204",528,200,1,1038
"1205",529,152,1,1184
"1206",529,153,1,1354
"1207",529,154,1,1212
"1208",529,155,1,1095
"1209",529,156,1,1261
"1210",529,157,1,1680
"1211",529,158,1,2198
"1212",529,159,1,2511
"1213",529,160,1,2422
"1214",529,161,1,2479
"1215",529,162,1,2765
"1216",529,163,1,3267
"1217",529,164,1,3679
"1218",529,165,1,4258
"1219",529,166,1,4595
"1220",529,167,1,5211
"1221",529,168,1,5627
"1222",529,169,1,6518
"1223",529,170,1,7693
"1224",529,171,1,7610
"1225",529,172,1,7799
"1226",529,173,1,8124
"1227",529,174,1,8764
"1228",529,175,1,9828
"1229",529,176,1,11074
"1230",529,177,1,8712
"1231",529,178,1,9979
"1232",529,179,1,11513
"1233",529,180,1,12676
"1234",529,181,1,12978
"1235",529,182,1,12280
"1236",529,183,1,10881
"1237",529,184,1,9443
"1238",529,185,1,11873
"1239",529,186,1,9885
"1240",529,187,1,7886
"1241",529,188,1,6099
"1242",529,189,1,4784
"1243",529,190,1,4210
"1244",529,191,1,3984
"1245",529,192,1,3765
"1246",529,193,1,3046
"1247",529,194,1,2987
"1248",529,195,1,2458
"1249",529,196,1,2215
"1250",529,197,1,1745
"1251",529,198,1,1386
"1252",529,199,1,1309
"1253",529,200,1,1214
"1254",529,201,1,1069
"1255",529,202,1,1095
"1256",529,203,1,1030
"1257",530,153,1,1078
"1258",530,154,1,1056
"1259",530,155,1,1039
"1260",530,156,1,1247
"1261",530,157,1,1671
"1262",530,158,1,2202
"1263",530,159,1,2571
"1264",530,160,1,2739
"1265",530,161,1,2897
"1266",530,162,1,2947
"1267",530,163,1,3332
"1268",530,164,1,3951
"1269",530,165,1,4264
"1270",530,166,1,4420
"1271",530,167,1,4959
"1272",530,168,1,5907
"1273",530,169,1,6960
"1274",530,170,1,6975
"1275",530,171,1,7596
"1276",530,172,1,8210
"1277",530,173,1,8213
"1278",530,174,1,8930
"1279",530,175,1,10189
"1280",530,176,1,11615
"1281",530,177,1,9169
"1282",530,178,1,10800
"1283",530,179,1,12712
"1284",530,180,1,14127
"1285",530,181,1,14484
"1286",530,182,1,13637
"1287",530,183,1,11947
"1288",530,184,1,10193
"1289",530,185,1,12560
"1290",530,186,1,10249
"1291",530,187,1,8046
"1292",530,188,1,6227
"1293",530,189,1,5202
"1294",530,190,1,4752
"1295",530,191,1,4107
"1296",530,192,1,3545
"1297",530,193,1,3214
"1298",530,194,1,2831
"1299",530,195,1,2465
"1300",530,196,1,2195
"1301",530,197,1,1798
"1302",530,198,1,1598
"1303",530,199,1,1580
"1304",530,200,1,1473
"1305",530,201,1,1207
"1306",530,202,1,1276
"1307",530,203,1,1205
"1308",531,155,1,1071
"1309",531,156,1,1219
"1310",531,157,1,1581
"1311",531,158,1,1999
"1312",531,159,1,2462
"1313",531,160,1,2875
"1314",531,161,1,3443
"1315",531,162,1,3307
"1316",531,163,1,3462
"1317",531,164,1,4078
"1318",531,165,1,4448
"1319",531,166,1,4773
"1320",531,167,1,5167
"1321",531,168,1,5814
"1322",531,169,1,6243
"1323",531,170,1,6578
"1324",531,171,1,7491
"1325",531,172,1,7922
"1326",531,173,1,8350
"1327",531,174,1,9178
"1328",531,175,1,10440
"1329",531,176,1,11957
"1330",531,177,1,9523
"1331",531,178,1,11339
"1332",531,179,1,13453
"1333",531,180,1,15016
"1334",531,181,1,15413
"1335",531,182,1,14477
"1336",531,183,1,12598
"1337",531,184,1,10621
"1338",531,185,1,12890
"1339",531,186,1,10368
"1340",531,187,1,8034
"1341",531,188,1,6340
"1342",531,189,1,5564
"1343",531,190,1,4694
"1344",531,191,1,4047
"1345",531,192,1,3529
"1346",531,193,1,3278
"1347",531,194,1,3213
"1348",531,195,1,2770
"1349",531,196,1,2461
"1350",531,197,1,2125
"1351",531,198,1,1929
"1352",531,199,1,1692
"1353",531,200,1,1532
"1354",531,201,1,1256
"1355",531,202,1,1179
"1356",531,203,1,1092
"1357",532,154,1,1126
"1358",532,155,1,1302
"1359",532,156,1,1405
"1360",532,157,1,1694
"1361",532,158,1,2042
"1362",532,159,1,2583
"1363",532,160,1,2880
"1364",532,161,1,3207
"1365",532,162,1,3802
"1366",532,163,1,3734
"1367",532,164,1,4244
"1368",532,165,1,4582
"1369",532,166,1,4850
"1370",532,167,1,5341
"1371",532,168,1,5748
"1372",532,169,1,5897
"1373",532,170,1,6493
"1374",532,171,1,7393
"1375",532,172,1,7709
"1376",532,173,1,8142
"1377",532,174,1,9014
"1378",532,175,1,10315
"1379",532,176,1,11886
"1380",532,177,1,9521
"1381",532,178,1,11344
"1382",532,179,1,13466
"1383",532,180,1,15048
"1384",532,181,1,15462
"1385",532,182,1,14524
"1386",532,183,1,12616
"1387",532,184,1,10582
"1388",532,185,1,12721
"1389",532,186,1,10113
"1390",532,187,1,7846
"1391",532,188,1,6172
"1392",532,189,1,5192
"1393",532,190,1,4346
"1394",532,191,1,3890
"1395",532,192,1,3426
"1396",532,193,1,3037
"1397",532,194,1,2923
"1398",532,195,1,2847
"1399",532,196,1,2570
"1400",532,197,1,2234
"1401",532,198,1,1998
"1402",532,199,1,1626
"1403",532,200,1,1404
"1404",532,201,1,1184
"1405",532,202,1,1049
"1406",533,154,1,1335
"1407",533,155,1,1639
"1408",533,156,1,1655
"1409",533,157,1,1956
"1410",533,158,1,2223
"1411",533,159,1,2249
"1412",533,160,1,2458
"1413",533,161,1,2755
"1414",533,162,1,3294
"1415",533,163,1,3536
"1416",533,164,1,4076
"1417",533,165,1,4425
"1418",533,166,1,4725
"1419",533,167,1,5273
"1420",533,168,1,5602
"1421",533,169,1,5891
"1422",533,170,1,6670
"1423",533,171,1,7387
"1424",533,172,1,7308
"1425",533,173,1,7735
"1426",533,174,1,8583
"1427",533,175,1,9903
"1428",533,176,1,11444
"1429",533,177,1,9255
"1430",533,178,1,10830
"1431",533,179,1,12693
"1432",533,180,1,14113
"1433",533,181,1,14496
"1434",533,182,1,13647
"1435",533,183,1,11904
"1436",533,184,1,10028
"1437",533,185,1,12036
"1438",533,186,1,9567
"1439",533,187,1,7419
"1440",533,188,1,6091
"1441",533,189,1,5211
"1442",533,190,1,4515
"1443",533,191,1,4319
"1444",533,192,1,3686
"1445",533,193,1,3189
"1446",533,194,1,2904
"1447",533,195,1,3021
"1448",533,196,1,2599
"1449",533,197,1,2203
"1450",533,198,1,1897
"1451",533,199,1,1670
"1452",533,200,1,1418
"1453",533,201,1,1200
"1454",533,202,1,1047
"1455",534,154,1,1361
"1456",534,155,1,1694
"1457",534,156,1,1723
"1458",534,157,1,1949
"1459",534,158,1,2112
"1460",534,159,1,1955
"1461",534,160,1,1897
"1462",534,161,1,2134
"1463",534,162,1,2557
"1464",534,163,1,2825
"1465",534,164,1,3260
"1466",534,165,1,3680
"1467",534,166,1,4168
"1468",534,167,1,5073
"1469",534,168,1,5465
"1470",534,169,1,5877
"1471",534,170,1,6387
"1472",534,171,1,6678
"1473",534,172,1,6772
"1474",534,173,1,7119
"1475",534,174,1,7934
"1476",534,175,1,9189
"1477",534,176,1,10846
"1478",534,177,1,12476
"1479",534,178,1,10128
"1480",534,179,1,11370
"1481",534,180,1,12400
"1482",534,181,1,12682
"1483",534,182,1,12002
"1484",534,183,1,10629
"1485",534,184,1,9157
"1486",534,185,1,10965
"1487",534,186,1,8773
"1488",534,187,1,6864
"1489",534,188,1,5669
"1490",534,189,1,5327
"1491",534,190,1,4489
"1492",534,191,1,4126
"1493",534,192,1,3691
"1494",534,193,1,3495
"1495",534,194,1,2948
"1496",534,195,1,2764
"1497",534,196,1,2553
"1498",534,197,1,2170
"1499",534,198,1,2081
"1500",534,199,1,1926
"1501",534,200,1,1611
"1502",534,201,1,1425
"1503",534,202,1,1239
"1504",534,203,1,1079
"1505",535,154,1,1207
"1506",535,155,1,1540
"1507",535,156,1,1782
"1508",535,157,1,1690
"1509",535,158,1,1642
"1510",535,159,1,1517
"1511",535,160,1,1432
"1512",535,161,1,1607
"1513",535,162,1,1868
"1514",535,163,1,2114
"1515",535,164,1,2499
"1516",535,165,1,2946
"1517",535,166,1,3480
"1518",535,167,1,4268
"1519",535,168,1,5133
"1520",535,169,1,5849
"1521",535,170,1,6494
"1522",535,171,1,6846
"1523",535,172,1,6669
"1524",535,173,1,6941
"1525",535,174,1,7521
"1526",535,175,1,8582
"1527",535,176,1,9933
"1528",535,177,1,11561
"1529",535,178,1,12965
"1530",535,179,1,9945
"1531",535,180,1,10353
"1532",535,181,1,10476
"1533",535,182,1,10031
"1534",535,183,1,9252
"1535",535,184,1,11533
"1536",535,185,1,9781
"1537",535,186,1,7844
"1538",535,187,1,6319
"1539",535,188,1,5349
"1540",535,189,1,4987
"1541",535,190,1,4317
"1542",535,191,1,3936
"1543",535,192,1,3398
"1544",535,193,1,3001
"1545",535,194,1,2734
"1546",535,195,1,2784
"1547",535,196,1,2549
"1548",535,197,1,2305
"1549",535,198,1,2187
"1550",535,199,1,2043
"1551",535,200,1,1870
"1552",535,201,1,1719
"1553",535,202,1,1529
"1554",535,203,1,1295
"1555",535,204,1,1057
"1556",536,154,1,1091
"1557",536,155,1,1407
"1558",536,156,1,1640
"1559",536,157,1,1466
"1560",536,158,1,1239
"1561",536,159,1,1107
"1562",536,160,1,1042
"1563",536,161,1,1150
"1564",536,162,1,1351
"1565",536,163,1,1608
"1566",536,164,1,2004
"1567",536,165,1,2545
"1568",536,166,1,3226
"1569",536,167,1,3926
"1570",536,168,1,4755
"1571",536,169,1,5662
"1572",536,170,1,5887
"1573",536,171,1,6057
"1574",536,172,1,6133
"1575",536,173,1,6717
"1576",536,174,1,7382
"1577",536,175,1,7970
"1578",536,176,1,8948
"1579",536,177,1,10143
"1580",536,178,1,11332
"1581",536,179,1,11908
"1582",536,180,1,8455
"1583",536,181,1,8477
"1584",536,182,1,8293
"1585",536,183,1,11076
"1586",536,184,1,9981
"1587",536,185,1,8367
"1588",536,186,1,6737
"1589",536,187,1,5635
"1590",536,188,1,5317
"1591",536,189,1,4791
"1592",536,190,1,4087
"1593",536,191,1,3399
"1594",536,192,1,2959
"1595",536,193,1,2569
"1596",536,194,1,2528
"1597",536,195,1,2658
"1598",536,196,1,2516
"1599",536,197,1,2419
"1600",536,198,1,2386
"1601",536,199,1,2009
"1602",536,200,1,2094
"1603",536,201,1,1788
"1604",536,202,1,1795
"1605",536,203,1,1417
"1606",536,204,1,1132
"1607",536,205,1,1023
"1608",536,206,1,1068
"1609",536,207,1,1045
"1610",537,155,1,1124
"1611",537,156,1,1215
"1612",537,157,1,1114
"1613",537,162,1,1050
"1614",537,163,1,1412
"1615",537,164,1,1939
"1616",537,165,1,2594
"1617",537,166,1,3276
"1618",537,167,1,4119
"1619",537,168,1,4333
"1620",537,169,1,5372
"1621",537,170,1,5608
"1622",537,171,1,5716
"1623",537,172,1,6139
"1624",537,173,1,6645
"1625",537,174,1,6971
"1626",537,175,1,7411
"1627",537,176,1,8194
"1628",537,177,1,8698
"1629",537,178,1,9405
"1630",537,179,1,9766
"1631",537,180,1,6871
"1632",537,181,1,9823
"1633",537,182,1,9723
"1634",537,183,1,9263
"1635",537,184,1,8326
"1636",537,185,1,7032
"1637",537,186,1,5771
"1638",537,187,1,5077
"1639",537,188,1,4679
"1640",537,189,1,4367
"1641",537,190,1,3592
"1642",537,191,1,3115
"1643",537,192,1,2785
"1644",537,193,1,2366
"1645",537,194,1,2249
"1646",537,195,1,2220
"1647",537,196,1,2136
"1648",537,197,1,2039
"1649",537,198,1,1909
"1650",537,199,1,1705
"1651",537,200,1,1671
"1652",537,201,1,1504
"1653",537,202,1,1450
"1654",537,203,1,1257
"1655",537,204,1,1060
"1656",537,205,1,1037
"1657",537,206,1,1171
"1658",537,207,1,1165
"1659",537,208,1,1011
"1661",538,163,1,1344
"1662",538,164,1,1967
"1663",538,165,1,2716
"1664",538,166,1,3528
"1665",538,167,1,3620
"1666",538,168,1,4083
"1667",538,169,1,4882
"1668",538,170,1,5098
"1669",538,171,1,5304
"1670",538,172,1,5480
"1671",538,173,1,5956
"1672",538,174,1,6547
"1673",538,175,1,6994
"1674",538,176,1,7277
"1675",538,177,1,7490
"1676",538,178,1,7782
"1677",538,179,1,7942
"1678",538,180,1,7890
"1679",538,181,1,8045
"1680",538,182,1,7994
"1681",538,183,1,7599
"1682",538,184,1,7318
"1683",538,185,1,6253
"1684",538,186,1,5259
"1685",538,187,1,4594
"1686",538,188,1,4056
"1687",538,189,1,4146
"1688",538,190,1,3433
"1689",538,191,1,3098
"1690",538,192,1,2853
"1691",538,193,1,2348
"1692",538,194,1,2329
"1693",538,195,1,2041
"1694",538,196,1,1730
"1695",538,197,1,1571
"1696",538,198,1,1430
"1697",538,199,1,1298
"1698",538,200,1,1244
"1699",538,201,1,1149
"1700",538,202,1,1095
"1701",538,206,1,1009
"1702",538,207,1,1022
"1707",539,163,1,1343
"1708",539,164,1,1938
"1709",539,165,1,2604
"1710",539,166,1,3016
"1711",539,167,1,3351
"1712",539,168,1,4161
"1713",539,169,1,5043
"1714",539,170,1,4741
"1715",539,171,1,4855
"1716",539,172,1,5085
"1717",539,173,1,5696
"1718",539,174,1,6225
"1719",539,175,1,6469
"1720",539,176,1,6560
"1721",539,177,1,6518
"1722",539,178,1,6612
"1723",539,179,1,6519
"1724",539,180,1,6374
"1725",539,181,1,6393
"1726",539,182,1,6476
"1727",539,183,1,6350
"1728",539,184,1,6152
"1729",539,185,1,5724
"1730",539,186,1,4636
"1731",539,187,1,4424
"1732",539,188,1,3629
"1733",539,189,1,3457
"1734",539,190,1,2987
"1735",539,191,1,2629
"1736",539,192,1,2434
"1737",539,193,1,2150
"1738",539,194,1,2175
"1739",539,195,1,1848
"1740",539,196,1,1472
"1741",539,197,1,1203
"1742",539,198,1,1056
"1743",540,163,1,1287
"1744",540,164,1,1839
"1745",540,165,1,2455
"1746",540,166,1,2826
"1747",540,167,1,3295
"1748",540,168,1,4083
"1749",540,169,1,4534
"1750",540,170,1,4535
"1751",540,171,1,4844
"1752",540,172,1,5022
"1753",540,173,1,5400
"1754",540,174,1,5622
"1755",540,175,1,5798
"1756",540,176,1,5738
"1757",540,177,1,5836
"1758",540,178,1,5855
"1759",540,179,1,5589
"1760",540,180,1,5251
"1761",540,181,1,5141
"1762",540,182,1,5307
"1763",540,183,1,5522
"1764",540,184,1,5271
"1765",540,185,1,5091
"1766",540,186,1,4209
"1767",540,187,1,3643
"1768",540,188,1,3390
"1769",540,189,1,2842
"1770",540,190,1,2594
"1771",540,191,1,2275
"1772",540,192,1,1986
"1773",540,193,1,1827
"1774",540,194,1,1667
"1775",540,195,1,1468
"1776",540,196,1,1204
"1778",541,163,1,1153
"1779",541,164,1,1593
"1780",541,165,1,2060
"1781",541,166,1,2477
"1782",541,167,1,3061
"1783",541,168,1,3615
"1784",541,169,1,3929
"1785",541,170,1,4213
"1786",541,171,1,4256
"1787",541,172,1,4449
"1788",541,173,1,4606
"1789",541,174,1,4924
"1790",541,175,1,5277
"1791",541,176,1,5067
"1792",541,177,1,5103
"1793",541,178,1,5306
"1794",541,179,1,4942
"1795",541,180,1,4492
"1796",541,181,1,4274
"1797",541,182,1,4379
"1798",541,183,1,4761
"1799",541,184,1,4820
"1800",541,185,1,4470
"1801",541,186,1,3831
"1802",541,187,1,3184
"1803",541,188,1,2790
"1804",541,189,1,2278
"1805",541,190,1,1967
"1806",541,191,1,1868
"1807",541,192,1,1673
"1808",541,193,1,1584
"1809",541,194,1,1437
"1810",541,195,1,1226
"1811",541,196,1,1028
"1812",542,163,1,1040
"1813",542,164,1,1401
"1814",542,165,1,1822
"1815",542,166,1,2406
"1816",542,167,1,3103
"1817",542,168,1,3854
"1818",542,169,1,3821
"1819",542,170,1,3942
"1820",542,171,1,3869
"1821",542,172,1,4315
"1822",542,173,1,4386
"1823",542,174,1,4124
"1824",542,175,1,4323
"1825",542,176,1,4271
"1826",542,177,1,4347
"1827",542,178,1,4702
"1828",542,179,1,4599
"1829",542,180,1,4045
"1830",542,181,1,3643
"1831",542,182,1,3715
"1832",542,183,1,4169
"1833",542,184,1,4756
"1834",542,185,1,4274
"1835",542,186,1,3786
"1836",542,187,1,3186
"1837",542,188,1,2728
"1838",542,189,1,2100
"1839",542,190,1,1560
"1840",542,191,1,1366
"1841",542,192,1,1215
"1842",542,193,1,1218
"1843",542,194,1,1170
"1844",542,195,1,1205
"1845",543,163,1,1090
"1846",543,164,1,1465
"1847",543,165,1,1899
"1848",543,166,1,2484
"1849",543,167,1,2992
"1850",543,168,1,3292
"1851",543,169,1,3522
"1852",543,170,1,3353
"1853",543,171,1,3386
"1854",543,172,1,3790
"1855",543,173,1,3835
"1856",543,174,1,3586
"1857",543,175,1,3666
"1858",543,176,1,3605
"1859",543,177,1,3776
"1860",543,178,1,4151
"1861",543,179,1,4104
"1862",543,180,1,3612
"1863",543,181,1,3210
"1864",543,182,1,3273
"1865",543,183,1,3687
"1866",543,184,1,4044
"1867",543,185,1,3938
"1868",543,186,1,4237
"1869",543,187,1,3281
"1870",543,188,1,2789
"1871",543,189,1,1994
"1872",543,190,1,1401
"1873",543,191,1,1111
"1874",543,192,1,1118
"1875",543,193,1,1044
"1876",544,163,1,1250
"1877",544,164,1,1698
"1878",544,165,1,2191
"1879",544,166,1,2677
"1880",544,167,1,3322
"1881",544,168,1,3023
"1882",544,169,1,2924
"1883",544,170,1,2843
"1884",544,171,1,3054
"1885",544,172,1,3505
"1886",544,173,1,3540
"1887",544,174,1,3371
"1888",544,175,1,3662
"1889",544,176,1,3399
"1890",544,177,1,3432
"1891",544,178,1,3806
"1892",544,179,1,3770
"1893",544,180,1,3284
"1894",544,181,1,2896
"1895",544,182,1,3009
"1896",544,183,1,3553
"1897",544,184,1,4262
"1898",544,185,1,3711
"1899",544,186,1,3567
"1900",544,187,1,3039
"1901",544,188,1,2514
"1902",544,189,1,1936
"1903",544,190,1,1478
"1904",544,191,1,1174
"1905",545,162,1,1187
"1906",545,163,1,1535
"1907",545,164,1,1904
"1908",545,165,1,2425
"1909",545,166,1,2654
"1910",545,167,1,2812
"1911",545,168,1,2779
"1912",545,169,1,2586
"1913",545,170,1,2455
"1914",545,171,1,2737
"1915",545,172,1,3037
"1916",545,173,1,2969
"1917",545,174,1,3017
"1918",545,175,1,3214
"1919",545,176,1,3240
"1920",545,177,1,3154
"1921",545,178,1,3499
"1922",545,179,1,3450
"1923",545,180,1,2964
"1924",545,181,1,2595
"1925",545,182,1,2764
"1926",545,183,1,3271
"1927",545,184,1,3465
"1928",545,185,1,3246
"1929",545,186,1,3335
"1930",545,187,1,3176
"1931",545,188,1,2539
"1932",545,189,1,1959
"1933",545,190,1,1488
"1934",545,191,1,1162
"1935",546,161,1,1003
"1936",546,162,1,1411
"1937",546,163,1,1839
"1938",546,164,1,2013
"1939",546,165,1,2151
"1940",546,166,1,2298
"1941",546,167,1,2539
"1942",546,168,1,2973
"1943",546,169,1,2521
"1944",546,170,1,2311
"1945",546,171,1,2688
"1946",546,172,1,3257
"1947",546,173,1,2868
"1948",546,174,1,2745
"1949",546,175,1,3032
"1950",546,176,1,3074
"1951",546,177,1,2892
"1952",546,178,1,3006
"1953",546,179,1,2934
"1954",546,180,1,2557
"1955",546,181,1,2257
"1956",546,182,1,2389
"1957",546,183,1,2698
"1958",546,184,1,2751
"1959",546,185,1,2674
"1960",546,186,1,2874
"1961",546,187,1,3243
"1962",546,188,1,2530
"1963",546,189,1,1847
"1964",546,190,1,1355
"1965",546,191,1,1012
"1966",547,161,1,1154
"1967",547,162,1,1526
"1968",547,163,1,1861
"1969",547,164,1,1904
"1970",547,165,1,1762
"1971",547,166,1,1839
"1972",547,167,1,2120
"1973",547,168,1,2335
"1974",547,169,1,2175
"1975",547,170,1,2040
"1976",547,171,1,2347
"1977",547,172,1,2651
"1978",547,173,1,2643
"1979",547,174,1,2478
"1980",547,175,1,2651
"1981",547,176,1,2700
"1982",547,177,1,2673
"1983",547,178,1,2963
"1984",547,179,1,2903
"1985",547,180,1,2421
"1986",547,181,1,2098
"1987",547,182,1,2141
"1988",547,183,1,2380
"1989",547,184,1,2719
"1990",547,185,1,2422
"1991",547,186,1,2523
"1992",547,187,1,2951
"1993",547,188,1,2335
"1994",547,189,1,1722
"1995",547,190,1,1232
"1996",548,161,1,1227
"1997",548,162,1,1634
"1998",548,163,1,1733
"1999",548,164,1,1522
"2000",548,165,1,1427
"2001",548,166,1,1475
"2002",548,167,1,1687
"2003",548,168,1,1826
"2004",548,169,1,1770
"2005",548,170,1,1724
"2006",548,171,1,1990
"2007",548,172,1,2376
"2008",548,173,1,2512
"2009",548,174,1,2378
"2010",548,175,1,2692
"2011",548,176,1,2715
"2012",548,177,1,2479
"2013",548,178,1,2620
"2014",548,179,1,2541
"2015",548,180,1,2252
"2016",548,181,1,2089
"2017",548,182,1,2253
"2018",548,183,1,2262
"2019",548,184,1,2278
"2020",548,185,1,2065
"2021",548,186,1,2098
"2022",548,187,1,2260
"2023",548,188,1,1991
"2024",548,189,1,1552
"2025",548,190,1,1145
"2026",549,161,1,1130
"2027",549,162,1,1380
"2028",549,163,1,1420
"2029",549,164,1,1267
"2030",549,165,1,1167
"2031",549,166,1,1269
"2032",549,167,1,1495
"2033",549,168,1,1641
"2034",549,169,1,1582
"2035",549,170,1,1511
"2036",549,171,1,1720
"2037",549,172,1,2129
"2038",549,173,1,2596
"2039",549,174,1,2375
"2040",549,175,1,2477
"2041",549,176,1,2470
"2042",549,177,1,2280
"2043",549,178,1,2422
"2044",549,179,1,2694
"2045",549,180,1,2234
"2046",549,181,1,2019
"2047",549,182,1,2173
"2048",549,183,1,2141
"2049",549,184,1,2110
"2050",549,185,1,1832
"2051",549,186,1,1711
"2052",549,187,1,1773
"2053",549,188,1,1635
"2054",549,189,1,1396
"2055",549,190,1,1094
"2056",550,157,1,1043
"2057",550,162,1,1114
"2058",550,163,1,1124
"2059",550,164,1,1066
"2060",550,165,1,1050
"2061",550,166,1,1250
"2062",550,167,1,1566
"2063",550,168,1,1811
"2064",550,169,1,1638
"2065",550,170,1,1453
"2066",550,171,1,1544
"2067",550,172,1,1862
"2068",550,173,1,2165
"2069",550,174,1,2221
"2070",550,175,1,2364
"2071",550,176,1,2370
"2072",550,177,1,2270
"2073",550,178,1,2241
"2074",550,179,1,2191
"2075",550,180,1,1972
"2076",550,181,1,1806
"2077",550,182,1,1796
"2078",550,183,1,1744
"2079",550,184,1,1868
"2080",550,185,1,1793
"2081",550,186,1,1596
"2082",550,187,1,1664
"2083",550,188,1,1760
"2084",550,189,1,1534
"2085",550,190,1,1191
"2086",551,155,1,1052
"2087",551,156,1,1140
"2088",551,157,1,1316
"2089",551,158,1,1108
"2090",551,160,1,1006
"2091",551,161,1,1085
"2092",551,162,1,1047
"2093",551,164,1,1037
"2094",551,165,1,1084
"2095",551,166,1,1235
"2096",551,167,1,1522
"2097",551,168,1,1755
"2098",551,169,1,1570
"2099",551,170,1,1356
"2100",551,171,1,1349
"2101",551,172,1,1569
"2102",551,173,1,1929
"2103",551,174,1,2300
"2104",551,175,1,2141
"2105",551,176,1,2218
"2106",551,177,1,2129
"2107",551,178,1,2029
"2108",551,179,1,1787
"2109",551,180,1,1710
"2110",551,181,1,1839
"2111",551,182,1,1793
"2112",551,183,1,1523
"2113",551,184,1,1551
"2114",551,185,1,1492
"2115",551,186,1,1486
"2116",551,187,1,1723
"2117",551,188,1,2099
"2118",551,189,1,1709
"2119",551,190,1,1305
"2120",552,154,1,1007
"2121",552,155,1,1233
"2122",552,156,1,1133
"2123",552,157,1,1131
"2124",552,158,1,1078
"2125",552,159,1,1118
"2126",552,160,1,1102
"2127",552,161,1,1266
"2128",552,162,1,1100
"2129",552,163,1,1066
"2130",552,164,1,1187
"2131",552,165,1,1219
"2132",552,166,1,1180
"2133",552,167,1,1297
"2134",552,168,1,1398
"2135",552,169,1,1328
"2136",552,170,1,1197
"2137",552,171,1,1178
"2138",552,172,1,1383
"2139",552,173,1,1690
"2140",552,174,1,1920
"2141",552,175,1,1934
"2142",552,176,1,2026
"2143",552,177,1,1823
"2144",552,178,1,1637
"2145",552,179,1,1465
"2146",552,180,1,1504
"2147",552,181,1,1707
"2148",552,182,1,1673
"2149",552,183,1,1388
"2150",552,184,1,1402
"2151",552,185,1,1663
"2152",552,186,1,1509
"2153",552,187,1,1609
"2154",552,188,1,1792
"2155",552,189,1,1766
"2156",552,190,1,1450
"2157",552,191,1,1094
"2158",553,155,1,1034
"2159",553,156,1,1040
"2160",553,157,1,1031
"2161",553,158,1,1004
"2162",553,159,1,1064
"2163",553,160,1,1001
"2164",553,161,1,1041
"2165",553,162,1,1002
"2166",553,163,1,1084
"2167",553,164,1,1309
"2168",553,165,1,1328
"2169",553,166,1,1148
"2170",553,167,1,1080
"2171",553,168,1,1133
"2172",553,169,1,1156
"2173",553,170,1,1102
"2174",553,171,1,1087
"2175",553,172,1,1263
"2176",553,173,1,1540
"2177",553,174,1,1741
"2178",553,175,1,1687
"2179",553,176,1,1647
"2180",553,177,1,1513
"2181",553,178,1,1315
"2182",553,179,1,1176
"2183",553,180,1,1215
"2184",553,181,1,1315
"2185",553,182,1,1292
"2186",553,183,1,1146
"2187",553,184,1,1202
"2188",553,185,1,1370
"2189",553,186,1,1491
"2190",553,187,1,1615
"2191",553,188,1,1701
"2192",553,189,1,1724
"2193",553,190,1,1482
"2194",553,191,1,1154
"2196",554,164,1,1111
"2197",554,165,1,1133
"2198",554,166,1,1029
"2199",554,167,1,1012
"2200",554,168,1,1153
"2201",554,169,1,1262
"2202",554,170,1,1176
"2203",554,171,1,1096
"2204",554,172,1,1231
"2205",554,173,1,1531
"2206",554,174,1,1862
"2207",554,175,1,1620
"2208",554,176,1,1423
"2209",554,177,1,1400
"2210",554,178,1,1291
"2211",554,179,1,1088
"2212",554,184,1,1043
"2213",554,185,1,1306
"2214",554,186,1,1478
"2215",554,187,1,1567
"2216",554,188,1,1600
"2217",554,189,1,1506
"2218",554,190,1,1520
"2219",554,191,1,1257
"2221",555,168,1,1195
"2222",555,169,1,1463
"2223",555,170,1,1235
"2224",555,171,1,1078
"2225",555,172,1,1135
"2226",555,173,1,1355
"2227",555,174,1,1529
"2228",555,175,1,1445
"2229",555,176,1,1336
"2230",555,177,1,1419
"2231",555,178,1,1338
"2232",555,179,1,1053
"2233",555,185,1,1185
"2234",555,186,1,1453
"2235",555,187,1,1420
"2236",555,188,1,1361
"2237",555,189,1,1366
"2238",555,190,1,1436
"2239",555,191,1,1221
"2241",556,168,1,1051
"2242",556,169,1,1183
"2243",556,170,1,1093
"2244",556,173,1,1166
"2245",556,174,1,1342
"2246",556,175,1,1335
"2247",556,176,1,1210
"2248",556,177,1,1220
"2249",556,178,1,1140
"2250",556,185,1,1091
"2251",556,186,1,1394
"2252",556,187,1,1425
"2253",556,188,1,1214
"2254",556,189,1,1125
"2255",556,190,1,1126
"2256",556,191,1,1029
"2257",557,173,1,1128
"2258",557,174,1,1377
"2259",557,175,1,1379
"2260",557,176,1,1155
"2261",557,177,1,1015
"2262",557,186,1,1155
"2263",557,187,1,1165
"2264",557,188,1,1011
"2265",558,173,1,1083
"2266",558,174,1,1326
"2267",558,175,1,1325
"2268",558,176,1,1090
"2270",559,173,1,1040
"2271",559,174,1,1210
"2272",559,175,1,1203
"2273",559,176,1,1037
"2277",560,173,1,1093
"2278",560,174,1,1290
"2279",560,175,1,1264
"2280",560,176,1,1079
"2281",560,177,1,1010
"2282",561,173,1,1175
"2283",561,174,1,1377
"2284",561,175,1,1225
"2285",561,176,1,1102
"2286",561,177,1,1115
"2287",561,178,1,1028
"2288",562,172,1,1007
"2289",562,173,1,1160
"2290",562,174,1,1250
"2291",562,175,1,1176
"2292",562,176,1,1121
"2293",562,177,1,1041
"2294",563,172,1,1017
"2295",563,173,1,1138
"2296",563,174,1,1197
"2297",563,175,1,1184
"2298",563,176,1,1200
"2299",564,172,1,1034
"2300",564,173,1,1170
"2301",564,174,1,1246
"2302",564,175,1,1137
"2303",564,176,1,1028
"2304",565,173,1,1110
"2305",565,174,1,1171
"2306",565,175,1,1035
