"","long","lat","cluster_id","add.data"
"1",494,176,1,1047
"2",494,177,1,1049
"3",494,180,1,1006
"4",494,181,1,1015
"5",495,175,1,1119
"6",495,176,1,1240
"7",495,177,1,1247
"8",495,178,1,1155
"9",495,179,1,1068
"10",495,180,1,1023
"11",496,174,1,1022
"12",496,175,1,1204
"13",496,176,1,1374
"14",496,177,1,1399
"15",496,178,1,1298
"16",496,179,1,1214
"17",496,180,1,1117
"18",497,174,1,1050
"19",497,175,1,1214
"20",497,176,1,1364
"21",497,177,1,1428
"22",497,178,1,1349
"23",497,179,1,1342
"24",497,180,1,1243
"25",497,181,1,1016
"26",498,173,1,1003
"27",498,174,1,1119
"28",498,175,1,1245
"29",498,176,1,1380
"30",498,177,1,1400
"31",498,178,1,1311
"32",498,179,1,1334
"33",498,180,1,1248
"34",498,181,1,1020
"35",498,197,1,1014
"36",499,167,1,1149
"37",499,168,1,1195
"38",499,169,1,1130
"39",499,170,1,1165
"40",499,171,1,1167
"41",499,172,1,1116
"42",499,173,1,1130
"43",499,174,1,1219
"44",499,175,1,1310
"45",499,176,1,1280
"46",499,177,1,1261
"47",499,178,1,1222
"48",499,179,1,1240
"49",499,180,1,1172
"50",499,196,1,1002
"51",499,197,1,1149
"52",500,167,1,1185
"53",500,168,1,1246
"54",500,169,1,1236
"55",500,170,1,1383
"56",500,171,1,1400
"57",500,172,1,1289
"58",500,173,1,1305
"59",500,174,1,1299
"60",500,175,1,1295
"61",500,176,1,1195
"62",500,177,1,1137
"63",500,178,1,1210
"64",500,179,1,1317
"65",500,180,1,1275
"66",500,181,1,1064
"67",500,196,1,1007
"68",500,197,1,1034
"69",501,167,1,1095
"70",501,168,1,1152
"71",501,169,1,1249
"72",501,170,1,1435
"73",501,171,1,1479
"74",501,172,1,1373
"75",501,173,1,1430
"76",501,174,1,1379
"77",501,175,1,1191
"78",501,176,1,1077
"79",501,177,1,1064
"80",501,178,1,1221
"81",501,179,1,1426
"82",501,180,1,1403
"83",501,181,1,1139
"84",501,195,1,1066
"85",501,196,1,1096
"86",502,166,1,1079
"87",502,167,1,1090
"88",502,168,1,1090
"89",502,169,1,1206
"90",502,170,1,1383
"91",502,171,1,1489
"92",502,172,1,1404
"93",502,173,1,1353
"94",502,174,1,1255
"95",502,175,1,1086
"96",502,177,1,1020
"97",502,178,1,1196
"98",502,179,1,1387
"99",502,180,1,1379
"100",502,181,1,1161
"101",502,194,1,1020
"102",502,195,1,1209
"103",502,196,1,1198
"104",503,160,1,1041
"105",503,161,1,1073
"106",503,164,1,1019
"107",503,165,1,1157
"108",503,166,1,1266
"109",503,167,1,1190
"110",503,168,1,1129
"111",503,169,1,1261
"112",503,170,1,1513
"113",503,171,1,1697
"114",503,172,1,1539
"115",503,173,1,1293
"116",503,174,1,1116
"117",503,177,1,1027
"118",503,178,1,1258
"119",503,179,1,1522
"120",503,180,1,1525
"121",503,181,1,1264
"122",503,182,1,1028
"123",503,187,1,1063
"124",503,194,1,1100
"125",503,195,1,1181
"126",503,196,1,1115
"127",504,160,1,1051
"128",504,161,1,1124
"129",504,162,1,1096
"130",504,163,1,1104
"131",504,164,1,1218
"132",504,165,1,1282
"133",504,166,1,1335
"134",504,167,1,1233
"135",504,168,1,1159
"136",504,169,1,1288
"137",504,170,1,1557
"138",504,171,1,1769
"139",504,172,1,1617
"140",504,173,1,1328
"141",504,174,1,1071
"142",504,177,1,1060
"143",504,178,1,1312
"144",504,179,1,1555
"145",504,180,1,1567
"146",504,181,1,1356
"147",504,182,1,1181
"148",504,183,1,1144
"149",504,184,1,1094
"150",504,185,1,1007
"151",504,186,1,1030
"152",504,187,1,1093
"153",504,193,1,1176
"154",504,194,1,1327
"155",504,195,1,1241
"156",504,196,1,1041
"157",505,161,1,1098
"158",505,162,1,1247
"159",505,163,1,1276
"160",505,164,1,1392
"161",505,165,1,1410
"162",505,166,1,1307
"163",505,167,1,1244
"164",505,168,1,1196
"165",505,169,1,1297
"166",505,170,1,1542
"167",505,171,1,1792
"168",505,172,1,1748
"169",505,173,1,1455
"170",505,174,1,1157
"171",505,177,1,1161
"172",505,178,1,1476
"173",505,179,1,1798
"174",505,180,1,1814
"175",505,181,1,1538
"176",505,182,1,1336
"177",505,183,1,1360
"178",505,184,1,1331
"179",505,185,1,1179
"180",505,186,1,1076
"181",505,187,1,1017
"182",505,192,1,1094
"183",505,193,1,1355
"184",505,194,1,1593
"185",505,195,1,1348
"186",505,196,1,1073
"187",506,161,1,1072
"188",506,162,1,1310
"189",506,163,1,1409
"190",506,164,1,1402
"191",506,165,1,1391
"192",506,166,1,1385
"193",506,167,1,1442
"194",506,168,1,1397
"195",506,169,1,1413
"196",506,170,1,1648
"197",506,171,1,1949
"198",506,172,1,1930
"199",506,173,1,1582
"200",506,174,1,1258
"201",506,175,1,1060
"202",506,176,1,1044
"203",506,177,1,1232
"204",506,178,1,1550
"205",506,179,1,1865
"206",506,180,1,1874
"207",506,181,1,1598
"208",506,182,1,1381
"209",506,183,1,1389
"210",506,184,1,1440
"211",506,185,1,1445
"212",506,186,1,1333
"213",506,187,1,1125
"214",506,190,1,1032
"215",506,191,1,1148
"216",506,192,1,1241
"217",506,193,1,1402
"218",506,194,1,1473
"219",506,195,1,1328
"220",506,196,1,1112
"221",507,162,1,1306
"222",507,163,1,1598
"223",507,164,1,1480
"224",507,165,1,1415
"225",507,166,1,1573
"226",507,167,1,1735
"227",507,168,1,1640
"228",507,169,1,1622
"229",507,170,1,1701
"230",507,171,1,1854
"231",507,172,1,1845
"232",507,173,1,1643
"233",507,174,1,1391
"234",507,175,1,1222
"235",507,176,1,1163
"236",507,177,1,1320
"237",507,178,1,1587
"238",507,179,1,1800
"239",507,180,1,1778
"240",507,181,1,1562
"241",507,182,1,1374
"242",507,183,1,1436
"243",507,184,1,1650
"244",507,185,1,1726
"245",507,186,1,1660
"246",507,187,1,1400
"247",507,188,1,1196
"248",507,189,1,1175
"249",507,190,1,1351
"250",507,191,1,1506
"251",507,192,1,1530
"252",507,193,1,1624
"253",507,194,1,1531
"254",507,195,1,1469
"255",507,196,1,1232
"258",508,154,1,1070
"259",508,162,1,1193
"260",508,163,1,1422
"261",508,164,1,1462
"262",508,165,1,1481
"263",508,166,1,1630
"264",508,167,1,1807
"265",508,168,1,1796
"266",508,169,1,1936
"267",508,170,1,1929
"268",508,171,1,1868
"269",508,172,1,1884
"270",508,173,1,1911
"271",508,174,1,1738
"272",508,175,1,1522
"273",508,176,1,1431
"274",508,177,1,1596
"275",508,178,1,1887
"276",508,179,1,2074
"277",508,180,1,1949
"278",508,181,1,1650
"279",508,182,1,1394
"280",508,183,1,1400
"281",508,184,1,1574
"282",508,185,1,1777
"283",508,186,1,1807
"284",508,187,1,1711
"285",508,188,1,1460
"286",508,189,1,1446
"287",508,190,1,1688
"288",508,191,1,1910
"289",508,192,1,1787
"290",508,193,1,1923
"291",508,194,1,1648
"292",508,195,1,1535
"293",508,196,1,1327
"294",508,197,1,1140
"297",509,154,1,1127
"298",509,155,1,1111
"299",509,156,1,1040
"300",509,162,1,1073
"301",509,163,1,1354
"302",509,164,1,1580
"303",509,165,1,1634
"304",509,166,1,1587
"305",509,167,1,1675
"306",509,168,1,1889
"307",509,169,1,2193
"308",509,170,1,2310
"309",509,171,1,2210
"310",509,172,1,2309
"311",509,173,1,2440
"312",509,174,1,2210
"313",509,175,1,1912
"314",509,176,1,1787
"315",509,177,1,1913
"316",509,178,1,2267
"317",509,179,1,2545
"318",509,180,1,2274
"319",509,181,1,1829
"320",509,182,1,1465
"321",509,183,1,1359
"322",509,184,1,1503
"323",509,185,1,1770
"324",509,186,1,2102
"325",509,187,1,2137
"326",509,188,1,1837
"327",509,189,1,1783
"328",509,190,1,1939
"329",509,191,1,2022
"330",509,192,1,1831
"331",509,193,1,1721
"332",509,194,1,1574
"333",509,195,1,1512
"334",509,196,1,1549
"335",509,197,1,1352
"336",509,198,1,1174
"337",509,199,1,1022
"338",510,154,1,1053
"339",510,155,1,1226
"340",510,156,1,1187
"341",510,162,1,1045
"342",510,163,1,1377
"343",510,164,1,1729
"344",510,165,1,1809
"345",510,166,1,1639
"346",510,167,1,1615
"347",510,168,1,1908
"348",510,169,1,2330
"349",510,170,1,2696
"350",510,171,1,2493
"351",510,172,1,2639
"352",510,173,1,3003
"353",510,174,1,2605
"354",510,175,1,2325
"355",510,176,1,2215
"356",510,177,1,2187
"357",510,178,1,2481
"358",510,179,1,2764
"359",510,180,1,2504
"360",510,181,1,2016
"361",510,182,1,1580
"362",510,183,1,1455
"363",510,184,1,1632
"364",510,185,1,1944
"365",510,186,1,2244
"366",510,187,1,2469
"367",510,188,1,2248
"368",510,189,1,2141
"369",510,190,1,2278
"370",510,191,1,2016
"371",510,192,1,1733
"372",510,193,1,1561
"373",510,194,1,1537
"374",510,195,1,1607
"375",510,196,1,1584
"376",510,197,1,1593
"377",510,198,1,1399
"378",510,199,1,1178
"379",511,154,1,1031
"380",511,155,1,1184
"381",511,156,1,1140
"382",511,162,1,1029
"383",511,163,1,1325
"384",511,164,1,1654
"385",511,165,1,1874
"386",511,166,1,1759
"387",511,167,1,1700
"388",511,168,1,1939
"389",511,169,1,2313
"390",511,170,1,2545
"391",511,171,1,2501
"392",511,172,1,2629
"393",511,173,1,2808
"394",511,174,1,2708
"395",511,175,1,2747
"396",511,176,1,2686
"397",511,177,1,2505
"398",511,178,1,2655
"399",511,179,1,3002
"400",511,180,1,2910
"401",511,181,1,2399
"402",511,182,1,1875
"403",511,183,1,1639
"404",511,184,1,1726
"405",511,185,1,2025
"406",511,186,1,2274
"407",511,187,1,2669
"408",511,188,1,2557
"409",511,189,1,2543
"410",511,190,1,2347
"411",511,191,1,2119
"412",511,192,1,1856
"413",511,193,1,1600
"414",511,194,1,1658
"415",511,195,1,1791
"416",511,196,1,1753
"417",511,197,1,1661
"418",511,198,1,1591
"419",511,199,1,1277
"420",511,200,1,1035
"421",512,154,1,1119
"422",512,155,1,1293
"423",512,156,1,1172
"424",512,161,1,1012
"425",512,162,1,1101
"426",512,163,1,1347
"427",512,164,1,1677
"428",512,165,1,1952
"429",512,166,1,1930
"430",512,167,1,1916
"431",512,168,1,2246
"432",512,169,1,2647
"433",512,170,1,2788
"434",512,171,1,2701
"435",512,172,1,2845
"436",512,173,1,2995
"437",512,174,1,2941
"438",512,175,1,3038
"439",512,176,1,3004
"440",512,177,1,2827
"441",512,178,1,2992
"442",512,179,1,3417
"443",512,180,1,3367
"444",512,181,1,2757
"445",512,182,1,2215
"446",512,183,1,1959
"447",512,184,1,2008
"448",512,185,1,2154
"449",512,186,1,2599
"450",512,187,1,3037
"451",512,188,1,2993
"452",512,189,1,3151
"453",512,190,1,2718
"454",512,191,1,2533
"455",512,192,1,2107
"456",512,193,1,1685
"457",512,194,1,1649
"458",512,195,1,1742
"459",512,196,1,1573
"460",512,197,1,1399
"461",512,198,1,1336
"462",512,199,1,1177
"463",512,200,1,1042
"464",512,201,1,1054
"465",512,202,1,1026
"466",513,154,1,1125
"467",513,155,1,1294
"468",513,156,1,1190
"469",513,157,1,1014
"470",513,160,1,1165
"471",513,161,1,1238
"472",513,162,1,1267
"473",513,163,1,1540
"474",513,164,1,1788
"475",513,165,1,2156
"476",513,166,1,2276
"477",513,167,1,2280
"478",513,168,1,2578
"479",513,169,1,3049
"480",513,170,1,3204
"481",513,171,1,3130
"482",513,172,1,3388
"483",513,173,1,3607
"484",513,174,1,3519
"485",513,175,1,3501
"486",513,176,1,3471
"487",513,177,1,3334
"488",513,178,1,3235
"489",513,179,1,3473
"490",513,180,1,3472
"491",513,181,1,3081
"492",513,182,1,2748
"493",513,183,1,2595
"494",513,184,1,2522
"495",513,185,1,2594
"496",513,186,1,2953
"497",513,187,1,3325
"498",513,188,1,3515
"499",513,189,1,3145
"500",513,190,1,2942
"501",513,191,1,2623
"502",513,192,1,2123
"503",513,193,1,1657
"504",513,194,1,1445
"505",513,195,1,1409
"506",513,196,1,1289
"507",513,197,1,1137
"508",513,198,1,1098
"509",513,199,1,1056
"510",513,200,1,1062
"511",513,201,1,1169
"512",513,202,1,1162
"513",513,203,1,1043
"514",513,204,1,1052
"515",513,205,1,1008
"516",513,206,1,1011
"518",514,154,1,1041
"519",514,155,1,1173
"520",514,156,1,1191
"521",514,157,1,1147
"522",514,158,1,1054
"523",514,159,1,1107
"524",514,160,1,1259
"525",514,161,1,1330
"526",514,162,1,1489
"527",514,163,1,1840
"528",514,164,1,2044
"529",514,165,1,2516
"530",514,166,1,2691
"531",514,167,1,2701
"532",514,168,1,2835
"533",514,169,1,3111
"534",514,170,1,3380
"535",514,171,1,3777
"536",514,172,1,4000
"537",514,173,1,4082
"538",514,174,1,3913
"539",514,175,1,3857
"540",514,176,1,3881
"541",514,177,1,3826
"542",514,178,1,3676
"543",514,179,1,3965
"544",514,180,1,4179
"545",514,181,1,3855
"546",514,182,1,3536
"547",514,183,1,3394
"548",514,184,1,3263
"549",514,185,1,3122
"550",514,186,1,3543
"551",514,187,1,3603
"552",514,188,1,3618
"553",514,189,1,3330
"554",514,190,1,2990
"555",514,191,1,2447
"556",514,192,1,1892
"557",514,193,1,1471
"558",514,194,1,1212
"559",514,195,1,1126
"560",514,196,1,1052
"561",514,198,1,1016
"562",514,199,1,1074
"563",514,200,1,1082
"564",514,201,1,1120
"565",514,202,1,1103
"566",514,203,1,1092
"567",514,204,1,1208
"568",514,205,1,1131
"569",514,206,1,1197
"570",514,207,1,1047
"571",515,151,1,1025
"572",515,152,1,1049
"573",515,154,1,1013
"574",515,155,1,1211
"575",515,156,1,1401
"576",515,157,1,1420
"577",515,158,1,1291
"578",515,159,1,1230
"579",515,160,1,1240
"580",515,161,1,1270
"581",515,162,1,1516
"582",515,163,1,1872
"583",515,164,1,2152
"584",515,165,1,2713
"585",515,166,1,2909
"586",515,167,1,3056
"587",515,168,1,3243
"588",515,169,1,3331
"589",515,170,1,3808
"590",515,171,1,4100
"591",515,172,1,4658
"592",515,173,1,4675
"593",515,174,1,4379
"594",515,175,1,4095
"595",515,176,1,4246
"596",515,177,1,4053
"597",515,178,1,4290
"598",515,179,1,4622
"599",515,180,1,5162
"600",515,181,1,4682
"601",515,182,1,4193
"602",515,183,1,3942
"603",515,184,1,3708
"604",515,185,1,3807
"605",515,186,1,3615
"606",515,187,1,3981
"607",515,188,1,3997
"608",515,189,1,3759
"609",515,190,1,2966
"610",515,191,1,2223
"611",515,192,1,1716
"612",515,193,1,1367
"613",515,194,1,1131
"614",515,195,1,1010
"615",515,198,1,1108
"616",515,199,1,1253
"617",515,200,1,1255
"618",515,201,1,1120
"619",515,204,1,1053
"620",515,205,1,1063
"621",515,206,1,1163
"622",515,207,1,1105
"623",516,151,1,1151
"624",516,152,1,1166
"625",516,153,1,1029
"626",516,154,1,1021
"627",516,155,1,1267
"628",516,156,1,1586
"629",516,157,1,1673
"630",516,158,1,1560
"631",516,159,1,1521
"632",516,160,1,1379
"633",516,161,1,1317
"634",516,162,1,1451
"635",516,163,1,1690
"636",516,164,1,2003
"637",516,165,1,2445
"638",516,166,1,2818
"639",516,167,1,3104
"640",516,168,1,3332
"641",516,169,1,3753
"642",516,170,1,3966
"643",516,171,1,4097
"644",516,172,1,4374
"645",516,173,1,4822
"646",516,174,1,4833
"647",516,175,1,4414
"648",516,176,1,4393
"649",516,177,1,4432
"650",516,178,1,4862
"651",516,179,1,5252
"652",516,180,1,5778
"653",516,181,1,5117
"654",516,182,1,4424
"655",516,183,1,4186
"656",516,184,1,3927
"657",516,185,1,3947
"658",516,186,1,3960
"659",516,187,1,4135
"660",516,188,1,4163
"661",516,189,1,3411
"662",516,190,1,2712
"663",516,191,1,2123
"664",516,192,1,1804
"665",516,193,1,1463
"666",516,194,1,1219
"667",516,195,1,1143
"668",516,196,1,1162
"669",516,197,1,1129
"670",516,198,1,1225
"671",516,199,1,1413
"672",516,200,1,1388
"673",516,201,1,1131
"674",517,151,1,1017
"675",517,152,1,1028
"676",517,155,1,1169
"677",517,156,1,1451
"678",517,157,1,1643
"679",517,158,1,1868
"680",517,159,1,1875
"681",517,160,1,1647
"682",517,161,1,1538
"683",517,162,1,1653
"684",517,163,1,1882
"685",517,164,1,2042
"686",517,165,1,2376
"687",517,166,1,3008
"688",517,167,1,3545
"689",517,168,1,3787
"690",517,169,1,4325
"691",517,170,1,3968
"692",517,171,1,3817
"693",517,172,1,4172
"694",517,173,1,4809
"695",517,174,1,5165
"696",517,175,1,5243
"697",517,176,1,4824
"698",517,177,1,4832
"699",517,178,1,5139
"700",517,179,1,5925
"701",517,180,1,5977
"702",517,181,1,5692
"703",517,182,1,4895
"704",517,183,1,4648
"705",517,184,1,4520
"706",517,185,1,4735
"707",517,186,1,4614
"708",517,187,1,4327
"709",517,188,1,3736
"710",517,189,1,3108
"711",517,190,1,2537
"712",517,191,1,2298
"713",517,192,1,2100
"714",517,193,1,1640
"715",517,194,1,1384
"716",517,195,1,1415
"717",517,196,1,1495
"718",517,197,1,1392
"719",517,198,1,1263
"720",517,199,1,1283
"721",517,200,1,1215
"722",517,201,1,1009
"723",518,156,1,1235
"724",518,157,1,1545
"725",518,158,1,1886
"726",518,159,1,1993
"727",518,160,1,1888
"728",518,161,1,1838
"729",518,162,1,1895
"730",518,163,1,2077
"731",518,164,1,2279
"732",518,165,1,2537
"733",518,166,1,3116
"734",518,167,1,3695
"735",518,168,1,3931
"736",518,169,1,4286
"737",518,170,1,3929
"738",518,171,1,3603
"739",518,172,1,3848
"740",518,173,1,4498
"741",518,174,1,5309
"742",518,175,1,5652
"743",518,176,1,5767
"744",518,177,1,5362
"745",518,178,1,5637
"746",518,179,1,6101
"747",518,180,1,6340
"748",518,181,1,6032
"749",518,182,1,5545
"750",518,183,1,5287
"751",518,184,1,5476
"752",518,185,1,4893
"753",518,186,1,4512
"754",518,187,1,4168
"755",518,188,1,3528
"756",518,189,1,3010
"757",518,190,1,2638
"758",518,191,1,2374
"759",518,192,1,2021
"760",518,193,1,1702
"761",518,194,1,1510
"762",518,195,1,1693
"763",518,196,1,1879
"764",518,197,1,1632
"765",518,198,1,1305
"766",518,199,1,1096
"767",519,156,1,1069
"768",519,157,1,1352
"769",519,158,1,1666
"770",519,159,1,1943
"771",519,160,1,2263
"772",519,161,1,2326
"773",519,162,1,2214
"774",519,163,1,2282
"775",519,164,1,2464
"776",519,165,1,2928
"777",519,166,1,3271
"778",519,167,1,3886
"779",519,168,1,4282
"780",519,169,1,4646
"781",519,170,1,4030
"782",519,171,1,3551
"783",519,172,1,3620
"784",519,173,1,4275
"785",519,174,1,5116
"786",519,175,1,5775
"787",519,176,1,6068
"788",519,177,1,5898
"789",519,178,1,6770
"790",519,179,1,7067
"791",519,180,1,6742
"792",519,181,1,6472
"793",519,182,1,6024
"794",519,183,1,6296
"795",519,184,1,5986
"796",519,185,1,4915
"797",519,186,1,4865
"798",519,187,1,4033
"799",519,188,1,3722
"800",519,189,1,3080
"801",519,190,1,2786
"802",519,191,1,2543
"803",519,192,1,2319
"804",519,193,1,1881
"805",519,194,1,1615
"806",519,195,1,1741
"807",519,196,1,1893
"808",519,197,1,1619
"809",519,198,1,1245
"810",520,157,1,1216
"811",520,158,1,1516
"812",520,159,1,2052
"813",520,160,1,2605
"814",520,161,1,2796
"815",520,162,1,2795
"816",520,163,1,2705
"817",520,164,1,2911
"818",520,165,1,3362
"819",520,166,1,3765
"820",520,167,1,4087
"821",520,168,1,4532
"822",520,169,1,4434
"823",520,170,1,4023
"824",520,171,1,3608
"825",520,172,1,3626
"826",520,173,1,4300
"827",520,174,1,5187
"828",520,175,1,6023
"829",520,176,1,6199
"830",520,177,1,6380
"831",520,178,1,7391
"832",520,179,1,7276
"833",520,180,1,7267
"834",520,181,1,6927
"835",520,182,1,6546
"836",520,183,1,7035
"837",520,184,1,6222
"838",520,185,1,5169
"839",520,186,1,4512
"840",520,187,1,3979
"841",520,188,1,3738
"842",520,189,1,3259
"843",520,190,1,3024
"844",520,191,1,2888
"845",520,192,1,2566
"846",520,193,1,2074
"847",520,194,1,1641
"848",520,195,1,1557
"849",520,196,1,1543
"850",520,197,1,1360
"851",520,198,1,1087
"852",521,156,1,1129
"853",521,157,1,1308
"854",521,158,1,1572
"855",521,159,1,2040
"856",521,160,1,2546
"857",521,161,1,2923
"858",521,162,1,3353
"859",521,163,1,3214
"860",521,164,1,3360
"861",521,165,1,3830
"862",521,166,1,4164
"863",521,167,1,4580
"864",521,168,1,5258
"865",521,169,1,4858
"866",521,170,1,4464
"867",521,171,1,4080
"868",521,172,1,4153
"869",521,173,1,4795
"870",521,174,1,5679
"871",521,175,1,6412
"872",521,176,1,6621
"873",521,177,1,6778
"874",521,178,1,7619
"875",521,179,1,7616
"876",521,180,1,7109
"877",521,181,1,6890
"878",521,182,1,7080
"879",521,183,1,7282
"880",521,184,1,6483
"881",521,185,1,5785
"882",521,186,1,4835
"883",521,187,1,4441
"884",521,188,1,4488
"885",521,189,1,3701
"886",521,190,1,3294
"887",521,191,1,3207
"888",521,192,1,2981
"889",521,193,1,2307
"890",521,194,1,1737
"891",521,195,1,1389
"892",521,196,1,1260
"893",521,197,1,1118
"894",522,155,1,1189
"895",522,156,1,1328
"896",522,157,1,1456
"897",522,158,1,1703
"898",522,159,1,2215
"899",522,160,1,2577
"900",522,161,1,2959
"901",522,162,1,3157
"902",522,163,1,3273
"903",522,164,1,3446
"904",522,165,1,3886
"905",522,166,1,4223
"906",522,167,1,4893
"907",522,168,1,5053
"908",522,169,1,5520
"909",522,170,1,5146
"910",522,171,1,4803
"911",522,172,1,5001
"912",522,173,1,5495
"913",522,174,1,6171
"914",522,175,1,6751
"915",522,176,1,6885
"916",522,177,1,7538
"917",522,178,1,8402
"918",522,179,1,8099
"919",522,180,1,7769
"920",522,181,1,7421
"921",522,182,1,7751
"922",522,183,1,7668
"923",522,184,1,6813
"924",522,185,1,6055
"925",522,186,1,5271
"926",522,187,1,4681
"927",522,188,1,4506
"928",522,189,1,3738
"929",522,190,1,3123
"930",522,191,1,2911
"931",522,192,1,2666
"932",522,193,1,2159
"933",522,194,1,1667
"934",522,195,1,1340
"935",522,196,1,1187
"936",522,197,1,1058
"937",523,155,1,1250
"938",523,156,1,1397
"939",523,157,1,1455
"940",523,158,1,1700
"941",523,159,1,2265
"942",523,160,1,2619
"943",523,161,1,2828
"944",523,162,1,3021
"945",523,163,1,3266
"946",523,164,1,3304
"947",523,165,1,3539
"948",523,166,1,3925
"949",523,167,1,4480
"950",523,168,1,5112
"951",523,169,1,5753
"952",523,170,1,5678
"953",523,171,1,5752
"954",523,172,1,6013
"955",523,173,1,6545
"956",523,174,1,7102
"957",523,175,1,7402
"958",523,176,1,7654
"959",523,177,1,8220
"960",523,178,1,9003
"961",523,179,1,8786
"962",523,180,1,8673
"963",523,181,1,8566
"964",523,182,1,8511
"965",523,183,1,8236
"966",523,184,1,7535
"967",523,185,1,6835
"968",523,186,1,6171
"969",523,187,1,5084
"970",523,188,1,4414
"971",523,189,1,3629
"972",523,190,1,2988
"973",523,191,1,2776
"974",523,192,1,2390
"975",523,193,1,1949
"976",523,194,1,1600
"977",523,195,1,1471
"978",523,196,1,1372
"979",523,197,1,1236
"980",523,198,1,1099
"981",523,199,1,1009
"982",523,200,1,1035
"983",523,201,1,1058
"984",524,155,1,1246
"985",524,156,1,1481
"986",524,157,1,1522
"987",524,158,1,1774
"988",524,159,1,2320
"989",524,160,1,2922
"990",524,161,1,2940
"991",524,162,1,3238
"992",524,163,1,3737
"993",524,164,1,3707
"994",524,165,1,3650
"995",524,166,1,3872
"996",524,167,1,4365
"997",524,168,1,5186
"998",524,169,1,5996
"999",524,170,1,6515
"1000",524,171,1,6679
"1001",524,172,1,6928
"1002",524,173,1,7616
"1003",524,174,1,7820
"1004",524,175,1,8123
"1005",524,176,1,8533
"1006",524,177,1,9055
"1007",524,178,1,9855
"1008",524,179,1,9931
"1009",524,180,1,9958
"1010",524,181,1,9868
"1011",524,182,1,9698
"1012",524,183,1,9276
"1013",524,184,1,8546
"1014",524,185,1,7494
"1015",524,186,1,6597
"1016",524,187,1,5420
"1017",524,188,1,4535
"1018",524,189,1,3595
"1019",524,190,1,3034
"1020",524,191,1,2668
"1021",524,192,1,2271
"1022",524,193,1,1972
"1023",524,194,1,1769
"1024",524,195,1,1795
"1025",524,196,1,1743
"1026",524,197,1,1529
"1027",524,198,1,1399
"1028",524,199,1,1233
"1029",524,200,1,1268
"1030",524,201,1,1334
"1031",524,202,1,1168
"1032",524,203,1,1051
"1033",525,155,1,1215
"1034",525,156,1,1460
"1035",525,157,1,1526
"1036",525,158,1,1715
"1037",525,159,1,2152
"1038",525,160,1,2606
"1039",525,161,1,3108
"1040",525,162,1,3399
"1041",525,163,1,3750
"1042",525,164,1,3913
"1043",525,165,1,4090
"1044",525,166,1,4139
"1045",525,167,1,4516
"1046",525,168,1,5194
"1047",525,169,1,5794
"1048",525,170,1,6523
"1049",525,171,1,6956
"1050",525,172,1,7416
"1051",525,173,1,7932
"1052",525,174,1,8469
"1053",525,175,1,8813
"1054",525,176,1,9270
"1055",525,177,1,9981
"1056",525,178,1,10878
"1057",525,179,1,11295
"1058",525,180,1,11327
"1059",525,181,1,11239
"1060",525,182,1,10991
"1061",525,183,1,10593
"1062",525,184,1,9646
"1063",525,185,1,8522
"1064",525,186,1,7072
"1065",525,187,1,6020
"1066",525,188,1,4834
"1067",525,189,1,3822
"1068",525,190,1,3413
"1069",525,191,1,2961
"1070",525,192,1,2629
"1071",525,193,1,2224
"1072",525,194,1,2186
"1073",525,195,1,2096
"1074",525,196,1,2036
"1075",525,197,1,1857
"1076",525,198,1,1710
"1077",525,199,1,1436
"1078",525,200,1,1342
"1079",525,201,1,1362
"1080",525,202,1,1163
"1081",526,155,1,1108
"1082",526,156,1,1312
"1083",526,157,1,1568
"1084",526,158,1,1846
"1085",526,159,1,2024
"1086",526,160,1,2358
"1087",526,161,1,2808
"1088",526,162,1,3204
"1089",526,163,1,3759
"1090",526,164,1,3931
"1091",526,165,1,3980
"1092",526,166,1,4160
"1093",526,167,1,4533
"1094",526,168,1,5000
"1095",526,169,1,5809
"1096",526,170,1,6631
"1097",526,171,1,7140
"1098",526,172,1,7791
"1099",526,173,1,8256
"1100",526,174,1,8787
"1101",526,175,1,9505
"1102",526,176,1,9906
"1103",526,177,1,10851
"1104",526,178,1,11914
"1105",526,179,1,12363
"1106",526,180,1,10634
"1107",526,181,1,10552
"1108",526,182,1,10374
"1109",526,183,1,11658
"1110",526,184,1,10684
"1111",526,185,1,9474
"1112",526,186,1,7900
"1113",526,187,1,6392
"1114",526,188,1,5169
"1115",526,189,1,4193
"1116",526,190,1,3322
"1117",526,191,1,2875
"1118",526,192,1,2599
"1119",526,193,1,2429
"1120",526,194,1,2409
"1121",526,195,1,2337
"1122",526,196,1,2231
"1123",526,197,1,1956
"1124",526,198,1,1748
"1125",526,199,1,1429
"1126",526,200,1,1222
"1127",526,201,1,1147
"1128",526,202,1,1003
"1129",527,150,1,1115
"1130",527,151,1,1092
"1131",527,152,1,1079
"1132",527,153,1,1117
"1133",527,154,1,1077
"1134",527,155,1,1078
"1135",527,156,1,1298
"1136",527,157,1,1687
"1137",527,158,1,2141
"1138",527,159,1,2155
"1139",527,160,1,2230
"1140",527,161,1,2547
"1141",527,162,1,3155
"1142",527,163,1,3894
"1143",527,164,1,4121
"1144",527,165,1,4329
"1145",527,166,1,4550
"1146",527,167,1,5074
"1147",527,168,1,5309
"1148",527,169,1,6069
"1149",527,170,1,6891
"1150",527,171,1,7535
"1151",527,172,1,8121
"1152",527,173,1,8927
"1153",527,174,1,8941
"1154",527,175,1,9783
"1155",527,176,1,10587
"1156",527,177,1,11803
"1157",527,178,1,12862
"1158",527,179,1,11671
"1159",527,180,1,12026
"1160",527,181,1,12132
"1161",527,182,1,11701
"1162",527,183,1,10889
"1163",527,184,1,9826
"1164",527,185,1,10415
"1165",527,186,1,8831
"1166",527,187,1,7039
"1167",527,188,1,5554
"1168",527,189,1,4454
"1169",527,190,1,3609
"1170",527,191,1,3158
"1171",527,192,1,2889
"1172",527,193,1,2519
"1173",527,194,1,2492
"1174",527,195,1,2381
"1175",527,196,1,2228
"1176",527,197,1,1882
"1177",527,198,1,1547
"1178",527,199,1,1284
"1179",527,200,1,1077
"1180",528,150,1,1136
"1181",528,151,1,1143
"1182",528,152,1,1239
"1183",528,153,1,1357
"1184",528,154,1,1228
"1185",528,155,1,1127
"1186",528,156,1,1287
"1187",528,157,1,1664
"1188",528,158,1,2090
"1189",528,159,1,2466
"1190",528,160,1,2324
"1191",528,161,1,2400
"1192",528,162,1,2954
"1193",528,163,1,3624
"1194",528,164,1,4024
"1195",528,165,1,4648
"1196",528,166,1,5013
"1197",528,167,1,5870
"1198",528,168,1,5741
"1199",528,169,1,6378
"1200",528,170,1,7147
"1201",528,171,1,7506
"1202",528,172,1,8242
"1203",528,173,1,8681
"1204",528,174,1,9015
"1205",528,175,1,9865
"1206",528,176,1,11179
"1207",528,177,1,12410
"1208",528,178,1,11809
"1209",528,179,1,12986
"1210",528,180,1,13994
"1211",528,181,1,14267
"1212",528,182,1,13601
"1213",528,183,1,12258
"1214",528,184,1,10850
"1215",528,185,1,11503
"1216",528,186,1,9736
"1217",528,187,1,7744
"1218",528,188,1,6125
"1219",528,189,1,4766
"1220",528,190,1,3871
"1221",528,191,1,3640
"1222",528,192,1,3359
"1223",528,193,1,2828
"1224",528,194,1,2603
"1225",528,195,1,2292
"1226",528,196,1,2137
"1227",528,197,1,1780
"1228",528,198,1,1443
"1229",528,199,1,1209
"1230",528,200,1,1072
"1231",529,151,1,1012
"1232",529,152,1,1196
"1233",529,153,1,1346
"1234",529,154,1,1227
"1235",529,155,1,1129
"1236",529,156,1,1298
"1237",529,157,1,1714
"1238",529,158,1,2221
"1239",529,159,1,2536
"1240",529,160,1,2489
"1241",529,161,1,2562
"1242",529,162,1,2859
"1243",529,163,1,3365
"1244",529,164,1,3816
"1245",529,165,1,4385
"1246",529,166,1,4759
"1247",529,167,1,5383
"1248",529,168,1,5857
"1249",529,169,1,6754
"1250",529,170,1,7810
"1251",529,171,1,7882
"1252",529,172,1,8138
"1253",529,173,1,8491
"1254",529,174,1,9164
"1255",529,175,1,10300
"1256",529,176,1,11642
"1257",529,177,1,11072
"1258",529,178,1,12683
"1259",529,179,1,14633
"1260",529,180,1,16111
"1261",529,181,1,16495
"1262",529,182,1,15607
"1263",529,183,1,13829
"1264",529,184,1,12002
"1265",529,185,1,12503
"1266",529,186,1,10395
"1267",529,187,1,8242
"1268",529,188,1,6362
"1269",529,189,1,5002
"1270",529,190,1,4357
"1271",529,191,1,4059
"1272",529,192,1,3767
"1273",529,193,1,3112
"1274",529,194,1,2954
"1275",529,195,1,2471
"1276",529,196,1,2200
"1277",529,197,1,1765
"1278",529,198,1,1434
"1279",529,199,1,1339
"1280",529,200,1,1236
"1281",529,201,1,1097
"1282",529,202,1,1104
"1283",529,203,1,1034
"1284",530,153,1,1097
"1285",530,154,1,1081
"1286",530,155,1,1077
"1287",530,156,1,1283
"1288",530,157,1,1704
"1289",530,158,1,2226
"1290",530,159,1,2603
"1291",530,160,1,2790
"1292",530,161,1,2962
"1293",530,162,1,3051
"1294",530,163,1,3438
"1295",530,164,1,4035
"1296",530,165,1,4390
"1297",530,166,1,4610
"1298",530,167,1,5172
"1299",530,168,1,6089
"1300",530,169,1,7080
"1301",530,170,1,7274
"1302",530,171,1,7881
"1303",530,172,1,8464
"1304",530,173,1,8600
"1305",530,174,1,9368
"1306",530,175,1,10702
"1307",530,176,1,12221
"1308",530,177,1,11652
"1309",530,178,1,13726
"1310",530,179,1,16156
"1311",530,180,1,17954
"1312",530,181,1,18408
"1313",530,182,1,17332
"1314",530,183,1,15184
"1315",530,184,1,12954
"1316",530,185,1,13228
"1317",530,186,1,10784
"1318",530,187,1,8425
"1319",530,188,1,6516
"1320",530,189,1,5395
"1321",530,190,1,4835
"1322",530,191,1,4198
"1323",530,192,1,3643
"1324",530,193,1,3273
"1325",530,194,1,2901
"1326",530,195,1,2523
"1327",530,196,1,2230
"1328",530,197,1,1850
"1329",530,198,1,1642
"1330",530,199,1,1592
"1331",530,200,1,1475
"1332",530,201,1,1238
"1333",530,202,1,1270
"1334",530,203,1,1191
"1335",531,154,1,1006
"1336",531,155,1,1107
"1337",531,156,1,1267
"1338",531,157,1,1628
"1339",531,158,1,2059
"1340",531,159,1,2525
"1341",531,160,1,2938
"1342",531,161,1,3441
"1343",531,162,1,3409
"1344",531,163,1,3593
"1345",531,164,1,4182
"1346",531,165,1,4573
"1347",531,166,1,4913
"1348",531,167,1,5350
"1349",531,168,1,6001
"1350",531,169,1,6479
"1351",531,170,1,6881
"1352",531,171,1,7757
"1353",531,172,1,8243
"1354",531,173,1,8714
"1355",531,174,1,9603
"1356",531,175,1,10970
"1357",531,176,1,12590
"1358",531,177,1,12102
"1359",531,178,1,14411
"1360",531,179,1,17097
"1361",531,180,1,19085
"1362",531,181,1,19589
"1363",531,182,1,18400
"1364",531,183,1,16012
"1365",531,184,1,13499
"1366",531,185,1,13574
"1367",531,186,1,10902
"1368",531,187,1,8417
"1369",531,188,1,6609
"1370",531,189,1,5677
"1371",531,190,1,4801
"1372",531,191,1,4144
"1373",531,192,1,3626
"1374",531,193,1,3345
"1375",531,194,1,3222
"1376",531,195,1,2818
"1377",531,196,1,2498
"1378",531,197,1,2161
"1379",531,198,1,1946
"1380",531,199,1,1714
"1381",531,200,1,1539
"1382",531,201,1,1281
"1383",531,202,1,1195
"1384",531,203,1,1101
"1385",532,154,1,1149
"1386",532,155,1,1328
"1387",532,156,1,1448
"1388",532,157,1,1741
"1389",532,158,1,2102
"1390",532,159,1,2602
"1391",532,160,1,2922
"1392",532,161,1,3278
"1393",532,162,1,3804
"1394",532,163,1,3839
"1395",532,164,1,4335
"1396",532,165,1,4697
"1397",532,166,1,5001
"1398",532,167,1,5497
"1399",532,168,1,5926
"1400",532,169,1,6156
"1401",532,170,1,6771
"1402",532,171,1,7646
"1403",532,172,1,8019
"1404",532,173,1,8505
"1405",532,174,1,9438
"1406",532,175,1,10842
"1407",532,176,1,12515
"1408",532,177,1,12101
"1409",532,178,1,14418
"1410",532,179,1,17114
"1411",532,180,1,19125
"1412",532,181,1,19651
"1413",532,182,1,18459
"1414",532,183,1,16034
"1415",532,184,1,13449
"1416",532,185,1,13397
"1417",532,186,1,10643
"1418",532,187,1,8209
"1419",532,188,1,6440
"1420",532,189,1,5379
"1421",532,190,1,4518
"1422",532,191,1,4024
"1423",532,192,1,3544
"1424",532,193,1,3156
"1425",532,194,1,3011
"1426",532,195,1,2904
"1427",532,196,1,2619
"1428",532,197,1,2279
"1429",532,198,1,2022
"1430",532,199,1,1673
"1431",532,200,1,1440
"1432",532,201,1,1219
"1433",532,202,1,1082
"1434",533,153,1,1008
"1435",533,154,1,1347
"1436",533,155,1,1637
"1437",533,156,1,1694
"1438",533,157,1,1977
"1439",533,158,1,2238
"1440",533,159,1,2307
"1441",533,160,1,2513
"1442",533,161,1,2827
"1443",533,162,1,3343
"1444",533,163,1,3618
"1445",533,164,1,4140
"1446",533,165,1,4517
"1447",533,166,1,4860
"1448",533,167,1,5420
"1449",533,168,1,5788
"1450",533,169,1,6127
"1451",533,170,1,6882
"1452",533,171,1,7578
"1453",533,172,1,7616
"1454",533,173,1,8073
"1455",533,174,1,8982
"1456",533,175,1,10390
"1457",533,176,1,12043
"1458",533,177,1,11762
"1459",533,178,1,13764
"1460",533,179,1,16132
"1461",533,180,1,17937
"1462",533,181,1,18423
"1463",533,182,1,17345
"1464",533,183,1,15129
"1465",533,184,1,12745
"1466",533,185,1,12675
"1467",533,186,1,10065
"1468",533,187,1,7778
"1469",533,188,1,6319
"1470",533,189,1,5388
"1471",533,190,1,4665
"1472",533,191,1,4376
"1473",533,192,1,3776
"1474",533,193,1,3292
"1475",533,194,1,3003
"1476",533,195,1,3039
"1477",533,196,1,2654
"1478",533,197,1,2262
"1479",533,198,1,1960
"1480",533,199,1,1719
"1481",533,200,1,1464
"1482",533,201,1,1245
"1483",533,202,1,1088
"1484",534,153,1,1013
"1485",534,154,1,1375
"1486",534,155,1,1698
"1487",534,156,1,1766
"1488",534,157,1,1971
"1489",534,158,1,2115
"1490",534,159,1,1994
"1491",534,160,1,1963
"1492",534,161,1,2202
"1493",534,162,1,2615
"1494",534,163,1,2909
"1495",534,164,1,3350
"1496",534,165,1,3790
"1497",534,166,1,4308
"1498",534,167,1,5167
"1499",534,168,1,5629
"1500",534,169,1,6085
"1501",534,170,1,6624
"1502",534,171,1,6959
"1503",534,172,1,7077
"1504",534,173,1,7459
"1505",534,174,1,8317
"1506",534,175,1,9652
"1507",534,176,1,11404
"1508",534,177,1,13139
"1509",534,178,1,12872
"1510",534,179,1,14451
"1511",534,180,1,15760
"1512",534,181,1,16117
"1513",534,182,1,15254
"1514",534,183,1,13509
"1515",534,184,1,11638
"1516",534,185,1,11543
"1517",534,186,1,9219
"1518",534,187,1,7198
"1519",534,188,1,5925
"1520",534,189,1,5436
"1521",534,190,1,4639
"1522",534,191,1,4232
"1523",534,192,1,3782
"1524",534,193,1,3517
"1525",534,194,1,3028
"1526",534,195,1,2842
"1527",534,196,1,2610
"1528",534,197,1,2249
"1529",534,198,1,2124
"1530",534,199,1,1953
"1531",534,200,1,1661
"1532",534,201,1,1465
"1533",534,202,1,1279
"1534",534,203,1,1113
"1535",535,154,1,1236
"1536",535,155,1,1564
"1537",535,156,1,1787
"1538",535,157,1,1727
"1539",535,158,1,1674
"1540",535,159,1,1552
"1541",535,160,1,1482
"1542",535,161,1,1652
"1543",535,162,1,1920
"1544",535,163,1,2185
"1545",535,164,1,2582
"1546",535,165,1,3051
"1547",535,166,1,3621
"1548",535,167,1,4425
"1549",535,168,1,5283
"1550",535,169,1,6023
"1551",535,170,1,6657
"1552",535,171,1,7000
"1553",535,172,1,6914
"1554",535,173,1,7225
"1555",535,174,1,7869
"1556",535,175,1,8982
"1557",535,176,1,10439
"1558",535,177,1,12170
"1559",535,178,1,13656
"1560",535,179,1,12640
"1561",535,180,1,13159
"1562",535,181,1,13315
"1563",535,182,1,12749
"1564",535,183,1,11758
"1565",535,184,1,12146
"1566",535,185,1,10290
"1567",535,186,1,8225
"1568",535,187,1,6599
"1569",535,188,1,5583
"1570",535,189,1,5121
"1571",535,190,1,4450
"1572",535,191,1,4013
"1573",535,192,1,3485
"1574",535,193,1,3086
"1575",535,194,1,2820
"1576",535,195,1,2825
"1577",535,196,1,2607
"1578",535,197,1,2367
"1579",535,198,1,2239
"1580",535,199,1,2082
"1581",535,200,1,1910
"1582",535,201,1,1746
"1583",535,202,1,1559
"1584",535,203,1,1323
"1585",535,204,1,1090
"1586",536,154,1,1117
"1587",536,155,1,1420
"1588",536,156,1,1630
"1589",536,157,1,1484
"1590",536,158,1,1275
"1591",536,159,1,1139
"1592",536,160,1,1079
"1593",536,161,1,1187
"1594",536,162,1,1395
"1595",536,163,1,1669
"1596",536,164,1,2084
"1597",536,165,1,2643
"1598",536,166,1,3336
"1599",536,167,1,4075
"1600",536,168,1,4905
"1601",536,169,1,5796
"1602",536,170,1,6099
"1603",536,171,1,6290
"1604",536,172,1,6414
"1605",536,173,1,6977
"1606",536,174,1,7651
"1607",536,175,1,8330
"1608",536,176,1,9386
"1609",536,177,1,10667
"1610",536,178,1,11933
"1611",536,179,1,12542
"1612",536,180,1,10745
"1613",536,181,1,10774
"1614",536,182,1,10539
"1615",536,183,1,11664
"1616",536,184,1,10504
"1617",536,185,1,8785
"1618",536,186,1,7065
"1619",536,187,1,5894
"1620",536,188,1,5441
"1621",536,189,1,4893
"1622",536,190,1,4182
"1623",536,191,1,3515
"1624",536,192,1,3054
"1625",536,193,1,2667
"1626",536,194,1,2594
"1627",536,195,1,2682
"1628",536,196,1,2553
"1629",536,197,1,2445
"1630",536,198,1,2380
"1631",536,199,1,2060
"1632",536,200,1,2082
"1633",536,201,1,1821
"1634",536,202,1,1777
"1635",536,203,1,1438
"1636",536,204,1,1165
"1637",536,205,1,1056
"1638",536,206,1,1089
"1639",536,207,1,1064
"1640",537,155,1,1144
"1641",537,156,1,1230
"1642",537,157,1,1133
"1643",537,162,1,1091
"1644",537,163,1,1459
"1645",537,164,1,1996
"1646",537,165,1,2664
"1647",537,166,1,3373
"1648",537,167,1,4164
"1649",537,168,1,4516
"1650",537,169,1,5484
"1651",537,170,1,5773
"1652",537,171,1,5922
"1653",537,172,1,6319
"1654",537,173,1,6835
"1655",537,174,1,7236
"1656",537,175,1,7735
"1657",537,176,1,8522
"1658",537,177,1,9136
"1659",537,178,1,9896
"1660",537,179,1,10282
"1661",537,180,1,8733
"1662",537,181,1,10343
"1663",537,182,1,10232
"1664",537,183,1,9739
"1665",537,184,1,8740
"1666",537,185,1,7372
"1667",537,186,1,6034
"1668",537,187,1,5266
"1669",537,188,1,4826
"1670",537,189,1,4470
"1671",537,190,1,3726
"1672",537,191,1,3222
"1673",537,192,1,2862
"1674",537,193,1,2454
"1675",537,194,1,2326
"1676",537,195,1,2281
"1677",537,196,1,2183
"1678",537,197,1,2077
"1679",537,198,1,1945
"1680",537,199,1,1750
"1681",537,200,1,1700
"1682",537,201,1,1543
"1683",537,202,1,1474
"1684",537,203,1,1282
"1685",537,204,1,1093
"1686",537,205,1,1066
"1687",537,206,1,1176
"1688",537,207,1,1169
"1689",537,208,1,1037
"1690",537,209,1,1008
"1693",538,163,1,1390
"1694",538,164,1,2016
"1695",538,165,1,2767
"1696",538,166,1,3534
"1697",538,167,1,3749
"1698",538,168,1,4248
"1699",538,169,1,5031
"1700",538,170,1,5273
"1701",538,171,1,5479
"1702",538,172,1,5700
"1703",538,173,1,6196
"1704",538,174,1,6784
"1705",538,175,1,7247
"1706",538,176,1,7578
"1707",538,177,1,7842
"1708",538,178,1,8173
"1709",538,179,1,8355
"1710",538,180,1,8296
"1711",538,181,1,8444
"1712",538,182,1,8365
"1713",538,183,1,7963
"1714",538,184,1,7544
"1715",538,185,1,6479
"1716",538,186,1,5383
"1717",538,187,1,4727
"1718",538,188,1,4207
"1719",538,189,1,4174
"1720",538,190,1,3521
"1721",538,191,1,3152
"1722",538,192,1,2875
"1723",538,193,1,2417
"1724",538,194,1,2351
"1725",538,195,1,2084
"1726",538,196,1,1787
"1727",538,197,1,1615
"1728",538,198,1,1470
"1729",538,199,1,1339
"1730",538,200,1,1278
"1731",538,201,1,1185
"1732",538,202,1,1125
"1733",538,203,1,1020
"1734",538,206,1,1025
"1735",538,207,1,1040
"1736",538,209,1,1076
"1737",538,210,1,1059
"1740",539,163,1,1380
"1741",539,164,1,1982
"1742",539,165,1,2649
"1743",539,166,1,3104
"1744",539,167,1,3486
"1745",539,168,1,4273
"1746",539,169,1,5085
"1747",539,170,1,4920
"1748",539,171,1,5042
"1749",539,172,1,5295
"1750",539,173,1,5883
"1751",539,174,1,6410
"1752",539,175,1,6687
"1753",539,176,1,6803
"1754",539,177,1,6813
"1755",539,178,1,6915
"1756",539,179,1,6842
"1757",539,180,1,6698
"1758",539,181,1,6696
"1759",539,182,1,6741
"1760",539,183,1,6604
"1761",539,184,1,6354
"1762",539,185,1,5847
"1763",539,186,1,4802
"1764",539,187,1,4360
"1765",539,188,1,3676
"1766",539,189,1,3463
"1767",539,190,1,3031
"1768",539,191,1,2692
"1769",539,192,1,2476
"1770",539,193,1,2203
"1771",539,194,1,2179
"1772",539,195,1,1873
"1773",539,196,1,1511
"1774",539,197,1,1246
"1775",539,198,1,1093
"1776",539,210,1,1004
"1777",540,163,1,1319
"1778",540,164,1,1875
"1779",540,165,1,2484
"1780",540,166,1,2895
"1781",540,167,1,3393
"1782",540,168,1,4157
"1783",540,169,1,4628
"1784",540,170,1,4680
"1785",540,171,1,4952
"1786",540,172,1,5161
"1787",540,173,1,5538
"1788",540,174,1,5801
"1789",540,175,1,5996
"1790",540,176,1,5970
"1791",540,177,1,6059
"1792",540,178,1,6085
"1793",540,179,1,5835
"1794",540,180,1,5504
"1795",540,181,1,5376
"1796",540,182,1,5503
"1797",540,183,1,5672
"1798",540,184,1,5454
"1799",540,185,1,5191
"1800",540,186,1,4337
"1801",540,187,1,3692
"1802",540,188,1,3260
"1803",540,189,1,2797
"1804",540,190,1,2509
"1805",540,191,1,2214
"1806",540,192,1,1979
"1807",540,193,1,1818
"1808",540,194,1,1698
"1809",540,195,1,1497
"1810",540,196,1,1229
"1811",540,210,1,1040
"1812",541,163,1,1186
"1813",541,164,1,1633
"1814",541,165,1,2114
"1815",541,166,1,2565
"1816",541,167,1,3160
"1817",541,168,1,3739
"1818",541,169,1,4068
"1819",541,170,1,4326
"1820",541,171,1,4402
"1821",541,172,1,4608
"1822",541,173,1,4791
"1823",541,174,1,5080
"1824",541,175,1,5392
"1825",541,176,1,5251
"1826",541,177,1,5301
"1827",541,178,1,5470
"1828",541,179,1,5144
"1829",541,180,1,4697
"1830",541,181,1,4457
"1831",541,182,1,4546
"1832",541,183,1,4884
"1833",541,184,1,4944
"1834",541,185,1,4593
"1835",541,186,1,3947
"1836",541,187,1,3256
"1837",541,188,1,2742
"1838",541,189,1,2251
"1839",541,190,1,1926
"1840",541,191,1,1748
"1841",541,192,1,1573
"1842",541,193,1,1471
"1843",541,194,1,1361
"1844",541,195,1,1190
"1845",541,196,1,1003
"1846",542,163,1,1077
"1847",542,164,1,1450
"1848",542,165,1,1891
"1849",542,166,1,2481
"1850",542,167,1,3173
"1851",542,168,1,3866
"1852",542,169,1,3914
"1853",542,170,1,4021
"1854",542,171,1,4001
"1855",542,172,1,4393
"1856",542,173,1,4477
"1857",542,174,1,4289
"1858",542,175,1,4456
"1859",542,176,1,4427
"1860",542,177,1,4528
"1861",542,178,1,4845
"1862",542,179,1,4730
"1863",542,180,1,4201
"1864",542,181,1,3806
"1865",542,182,1,3862
"1866",542,183,1,4288
"1867",542,184,1,4772
"1868",542,185,1,4368
"1869",542,186,1,3886
"1870",542,187,1,3248
"1871",542,188,1,2657
"1872",542,189,1,2045
"1873",542,190,1,1559
"1874",542,191,1,1321
"1875",542,192,1,1163
"1876",542,193,1,1117
"1877",542,194,1,1060
"1878",542,195,1,1035
"1879",543,163,1,1124
"1880",543,164,1,1508
"1881",543,165,1,1960
"1882",543,166,1,2544
"1883",543,167,1,3071
"1884",543,168,1,3384
"1885",543,169,1,3574
"1886",543,170,1,3456
"1887",543,171,1,3510
"1888",543,172,1,3884
"1889",543,173,1,3934
"1890",543,174,1,3719
"1891",543,175,1,3782
"1892",543,176,1,3746
"1893",543,177,1,3926
"1894",543,178,1,4279
"1895",543,179,1,4228
"1896",543,180,1,3750
"1897",543,181,1,3351
"1898",543,182,1,3400
"1899",543,183,1,3802
"1900",543,184,1,4158
"1901",543,185,1,4054
"1902",543,186,1,4185
"1903",543,187,1,3341
"1904",543,188,1,2690
"1905",543,189,1,1954
"1906",543,190,1,1409
"1907",543,191,1,1099
"1908",543,192,1,1006
"1909",544,163,1,1290
"1910",544,164,1,1732
"1911",544,165,1,2229
"1912",544,166,1,2722
"1913",544,167,1,3293
"1914",544,168,1,3106
"1915",544,169,1,3013
"1916",544,170,1,2941
"1917",544,171,1,3148
"1918",544,172,1,3560
"1919",544,173,1,3600
"1920",544,174,1,3457
"1921",544,175,1,3674
"1922",544,176,1,3494
"1923",544,177,1,3559
"1924",544,178,1,3905
"1925",544,179,1,3866
"1926",544,180,1,3400
"1927",544,181,1,3019
"1928",544,182,1,3115
"1929",544,183,1,3626
"1930",544,184,1,4219
"1931",544,185,1,3801
"1932",544,186,1,3639
"1933",544,187,1,3125
"1934",544,188,1,2516
"1935",544,189,1,1899
"1936",544,190,1,1413
"1937",544,191,1,1089
"1938",545,162,1,1211
"1939",545,163,1,1565
"1940",545,164,1,1940
"1941",545,165,1,2425
"1942",545,166,1,2685
"1943",545,167,1,2872
"1944",545,168,1,2858
"1945",545,169,1,2671
"1946",545,170,1,2556
"1947",545,171,1,2824
"1948",545,172,1,3126
"1949",545,173,1,3076
"1950",545,174,1,3100
"1951",545,175,1,3282
"1952",545,176,1,3313
"1953",545,177,1,3271
"1954",545,178,1,3571
"1955",545,179,1,3518
"1956",545,180,1,3057
"1957",545,181,1,2697
"1958",545,182,1,2834
"1959",545,183,1,3291
"1960",545,184,1,3501
"1961",545,185,1,3325
"1962",545,186,1,3375
"1963",545,187,1,3195
"1964",545,188,1,2543
"1965",545,189,1,1923
"1966",545,190,1,1422
"1967",545,191,1,1075
"1968",546,161,1,1032
"1969",546,162,1,1432
"1970",546,163,1,1840
"1971",546,164,1,2033
"1972",546,165,1,2184
"1973",546,166,1,2346
"1974",546,167,1,2594
"1975",546,168,1,2942
"1976",546,169,1,2575
"1977",546,170,1,2394
"1978",546,171,1,2741
"1979",546,172,1,3228
"1980",546,173,1,2940
"1981",546,174,1,2834
"1982",546,175,1,3078
"1983",546,176,1,3126
"1984",546,177,1,2993
"1985",546,178,1,3106
"1986",546,179,1,3027
"1987",546,180,1,2651
"1988",546,181,1,2348
"1989",546,182,1,2445
"1990",546,183,1,2728
"1991",546,184,1,2809
"1992",546,185,1,2754
"1993",546,186,1,2938
"1994",546,187,1,3207
"1995",546,188,1,2557
"1996",546,189,1,1878
"1997",546,190,1,1357
"1998",547,161,1,1176
"1999",547,162,1,1548
"2000",547,163,1,1865
"2001",547,164,1,1913
"2002",547,165,1,1811
"2003",547,166,1,1896
"2004",547,167,1,2165
"2005",547,168,1,2369
"2006",547,169,1,2224
"2007",547,170,1,2111
"2008",547,171,1,2399
"2009",547,172,1,2701
"2010",547,173,1,2698
"2011",547,174,1,2567
"2012",547,175,1,2730
"2013",547,176,1,2784
"2014",547,177,1,2763
"2015",547,178,1,3002
"2016",547,179,1,2936
"2017",547,180,1,2490
"2018",547,181,1,2174
"2019",547,182,1,2201
"2020",547,183,1,2406
"2021",547,184,1,2664
"2022",547,185,1,2453
"2023",547,186,1,2571
"2024",547,187,1,2908
"2025",547,188,1,2363
"2026",547,189,1,1760
"2027",547,190,1,1264
"2028",548,161,1,1243
"2029",548,162,1,1622
"2030",548,163,1,1732
"2031",548,164,1,1561
"2032",548,165,1,1469
"2033",548,166,1,1525
"2034",548,167,1,1736
"2035",548,168,1,1876
"2036",548,169,1,1825
"2037",548,170,1,1787
"2038",548,171,1,2041
"2039",548,172,1,2408
"2040",548,173,1,2555
"2041",548,174,1,2463
"2042",548,175,1,2724
"2043",548,176,1,2749
"2044",548,177,1,2562
"2045",548,178,1,2682
"2046",548,179,1,2615
"2047",548,180,1,2323
"2048",548,181,1,2144
"2049",548,182,1,2262
"2050",548,183,1,2273
"2051",548,184,1,2271
"2052",548,185,1,2091
"2053",548,186,1,2135
"2054",548,187,1,2280
"2055",548,188,1,2018
"2056",548,189,1,1586
"2057",548,190,1,1178
"2058",549,161,1,1150
"2059",549,162,1,1389
"2060",549,163,1,1433
"2061",549,164,1,1297
"2062",549,165,1,1210
"2063",549,166,1,1315
"2064",549,167,1,1539
"2065",549,168,1,1687
"2066",549,169,1,1633
"2067",549,170,1,1571
"2068",549,171,1,1775
"2069",549,172,1,2172
"2070",549,173,1,2583
"2071",549,174,1,2440
"2072",549,175,1,2534
"2073",549,176,1,2526
"2074",549,177,1,2367
"2075",549,178,1,2486
"2076",549,179,1,2676
"2077",549,180,1,2280
"2078",549,181,1,2067
"2079",549,182,1,2173
"2080",549,183,1,2137
"2081",549,184,1,2081
"2082",549,185,1,1843
"2083",549,186,1,1754
"2084",549,187,1,1815
"2085",549,188,1,1689
"2086",549,189,1,1440
"2087",549,190,1,1130
"2088",550,157,1,1056
"2089",550,161,1,1025
"2090",550,162,1,1141
"2091",550,163,1,1151
"2092",550,164,1,1100
"2093",550,165,1,1093
"2094",550,166,1,1285
"2095",550,167,1,1588
"2096",550,168,1,1811
"2097",550,169,1,1666
"2098",550,170,1,1502
"2099",550,171,1,1594
"2100",550,172,1,1905
"2101",550,173,1,2211
"2102",550,174,1,2292
"2103",550,175,1,2410
"2104",550,176,1,2416
"2105",550,177,1,2321
"2106",550,178,1,2290
"2107",550,179,1,2233
"2108",550,180,1,2019
"2109",550,181,1,1863
"2110",550,182,1,1840
"2111",550,183,1,1775
"2112",550,184,1,1837
"2113",550,185,1,1757
"2114",550,186,1,1617
"2115",550,187,1,1700
"2116",550,188,1,1782
"2117",550,189,1,1560
"2118",550,190,1,1221
"2119",551,155,1,1073
"2120",551,156,1,1160
"2121",551,157,1,1297
"2122",551,158,1,1126
"2123",551,159,1,1018
"2124",551,160,1,1031
"2125",551,161,1,1104
"2126",551,162,1,1075
"2127",551,163,1,1032
"2128",551,164,1,1070
"2129",551,165,1,1119
"2130",551,166,1,1268
"2131",551,167,1,1540
"2132",551,168,1,1749
"2133",551,169,1,1593
"2134",551,170,1,1397
"2135",551,171,1,1398
"2136",551,172,1,1623
"2137",551,173,1,1976
"2138",551,174,1,2301
"2139",551,175,1,2205
"2140",551,176,1,2258
"2141",551,177,1,2168
"2142",551,178,1,2057
"2143",551,179,1,1841
"2144",551,180,1,1759
"2145",551,181,1,1851
"2146",551,182,1,1800
"2147",551,183,1,1557
"2148",551,184,1,1545
"2149",551,185,1,1498
"2150",551,186,1,1511
"2151",551,187,1,1742
"2152",551,188,1,2049
"2153",551,189,1,1727
"2154",551,190,1,1338
"2155",551,191,1,1015
"2156",552,154,1,1025
"2157",552,155,1,1223
"2158",552,156,1,1161
"2159",552,157,1,1159
"2160",552,158,1,1106
"2161",552,159,1,1130
"2162",552,160,1,1123
"2163",552,161,1,1249
"2164",552,162,1,1121
"2165",552,163,1,1096
"2166",552,164,1,1204
"2167",552,165,1,1239
"2168",552,166,1,1217
"2169",552,167,1,1327
"2170",552,168,1,1425
"2171",552,169,1,1361
"2172",552,170,1,1238
"2173",552,171,1,1227
"2174",552,172,1,1430
"2175",552,173,1,1735
"2176",552,174,1,1966
"2177",552,175,1,1986
"2178",552,176,1,2047
"2179",552,177,1,1865
"2180",552,178,1,1679
"2181",552,179,1,1512
"2182",552,180,1,1537
"2183",552,181,1,1704
"2184",552,182,1,1667
"2185",552,183,1,1411
"2186",552,184,1,1398
"2187",552,185,1,1594
"2188",552,186,1,1515
"2189",552,187,1,1640
"2190",552,188,1,1817
"2191",552,189,1,1772
"2192",552,190,1,1467
"2193",552,191,1,1119
"2194",553,155,1,1054
"2195",553,156,1,1061
"2196",553,157,1,1051
"2197",553,158,1,1028
"2198",553,159,1,1072
"2199",553,160,1,1024
"2200",553,161,1,1058
"2201",553,162,1,1027
"2202",553,163,1,1107
"2203",553,164,1,1305
"2204",553,165,1,1326
"2205",553,166,1,1175
"2206",553,167,1,1122
"2207",553,168,1,1176
"2208",553,169,1,1197
"2209",553,170,1,1143
"2210",553,171,1,1133
"2211",553,172,1,1308
"2212",553,173,1,1584
"2213",553,174,1,1786
"2214",553,175,1,1742
"2215",553,176,1,1692
"2216",553,177,1,1557
"2217",553,178,1,1366
"2218",553,179,1,1223
"2219",553,180,1,1244
"2220",553,181,1,1333
"2221",553,182,1,1308
"2222",553,183,1,1171
"2223",553,184,1,1205
"2224",553,185,1,1360
"2225",553,186,1,1490
"2226",553,187,1,1630
"2227",553,188,1,1723
"2228",553,189,1,1728
"2229",553,190,1,1502
"2230",553,191,1,1184
"2232",554,164,1,1122
"2233",554,165,1,1146
"2234",554,166,1,1055
"2235",554,167,1,1047
"2236",554,168,1,1180
"2237",554,169,1,1283
"2238",554,170,1,1204
"2239",554,171,1,1136
"2240",554,172,1,1270
"2241",554,173,1,1558
"2242",554,174,1,1846
"2243",554,175,1,1655
"2244",554,176,1,1476
"2245",554,177,1,1434
"2246",554,178,1,1316
"2247",554,179,1,1119
"2248",554,184,1,1051
"2249",554,185,1,1290
"2250",554,186,1,1473
"2251",554,187,1,1576
"2252",554,188,1,1612
"2253",554,189,1,1541
"2254",554,190,1,1524
"2255",554,191,1,1273
"2258",555,168,1,1210
"2259",555,169,1,1438
"2260",555,170,1,1254
"2261",555,171,1,1114
"2262",555,172,1,1172
"2263",555,173,1,1386
"2264",555,174,1,1556
"2265",555,175,1,1483
"2266",555,176,1,1376
"2267",555,177,1,1426
"2268",555,178,1,1337
"2269",555,179,1,1074
"2270",555,185,1,1189
"2271",555,186,1,1444
"2272",555,187,1,1446
"2273",555,188,1,1395
"2274",555,189,1,1390
"2275",555,190,1,1432
"2276",555,191,1,1234
"2278",556,168,1,1070
"2279",556,169,1,1198
"2280",556,170,1,1116
"2281",556,171,1,1007
"2282",556,172,1,1031
"2283",556,173,1,1204
"2284",556,174,1,1375
"2285",556,175,1,1368
"2286",556,176,1,1250
"2287",556,177,1,1240
"2288",556,178,1,1154
"2289",556,185,1,1108
"2290",556,186,1,1385
"2291",556,187,1,1419
"2292",556,188,1,1241
"2293",556,189,1,1154
"2294",556,190,1,1146
"2295",556,191,1,1052
"2296",557,173,1,1156
"2297",557,174,1,1387
"2298",557,175,1,1389
"2299",557,176,1,1185
"2300",557,177,1,1046
"2301",557,186,1,1162
"2302",557,187,1,1173
"2303",557,188,1,1031
"2304",558,173,1,1112
"2305",558,174,1,1337
"2306",558,175,1,1336
"2307",558,176,1,1119
"2309",559,173,1,1074
"2310",559,174,1,1241
"2311",559,175,1,1233
"2312",559,176,1,1071
"2316",560,173,1,1127
"2317",560,174,1,1310
"2318",560,175,1,1282
"2319",560,176,1,1113
"2320",560,177,1,1033
"2321",561,172,1,1017
"2322",561,173,1,1206
"2323",561,174,1,1383
"2324",561,175,1,1259
"2325",561,176,1,1139
"2326",561,177,1,1126
"2327",561,178,1,1033
"2328",562,172,1,1048
"2329",562,173,1,1199
"2330",562,174,1,1286
"2331",562,175,1,1218
"2332",562,176,1,1155
"2333",562,177,1,1066
"2334",563,172,1,1063
"2335",563,173,1,1186
"2336",563,174,1,1244
"2337",563,175,1,1222
"2338",563,176,1,1206
"2339",563,177,1,1001
"2340",564,172,1,1079
"2341",564,173,1,1211
"2342",564,174,1,1276
"2343",564,175,1,1174
"2344",564,176,1,1055
"2345",565,172,1,1025
"2346",565,173,1,1147
"2347",565,174,1,1195
"2348",565,175,1,1065
