"","long","lat","cluster_id","add.data"
"1",494,176,1,1027
"2",494,177,1,1029
"4",495,175,1,1098
"5",495,176,1,1221
"6",495,177,1,1228
"7",495,178,1,1133
"8",495,179,1,1045
"9",495,180,1,1005
"10",496,174,1,1001
"11",496,175,1,1183
"12",496,176,1,1359
"13",496,177,1,1383
"14",496,178,1,1277
"15",496,179,1,1194
"16",496,180,1,1101
"17",497,174,1,1028
"18",497,175,1,1191
"19",497,176,1,1342
"20",497,177,1,1410
"21",497,178,1,1326
"22",497,179,1,1330
"23",497,180,1,1235
"24",497,181,1,1003
"25",498,174,1,1101
"26",498,175,1,1224
"27",498,176,1,1367
"28",498,177,1,1387
"29",498,178,1,1287
"30",498,179,1,1323
"31",498,180,1,1240
"32",498,181,1,1007
"34",499,167,1,1145
"35",499,168,1,1190
"36",499,169,1,1114
"37",499,170,1,1152
"38",499,171,1,1154
"39",499,172,1,1098
"40",499,173,1,1111
"41",499,174,1,1204
"42",499,175,1,1303
"43",499,176,1,1263
"44",499,177,1,1243
"45",499,178,1,1199
"46",499,179,1,1220
"47",499,180,1,1154
"49",500,167,1,1180
"50",500,168,1,1239
"51",500,169,1,1218
"52",500,170,1,1377
"53",500,171,1,1394
"54",500,172,1,1271
"55",500,173,1,1291
"56",500,174,1,1285
"57",500,175,1,1289
"58",500,176,1,1182
"59",500,177,1,1115
"60",500,178,1,1193
"61",500,179,1,1306
"62",500,180,1,1265
"63",500,181,1,1052
"65",501,167,1,1080
"66",501,168,1,1136
"67",501,169,1,1232
"68",501,170,1,1427
"69",501,171,1,1470
"70",501,172,1,1352
"71",501,173,1,1425
"72",501,174,1,1376
"73",501,175,1,1174
"74",501,176,1,1060
"75",501,177,1,1044
"76",501,178,1,1207
"77",501,179,1,1426
"78",501,180,1,1404
"79",501,181,1,1128
"80",501,195,1,1059
"81",501,196,1,1087
"82",502,166,1,1065
"83",502,167,1,1074
"84",502,168,1,1068
"85",502,169,1,1185
"86",502,170,1,1362
"87",502,171,1,1471
"88",502,172,1,1381
"89",502,173,1,1337
"90",502,174,1,1243
"91",502,175,1,1071
"92",502,177,1,1002
"93",502,178,1,1181
"94",502,179,1,1377
"95",502,180,1,1368
"96",502,181,1,1147
"97",502,194,1,1009
"98",502,195,1,1209
"99",502,196,1,1199
"100",503,160,1,1040
"101",503,161,1,1071
"102",503,164,1,1002
"103",503,165,1,1146
"104",503,166,1,1263
"105",503,167,1,1178
"106",503,168,1,1109
"107",503,169,1,1242
"108",503,170,1,1501
"109",503,171,1,1696
"110",503,172,1,1526
"111",503,173,1,1271
"112",503,174,1,1098
"113",503,177,1,1011
"114",503,178,1,1248
"115",503,179,1,1526
"116",503,180,1,1528
"117",503,181,1,1253
"118",503,182,1,1012
"119",503,187,1,1080
"120",503,194,1,1083
"121",503,195,1,1170
"122",503,196,1,1106
"123",504,160,1,1049
"124",504,161,1,1120
"125",504,162,1,1084
"126",504,163,1,1088
"127",504,164,1,1207
"128",504,165,1,1268
"129",504,166,1,1329
"130",504,167,1,1219
"131",504,168,1,1138
"132",504,169,1,1269
"133",504,170,1,1543
"134",504,171,1,1764
"135",504,172,1,1601
"136",504,173,1,1308
"137",504,174,1,1050
"138",504,177,1,1042
"139",504,178,1,1296
"140",504,179,1,1541
"141",504,180,1,1553
"142",504,181,1,1338
"143",504,182,1,1168
"144",504,183,1,1143
"145",504,184,1,1095
"146",504,186,1,1031
"147",504,187,1,1110
"148",504,193,1,1167
"149",504,194,1,1320
"150",504,195,1,1229
"151",504,196,1,1024
"152",505,161,1,1091
"153",505,162,1,1246
"154",505,163,1,1262
"155",505,164,1,1388
"156",505,165,1,1404
"157",505,166,1,1287
"158",505,167,1,1222
"159",505,168,1,1172
"160",505,169,1,1273
"161",505,170,1,1520
"162",505,171,1,1778
"163",505,172,1,1735
"164",505,173,1,1439
"165",505,174,1,1139
"166",505,177,1,1144
"167",505,178,1,1464
"168",505,179,1,1798
"169",505,180,1,1812
"170",505,181,1,1523
"171",505,182,1,1321
"172",505,183,1,1367
"173",505,184,1,1339
"174",505,185,1,1170
"175",505,186,1,1065
"176",505,187,1,1012
"177",505,192,1,1079
"178",505,193,1,1347
"179",505,194,1,1611
"180",505,195,1,1340
"181",505,196,1,1059
"182",506,161,1,1066
"183",506,162,1,1307
"184",506,163,1,1398
"185",506,164,1,1385
"186",506,165,1,1374
"187",506,166,1,1363
"188",506,167,1,1427
"189",506,168,1,1379
"190",506,169,1,1389
"191",506,170,1,1630
"192",506,171,1,1950
"193",506,172,1,1932
"194",506,173,1,1567
"195",506,174,1,1239
"196",506,175,1,1040
"197",506,176,1,1024
"198",506,177,1,1213
"199",506,178,1,1535
"200",506,179,1,1861
"201",506,180,1,1870
"202",506,181,1,1581
"203",506,182,1,1361
"204",506,183,1,1379
"205",506,184,1,1432
"206",506,185,1,1440
"207",506,186,1,1326
"208",506,187,1,1116
"209",506,190,1,1019
"210",506,191,1,1133
"211",506,192,1,1221
"212",506,193,1,1385
"213",506,194,1,1461
"214",506,195,1,1313
"215",506,196,1,1099
"216",507,162,1,1299
"217",507,163,1,1612
"218",507,164,1,1466
"219",507,165,1,1390
"220",507,166,1,1561
"221",507,167,1,1736
"222",507,168,1,1626
"223",507,169,1,1606
"224",507,170,1,1677
"225",507,171,1,1837
"226",507,172,1,1829
"227",507,173,1,1620
"228",507,174,1,1366
"229",507,175,1,1200
"230",507,176,1,1139
"231",507,177,1,1296
"232",507,178,1,1562
"233",507,179,1,1775
"234",507,180,1,1754
"235",507,181,1,1537
"236",507,182,1,1349
"237",507,183,1,1423
"238",507,184,1,1656
"239",507,185,1,1730
"240",507,186,1,1667
"241",507,187,1,1403
"242",507,188,1,1190
"243",507,189,1,1160
"244",507,190,1,1341
"245",507,191,1,1497
"246",507,192,1,1513
"247",507,193,1,1614
"248",507,194,1,1515
"249",507,195,1,1470
"250",507,196,1,1226
"253",508,154,1,1073
"254",508,162,1,1182
"255",508,163,1,1410
"256",508,164,1,1441
"257",508,165,1,1457
"258",508,166,1,1616
"259",508,167,1,1805
"260",508,168,1,1779
"261",508,169,1,1936
"262",508,170,1,1910
"263",508,171,1,1834
"264",508,172,1,1849
"265",508,173,1,1889
"266",508,174,1,1717
"267",508,175,1,1499
"268",508,176,1,1405
"269",508,177,1,1574
"270",508,178,1,1868
"271",508,179,1,2056
"272",508,180,1,1928
"273",508,181,1,1626
"274",508,182,1,1368
"275",508,183,1,1383
"276",508,184,1,1564
"277",508,185,1,1777
"278",508,186,1,1813
"279",508,187,1,1723
"280",508,188,1,1451
"281",508,189,1,1427
"282",508,190,1,1682
"283",508,191,1,1919
"284",508,192,1,1770
"285",508,193,1,1941
"286",508,194,1,1637
"287",508,195,1,1533
"288",508,196,1,1315
"289",508,197,1,1129
"292",509,154,1,1127
"293",509,155,1,1102
"294",509,156,1,1035
"295",509,162,1,1056
"296",509,163,1,1337
"297",509,164,1,1568
"298",509,165,1,1621
"299",509,166,1,1562
"300",509,167,1,1652
"301",509,168,1,1872
"302",509,169,1,2185
"303",509,170,1,2296
"304",509,171,1,2181
"305",509,172,1,2286
"306",509,173,1,2427
"307",509,174,1,2191
"308",509,175,1,1885
"309",509,176,1,1758
"310",509,177,1,1888
"311",509,178,1,2254
"312",509,179,1,2550
"313",509,180,1,2261
"314",509,181,1,1807
"315",509,182,1,1441
"316",509,183,1,1339
"317",509,184,1,1495
"318",509,185,1,1768
"319",509,186,1,2111
"320",509,187,1,2144
"321",509,188,1,1820
"322",509,189,1,1769
"323",509,190,1,1934
"324",509,191,1,2025
"325",509,192,1,1818
"326",509,193,1,1707
"327",509,194,1,1556
"328",509,195,1,1494
"329",509,196,1,1555
"330",509,197,1,1340
"331",509,198,1,1160
"332",509,199,1,1007
"333",510,154,1,1040
"334",510,155,1,1228
"335",510,156,1,1190
"336",510,162,1,1031
"337",510,163,1,1365
"338",510,164,1,1732
"339",510,165,1,1807
"340",510,166,1,1618
"341",510,167,1,1584
"342",510,168,1,1884
"343",510,169,1,2315
"344",510,170,1,2710
"345",510,171,1,2463
"346",510,172,1,2615
"347",510,173,1,3030
"348",510,174,1,2583
"349",510,175,1,2293
"350",510,176,1,2188
"351",510,177,1,2152
"352",510,178,1,2458
"353",510,179,1,2755
"354",510,180,1,2479
"355",510,181,1,1987
"356",510,182,1,1552
"357",510,183,1,1445
"358",510,184,1,1643
"359",510,185,1,1967
"360",510,186,1,2248
"361",510,187,1,2478
"362",510,188,1,2236
"363",510,189,1,2125
"364",510,190,1,2300
"365",510,191,1,2006
"366",510,192,1,1708
"367",510,193,1,1535
"368",510,194,1,1514
"369",510,195,1,1592
"370",510,196,1,1564
"371",510,197,1,1591
"372",510,198,1,1388
"373",510,199,1,1168
"374",511,154,1,1017
"375",511,155,1,1174
"376",511,156,1,1131
"377",511,162,1,1013
"378",511,163,1,1310
"379",511,164,1,1642
"380",511,165,1,1877
"381",511,166,1,1746
"382",511,167,1,1672
"383",511,168,1,1905
"384",511,169,1,2280
"385",511,170,1,2513
"386",511,171,1,2461
"387",511,172,1,2592
"388",511,173,1,2777
"389",511,174,1,2668
"390",511,175,1,2726
"391",511,176,1,2668
"392",511,177,1,2467
"393",511,178,1,2613
"394",511,179,1,2982
"395",511,180,1,2894
"396",511,181,1,2378
"397",511,182,1,1851
"398",511,183,1,1640
"399",511,184,1,1733
"400",511,185,1,2048
"401",511,186,1,2255
"402",511,187,1,2666
"403",511,188,1,2531
"404",511,189,1,2527
"405",511,190,1,2324
"406",511,191,1,2093
"407",511,192,1,1836
"408",511,193,1,1573
"409",511,194,1,1645
"410",511,195,1,1789
"411",511,196,1,1750
"412",511,197,1,1656
"413",511,198,1,1603
"414",511,199,1,1270
"415",511,200,1,1022
"416",512,154,1,1113
"417",512,155,1,1295
"418",512,156,1,1164
"419",512,161,1,1011
"420",512,162,1,1089
"421",512,163,1,1330
"422",512,164,1,1666
"423",512,165,1,1949
"424",512,166,1,1909
"425",512,167,1,1881
"426",512,168,1,2219
"427",512,169,1,2626
"428",512,170,1,2760
"429",512,171,1,2656
"430",512,172,1,2807
"431",512,173,1,2960
"432",512,174,1,2891
"433",512,175,1,3002
"434",512,176,1,2970
"435",512,177,1,2776
"436",512,178,1,2955
"437",512,179,1,3415
"438",512,180,1,3369
"439",512,181,1,2731
"440",512,182,1,2187
"441",512,183,1,1972
"442",512,184,1,2060
"443",512,185,1,2159
"444",512,186,1,2586
"445",512,187,1,3037
"446",512,188,1,2961
"447",512,189,1,3170
"448",512,190,1,2692
"449",512,191,1,2532
"450",512,192,1,2097
"451",512,193,1,1660
"452",512,194,1,1636
"453",512,195,1,1746
"454",512,196,1,1561
"455",512,197,1,1381
"456",512,198,1,1327
"457",512,199,1,1166
"458",512,200,1,1026
"459",512,201,1,1046
"460",512,202,1,1018
"461",513,154,1,1119
"462",513,155,1,1297
"463",513,156,1,1182
"464",513,160,1,1180
"465",513,161,1,1250
"466",513,162,1,1257
"467",513,163,1,1530
"468",513,164,1,1764
"469",513,165,1,2140
"470",513,166,1,2255
"471",513,167,1,2242
"472",513,168,1,2546
"473",513,169,1,3039
"474",513,170,1,3185
"475",513,171,1,3075
"476",513,172,1,3353
"477",513,173,1,3590
"478",513,174,1,3483
"479",513,175,1,3464
"480",513,176,1,3436
"481",513,177,1,3295
"482",513,178,1,3178
"483",513,179,1,3427
"484",513,180,1,3427
"485",513,181,1,3030
"486",513,182,1,2707
"487",513,183,1,2582
"488",513,184,1,2541
"489",513,185,1,2568
"490",513,186,1,2925
"491",513,187,1,3307
"492",513,188,1,3521
"493",513,189,1,3105
"494",513,190,1,2926
"495",513,191,1,2617
"496",513,192,1,2112
"497",513,193,1,1639
"498",513,194,1,1426
"499",513,195,1,1396
"500",513,196,1,1275
"501",513,197,1,1118
"502",513,198,1,1082
"503",513,199,1,1040
"504",513,200,1,1049
"505",513,201,1,1168
"506",513,202,1,1161
"507",513,203,1,1028
"508",513,204,1,1041
"510",514,154,1,1028
"511",514,155,1,1159
"512",514,156,1,1173
"513",514,157,1,1132
"514",514,158,1,1038
"515",514,159,1,1103
"516",514,160,1,1271
"517",514,161,1,1338
"518",514,162,1,1492
"519",514,163,1,1852
"520",514,164,1,2026
"521",514,165,1,2510
"522",514,166,1,2674
"523",514,167,1,2667
"524",514,168,1,2791
"525",514,169,1,3068
"526",514,170,1,3325
"527",514,171,1,3748
"528",514,172,1,3956
"529",514,173,1,4038
"530",514,174,1,3856
"531",514,175,1,3809
"532",514,176,1,3837
"533",514,177,1,3793
"534",514,178,1,3609
"535",514,179,1,3914
"536",514,180,1,4141
"537",514,181,1,3811
"538",514,182,1,3502
"539",514,183,1,3385
"540",514,184,1,3262
"541",514,185,1,3073
"542",514,186,1,3546
"543",514,187,1,3570
"544",514,188,1,3585
"545",514,189,1,3290
"546",514,190,1,2972
"547",514,191,1,2428
"548",514,192,1,1870
"549",514,193,1,1452
"550",514,194,1,1191
"551",514,195,1,1109
"552",514,196,1,1036
"553",514,199,1,1061
"554",514,200,1,1064
"555",514,201,1,1109
"556",514,202,1,1093
"557",514,203,1,1080
"558",514,204,1,1212
"559",514,205,1,1116
"560",514,206,1,1196
"561",514,207,1,1034
"562",515,151,1,1019
"563",515,152,1,1042
"564",515,155,1,1198
"565",515,156,1,1394
"566",515,157,1,1413
"567",515,158,1,1275
"568",515,159,1,1214
"569",515,160,1,1231
"570",515,161,1,1260
"571",515,162,1,1517
"572",515,163,1,1882
"573",515,164,1,2141
"574",515,165,1,2723
"575",515,166,1,2891
"576",515,167,1,3030
"577",515,168,1,3219
"578",515,169,1,3268
"579",515,170,1,3775
"580",515,171,1,4050
"581",515,172,1,4653
"582",515,173,1,4642
"583",515,174,1,4318
"584",515,175,1,4020
"585",515,176,1,4211
"586",515,177,1,3979
"587",515,178,1,4233
"588",515,179,1,4556
"589",515,180,1,5155
"590",515,181,1,4644
"591",515,182,1,4158
"592",515,183,1,3924
"593",515,184,1,3680
"594",515,185,1,3802
"595",515,186,1,3543
"596",515,187,1,3962
"597",515,188,1,3976
"598",515,189,1,3771
"599",515,190,1,2946
"600",515,191,1,2194
"601",515,192,1,1695
"602",515,193,1,1354
"603",515,194,1,1117
"604",515,198,1,1097
"605",515,199,1,1249
"606",515,200,1,1251
"607",515,201,1,1108
"608",515,204,1,1043
"609",515,205,1,1047
"610",515,206,1,1158
"611",515,207,1,1101
"612",516,151,1,1154
"613",516,152,1,1168
"614",516,153,1,1017
"615",516,154,1,1004
"616",516,155,1,1257
"617",516,156,1,1591
"618",516,157,1,1673
"619",516,158,1,1539
"620",516,159,1,1508
"621",516,160,1,1361
"622",516,161,1,1300
"623",516,162,1,1441
"624",516,163,1,1678
"625",516,164,1,1984
"626",516,165,1,2420
"627",516,166,1,2779
"628",516,167,1,3053
"629",516,168,1,3268
"630",516,169,1,3707
"631",516,170,1,3923
"632",516,171,1,4046
"633",516,172,1,4305
"634",516,173,1,4777
"635",516,174,1,4784
"636",516,175,1,4318
"637",516,176,1,4320
"638",516,177,1,4358
"639",516,178,1,4809
"640",516,179,1,5175
"641",516,180,1,5767
"642",516,181,1,5050
"643",516,182,1,4351
"644",516,183,1,4176
"645",516,184,1,3854
"646",516,185,1,3873
"647",516,186,1,3895
"648",516,187,1,4099
"649",516,188,1,4173
"650",516,189,1,3377
"651",516,190,1,2686
"652",516,191,1,2099
"653",516,192,1,1805
"654",516,193,1,1465
"655",516,194,1,1211
"656",516,195,1,1128
"657",516,196,1,1148
"658",516,197,1,1110
"659",516,198,1,1214
"660",516,199,1,1422
"661",516,200,1,1398
"662",516,201,1,1124
"663",517,151,1,1012
"664",517,152,1,1022
"665",517,155,1,1157
"666",517,156,1,1442
"667",517,157,1,1626
"668",517,158,1,1867
"669",517,159,1,1874
"670",517,160,1,1629
"671",517,161,1,1523
"672",517,162,1,1657
"673",517,163,1,1901
"674",517,164,1,2033
"675",517,165,1,2339
"676",517,166,1,2981
"677",517,167,1,3524
"678",517,168,1,3739
"679",517,169,1,4327
"680",517,170,1,3911
"681",517,171,1,3747
"682",517,172,1,4110
"683",517,173,1,4763
"684",517,174,1,5108
"685",517,175,1,5201
"686",517,176,1,4720
"687",517,177,1,4747
"688",517,178,1,5040
"689",517,179,1,5888
"690",517,180,1,5902
"691",517,181,1,5646
"692",517,182,1,4819
"693",517,183,1,4586
"694",517,184,1,4436
"695",517,185,1,4712
"696",517,186,1,4598
"697",517,187,1,4309
"698",517,188,1,3695
"699",517,189,1,3078
"700",517,190,1,2512
"701",517,191,1,2311
"702",517,192,1,2140
"703",517,193,1,1649
"704",517,194,1,1375
"705",517,195,1,1404
"706",517,196,1,1488
"707",517,197,1,1382
"708",517,198,1,1247
"709",517,199,1,1278
"710",517,200,1,1212
"711",517,201,1,1001
"712",518,156,1,1218
"713",518,157,1,1531
"714",518,158,1,1884
"715",518,159,1,1986
"716",518,160,1,1861
"717",518,161,1,1813
"718",518,162,1,1889
"719",518,163,1,2092
"720",518,164,1,2288
"721",518,165,1,2506
"722",518,166,1,3084
"723",518,167,1,3664
"724",518,168,1,3868
"725",518,169,1,4243
"726",518,170,1,3872
"727",518,171,1,3532
"728",518,172,1,3781
"729",518,173,1,4427
"730",518,174,1,5262
"731",518,175,1,5590
"732",518,176,1,5727
"733",518,177,1,5257
"734",518,178,1,5520
"735",518,179,1,5989
"736",518,180,1,6266
"737",518,181,1,5955
"738",518,182,1,5490
"739",518,183,1,5192
"740",518,184,1,5449
"741",518,185,1,4804
"742",518,186,1,4448
"743",518,187,1,4141
"744",518,188,1,3489
"745",518,189,1,2993
"746",518,190,1,2639
"747",518,191,1,2383
"748",518,192,1,2014
"749",518,193,1,1693
"750",518,194,1,1491
"751",518,195,1,1690
"752",518,196,1,1896
"753",518,197,1,1631
"754",518,198,1,1293
"755",518,199,1,1082
"756",519,156,1,1052
"757",519,157,1,1335
"758",519,158,1,1647
"759",519,159,1,1914
"760",519,160,1,2249
"761",519,161,1,2309
"762",519,162,1,2181
"763",519,163,1,2266
"764",519,164,1,2445
"765",519,165,1,2925
"766",519,166,1,3226
"767",519,167,1,3856
"768",519,168,1,4236
"769",519,169,1,4647
"770",519,170,1,3980
"771",519,171,1,3487
"772",519,172,1,3548
"773",519,173,1,4204
"774",519,174,1,5041
"775",519,175,1,5700
"776",519,176,1,6001
"777",519,177,1,5771
"778",519,178,1,6708
"779",519,179,1,7012
"780",519,180,1,6635
"781",519,181,1,6400
"782",519,182,1,5913
"783",519,183,1,6240
"784",519,184,1,5944
"785",519,185,1,4797
"786",519,186,1,4878
"787",519,187,1,3983
"788",519,188,1,3724
"789",519,189,1,3058
"790",519,190,1,2780
"791",519,191,1,2532
"792",519,192,1,2320
"793",519,193,1,1865
"794",519,194,1,1593
"795",519,195,1,1735
"796",519,196,1,1909
"797",519,197,1,1619
"798",519,198,1,1236
"799",520,157,1,1193
"800",520,158,1,1485
"801",520,159,1,2034
"802",520,160,1,2605
"803",520,161,1,2784
"804",520,162,1,2770
"805",520,163,1,2669
"806",520,164,1,2885
"807",520,165,1,3343
"808",520,166,1,3742
"809",520,167,1,4024
"810",520,168,1,4476
"811",520,169,1,4362
"812",520,170,1,3955
"813",520,171,1,3537
"814",520,172,1,3543
"815",520,173,1,4219
"816",520,174,1,5099
"817",520,175,1,5952
"818",520,176,1,6093
"819",520,177,1,6251
"820",520,178,1,7334
"821",520,179,1,7150
"822",520,180,1,7190
"823",520,181,1,6845
"824",520,182,1,6436
"825",520,183,1,7000
"826",520,184,1,6146
"827",520,185,1,5093
"828",520,186,1,4449
"829",520,187,1,3914
"830",520,188,1,3690
"831",520,189,1,3216
"832",520,190,1,3001
"833",520,191,1,2877
"834",520,192,1,2547
"835",520,193,1,2053
"836",520,194,1,1612
"837",520,195,1,1541
"838",520,196,1,1534
"839",520,197,1,1352
"840",520,198,1,1076
"841",521,156,1,1116
"842",521,157,1,1292
"843",521,158,1,1547
"844",521,159,1,2011
"845",521,160,1,2518
"846",521,161,1,2892
"847",521,162,1,3368
"848",521,163,1,3192
"849",521,164,1,3332
"850",521,165,1,3812
"851",521,166,1,4127
"852",521,167,1,4521
"853",521,168,1,5264
"854",521,169,1,4783
"855",521,170,1,4395
"856",521,171,1,4004
"857",521,172,1,4070
"858",521,173,1,4713
"859",521,174,1,5600
"860",521,175,1,6336
"861",521,176,1,6525
"862",521,177,1,6629
"863",521,178,1,7506
"864",521,179,1,7503
"865",521,180,1,6980
"866",521,181,1,6774
"867",521,182,1,6980
"868",521,183,1,7199
"869",521,184,1,6382
"870",521,185,1,5756
"871",521,186,1,4774
"872",521,187,1,4392
"873",521,188,1,4505
"874",521,189,1,3665
"875",521,190,1,3271
"876",521,191,1,3212
"877",521,192,1,3004
"878",521,193,1,2299
"879",521,194,1,1721
"880",521,195,1,1366
"881",521,196,1,1243
"882",521,197,1,1103
"883",522,155,1,1190
"884",522,156,1,1323
"885",522,157,1,1446
"886",522,158,1,1683
"887",522,159,1,2204
"888",522,160,1,2548
"889",522,161,1,2939
"890",522,162,1,3126
"891",522,163,1,3245
"892",522,164,1,3413
"893",522,165,1,3865
"894",522,166,1,4179
"895",522,167,1,4881
"896",522,168,1,4968
"897",522,169,1,5491
"898",522,170,1,5078
"899",522,171,1,4709
"900",522,172,1,4914
"901",522,173,1,5393
"902",522,174,1,6061
"903",522,175,1,6647
"904",522,176,1,6735
"905",522,177,1,7407
"906",522,178,1,8312
"907",522,179,1,7951
"908",522,180,1,7627
"909",522,181,1,7257
"910",522,182,1,7629
"911",522,183,1,7559
"912",522,184,1,6685
"913",522,185,1,5963
"914",522,186,1,5184
"915",522,187,1,4602
"916",522,188,1,4482
"917",522,189,1,3697
"918",522,190,1,3082
"919",522,191,1,2890
"920",522,192,1,2659
"921",522,193,1,2145
"922",522,194,1,1649
"923",522,195,1,1321
"924",522,196,1,1173
"925",522,197,1,1044
"926",523,155,1,1248
"927",523,156,1,1389
"928",523,157,1,1433
"929",523,158,1,1671
"930",523,159,1,2252
"931",523,160,1,2589
"932",523,161,1,2789
"933",523,162,1,2974
"934",523,163,1,3225
"935",523,164,1,3248
"936",523,165,1,3487
"937",523,166,1,3875
"938",523,167,1,4422
"939",523,168,1,5049
"940",523,169,1,5703
"941",523,170,1,5578
"942",523,171,1,5659
"943",523,172,1,5914
"944",523,173,1,6439
"945",523,174,1,7002
"946",523,175,1,7276
"947",523,176,1,7506
"948",523,177,1,8059
"949",523,178,1,8868
"950",523,179,1,8596
"951",523,180,1,8501
"952",523,181,1,8389
"953",523,182,1,8335
"954",523,183,1,8078
"955",523,184,1,7392
"956",523,185,1,6736
"957",523,186,1,6121
"958",523,187,1,5002
"959",523,188,1,4357
"960",523,189,1,3586
"961",523,190,1,2958
"962",523,191,1,2792
"963",523,192,1,2392
"964",523,193,1,1936
"965",523,194,1,1578
"966",523,195,1,1464
"967",523,196,1,1369
"968",523,197,1,1226
"969",523,198,1,1083
"970",523,200,1,1025
"971",523,201,1,1051
"972",524,155,1,1239
"973",524,156,1,1481
"974",524,157,1,1506
"975",524,158,1,1754
"976",524,159,1,2306
"977",524,160,1,2939
"978",524,161,1,2897
"979",524,162,1,3198
"980",524,163,1,3738
"981",524,164,1,3686
"982",524,165,1,3608
"983",524,166,1,3830
"984",524,167,1,4311
"985",524,168,1,5136
"986",524,169,1,5949
"987",524,170,1,6464
"988",524,171,1,6595
"989",524,172,1,6815
"990",524,173,1,7535
"991",524,174,1,7684
"992",524,175,1,7976
"993",524,176,1,8379
"994",524,177,1,8867
"995",524,178,1,9675
"996",524,179,1,9708
"997",524,180,1,9732
"998",524,181,1,9634
"999",524,182,1,9475
"1000",524,183,1,9071
"1001",524,184,1,8383
"1002",524,185,1,7341
"1003",524,186,1,6499
"1004",524,187,1,5318
"1005",524,188,1,4473
"1006",524,189,1,3542
"1007",524,190,1,3024
"1008",524,191,1,2686
"1009",524,192,1,2277
"1010",524,193,1,1974
"1011",524,194,1,1756
"1012",524,195,1,1803
"1013",524,196,1,1753
"1014",524,197,1,1516
"1015",524,198,1,1386
"1016",524,199,1,1213
"1017",524,200,1,1260
"1018",524,201,1,1341
"1019",524,202,1,1164
"1020",524,203,1,1052
"1021",525,155,1,1210
"1022",525,156,1,1461
"1023",525,157,1,1509
"1024",525,158,1,1686
"1025",525,159,1,2131
"1026",525,160,1,2579
"1027",525,161,1,3102
"1028",525,162,1,3373
"1029",525,163,1,3718
"1030",525,164,1,3887
"1031",525,165,1,4092
"1032",525,166,1,4116
"1033",525,167,1,4477
"1034",525,168,1,5151
"1035",525,169,1,5705
"1036",525,170,1,6430
"1037",525,171,1,6844
"1038",525,172,1,7292
"1039",525,173,1,7793
"1040",525,174,1,8336
"1041",525,175,1,8646
"1042",525,176,1,9083
"1043",525,177,1,9765
"1044",525,178,1,10643
"1045",525,179,1,11032
"1046",525,180,1,11054
"1047",525,181,1,10956
"1048",525,182,1,10714
"1049",525,183,1,10340
"1050",525,184,1,9423
"1051",525,185,1,8353
"1052",525,186,1,6906
"1053",525,187,1,5932
"1054",525,188,1,4762
"1055",525,189,1,3770
"1056",525,190,1,3451
"1057",525,191,1,3011
"1058",525,192,1,2683
"1059",525,193,1,2232
"1060",525,194,1,2198
"1061",525,195,1,2091
"1062",525,196,1,2034
"1063",525,197,1,1848
"1064",525,198,1,1708
"1065",525,199,1,1422
"1066",525,200,1,1332
"1067",525,201,1,1367
"1068",525,202,1,1159
"1069",526,155,1,1096
"1070",526,156,1,1297
"1071",526,157,1,1553
"1072",526,158,1,1830
"1073",526,159,1,1993
"1074",526,160,1,2329
"1075",526,161,1,2782
"1076",526,162,1,3159
"1077",526,163,1,3728
"1078",526,164,1,3889
"1079",526,165,1,3925
"1080",526,166,1,4106
"1081",526,167,1,4466
"1082",526,168,1,4910
"1083",526,169,1,5717
"1084",526,170,1,6531
"1085",526,171,1,7008
"1086",526,172,1,7665
"1087",526,173,1,8095
"1088",526,174,1,8624
"1089",526,175,1,9350
"1090",526,176,1,9676
"1091",526,177,1,10585
"1092",526,178,1,11619
"1093",526,179,1,12048
"1094",526,180,1,9433
"1095",526,181,1,9360
"1096",526,182,1,9203
"1097",526,183,1,11360
"1098",526,184,1,10420
"1099",526,185,1,9248
"1100",526,186,1,7715
"1101",526,187,1,6250
"1102",526,188,1,5087
"1103",526,189,1,4167
"1104",526,190,1,3292
"1105",526,191,1,2860
"1106",526,192,1,2590
"1107",526,193,1,2426
"1108",526,194,1,2405
"1109",526,195,1,2328
"1110",526,196,1,2227
"1111",526,197,1,1942
"1112",526,198,1,1745
"1113",526,199,1,1416
"1114",526,200,1,1205
"1115",526,201,1,1137
"1116",527,150,1,1121
"1117",527,151,1,1084
"1118",527,152,1,1067
"1119",527,153,1,1107
"1120",527,154,1,1065
"1121",527,155,1,1060
"1122",527,156,1,1282
"1123",527,157,1,1678
"1124",527,158,1,2153
"1125",527,159,1,2130
"1126",527,160,1,2196
"1127",527,161,1,2510
"1128",527,162,1,3125
"1129",527,163,1,3886
"1130",527,164,1,4084
"1131",527,165,1,4279
"1132",527,166,1,4480
"1133",527,167,1,5011
"1134",527,168,1,5209
"1135",527,169,1,5970
"1136",527,170,1,6786
"1137",527,171,1,7427
"1138",527,172,1,7982
"1139",527,173,1,8833
"1140",527,174,1,8746
"1141",527,175,1,9595
"1142",527,176,1,10333
"1143",527,177,1,11509
"1144",527,178,1,12534
"1145",527,179,1,10353
"1146",527,180,1,10668
"1147",527,181,1,10761
"1148",527,182,1,10380
"1149",527,183,1,9659
"1150",527,184,1,8717
"1151",527,185,1,10157
"1152",527,186,1,8623
"1153",527,187,1,6881
"1154",527,188,1,5451
"1155",527,189,1,4407
"1156",527,190,1,3570
"1157",527,191,1,3118
"1158",527,192,1,2863
"1159",527,193,1,2479
"1160",527,194,1,2477
"1161",527,195,1,2371
"1162",527,196,1,2229
"1163",527,197,1,1873
"1164",527,198,1,1529
"1165",527,199,1,1267
"1166",527,200,1,1057
"1167",528,150,1,1141
"1168",528,151,1,1134
"1169",528,152,1,1232
"1170",528,153,1,1363
"1171",528,154,1,1222
"1172",528,155,1,1110
"1173",528,156,1,1269
"1174",528,157,1,1646
"1175",528,158,1,2068
"1176",528,159,1,2473
"1177",528,160,1,2295
"1178",528,161,1,2351
"1179",528,162,1,2917
"1180",528,163,1,3594
"1181",528,164,1,3970
"1182",528,165,1,4618
"1183",528,166,1,4954
"1184",528,167,1,5875
"1185",528,168,1,5637
"1186",528,169,1,6265
"1187",528,170,1,7027
"1188",528,171,1,7348
"1189",528,172,1,8115
"1190",528,173,1,8527
"1191",528,174,1,8822
"1192",528,175,1,9627
"1193",528,176,1,10911
"1194",528,177,1,12096
"1195",528,178,1,10475
"1196",528,179,1,11519
"1197",528,180,1,12413
"1198",528,181,1,12655
"1199",528,182,1,12064
"1200",528,183,1,10874
"1201",528,184,1,9624
"1202",528,185,1,11211
"1203",528,186,1,9503
"1204",528,187,1,7571
"1205",528,188,1,6027
"1206",528,189,1,4694
"1207",528,190,1,3792
"1208",528,191,1,3602
"1209",528,192,1,3340
"1210",528,193,1,2797
"1211",528,194,1,2588
"1212",528,195,1,2270
"1213",528,196,1,2139
"1214",528,197,1,1775
"1215",528,198,1,1428
"1216",528,199,1,1188
"1217",528,200,1,1055
"1218",529,152,1,1192
"1219",529,153,1,1352
"1220",529,154,1,1221
"1221",529,155,1,1112
"1222",529,156,1,1280
"1223",529,157,1,1698
"1224",529,158,1,2212
"1225",529,159,1,2527
"1226",529,160,1,2457
"1227",529,161,1,2522
"1228",529,162,1,2813
"1229",529,163,1,3318
"1230",529,164,1,3749
"1231",529,165,1,4324
"1232",529,166,1,4678
"1233",529,167,1,5299
"1234",529,168,1,5743
"1235",529,169,1,6638
"1236",529,170,1,7760
"1237",529,171,1,7748
"1238",529,172,1,7969
"1239",529,173,1,8307
"1240",529,174,1,8963
"1241",529,175,1,10062
"1242",529,176,1,11355
"1243",529,177,1,9821
"1244",529,178,1,11250
"1245",529,179,1,12980
"1246",529,180,1,14291
"1247",529,181,1,14631
"1248",529,182,1,13844
"1249",529,183,1,12266
"1250",529,184,1,10646
"1251",529,185,1,12184
"1252",529,186,1,10137
"1253",529,187,1,8063
"1254",529,188,1,6231
"1255",529,189,1,4893
"1256",529,190,1,4285
"1257",529,191,1,4025
"1258",529,192,1,3771
"1259",529,193,1,3081
"1260",529,194,1,2976
"1261",529,195,1,2468
"1262",529,196,1,2211
"1263",529,197,1,1757
"1264",529,198,1,1410
"1265",529,199,1,1325
"1266",529,200,1,1226
"1267",529,201,1,1084
"1268",529,202,1,1101
"1269",529,203,1,1033
"1270",530,153,1,1088
"1271",530,154,1,1069
"1272",530,155,1,1058
"1273",530,156,1,1265
"1274",530,157,1,1689
"1275",530,158,1,2217
"1276",530,159,1,2590
"1277",530,160,1,2767
"1278",530,161,1,2932
"1279",530,162,1,3000
"1280",530,163,1,3386
"1281",530,164,1,3996
"1282",530,165,1,4329
"1283",530,166,1,4515
"1284",530,167,1,5066
"1285",530,168,1,6000
"1286",530,169,1,7026
"1287",530,170,1,7125
"1288",530,171,1,7740
"1289",530,172,1,8341
"1290",530,173,1,8406
"1291",530,174,1,9147
"1292",530,175,1,10443
"1293",530,176,1,11915
"1294",530,177,1,10336
"1295",530,178,1,12176
"1296",530,179,1,14330
"1297",530,180,1,15926
"1298",530,181,1,16329
"1299",530,182,1,15374
"1300",530,183,1,13468
"1301",530,184,1,11491
"1302",530,185,1,12890
"1303",530,186,1,10513
"1304",530,187,1,8234
"1305",530,188,1,6371
"1306",530,189,1,5300
"1307",530,190,1,4798
"1308",530,191,1,4155
"1309",530,192,1,3596
"1310",530,193,1,3247
"1311",530,194,1,2868
"1312",530,195,1,2496
"1313",530,196,1,2215
"1314",530,197,1,1825
"1315",530,198,1,1621
"1316",530,199,1,1588
"1317",530,200,1,1476
"1318",530,201,1,1224
"1319",530,202,1,1275
"1320",530,203,1,1200
"1321",531,155,1,1089
"1322",531,156,1,1243
"1323",531,157,1,1605
"1324",531,158,1,2030
"1325",531,159,1,2495
"1326",531,160,1,2909
"1327",531,161,1,3447
"1328",531,162,1,3359
"1329",531,163,1,3528
"1330",531,164,1,4133
"1331",531,165,1,4513
"1332",531,166,1,4845
"1333",531,167,1,5260
"1334",531,168,1,5910
"1335",531,169,1,6362
"1336",531,170,1,6729
"1337",531,171,1,7626
"1338",531,172,1,8083
"1339",531,173,1,8532
"1340",531,174,1,9390
"1341",531,175,1,10702
"1342",531,176,1,12270
"1343",531,177,1,10735
"1344",531,178,1,12783
"1345",531,179,1,15166
"1346",531,180,1,16929
"1347",531,181,1,17376
"1348",531,182,1,16321
"1349",531,183,1,14203
"1350",531,184,1,11974
"1351",531,185,1,13228
"1352",531,186,1,10632
"1353",531,187,1,8225
"1354",531,188,1,6474
"1355",531,189,1,5625
"1356",531,190,1,4751
"1357",531,191,1,4098
"1358",531,192,1,3579
"1359",531,193,1,3314
"1360",531,194,1,3222
"1361",531,195,1,2796
"1362",531,196,1,2482
"1363",531,197,1,2145
"1364",531,198,1,1940
"1365",531,199,1,1705
"1366",531,200,1,1538
"1367",531,201,1,1270
"1368",531,202,1,1188
"1369",531,203,1,1098
"1370",532,154,1,1138
"1371",532,155,1,1316
"1372",532,156,1,1427
"1373",532,157,1,1718
"1374",532,158,1,2073
"1375",532,159,1,2596
"1376",532,160,1,2904
"1377",532,161,1,3245
"1378",532,162,1,3809
"1379",532,163,1,3789
"1380",532,164,1,4293
"1381",532,165,1,4643
"1382",532,166,1,4928
"1383",532,167,1,5422
"1384",532,168,1,5840
"1385",532,169,1,6027
"1386",532,170,1,6632
"1387",532,171,1,7522
"1388",532,172,1,7865
"1389",532,173,1,8323
"1390",532,174,1,9225
"1391",532,175,1,10576
"1392",532,176,1,12197
"1393",532,177,1,10734
"1394",532,178,1,12789
"1395",532,179,1,15181
"1396",532,180,1,16965
"1397",532,181,1,17431
"1398",532,182,1,16374
"1399",532,183,1,14222
"1400",532,184,1,11929
"1401",532,185,1,13054
"1402",532,186,1,10375
"1403",532,187,1,8026
"1404",532,188,1,6306
"1405",532,189,1,5287
"1406",532,190,1,4432
"1407",532,191,1,3958
"1408",532,192,1,3486
"1409",532,193,1,3097
"1410",532,194,1,2969
"1411",532,195,1,2878
"1412",532,196,1,2597
"1413",532,197,1,2259
"1414",532,198,1,2012
"1415",532,199,1,1650
"1416",532,200,1,1423
"1417",532,201,1,1202
"1418",532,202,1,1066
"1419",533,154,1,1343
"1420",533,155,1,1641
"1421",533,156,1,1676
"1422",533,157,1,1969
"1423",533,158,1,2233
"1424",533,159,1,2279
"1425",533,160,1,2488
"1426",533,161,1,2793
"1427",533,162,1,3322
"1428",533,163,1,3580
"1429",533,164,1,4112
"1430",533,165,1,4475
"1431",533,166,1,4795
"1432",533,167,1,5349
"1433",533,168,1,5697
"1434",533,169,1,6010
"1435",533,170,1,6778
"1436",533,171,1,7487
"1437",533,172,1,7462
"1438",533,173,1,7904
"1439",533,174,1,8782
"1440",533,175,1,10145
"1441",533,176,1,11740
"1442",533,177,1,10433
"1443",533,178,1,12209
"1444",533,179,1,14309
"1445",533,180,1,15910
"1446",533,181,1,16342
"1447",533,182,1,15385
"1448",533,183,1,13420
"1449",533,184,1,11305
"1450",533,185,1,12352
"1451",533,186,1,9813
"1452",533,187,1,7597
"1453",533,188,1,6207
"1454",533,189,1,5301
"1455",533,190,1,4592
"1456",533,191,1,4352
"1457",533,192,1,3733
"1458",533,193,1,3242
"1459",533,194,1,2955
"1460",533,195,1,3034
"1461",533,196,1,2628
"1462",533,197,1,2234
"1463",533,198,1,1929
"1464",533,199,1,1695
"1465",533,200,1,1441
"1466",533,201,1,1223
"1467",533,202,1,1068
"1468",534,153,1,1003
"1469",534,154,1,1370
"1470",534,155,1,1698
"1471",534,156,1,1746
"1472",534,157,1,1962
"1473",534,158,1,2117
"1474",534,159,1,1976
"1475",534,160,1,1931
"1476",534,161,1,2169
"1477",534,162,1,2588
"1478",534,163,1,2868
"1479",534,164,1,3306
"1480",534,165,1,3737
"1481",534,166,1,4239
"1482",534,167,1,5124
"1483",534,168,1,5549
"1484",534,169,1,5983
"1485",534,170,1,6507
"1486",534,171,1,6819
"1487",534,172,1,6924
"1488",534,173,1,7288
"1489",534,174,1,8124
"1490",534,175,1,9418
"1491",534,176,1,11122
"1492",534,177,1,12803
"1493",534,178,1,11418
"1494",534,179,1,12819
"1495",534,180,1,13980
"1496",534,181,1,14297
"1497",534,182,1,13531
"1498",534,183,1,11983
"1499",534,184,1,10324
"1500",534,185,1,11251
"1501",534,186,1,8994
"1502",534,187,1,7030
"1503",534,188,1,5797
"1504",534,189,1,5386
"1505",534,190,1,4565
"1506",534,191,1,4182
"1507",534,192,1,3739
"1508",534,193,1,3511
"1509",534,194,1,2990
"1510",534,195,1,2805
"1511",534,196,1,2583
"1512",534,197,1,2210
"1513",534,198,1,2104
"1514",534,199,1,1941
"1515",534,200,1,1637
"1516",534,201,1,1446
"1517",534,202,1,1260
"1518",534,203,1,1096
"1519",535,154,1,1222
"1520",535,155,1,1554
"1521",535,156,1,1787
"1522",535,157,1,1710
"1523",535,158,1,1659
"1524",535,159,1,1535
"1525",535,160,1,1457
"1526",535,161,1,1631
"1527",535,162,1,1895
"1528",535,163,1,2151
"1529",535,164,1,2541
"1530",535,165,1,2999
"1531",535,166,1,3551
"1532",535,167,1,4348
"1533",535,168,1,5210
"1534",535,169,1,5939
"1535",535,170,1,6580
"1536",535,171,1,6928
"1537",535,172,1,6793
"1538",535,173,1,7084
"1539",535,174,1,7694
"1540",535,175,1,8781
"1541",535,176,1,10183
"1542",535,177,1,11862
"1543",535,178,1,13306
"1544",535,179,1,11212
"1545",535,180,1,11672
"1546",535,181,1,11811
"1547",535,182,1,11309
"1548",535,183,1,10430
"1549",535,184,1,11836
"1550",535,185,1,10033
"1551",535,186,1,8033
"1552",535,187,1,6459
"1553",535,188,1,5466
"1554",535,189,1,5057
"1555",535,190,1,4385
"1556",535,191,1,3978
"1557",535,192,1,3444
"1558",535,193,1,3046
"1559",535,194,1,2778
"1560",535,195,1,2807
"1561",535,196,1,2580
"1562",535,197,1,2337
"1563",535,198,1,2215
"1564",535,199,1,2064
"1565",535,200,1,1891
"1566",535,201,1,1734
"1567",535,202,1,1546
"1568",535,203,1,1310
"1569",535,204,1,1074
"1570",536,154,1,1105
"1571",536,155,1,1415
"1572",536,156,1,1638
"1573",536,157,1,1477
"1574",536,158,1,1257
"1575",536,159,1,1123
"1576",536,160,1,1061
"1577",536,161,1,1169
"1578",536,162,1,1373
"1579",536,163,1,1639
"1580",536,164,1,2045
"1581",536,165,1,2595
"1582",536,166,1,3282
"1583",536,167,1,4001
"1584",536,168,1,4832
"1585",536,169,1,5733
"1586",536,170,1,5995
"1587",536,171,1,6174
"1588",536,172,1,6273
"1589",536,173,1,6848
"1590",536,174,1,7518
"1591",536,175,1,8149
"1592",536,176,1,9165
"1593",536,177,1,10402
"1594",536,178,1,11629
"1595",536,179,1,12221
"1596",536,180,1,9532
"1597",536,181,1,9557
"1598",536,182,1,9349
"1599",536,183,1,11366
"1600",536,184,1,10239
"1601",536,185,1,8574
"1602",536,186,1,6900
"1603",536,187,1,5764
"1604",536,188,1,5383
"1605",536,189,1,4846
"1606",536,190,1,4138
"1607",536,191,1,3458
"1608",536,192,1,3008
"1609",536,193,1,2619
"1610",536,194,1,2562
"1611",536,195,1,2673
"1612",536,196,1,2537
"1613",536,197,1,2435
"1614",536,198,1,2387
"1615",536,199,1,2036
"1616",536,200,1,2092
"1617",536,201,1,1806
"1618",536,202,1,1789
"1619",536,203,1,1429
"1620",536,204,1,1149
"1621",536,205,1,1040
"1622",536,206,1,1080
"1623",536,207,1,1056
"1624",537,155,1,1135
"1625",537,156,1,1224
"1626",537,157,1,1124
"1627",537,162,1,1071
"1628",537,163,1,1436
"1629",537,164,1,1968
"1630",537,165,1,2631
"1631",537,166,1,3326
"1632",537,167,1,4146
"1633",537,168,1,4424
"1634",537,169,1,5432
"1635",537,170,1,5693
"1636",537,171,1,5820
"1637",537,172,1,6232
"1638",537,173,1,6744
"1639",537,174,1,7105
"1640",537,175,1,7573
"1641",537,176,1,8359
"1642",537,177,1,8915
"1643",537,178,1,9648
"1644",537,179,1,10021
"1645",537,180,1,7747
"1646",537,181,1,10080
"1647",537,182,1,9975
"1648",537,183,1,9498
"1649",537,184,1,8531
"1650",537,185,1,7201
"1651",537,186,1,5902
"1652",537,187,1,5173
"1653",537,188,1,4754
"1654",537,189,1,4421
"1655",537,190,1,3660
"1656",537,191,1,3170
"1657",537,192,1,2825
"1658",537,193,1,2410
"1659",537,194,1,2288
"1660",537,195,1,2251
"1661",537,196,1,2161
"1662",537,197,1,2060
"1663",537,198,1,1928
"1664",537,199,1,1729
"1665",537,200,1,1687
"1666",537,201,1,1525
"1667",537,202,1,1464
"1668",537,203,1,1271
"1669",537,204,1,1077
"1670",537,205,1,1052
"1671",537,206,1,1175
"1672",537,207,1,1168
"1673",537,208,1,1025
"1676",538,163,1,1367
"1677",538,164,1,1993
"1678",538,165,1,2744
"1679",538,166,1,3537
"1680",538,167,1,3685
"1681",538,168,1,4166
"1682",538,169,1,4958
"1683",538,170,1,5187
"1684",538,171,1,5394
"1685",538,172,1,5590
"1686",538,173,1,6077
"1687",538,174,1,6667
"1688",538,175,1,7122
"1689",538,176,1,7428
"1690",538,177,1,7665
"1691",538,178,1,7976
"1692",538,179,1,8146
"1693",538,180,1,8091
"1694",538,181,1,8243
"1695",538,182,1,8178
"1696",538,183,1,7780
"1697",538,184,1,7434
"1698",538,185,1,6368
"1699",538,186,1,5325
"1700",538,187,1,4663
"1701",538,188,1,4132
"1702",538,189,1,4165
"1703",538,190,1,3480
"1704",538,191,1,3128
"1705",538,192,1,2867
"1706",538,193,1,2383
"1707",538,194,1,2343
"1708",538,195,1,2064
"1709",538,196,1,1759
"1710",538,197,1,1594
"1711",538,198,1,1451
"1712",538,199,1,1319
"1713",538,200,1,1262
"1714",538,201,1,1168
"1715",538,202,1,1110
"1716",538,203,1,1006
"1717",538,206,1,1018
"1718",538,207,1,1032
"1723",539,163,1,1362
"1724",539,164,1,1961
"1725",539,165,1,2629
"1726",539,166,1,3061
"1727",539,167,1,3419
"1728",539,168,1,4220
"1729",539,169,1,5071
"1730",539,170,1,4831
"1731",539,171,1,4949
"1732",539,172,1,5190
"1733",539,173,1,5792
"1734",539,174,1,6321
"1735",539,175,1,6580
"1736",539,176,1,6683
"1737",539,177,1,6665
"1738",539,178,1,6763
"1739",539,179,1,6679
"1740",539,180,1,6534
"1741",539,181,1,6544
"1742",539,182,1,6609
"1743",539,183,1,6478
"1744",539,184,1,6255
"1745",539,185,1,5790
"1746",539,186,1,4720
"1747",539,187,1,4401
"1748",539,188,1,3657
"1749",539,189,1,3465
"1750",539,190,1,3012
"1751",539,191,1,2662
"1752",539,192,1,2457
"1753",539,193,1,2178
"1754",539,194,1,2181
"1755",539,195,1,1862
"1756",539,196,1,1493
"1757",539,197,1,1225
"1758",539,198,1,1075
"1759",540,163,1,1304
"1760",540,164,1,1859
"1761",540,165,1,2472
"1762",540,166,1,2862
"1763",540,167,1,3345
"1764",540,168,1,4124
"1765",540,169,1,4585
"1766",540,170,1,4609
"1767",540,171,1,4901
"1768",540,172,1,5094
"1769",540,173,1,5473
"1770",540,174,1,5714
"1771",540,175,1,5899
"1772",540,176,1,5854
"1773",540,177,1,5949
"1774",540,178,1,5971
"1775",540,179,1,5712
"1776",540,180,1,5377
"1777",540,181,1,5258
"1778",540,182,1,5406
"1779",540,183,1,5600
"1780",540,184,1,5364
"1781",540,185,1,5146
"1782",540,186,1,4275
"1783",540,187,1,3672
"1784",540,188,1,3335
"1785",540,189,1,2826
"1786",540,190,1,2559
"1787",540,191,1,2250
"1788",540,192,1,1985
"1789",540,193,1,1826
"1790",540,194,1,1684
"1791",540,195,1,1484
"1792",540,196,1,1217
"1794",541,163,1,1170
"1795",541,164,1,1614
"1796",541,165,1,2088
"1797",541,166,1,2522
"1798",541,167,1,3112
"1799",541,168,1,3678
"1800",541,169,1,4000
"1801",541,170,1,4272
"1802",541,171,1,4330
"1803",541,172,1,4530
"1804",541,173,1,4699
"1805",541,174,1,5004
"1806",541,175,1,5339
"1807",541,176,1,5160
"1808",541,177,1,5203
"1809",541,178,1,5390
"1810",541,179,1,5044
"1811",541,180,1,4594
"1812",541,181,1,4365
"1813",541,182,1,4463
"1814",541,183,1,4825
"1815",541,184,1,4885
"1816",541,185,1,4534
"1817",541,186,1,3891
"1818",541,187,1,3222
"1819",541,188,1,2772
"1820",541,189,1,2269
"1821",541,190,1,1951
"1822",541,191,1,1815
"1823",541,192,1,1629
"1824",541,193,1,1534
"1825",541,194,1,1404
"1826",541,195,1,1211
"1827",541,196,1,1018
"1828",542,163,1,1058
"1829",542,164,1,1426
"1830",542,165,1,1857
"1831",542,166,1,2445
"1832",542,167,1,3140
"1833",542,168,1,3866
"1834",542,169,1,3870
"1835",542,170,1,3985
"1836",542,171,1,3937
"1837",542,172,1,4358
"1838",542,173,1,4435
"1839",542,174,1,4207
"1840",542,175,1,4392
"1841",542,176,1,4350
"1842",542,177,1,4438
"1843",542,178,1,4776
"1844",542,179,1,4667
"1845",542,180,1,4124
"1846",542,181,1,3724
"1847",542,182,1,3789
"1848",542,183,1,4231
"1849",542,184,1,4771
"1850",542,185,1,4324
"1851",542,186,1,3838
"1852",542,187,1,3220
"1853",542,188,1,2700
"1854",542,189,1,2077
"1855",542,190,1,1562
"1856",542,191,1,1347
"1857",542,192,1,1192
"1858",542,193,1,1173
"1859",542,194,1,1121
"1860",542,195,1,1128
"1861",543,163,1,1107
"1862",543,164,1,1487
"1863",543,165,1,1930
"1864",543,166,1,2515
"1865",543,167,1,3033
"1866",543,168,1,3340
"1867",543,169,1,3552
"1868",543,170,1,3406
"1869",543,171,1,3449
"1870",543,172,1,3839
"1871",543,173,1,3887
"1872",543,174,1,3654
"1873",543,175,1,3726
"1874",543,176,1,3676
"1875",543,177,1,3852
"1876",543,178,1,4217
"1877",543,179,1,4167
"1878",543,180,1,3682
"1879",543,181,1,3280
"1880",543,182,1,3337
"1881",543,183,1,3746
"1882",543,184,1,4103
"1883",543,185,1,3998
"1884",543,186,1,4219
"1885",543,187,1,3314
"1886",543,188,1,2747
"1887",543,189,1,1979
"1888",543,190,1,1407
"1889",543,191,1,1107
"1890",543,192,1,1068
"1891",544,163,1,1271
"1892",544,164,1,1717
"1893",544,165,1,2212
"1894",544,166,1,2702
"1895",544,167,1,3314
"1896",544,168,1,3066
"1897",544,169,1,2970
"1898",544,170,1,2893
"1899",544,171,1,3102
"1900",544,172,1,3536
"1901",544,173,1,3574
"1902",544,174,1,3416
"1903",544,175,1,3673
"1904",544,176,1,3449
"1905",544,177,1,3496
"1906",544,178,1,3857
"1907",544,179,1,3821
"1908",544,180,1,3343
"1909",544,181,1,2958
"1910",544,182,1,3063
"1911",544,183,1,3592
"1912",544,184,1,4248
"1913",544,185,1,3759
"1914",544,186,1,3606
"1915",544,187,1,3084
"1916",544,188,1,2519
"1917",544,189,1,1922
"1918",544,190,1,1450
"1919",544,191,1,1136
"1920",545,162,1,1200
"1921",545,163,1,1551
"1922",545,164,1,1923
"1923",545,165,1,2428
"1924",545,166,1,2673
"1925",545,167,1,2844
"1926",545,168,1,2820
"1927",545,169,1,2629
"1928",545,170,1,2506
"1929",545,171,1,2781
"1930",545,172,1,3083
"1931",545,173,1,3023
"1932",545,174,1,3060
"1933",545,175,1,3250
"1934",545,176,1,3279
"1935",545,177,1,3213
"1936",545,178,1,3537
"1937",545,179,1,3487
"1938",545,180,1,3012
"1939",545,181,1,2646
"1940",545,182,1,2801
"1941",545,183,1,3285
"1942",545,184,1,3487
"1943",545,185,1,3288
"1944",545,186,1,3359
"1945",545,187,1,3189
"1946",545,188,1,2544
"1947",545,189,1,1945
"1948",545,190,1,1460
"1949",545,191,1,1124
"1950",546,161,1,1018
"1951",546,162,1,1423
"1952",546,163,1,1842
"1953",546,164,1,2026
"1954",546,165,1,2170
"1955",546,166,1,2324
"1956",546,167,1,2568
"1957",546,168,1,2963
"1958",546,169,1,2550
"1959",546,170,1,2353
"1960",546,171,1,2717
"1961",546,172,1,3249
"1962",546,173,1,2906
"1963",546,174,1,2791
"1964",546,175,1,3058
"1965",546,176,1,3103
"1966",546,177,1,2943
"1967",546,178,1,3057
"1968",546,179,1,2982
"1969",546,180,1,2605
"1970",546,181,1,2303
"1971",546,182,1,2419
"1972",546,183,1,2716
"1973",546,184,1,2782
"1974",546,185,1,2715
"1975",546,186,1,2908
"1976",546,187,1,3231
"1977",546,188,1,2546
"1978",546,189,1,1864
"1979",546,190,1,1358
"1980",546,191,1,1005
"1981",547,161,1,1166
"1982",547,162,1,1538
"1983",547,163,1,1866
"1984",547,164,1,1911
"1985",547,165,1,1788
"1986",547,166,1,1868
"1987",547,167,1,2144
"1988",547,168,1,2354
"1989",547,169,1,2201
"1990",547,170,1,2076
"1991",547,171,1,2375
"1992",547,172,1,2679
"1993",547,173,1,2673
"1994",547,174,1,2523
"1995",547,175,1,2692
"1996",547,176,1,2743
"1997",547,177,1,2719
"1998",547,178,1,2986
"1999",547,179,1,2923
"2000",547,180,1,2457
"2001",547,181,1,2137
"2002",547,182,1,2172
"2003",547,183,1,2396
"2004",547,184,1,2698
"2005",547,185,1,2440
"2006",547,186,1,2549
"2007",547,187,1,2935
"2008",547,188,1,2352
"2009",547,189,1,1742
"2010",547,190,1,1249
"2011",548,161,1,1236
"2012",548,162,1,1631
"2013",548,163,1,1735
"2014",548,164,1,1543
"2015",548,165,1,1449
"2016",548,166,1,1500
"2017",548,167,1,1712
"2018",548,168,1,1852
"2019",548,169,1,1799
"2020",548,170,1,1756
"2021",548,171,1,2017
"2022",548,172,1,2394
"2023",548,173,1,2536
"2024",548,174,1,2421
"2025",548,175,1,2711
"2026",548,176,1,2735
"2027",548,177,1,2521
"2028",548,178,1,2653
"2029",548,179,1,2579
"2030",548,180,1,2288
"2031",548,181,1,2118
"2032",548,182,1,2260
"2033",548,183,1,2271
"2034",548,184,1,2278
"2035",548,185,1,2080
"2036",548,186,1,2119
"2037",548,187,1,2273
"2038",548,188,1,2007
"2039",548,189,1,1570
"2040",548,190,1,1162
"2041",549,161,1,1141
"2042",549,162,1,1386
"2043",549,163,1,1428
"2044",549,164,1,1283
"2045",549,165,1,1189
"2046",549,166,1,1292
"2047",549,167,1,1518
"2048",549,168,1,1665
"2049",549,169,1,1608
"2050",549,170,1,1541
"2051",549,171,1,1749
"2052",549,172,1,2152
"2053",549,173,1,2594
"2054",549,174,1,2409
"2055",549,175,1,2508
"2056",549,176,1,2500
"2057",549,177,1,2324
"2058",549,178,1,2456
"2059",549,179,1,2690
"2060",549,180,1,2259
"2061",549,181,1,2044
"2062",549,182,1,2176
"2063",549,183,1,2142
"2064",549,184,1,2100
"2065",549,185,1,1840
"2066",549,186,1,1733
"2067",549,187,1,1795
"2068",549,188,1,1663
"2069",549,189,1,1418
"2070",549,190,1,1113
"2071",550,157,1,1051
"2072",550,161,1,1008
"2073",550,162,1,1128
"2074",550,163,1,1138
"2075",550,164,1,1084
"2076",550,165,1,1072
"2077",550,166,1,1268
"2078",550,167,1,1579
"2079",550,168,1,1814
"2080",550,169,1,1654
"2081",550,170,1,1478
"2082",550,171,1,1570
"2083",550,172,1,1885
"2084",550,173,1,2190
"2085",550,174,1,2258
"2086",550,175,1,2389
"2087",550,176,1,2395
"2088",550,177,1,2297
"2089",550,178,1,2267
"2090",550,179,1,2214
"2091",550,180,1,1997
"2092",550,181,1,1835
"2093",550,182,1,1819
"2094",550,183,1,1761
"2095",550,184,1,1856
"2096",550,185,1,1779
"2097",550,186,1,1608
"2098",550,187,1,1683
"2099",550,188,1,1773
"2100",550,189,1,1548
"2101",550,190,1,1207
"2102",551,155,1,1064
"2103",551,156,1,1151
"2104",551,157,1,1309
"2105",551,158,1,1118
"2106",551,159,1,1003
"2107",551,160,1,1019
"2108",551,161,1,1095
"2109",551,162,1,1062
"2110",551,163,1,1013
"2111",551,164,1,1054
"2112",551,165,1,1102
"2113",551,166,1,1252
"2114",551,167,1,1533
"2115",551,168,1,1755
"2116",551,169,1,1583
"2117",551,170,1,1377
"2118",551,171,1,1374
"2119",551,172,1,1597
"2120",551,173,1,1954
"2121",551,174,1,2304
"2122",551,175,1,2174
"2123",551,176,1,2240
"2124",551,177,1,2150
"2125",551,178,1,2045
"2126",551,179,1,1815
"2127",551,180,1,1735
"2128",551,181,1,1847
"2129",551,182,1,1799
"2130",551,183,1,1541
"2131",551,184,1,1551
"2132",551,185,1,1497
"2133",551,186,1,1500
"2134",551,187,1,1735
"2135",551,188,1,2079
"2136",551,189,1,1720
"2137",551,190,1,1322
"2138",551,191,1,1001
"2139",552,154,1,1017
"2140",552,155,1,1230
"2141",552,156,1,1148
"2142",552,157,1,1146
"2143",552,158,1,1093
"2144",552,159,1,1125
"2145",552,160,1,1113
"2146",552,161,1,1260
"2147",552,162,1,1111
"2148",552,163,1,1082
"2149",552,164,1,1197
"2150",552,165,1,1230
"2151",552,166,1,1199
"2152",552,167,1,1313
"2153",552,168,1,1413
"2154",552,169,1,1345
"2155",552,170,1,1218
"2156",552,171,1,1203
"2157",552,172,1,1407
"2158",552,173,1,1714
"2159",552,174,1,1944
"2160",552,175,1,1961
"2161",552,176,1,2039
"2162",552,177,1,1845
"2163",552,178,1,1659
"2164",552,179,1,1489
"2165",552,180,1,1521
"2166",552,181,1,1708
"2167",552,182,1,1673
"2168",552,183,1,1401
"2169",552,184,1,1402
"2170",552,185,1,1633
"2171",552,186,1,1514
"2172",552,187,1,1626
"2173",552,188,1,1806
"2174",552,189,1,1771
"2175",552,190,1,1460
"2176",552,191,1,1107
"2177",553,155,1,1045
"2178",553,156,1,1051
"2179",553,157,1,1042
"2180",553,158,1,1017
"2181",553,159,1,1069
"2182",553,160,1,1014
"2183",553,161,1,1051
"2184",553,162,1,1015
"2185",553,163,1,1096
"2186",553,164,1,1309
"2187",553,165,1,1329
"2188",553,166,1,1162
"2189",553,167,1,1101
"2190",553,168,1,1155
"2191",553,169,1,1177
"2192",553,170,1,1123
"2193",553,171,1,1110
"2194",553,172,1,1286
"2195",553,173,1,1563
"2196",553,174,1,1765
"2197",553,175,1,1715
"2198",553,176,1,1670
"2199",553,177,1,1536
"2200",553,178,1,1341
"2201",553,179,1,1200
"2202",553,180,1,1230
"2203",553,181,1,1325
"2204",553,182,1,1301
"2205",553,183,1,1160
"2206",553,184,1,1205
"2207",553,185,1,1368
"2208",553,186,1,1493
"2209",553,187,1,1624
"2210",553,188,1,1714
"2211",553,189,1,1729
"2212",553,190,1,1494
"2213",553,191,1,1170
"2215",554,164,1,1118
"2216",554,165,1,1141
"2217",554,166,1,1043
"2218",554,167,1,1030
"2219",554,168,1,1167
"2220",554,169,1,1274
"2221",554,170,1,1191
"2222",554,171,1,1116
"2223",554,172,1,1251
"2224",554,173,1,1546
"2225",554,174,1,1858
"2226",554,175,1,1638
"2227",554,176,1,1450
"2228",554,177,1,1418
"2229",554,178,1,1305
"2230",554,179,1,1104
"2231",554,184,1,1048
"2232",554,185,1,1301
"2233",554,186,1,1478
"2234",554,187,1,1573
"2235",554,188,1,1608
"2236",554,189,1,1524
"2237",554,190,1,1524
"2238",554,191,1,1267
"2240",555,168,1,1204
"2241",555,169,1,1454
"2242",555,170,1,1246
"2243",555,171,1,1096
"2244",555,172,1,1154
"2245",555,173,1,1371
"2246",555,174,1,1544
"2247",555,175,1,1465
"2248",555,176,1,1356
"2249",555,177,1,1424
"2250",555,178,1,1340
"2251",555,179,1,1065
"2252",555,185,1,1188
"2253",555,186,1,1451
"2254",555,187,1,1434
"2255",555,188,1,1379
"2256",555,189,1,1379
"2257",555,190,1,1437
"2258",555,191,1,1229
"2260",556,168,1,1061
"2261",556,169,1,1192
"2262",556,170,1,1105
"2263",556,172,1,1011
"2264",556,173,1,1186
"2265",556,174,1,1359
"2266",556,175,1,1352
"2267",556,176,1,1231
"2268",556,177,1,1231
"2269",556,178,1,1148
"2270",556,185,1,1101
"2271",556,186,1,1392
"2272",556,187,1,1424
"2273",556,188,1,1229
"2274",556,189,1,1140
"2275",556,190,1,1137
"2276",556,191,1,1041
"2277",557,173,1,1143
"2278",557,174,1,1384
"2279",557,175,1,1386
"2280",557,176,1,1171
"2281",557,177,1,1031
"2282",557,186,1,1160
"2283",557,187,1,1170
"2284",557,188,1,1022
"2285",558,173,1,1098
"2286",558,174,1,1333
"2287",558,175,1,1332
"2288",558,176,1,1105
"2290",559,173,1,1058
"2291",559,174,1,1226
"2292",559,175,1,1218
"2293",559,176,1,1054
"2297",560,173,1,1110
"2298",560,174,1,1301
"2299",560,175,1,1274
"2300",560,176,1,1097
"2301",560,177,1,1022
"2302",561,173,1,1191
"2303",561,174,1,1382
"2304",561,175,1,1243
"2305",561,176,1,1121
"2306",561,177,1,1122
"2307",561,178,1,1032
"2308",562,172,1,1027
"2309",562,173,1,1180
"2310",562,174,1,1269
"2311",562,175,1,1197
"2312",562,176,1,1138
"2313",562,177,1,1054
"2314",563,172,1,1040
"2315",563,173,1,1162
"2316",563,174,1,1221
"2317",563,175,1,1204
"2318",563,176,1,1205
"2319",564,172,1,1057
"2320",564,173,1,1191
"2321",564,174,1,1262
"2322",564,175,1,1156
"2323",564,176,1,1042
"2324",565,172,1,1004
"2325",565,173,1,1129
"2326",565,174,1,1184
"2327",565,175,1,1050
