"","long","lat","cluster_id","add.data"
"25",500,170,2,1077
"26",500,171,2,1090
"27",500,173,2,1014
"28",500,174,2,1013
"30",501,170,2,1104
"31",501,171,2,1136
"32",501,172,2,1034
"33",501,173,2,1114
"34",501,174,2,1090
"37",502,170,2,1037
"38",502,171,2,1125
"39",502,172,2,1045
"40",502,173,2,1029
"41",503,170,2,1155
"42",503,171,2,1316
"43",503,172,2,1168
"45",504,170,2,1175
"46",504,171,2,1361
"47",504,172,2,1221
"48",504,179,2,1118
"49",504,180,2,1142
"50",504,181,2,1020
"51",505,164,2,1052
"52",505,165,2,1067
"53",505,170,2,1124
"54",505,171,2,1351
"55",505,172,2,1317
"56",505,173,2,1073
"57",505,178,2,1115
"58",505,179,2,1392
"59",505,180,2,1424
"60",505,181,2,1210
"61",505,182,2,1004
"62",505,194,2,1209
"63",505,195,2,1004
"64",506,163,2,1042
"65",506,164,2,1032
"66",506,165,2,1010
"67",506,167,2,1056
"68",506,170,2,1189
"69",506,171,2,1470
"70",506,172,2,1459
"71",506,173,2,1158
"72",506,178,2,1160
"73",506,179,2,1443
"74",506,180,2,1475
"75",506,181,2,1262
"76",506,182,2,1058
"77",506,194,2,1058
"78",507,163,2,1228
"79",507,164,2,1088
"80",507,166,2,1151
"81",507,167,2,1305
"82",507,168,2,1187
"83",507,169,2,1087
"84",507,170,2,1181
"85",507,171,2,1323
"86",507,172,2,1320
"87",507,173,2,1154
"88",507,178,2,1141
"89",507,179,2,1332
"90",507,180,2,1344
"91",507,181,2,1198
"92",507,182,2,1039
"93",507,184,2,1025
"94",507,185,2,1136
"95",507,186,2,1076
"96",507,191,2,1051
"97",507,192,2,1054
"98",507,193,2,1151
"99",507,194,2,1051
"100",508,163,2,1054
"101",508,164,2,1049
"102",508,165,2,1041
"103",508,166,2,1179
"104",508,167,2,1338
"105",508,168,2,1279
"106",508,169,2,1308
"107",508,170,2,1329
"108",508,171,2,1257
"109",508,172,2,1278
"110",508,173,2,1347
"111",508,174,2,1226
"112",508,175,2,1055
"113",508,177,2,1116
"114",508,178,2,1365
"115",508,179,2,1537
"116",508,180,2,1450
"117",508,181,2,1232
"118",508,182,2,1032
"119",508,185,2,1128
"120",508,186,2,1077
"121",508,187,2,1003
"122",508,190,2,1142
"123",508,191,2,1361
"124",508,192,2,1253
"125",508,193,2,1399
"126",508,194,2,1144
"127",509,164,2,1163
"128",509,165,2,1186
"129",509,166,2,1113
"130",509,167,2,1172
"131",509,168,2,1327
"132",509,169,2,1606
"133",509,170,2,1693
"134",509,171,2,1552
"135",509,172,2,1653
"136",509,173,2,1816
"137",509,174,2,1611
"138",509,175,2,1337
"139",509,176,2,1222
"140",509,177,2,1327
"141",509,178,2,1653
"142",509,179,2,1919
"143",509,180,2,1689
"144",509,181,2,1327
"145",509,182,2,1039
"146",509,185,2,1024
"147",509,186,2,1279
"148",509,187,2,1310
"149",509,188,2,1065
"150",509,190,2,1190
"151",509,191,2,1387
"152",509,192,2,1254
"153",509,193,2,1192
"154",509,194,2,1067
"155",510,163,2,1017
"156",510,164,2,1305
"157",510,165,2,1335
"158",510,166,2,1136
"159",510,167,2,1072
"160",510,168,2,1331
"161",510,169,2,1714
"162",510,170,2,2027
"163",510,171,2,1794
"164",510,172,2,1938
"165",510,173,2,2298
"166",510,174,2,1931
"167",510,175,2,1659
"168",510,176,2,1553
"169",510,177,2,1492
"170",510,178,2,1762
"171",510,179,2,2043
"172",510,180,2,1814
"173",510,181,2,1404
"174",510,182,2,1047
"175",510,185,2,1096
"176",510,186,2,1292
"177",510,187,2,1521
"178",510,188,2,1350
"179",510,189,2,1214
"180",510,190,2,1167
"181",510,191,2,1206
"182",510,192,2,1111
"183",510,193,2,1014
"184",510,194,2,1037
"185",510,195,2,1122
"186",510,196,2,1128
"187",510,197,2,1165
"188",510,198,2,1011
"189",511,164,2,1178
"190",511,165,2,1231
"191",511,166,2,1125
"192",511,167,2,1078
"193",511,168,2,1313
"194",511,169,2,1640
"195",511,170,2,1831
"196",511,171,2,1734
"197",511,172,2,1833
"198",511,173,2,2018
"199",511,174,2,1946
"200",511,175,2,2012
"201",511,176,2,1950
"202",511,177,2,1716
"203",511,178,2,1829
"204",511,179,2,2189
"205",511,180,2,2126
"206",511,181,2,1677
"207",511,182,2,1226
"208",511,185,2,1109
"209",511,186,2,1269
"210",511,187,2,1643
"211",511,188,2,1565
"212",511,189,2,1644
"213",511,190,2,1487
"214",511,191,2,1392
"215",511,192,2,1226
"216",511,193,2,1043
"217",511,194,2,1157
"218",511,195,2,1314
"219",511,196,2,1289
"220",511,197,2,1211
"221",511,198,2,1145
"222",512,164,2,1091
"223",512,165,2,1234
"224",512,166,2,1285
"225",512,167,2,1288
"226",512,168,2,1585
"227",512,169,2,1941
"228",512,170,2,2027
"229",512,171,2,1850
"230",512,172,2,1808
"231",512,173,2,1903
"232",512,174,2,2069
"233",512,175,2,2227
"234",512,176,2,2188
"235",512,177,2,1953
"236",512,178,2,2088
"237",512,179,2,2522
"238",512,180,2,2484
"239",512,181,2,1901
"240",512,182,2,1388
"241",512,183,2,1055
"242",512,185,2,1122
"243",512,186,2,1525
"244",512,187,2,1907
"245",512,188,2,1864
"246",512,189,2,2140
"247",512,190,2,1803
"248",512,191,2,1764
"249",512,192,2,1458
"250",512,193,2,1126
"251",512,194,2,1161
"252",512,195,2,1285
"253",512,196,2,1138
"254",513,164,2,1298
"255",513,165,2,1593
"256",513,166,2,1671
"257",513,167,2,1611
"258",513,168,2,1858
"259",513,169,2,2283
"260",513,170,2,2384
"261",513,171,2,2227
"262",513,172,2,2321
"263",513,173,2,2331
"264",513,174,2,2587
"265",513,175,2,2635
"266",513,176,2,2605
"267",513,177,2,2416
"268",513,178,2,2230
"269",513,179,2,2457
"270",513,180,2,2450
"271",513,181,2,2038
"272",513,182,2,1733
"273",513,183,2,1569
"274",513,184,2,1375
"275",513,185,2,1494
"276",513,186,2,1762
"277",513,187,2,2075
"278",513,188,2,2223
"279",513,189,2,1987
"280",513,190,2,1905
"281",513,191,2,1792
"282",513,192,2,1463
"283",513,193,2,1123
"284",513,195,2,1009
"285",514,163,2,1073
"286",514,164,2,1453
"287",514,165,2,1895
"288",514,166,2,2047
"289",514,167,2,1987
"290",514,168,2,2045
"291",514,169,2,2249
"292",514,170,2,2477
"293",514,171,2,2851
"294",514,172,2,3023
"295",514,173,2,2919
"296",514,174,2,2937
"297",514,175,2,2926
"298",514,176,2,2974
"299",514,177,2,2865
"300",514,178,2,2606
"301",514,179,2,2861
"302",514,180,2,3076
"303",514,181,2,2703
"304",514,182,2,2353
"305",514,183,2,2193
"306",514,184,2,2038
"307",514,185,2,1869
"308",514,186,2,2265
"309",514,187,2,2300
"310",514,188,2,2351
"311",514,189,2,2197
"312",514,190,2,1959
"313",514,191,2,1592
"314",514,192,2,1239
"316",515,156,2,1034
"317",515,157,2,1042
"318",515,163,2,1050
"319",515,164,2,1390
"320",515,165,2,1799
"321",515,166,2,2186
"322",515,167,2,2296
"323",515,168,2,2404
"324",515,169,2,2405
"325",515,170,2,2865
"326",515,171,2,3144
"327",515,172,2,3676
"328",515,173,2,3683
"329",515,174,2,3390
"330",515,175,2,3087
"331",515,176,2,3273
"332",515,177,2,3012
"333",515,178,2,3190
"334",515,179,2,3466
"335",515,180,2,4006
"336",515,181,2,3461
"337",515,182,2,2904
"338",515,183,2,2636
"339",515,184,2,2379
"340",515,185,2,2485
"341",515,186,2,2308
"342",515,187,2,2690
"343",515,188,2,2762
"344",515,189,2,2673
"345",515,190,2,2027
"346",515,191,2,1442
"347",515,192,2,1067
"348",516,156,2,1203
"349",516,157,2,1254
"350",516,158,2,1128
"351",516,159,2,1098
"352",516,164,2,1258
"353",516,165,2,1654
"354",516,166,2,2064
"355",516,167,2,2273
"356",516,168,2,2413
"357",516,169,2,2816
"358",516,170,2,2994
"359",516,171,2,3078
"360",516,172,2,3343
"361",516,173,2,3820
"362",516,174,2,3821
"363",516,175,2,3313
"364",516,176,2,3223
"365",516,177,2,3241
"366",516,178,2,3713
"367",516,179,2,4062
"368",516,180,2,4559
"369",516,181,2,3824
"370",516,182,2,3023
"371",516,183,2,2677
"372",516,184,2,2551
"373",516,185,2,2561
"374",516,186,2,2588
"375",516,187,2,2696
"376",516,188,2,2820
"377",516,189,2,2250
"378",516,190,2,1761
"379",516,191,2,1309
"382",517,156,2,1071
"383",517,157,2,1209
"384",517,158,2,1404
"385",517,159,2,1404
"386",517,160,2,1172
"387",517,164,2,1257
"388",517,165,2,1704
"389",517,166,2,2261
"390",517,167,2,2709
"391",517,168,2,2867
"392",517,169,2,3380
"393",517,170,2,2968
"394",517,171,2,2735
"395",517,172,2,3104
"396",517,173,2,3784
"397",517,174,2,4151
"398",517,175,2,4190
"399",517,176,2,3742
"400",517,177,2,3653
"401",517,178,2,3899
"402",517,179,2,4675
"403",517,180,2,4701
"404",517,181,2,4356
"405",517,182,2,3409
"406",517,183,2,3184
"407",517,184,2,3093
"408",517,185,2,3305
"409",517,186,2,3280
"410",517,187,2,3026
"411",517,188,2,2457
"412",517,189,2,1900
"413",517,190,2,1434
"414",517,191,2,1127
"415",517,196,2,1062
"416",518,157,2,1122
"417",518,158,2,1411
"418",518,159,2,1476
"419",518,160,2,1346
"420",518,161,2,1280
"421",518,162,2,1169
"422",518,163,2,1135
"423",518,164,2,1304
"424",518,165,2,1719
"425",518,166,2,2277
"426",518,167,2,2762
"427",518,168,2,2930
"428",518,169,2,3329
"429",518,170,2,2912
"430",518,171,2,2503
"431",518,172,2,2742
"432",518,173,2,3411
"433",518,174,2,4219
"434",518,175,2,4498
"435",518,176,2,4637
"436",518,177,2,4089
"437",518,178,2,4290
"438",518,179,2,4732
"439",518,180,2,4963
"440",518,181,2,4604
"441",518,182,2,3966
"442",518,183,2,3706
"443",518,184,2,4010
"444",518,185,2,3534
"445",518,186,2,3078
"446",518,187,2,2833
"447",518,188,2,2246
"448",518,189,2,1661
"449",518,190,2,1289
"450",518,191,2,1112
"451",518,192,2,1020
"452",518,195,2,1204
"453",518,196,2,1385
"454",518,197,2,1169
"455",519,158,2,1183
"456",519,159,2,1388
"457",519,160,2,1671
"458",519,161,2,1707
"459",519,162,2,1538
"460",519,163,2,1431
"461",519,164,2,1455
"462",519,165,2,1758
"463",519,166,2,2165
"464",519,167,2,2600
"465",519,168,2,3147
"466",519,169,2,3634
"467",519,170,2,3009
"468",519,171,2,2449
"469",519,172,2,2463
"470",519,173,2,3099
"471",519,174,2,3828
"472",519,175,2,4460
"473",519,176,2,4837
"474",519,177,2,4521
"475",519,178,2,5501
"476",519,179,2,5732
"477",519,180,2,5320
"478",519,181,2,4911
"479",519,182,2,4453
"480",519,183,2,4703
"481",519,184,2,4338
"482",519,185,2,3325
"483",519,186,2,3335
"484",519,187,2,2686
"485",519,188,2,2116
"486",519,189,2,1687
"487",519,190,2,1403
"488",519,191,2,1413
"489",519,192,2,1363
"490",519,193,2,1172
"491",519,194,2,1053
"492",519,195,2,1228
"493",519,196,2,1394
"494",519,197,2,1168
"495",520,158,2,1023
"496",520,159,2,1475
"497",520,160,2,1967
"498",520,161,2,2113
"499",520,162,2,2068
"500",520,163,2,1879
"501",520,164,2,1949
"502",520,165,2,2307
"503",520,166,2,2579
"504",520,167,2,3030
"505",520,168,2,3478
"506",520,169,2,3358
"507",520,170,2,2909
"508",520,171,2,2429
"509",520,172,2,2379
"510",520,173,2,3093
"511",520,174,2,3971
"512",520,175,2,4805
"513",520,176,2,4846
"514",520,177,2,4916
"515",520,178,2,6095
"516",520,179,2,5929
"517",520,180,2,5906
"518",520,181,2,5595
"519",520,182,2,5285
"520",520,183,2,5637
"521",520,184,2,4708
"522",520,185,2,3300
"523",520,186,2,2910
"524",520,187,2,2632
"525",520,188,2,2587
"526",520,189,2,2240
"527",520,190,2,1790
"528",520,191,2,1906
"529",520,192,2,1848
"530",520,193,2,1468
"531",520,194,2,1082
"532",520,195,2,1061
"533",520,196,2,1094
"534",521,158,2,1056
"535",521,159,2,1412
"536",521,160,2,1844
"537",521,161,2,2174
"538",521,162,2,2537
"539",521,163,2,2205
"540",521,164,2,2346
"541",521,165,2,2888
"542",521,166,2,3118
"543",521,167,2,3452
"544",521,168,2,4153
"545",521,169,2,3754
"546",521,170,2,3303
"547",521,171,2,2837
"548",521,172,2,2870
"549",521,173,2,3543
"550",521,174,2,4461
"551",521,175,2,5150
"552",521,176,2,5109
"553",521,177,2,5155
"554",521,178,2,6266
"555",521,179,2,6255
"556",521,180,2,5659
"557",521,181,2,5555
"558",521,182,2,6019
"559",521,183,2,5983
"560",521,184,2,5083
"561",521,185,2,3884
"562",521,186,2,3001
"563",521,187,2,3091
"564",521,188,2,3342
"565",521,189,2,2795
"566",521,190,2,2085
"567",521,191,2,2267
"568",521,192,2,2194
"569",521,193,2,1654
"570",521,194,2,1189
"571",522,158,2,1158
"572",522,159,2,1554
"573",522,160,2,1817
"574",522,161,2,2137
"575",522,162,2,2261
"576",522,163,2,2137
"577",522,164,2,2363
"578",522,165,2,2887
"579",522,166,2,3072
"580",522,167,2,3248
"581",522,168,2,3823
"582",522,169,2,4375
"583",522,170,2,3954
"584",522,171,2,3489
"585",522,172,2,3659
"586",522,173,2,4145
"587",522,174,2,4870
"588",522,175,2,5430
"589",522,176,2,5349
"590",522,177,2,6085
"591",522,178,2,7107
"592",522,179,2,6715
"593",522,180,2,6418
"594",522,181,2,6129
"595",522,182,2,6541
"596",522,183,2,6349
"597",522,184,2,5370
"598",522,185,2,4405
"599",522,186,2,3895
"600",522,187,2,3466
"601",522,188,2,3473
"602",522,189,2,2840
"603",522,190,2,2008
"604",522,191,2,1988
"605",522,192,2,1897
"606",522,193,2,1521
"607",522,194,2,1149
"608",523,158,2,1107
"609",523,159,2,1575
"610",523,160,2,1826
"611",523,161,2,1946
"612",523,162,2,2073
"613",523,163,2,2250
"614",523,164,2,2190
"615",523,165,2,2364
"616",523,166,2,2525
"617",523,167,2,2967
"618",523,168,2,3789
"619",523,169,2,4483
"620",523,170,2,4418
"621",523,171,2,4443
"622",523,172,2,4668
"623",523,173,2,5217
"624",523,174,2,5813
"625",523,175,2,6062
"626",523,176,2,6197
"627",523,177,2,6828
"628",523,178,2,7778
"629",523,179,2,7498
"630",523,180,2,7474
"631",523,181,2,7522
"632",523,182,2,7433
"633",523,183,2,7035
"634",523,184,2,6251
"635",523,185,2,5395
"636",523,186,2,4853
"637",523,187,2,3919
"638",523,188,2,3126
"639",523,189,2,2493
"640",523,190,2,1815
"641",523,191,2,1594
"642",523,192,2,1479
"643",523,193,2,1274
"644",523,194,2,1074
"645",524,158,2,1142
"646",524,159,2,1609
"647",524,160,2,2102
"648",524,161,2,2040
"649",524,162,2,2283
"650",524,163,2,2709
"651",524,164,2,2329
"652",524,165,2,2009
"653",524,166,2,2057
"654",524,167,2,2576
"655",524,168,2,3339
"656",524,169,2,4138
"657",524,170,2,5222
"658",524,171,2,5408
"659",524,172,2,5603
"660",524,173,2,6300
"661",524,174,2,6477
"662",524,175,2,6748
"663",524,176,2,7167
"664",524,177,2,7783
"665",524,178,2,8852
"666",524,179,2,9124
"667",524,180,2,9466
"668",524,181,2,9593
"669",524,182,2,9358
"670",524,183,2,8650
"671",524,184,2,7563
"672",524,185,2,6354
"673",524,186,2,5415
"674",524,187,2,4239
"675",524,188,2,3245
"676",524,189,2,2416
"677",524,190,2,1768
"678",524,191,2,1391
"679",524,192,2,1239
"680",524,193,2,1133
"681",524,194,2,1117
"682",524,195,2,1140
"683",524,196,2,1127
"684",524,197,2,1103
"685",524,198,2,1033
"687",525,158,2,1064
"688",525,159,2,1412
"689",525,160,2,1792
"690",525,161,2,2207
"691",525,162,2,2428
"692",525,163,2,2705
"693",525,164,2,2613
"694",525,165,2,2185
"695",525,166,2,2029
"696",525,167,2,2445
"697",525,168,2,3224
"698",525,169,2,4280
"699",525,170,2,5344
"700",525,171,2,5648
"701",525,172,2,6051
"702",525,173,2,6567
"703",525,174,2,7163
"704",525,175,2,7515
"705",525,176,2,8008
"706",525,177,2,8976
"707",525,178,2,10411
"708",525,179,2,11491
"709",525,180,2,12199
"710",525,181,2,12501
"711",525,182,2,12109
"712",525,183,2,11134
"713",525,184,2,9534
"714",525,185,2,7914
"715",525,186,2,6198
"716",525,187,2,5001
"717",525,188,2,3723
"718",525,189,2,2663
"719",525,190,2,1925
"720",525,191,2,1492
"721",525,192,2,1297
"722",525,193,2,1288
"723",525,194,2,1397
"724",525,195,2,1463
"725",525,196,2,1450
"726",525,197,2,1394
"727",525,198,2,1296
"728",525,199,2,1055
"730",526,158,2,1188
"731",526,159,2,1265
"732",526,160,2,1512
"733",526,161,2,1888
"734",526,162,2,2192
"735",526,163,2,2693
"736",526,164,2,2767
"737",526,165,2,2522
"738",526,166,2,2547
"739",526,167,2,2950
"740",526,168,2,3335
"741",526,169,2,4368
"742",526,170,2,5363
"743",526,171,2,5700
"744",526,172,2,6387
"745",526,173,2,6856
"746",526,174,2,7459
"747",526,175,2,8316
"748",526,176,2,8824
"749",526,177,2,10354
"750",526,178,2,12477
"751",526,179,2,14133
"752",526,180,2,14434
"753",526,181,2,14789
"754",526,182,2,14335
"755",526,183,2,13754
"756",526,184,2,11780
"757",526,185,2,9701
"758",526,186,2,7520
"759",526,187,2,5666
"760",526,188,2,4175
"761",526,189,2,2983
"762",526,190,2,2191
"763",526,191,2,1873
"764",526,192,2,1676
"765",526,193,2,1559
"766",526,194,2,1727
"767",526,195,2,1744
"768",526,196,2,1666
"769",526,197,2,1457
"770",526,198,2,1323
"771",526,199,2,1056
"772",527,157,2,1109
"773",527,158,2,1471
"774",527,159,2,1382
"775",527,160,2,1366
"776",527,161,2,1595
"777",527,162,2,2129
"778",527,163,2,2825
"779",527,164,2,3044
"780",527,165,2,3187
"781",527,166,2,3341
"782",527,167,2,3855
"783",527,168,2,3950
"784",527,169,2,4820
"785",527,170,2,5621
"786",527,171,2,5708
"787",527,172,2,6698
"788",527,173,2,7614
"789",527,174,2,7548
"790",527,175,2,8658
"791",527,176,2,9892
"792",527,177,2,12173
"793",527,178,2,14797
"794",527,179,2,16351
"795",527,180,2,17966
"796",527,181,2,18586
"797",527,182,2,17683
"798",527,183,2,15639
"799",527,184,2,13101
"800",527,185,2,11445
"801",527,186,2,8916
"802",527,187,2,6556
"803",527,188,2,4706
"804",527,189,2,3318
"805",527,190,2,2621
"806",527,191,2,2385
"807",527,192,2,2138
"808",527,193,2,1757
"809",527,194,2,1791
"810",527,195,2,1734
"811",527,196,2,1499
"812",527,197,2,1254
"813",527,198,2,1120
"815",528,157,2,1078
"816",528,158,2,1403
"817",528,159,2,1691
"818",528,160,2,1458
"819",528,161,2,1451
"820",528,162,2,1946
"821",528,163,2,2579
"822",528,164,2,2935
"823",528,165,2,3582
"824",528,166,2,3905
"825",528,167,2,4710
"826",528,168,2,4453
"827",528,169,2,5120
"828",528,170,2,5890
"829",528,171,2,5969
"830",528,172,2,6930
"831",528,173,2,7303
"832",528,174,2,7409
"833",528,175,2,8726
"834",528,176,2,11001
"835",528,177,2,13758
"836",528,178,2,16274
"837",528,179,2,19512
"838",528,180,2,22100
"839",528,181,2,22889
"840",528,182,2,21475
"841",528,183,2,18443
"842",528,184,2,15062
"843",528,185,2,13008
"844",528,186,2,10016
"845",528,187,2,7352
"846",528,188,2,5315
"847",528,189,2,3748
"848",528,190,2,3016
"849",528,191,2,2827
"850",528,192,2,2519
"851",528,193,2,1965
"852",528,194,2,1643
"853",528,195,2,1487
"854",528,196,2,1263
"855",528,197,2,1086
"857",529,157,2,1149
"858",529,158,2,1554
"859",529,159,2,1771
"860",529,160,2,1622
"861",529,161,2,1638
"862",529,162,2,1857
"863",529,163,2,2309
"864",529,164,2,2695
"865",529,165,2,3262
"866",529,166,2,3539
"867",529,167,2,4143
"868",529,168,2,4560
"869",529,169,2,5574
"870",529,170,2,6676
"871",529,171,2,6697
"872",529,172,2,6940
"873",529,173,2,7206
"874",529,174,2,7801
"875",529,175,2,9529
"876",529,176,2,12086
"877",529,177,2,14458
"878",529,178,2,18482
"879",529,179,2,22952
"880",529,180,2,26292
"881",529,181,2,27172
"882",529,182,2,25203
"883",529,183,2,21202
"884",529,184,2,16833
"885",529,185,2,14103
"886",529,186,2,10576
"887",529,187,2,7712
"888",529,188,2,5504
"889",529,189,2,4073
"890",529,190,2,3444
"891",529,191,2,3084
"892",529,192,2,2536
"893",529,193,2,2052
"894",529,194,2,1664
"895",529,195,2,1434
"896",529,196,2,1212
"897",529,197,2,1055
"898",530,157,2,1141
"899",530,158,2,1560
"900",530,159,2,1834
"901",530,160,2,1935
"902",530,161,2,2077
"903",530,162,2,2076
"904",530,163,2,2418
"905",530,164,2,3006
"906",530,165,2,3278
"907",530,166,2,3328
"908",530,167,2,3862
"909",530,168,2,4902
"910",530,169,2,5955
"911",530,170,2,6098
"912",530,171,2,6816
"913",530,172,2,7494
"914",530,173,2,7605
"915",530,174,2,8499
"916",530,175,2,10424
"917",530,176,2,13220
"918",530,177,2,15841
"919",530,178,2,20710
"920",530,179,2,26080
"921",530,180,2,30056
"922",530,181,2,31051
"923",530,182,2,28586
"924",530,183,2,23658
"925",530,184,2,18278
"926",530,185,2,14781
"927",530,186,2,10744
"928",530,187,2,7683
"929",530,188,2,5527
"930",530,189,2,4352
"931",530,190,2,3819
"932",530,191,2,3163
"933",530,192,2,2660
"934",530,193,2,2372
"935",530,194,2,2013
"936",530,195,2,1709
"937",530,196,2,1440
"938",530,197,2,1231
"939",530,198,2,1089
"940",530,199,2,1059
"941",531,157,2,1035
"942",531,158,2,1363
"943",531,159,2,1751
"944",531,160,2,2105
"945",531,161,2,2580
"946",531,162,2,2468
"947",531,163,2,2566
"948",531,164,2,3178
"949",531,165,2,3520
"950",531,166,2,3771
"951",531,167,2,4158
"952",531,168,2,4839
"953",531,169,2,5276
"954",531,170,2,5636
"955",531,171,2,6759
"956",531,172,2,7362
"957",531,173,2,7911
"958",531,174,2,9006
"959",531,175,2,10935
"960",531,176,2,13888
"961",531,177,2,16770
"962",531,178,2,22164
"963",531,179,2,28156
"964",531,180,2,32642
"965",531,181,2,33806
"966",531,182,2,31046
"967",531,183,2,25454
"968",531,184,2,19315
"969",531,185,2,15228
"970",531,186,2,10742
"971",531,187,2,7489
"972",531,188,2,5469
"973",531,189,2,4253
"974",531,190,2,3439
"975",531,191,2,2921
"976",531,192,2,2634
"977",531,193,2,2449
"978",531,194,2,2394
"979",531,195,2,2059
"980",531,196,2,1786
"981",531,197,2,1505
"982",531,198,2,1326
"983",531,199,2,1138
"984",531,200,2,1021
"985",532,157,2,1136
"986",532,158,2,1422
"987",532,159,2,1864
"988",532,160,2,2083
"989",532,161,2,2380
"990",532,162,2,2922
"991",532,163,2,2896
"992",532,164,2,3390
"993",532,165,2,3700
"994",532,166,2,3925
"995",532,167,2,4394
"996",532,168,2,4782
"997",532,169,2,4894
"998",532,170,2,5600
"999",532,171,2,6700
"1000",532,172,2,7136
"1001",532,173,2,7695
"1002",532,174,2,8818
"1003",532,175,2,10736
"1004",532,176,2,13709
"1005",532,177,2,16697
"1006",532,178,2,22196
"1007",532,179,2,28359
"1008",532,180,2,33056
"1009",532,181,2,34374
"1010",532,182,2,31617
"1011",532,183,2,25860
"1012",532,184,2,19465
"1013",532,185,2,15117
"1014",532,186,2,10421
"1015",532,187,2,7106
"1016",532,188,2,5240
"1017",532,189,2,4092
"1018",532,190,2,3282
"1019",532,191,2,2979
"1020",532,192,2,2579
"1021",532,193,2,2214
"1022",532,194,2,2151
"1023",532,195,2,2139
"1024",532,196,2,1922
"1025",532,197,2,1622
"1026",532,198,2,1404
"1027",532,199,2,1127
"1028",533,155,2,1181
"1029",533,156,2,1154
"1030",533,157,2,1392
"1031",533,158,2,1606
"1032",533,159,2,1608
"1033",533,160,2,1729
"1034",533,161,2,2040
"1035",533,162,2,2535
"1036",533,163,2,2748
"1037",533,164,2,3249
"1038",533,165,2,3565
"1039",533,166,2,3827
"1040",533,167,2,4368
"1041",533,168,2,4667
"1042",533,169,2,4937
"1043",533,170,2,5819
"1044",533,171,2,6622
"1045",533,172,2,6632
"1046",533,173,2,7129
"1047",533,174,2,8185
"1048",533,175,2,10006
"1049",533,176,2,12762
"1050",533,177,2,15691
"1051",533,178,2,20645
"1052",533,179,2,26294
"1053",533,180,2,30699
"1054",533,181,2,32034
"1055",533,182,2,29581
"1056",533,183,2,24292
"1057",533,184,2,18346
"1058",533,185,2,14223
"1059",533,186,2,9799
"1060",533,187,2,6772
"1061",533,188,2,5163
"1062",533,189,2,4311
"1063",533,190,2,3624
"1064",533,191,2,3450
"1065",533,192,2,2886
"1066",533,193,2,2415
"1067",533,194,2,2171
"1068",533,195,2,2306
"1069",533,196,2,1978
"1070",533,197,2,1622
"1071",533,198,2,1376
"1072",533,199,2,1221
"1073",533,200,2,1043
"1074",534,155,2,1227
"1075",534,156,2,1225
"1076",534,157,2,1406
"1077",534,158,2,1538
"1078",534,159,2,1377
"1079",534,160,2,1286
"1080",534,161,2,1548
"1081",534,162,2,1889
"1082",534,163,2,2097
"1083",534,164,2,2477
"1084",534,165,2,2831
"1085",534,166,2,3270
"1086",534,167,2,4134
"1087",534,168,2,4521
"1088",534,169,2,4927
"1089",534,170,2,5524
"1090",534,171,2,5863
"1091",534,172,2,5916
"1092",534,173,2,6296
"1093",534,174,2,7258
"1094",534,175,2,8889
"1095",534,176,2,11463
"1096",534,177,2,14851
"1097",534,178,2,18183
"1098",534,179,2,22468
"1099",534,180,2,25985
"1100",534,181,2,27112
"1101",534,182,2,25174
"1102",534,183,2,20940
"1103",534,184,2,16164
"1104",534,185,2,12579
"1105",534,186,2,8790
"1106",534,187,2,6165
"1107",534,188,2,4757
"1108",534,189,2,4407
"1109",534,190,2,3626
"1110",534,191,2,3305
"1111",534,192,2,2914
"1112",534,193,2,2703
"1113",534,194,2,2234
"1114",534,195,2,2107
"1115",534,196,2,1920
"1116",534,197,2,1595
"1117",534,198,2,1550
"1118",534,199,2,1455
"1119",534,200,2,1220
"1120",534,201,2,1089
"1121",535,155,2,1110
"1122",535,156,2,1285
"1123",535,157,2,1204
"1124",535,158,2,1159
"1125",535,159,2,1042
"1126",535,161,2,1109
"1127",535,162,2,1311
"1128",535,163,2,1471
"1129",535,164,2,1760
"1130",535,165,2,2101
"1131",535,166,2,2548
"1132",535,167,2,3302
"1133",535,168,2,4024
"1134",535,169,2,4811
"1135",535,170,2,5611
"1136",535,171,2,5946
"1137",535,172,2,5773
"1138",535,173,2,6065
"1139",535,174,2,6727
"1140",535,175,2,8011
"1141",535,176,2,9923
"1142",535,177,2,12775
"1143",535,178,2,16020
"1144",535,179,2,18160
"1145",535,180,2,20242
"1146",535,181,2,20949
"1147",535,182,2,19618
"1148",535,183,2,16900
"1149",535,184,2,14166
"1150",535,185,2,10603
"1151",535,186,2,7554
"1152",535,187,2,5550
"1153",535,188,2,4449
"1154",535,189,2,4038
"1155",535,190,2,3432
"1156",535,191,2,3082
"1157",535,192,2,2609
"1158",535,193,2,2260
"1159",535,194,2,2034
"1160",535,195,2,2113
"1161",535,196,2,1932
"1162",535,197,2,1724
"1163",535,198,2,1660
"1164",535,199,2,1555
"1165",535,200,2,1439
"1166",535,201,2,1330
"1167",535,202,2,1209
"1168",535,203,2,1038
"1169",536,155,2,1014
"1170",536,156,2,1196
"1171",536,157,2,1042
"1172",536,163,2,1064
"1173",536,164,2,1339
"1174",536,165,2,1759
"1175",536,166,2,2339
"1176",536,167,2,2990
"1177",536,168,2,3781
"1178",536,169,2,4742
"1179",536,170,2,5011
"1180",536,171,2,5129
"1181",536,172,2,5158
"1182",536,173,2,5831
"1183",536,174,2,6576
"1184",536,175,2,7277
"1185",536,176,2,8563
"1186",536,177,2,10450
"1187",536,178,2,12843
"1188",536,179,2,14753
"1189",536,180,2,14940
"1190",536,181,2,15203
"1191",536,182,2,14448
"1192",536,183,2,13511
"1193",536,184,2,11104
"1194",536,185,2,8371
"1195",536,186,2,6115
"1196",536,187,2,4795
"1197",536,188,2,4414
"1198",536,189,2,3847
"1199",536,190,2,3138
"1200",536,191,2,2551
"1201",536,192,2,2165
"1202",536,193,2,1828
"1203",536,194,2,1838
"1204",536,195,2,2005
"1205",536,196,2,1916
"1206",536,197,2,1851
"1207",536,198,2,1826
"1208",536,199,2,1543
"1209",536,200,2,1610
"1210",536,201,2,1401
"1211",536,202,2,1407
"1212",536,203,2,1132
"1213",537,164,2,1343
"1214",537,165,2,1883
"1215",537,166,2,2489
"1216",537,167,2,3172
"1217",537,168,2,3368
"1218",537,169,2,4451
"1219",537,170,2,4699
"1220",537,171,2,4779
"1221",537,172,2,5183
"1222",537,173,2,5770
"1223",537,174,2,6188
"1224",537,175,2,6706
"1225",537,176,2,7673
"1226",537,177,2,8524
"1227",537,178,2,9864
"1228",537,179,2,10964
"1229",537,180,2,10750
"1230",537,181,2,11408
"1231",537,182,2,10895
"1232",537,183,2,9863
"1233",537,184,2,8291
"1234",537,185,2,6484
"1235",537,186,2,4880
"1236",537,187,2,4142
"1237",537,188,2,3805
"1238",537,189,2,3507
"1239",537,190,2,2735
"1240",537,191,2,2300
"1241",537,192,2,2034
"1242",537,193,2,1659
"1243",537,194,2,1601
"1244",537,195,2,1622
"1245",537,196,2,1576
"1246",537,197,2,1527
"1247",537,198,2,1443
"1248",537,199,2,1278
"1249",537,200,2,1277
"1250",537,201,2,1153
"1251",537,202,2,1136
"1252",538,164,2,1415
"1253",538,165,2,2056
"1254",538,166,2,2699
"1255",538,167,2,2726
"1256",538,168,2,3107
"1257",538,169,2,3976
"1258",538,170,2,4148
"1259",538,171,2,4306
"1260",538,172,2,4472
"1261",538,173,2,5040
"1262",538,174,2,5739
"1263",538,175,2,6288
"1264",538,176,2,6715
"1265",538,177,2,7093
"1266",538,178,2,7700
"1267",538,179,2,8191
"1268",538,180,2,8251
"1269",538,181,2,8240
"1270",538,182,2,7873
"1271",538,183,2,7221
"1272",538,184,2,6649
"1273",538,185,2,5456
"1274",538,186,2,4119
"1275",538,187,2,3635
"1276",538,188,2,3197
"1277",538,189,2,3287
"1278",538,190,2,2663
"1279",538,191,2,2363
"1280",538,192,2,2158
"1281",538,193,2,1724
"1282",538,194,2,1721
"1283",538,195,2,1496
"1284",538,196,2,1244
"1285",538,197,2,1138
"1286",538,198,2,1053
"1287",539,164,2,1414
"1288",539,165,2,1957
"1289",539,166,2,2258
"1290",539,167,2,2472
"1291",539,168,2,3281
"1292",539,169,2,4108
"1293",539,170,2,3794
"1294",539,171,2,3856
"1295",539,172,2,4079
"1296",539,173,2,4791
"1297",539,174,2,5419
"1298",539,175,2,5760
"1299",539,176,2,5940
"1300",539,177,2,6032
"1301",539,178,2,6295
"1302",539,179,2,6321
"1303",539,180,2,6140
"1304",539,181,2,5954
"1305",539,182,2,5799
"1306",539,183,2,5533
"1307",539,184,2,5269
"1308",539,185,2,4785
"1309",539,186,2,3708
"1310",539,187,2,3166
"1311",539,188,2,2647
"1312",539,189,2,2574
"1313",539,190,2,2245
"1314",539,191,2,2000
"1315",539,192,2,1848
"1316",539,193,2,1606
"1317",539,194,2,1641
"1318",539,195,2,1380
"1319",539,196,2,1069
"1320",540,164,2,1354
"1321",540,165,2,1836
"1322",540,166,2,2095
"1323",540,167,2,2481
"1324",540,168,2,3238
"1325",540,169,2,3672
"1326",540,170,2,3621
"1327",540,171,2,3903
"1328",540,172,2,4100
"1329",540,173,2,4510
"1330",540,174,2,4807
"1331",540,175,2,5055
"1332",540,176,2,5075
"1333",540,177,2,5296
"1334",540,178,2,5453
"1335",540,179,2,5223
"1336",540,180,2,4791
"1337",540,181,2,4460
"1338",540,182,2,4412
"1339",540,183,2,4489
"1340",540,184,2,4275
"1341",540,185,2,4116
"1342",540,186,2,3291
"1343",540,187,2,2657
"1344",540,188,2,2151
"1345",540,189,2,1929
"1346",540,190,2,1715
"1347",540,191,2,1521
"1348",540,192,2,1407
"1349",540,193,2,1277
"1350",540,194,2,1258
"1351",540,195,2,1102
"1352",541,164,2,1143
"1353",541,165,2,1480
"1354",541,166,2,1777
"1355",541,167,2,2276
"1356",541,168,2,2796
"1357",541,169,2,3045
"1358",541,170,2,3264
"1359",541,171,2,3319
"1360",541,172,2,3526
"1361",541,173,2,3692
"1362",541,174,2,4054
"1363",541,175,2,4480
"1364",541,176,2,4375
"1365",541,177,2,4536
"1366",541,178,2,4846
"1367",541,179,2,4528
"1368",541,180,2,3978
"1369",541,181,2,3539
"1370",541,182,2,3438
"1371",541,183,2,3694
"1372",541,184,2,3763
"1373",541,185,2,3490
"1374",541,186,2,2909
"1375",541,187,2,2261
"1376",541,188,2,1783
"1377",541,189,2,1491
"1378",541,190,2,1302
"1379",541,191,2,1146
"1380",541,192,2,1054
"1381",542,165,2,1257
"1382",542,166,2,1730
"1383",542,167,2,2363
"1384",542,168,2,3015
"1385",542,169,2,2972
"1386",542,170,2,3015
"1387",542,171,2,2953
"1388",542,172,2,3427
"1389",542,173,2,3497
"1390",542,174,2,3234
"1391",542,175,2,3499
"1392",542,176,2,3521
"1393",542,177,2,3742
"1394",542,178,2,4222
"1395",542,179,2,4154
"1396",542,180,2,3553
"1397",542,181,2,2982
"1398",542,182,2,2830
"1399",542,183,2,3162
"1400",542,184,2,3656
"1401",542,185,2,3293
"1402",542,186,2,2895
"1403",542,187,2,2350
"1404",542,188,2,1778
"1405",542,189,2,1351
"1406",542,190,2,1073
"1407",543,165,2,1297
"1408",543,166,2,1754
"1409",543,167,2,2209
"1410",543,168,2,2530
"1411",543,169,2,2681
"1412",543,170,2,2482
"1413",543,171,2,2511
"1414",543,172,2,2970
"1415",543,173,2,3005
"1416",543,174,2,2655
"1417",543,175,2,2685
"1418",543,176,2,2689
"1419",543,177,2,3126
"1420",543,178,2,3647
"1421",543,179,2,3656
"1422",543,180,2,3139
"1423",543,181,2,2617
"1424",543,182,2,2495
"1425",543,183,2,2779
"1426",543,184,2,3109
"1427",543,185,2,3002
"1428",543,186,2,3212
"1429",543,187,2,2517
"1430",543,188,2,1827
"1431",543,189,2,1321
"1432",544,164,2,1173
"1433",544,165,2,1549
"1434",544,166,2,1938
"1435",544,167,2,2410
"1436",544,168,2,2219
"1437",544,169,2,2131
"1438",544,170,2,2014
"1439",544,171,2,2246
"1440",544,172,2,2721
"1441",544,173,2,2726
"1442",544,174,2,2369
"1443",544,175,2,2327
"1444",544,176,2,2436
"1445",544,177,2,2769
"1446",544,178,2,3267
"1447",544,179,2,3291
"1448",544,180,2,2810
"1449",544,181,2,2352
"1450",544,182,2,2338
"1451",544,183,2,2748
"1452",544,184,2,3278
"1453",544,185,2,2831
"1454",544,186,2,2697
"1455",544,187,2,2266
"1456",544,188,2,1719
"1457",544,189,2,1261
"1458",545,163,2,1074
"1459",545,164,2,1344
"1460",545,165,2,1729
"1461",545,166,2,1916
"1462",545,167,2,2067
"1463",545,168,2,2080
"1464",545,169,2,1861
"1465",545,170,2,1691
"1466",545,171,2,1986
"1467",545,172,2,2310
"1468",545,173,2,2196
"1469",545,174,2,2120
"1470",545,175,2,2398
"1471",545,176,2,2497
"1472",545,177,2,2495
"1473",545,178,2,2906
"1474",545,179,2,2916
"1475",545,180,2,2462
"1476",545,181,2,2047
"1477",545,182,2,2033
"1478",545,183,2,2333
"1479",545,184,2,2577
"1480",545,185,2,2390
"1481",545,186,2,2455
"1482",545,187,2,2342
"1483",545,188,2,1753
"1484",545,189,2,1281
"1485",546,163,2,1309
"1486",546,164,2,1430
"1487",546,165,2,1514
"1488",546,166,2,1629
"1489",546,167,2,1920
"1490",546,168,2,2289
"1491",546,169,2,1889
"1492",546,170,2,1643
"1493",546,171,2,2022
"1494",546,172,2,2506
"1495",546,173,2,2149
"1496",546,174,2,1989
"1497",546,175,2,2290
"1498",546,176,2,2352
"1499",546,177,2,2197
"1500",546,178,2,2380
"1501",546,179,2,2363
"1502",546,180,2,2007
"1503",546,181,2,1662
"1504",546,182,2,1579
"1505",546,183,2,1763
"1506",546,184,2,1856
"1507",546,185,2,1819
"1508",546,186,2,2076
"1509",546,187,2,2408
"1510",546,188,2,1861
"1511",546,189,2,1328
"1512",547,162,2,1094
"1513",547,163,2,1336
"1514",547,164,2,1335
"1515",547,165,2,1198
"1516",547,166,2,1255
"1517",547,167,2,1562
"1518",547,168,2,1786
"1519",547,169,2,1607
"1520",547,170,2,1442
"1521",547,171,2,1726
"1522",547,172,2,2003
"1523",547,173,2,1877
"1524",547,174,2,1725
"1525",547,175,2,1936
"1526",547,176,2,1993
"1527",547,177,2,1973
"1528",547,178,2,2299
"1529",547,179,2,2280
"1530",547,180,2,1835
"1531",547,181,2,1468
"1532",547,182,2,1398
"1533",547,183,2,1391
"1534",547,184,2,1336
"1535",547,185,2,1426
"1536",547,186,2,1800
"1537",547,187,2,2202
"1538",547,188,2,1742
"1539",547,189,2,1258
"1540",548,162,2,1172
"1541",548,163,2,1237
"1542",548,164,2,1049
"1543",548,167,2,1200
"1544",548,168,2,1331
"1545",548,169,2,1258
"1546",548,170,2,1175
"1547",548,171,2,1345
"1548",548,172,2,1608
"1549",548,173,2,1760
"1550",548,174,2,1699
"1551",548,175,2,1998
"1552",548,176,2,2014
"1553",548,177,2,1788
"1554",548,178,2,1966
"1555",548,179,2,1934
"1556",548,180,2,1632
"1557",548,181,2,1393
"1558",548,182,2,1434
"1559",548,183,2,1377
"1560",548,184,2,1184
"1561",548,185,2,1187
"1562",548,186,2,1466
"1563",548,187,2,1673
"1564",548,188,2,1461
"1565",548,189,2,1131
"1566",549,167,2,1066
"1567",549,168,2,1198
"1568",549,169,2,1129
"1569",549,170,2,1046
"1570",549,171,2,1227
"1571",549,172,2,1596
"1572",549,173,2,1974
"1573",549,174,2,1771
"1574",549,175,2,1846
"1575",549,176,2,1816
"1576",549,177,2,1618
"1577",549,178,2,1795
"1578",549,179,2,2036
"1579",549,180,2,1627
"1580",549,181,2,1336
"1581",549,182,2,1373
"1582",549,183,2,1300
"1583",549,184,2,1062
"1584",549,186,2,1133
"1585",549,187,2,1263
"1586",549,188,2,1177
"1587",549,189,2,1011
"1588",550,167,2,1175
"1589",550,168,2,1390
"1590",550,169,2,1235
"1591",550,170,2,1055
"1592",550,171,2,1128
"1593",550,172,2,1408
"1594",550,173,2,1670
"1595",550,174,2,1684
"1596",550,175,2,1774
"1597",550,176,2,1770
"1598",550,177,2,1664
"1599",550,178,2,1655
"1600",550,179,2,1624
"1601",550,180,2,1399
"1602",550,181,2,1207
"1603",550,182,2,1160
"1604",550,183,2,1081
"1605",550,187,2,1186
"1606",550,188,2,1304
"1607",550,189,2,1137
"1609",551,167,2,1157
"1610",551,168,2,1364
"1611",551,169,2,1206
"1612",551,170,2,1007
"1613",551,172,2,1184
"1614",551,173,2,1497
"1615",551,174,2,1776
"1616",551,175,2,1635
"1617",551,176,2,1686
"1618",551,177,2,1598
"1619",551,178,2,1494
"1620",551,179,2,1269
"1621",551,180,2,1185
"1622",551,181,2,1298
"1623",551,182,2,1259
"1624",551,183,2,1007
"1625",551,187,2,1258
"1626",551,188,2,1555
"1627",551,189,2,1277
"1628",552,168,2,1055
"1629",552,172,2,1048
"1630",552,173,2,1310
"1631",552,174,2,1501
"1632",552,175,2,1484
"1633",552,176,2,1550
"1634",552,177,2,1367
"1635",552,178,2,1182
"1636",552,179,2,1012
"1637",552,180,2,1044
"1638",552,181,2,1233
"1639",552,182,2,1216
"1640",552,187,2,1143
"1641",552,188,2,1316
"1642",552,189,2,1265
"1643",552,190,2,1034
"1646",553,173,2,1205
"1647",553,174,2,1371
"1648",553,175,2,1295
"1649",553,176,2,1246
"1650",553,177,2,1116
"1651",553,187,2,1142
"1652",553,188,2,1220
"1653",553,189,2,1210
"1654",553,190,2,1062
"1655",554,173,2,1219
"1656",554,174,2,1474
"1657",554,175,2,1258
"1658",554,176,2,1066
"1659",554,177,2,1042
"1660",554,187,2,1107
"1661",554,188,2,1141
"1662",554,189,2,1083
"1663",554,190,2,1130
"1666",555,173,2,1056
"1667",555,174,2,1195
"1668",555,175,2,1097
"1669",555,177,2,1072
"1670",555,178,2,1012
"1671",555,187,2,1008
"1672",555,190,2,1087
"1673",556,186,2,1019
"1674",556,187,2,1044
