"","long","lat","cluster_id","add.data"
"2",492,180,2,1087
"3",492,181,2,1155
"4",492,182,2,1030
"5",493,166,2,1005
"6",493,167,2,1011
"7",493,179,2,1114
"8",493,180,2,1335
"9",493,181,2,1490
"10",493,182,2,1258
"11",493,190,2,1186
"12",493,191,2,1193
"15",494,165,2,1021
"16",494,166,2,1296
"17",494,167,2,1303
"18",494,168,2,1048
"19",494,175,2,1076
"20",494,176,2,1210
"21",494,177,2,1234
"22",494,178,2,1181
"23",494,179,2,1226
"24",494,180,2,1405
"25",494,181,2,1532
"26",494,182,2,1284
"27",494,190,2,1223
"28",494,191,2,1229
"29",494,201,2,1026
"32",495,165,2,1077
"33",495,166,2,1343
"34",495,167,2,1344
"35",495,168,2,1092
"36",495,174,2,1060
"37",495,175,2,1308
"38",495,176,2,1535
"39",495,177,2,1560
"40",495,178,2,1408
"41",495,179,2,1313
"42",495,180,2,1346
"43",495,181,2,1318
"44",495,182,2,1121
"45",495,190,2,1206
"46",495,191,2,1211
"47",495,197,2,1204
"48",495,198,2,1230
"49",495,199,2,1114
"50",495,200,2,1189
"51",495,201,2,1305
"52",495,202,2,1115
"53",496,165,2,1144
"54",496,166,2,1240
"55",496,167,2,1196
"56",496,168,2,1041
"57",496,174,2,1168
"58",496,175,2,1462
"59",496,176,2,1785
"60",496,177,2,1834
"61",496,178,2,1656
"62",496,179,2,1590
"63",496,180,2,1513
"64",496,181,2,1288
"65",496,182,2,1008
"66",496,189,2,1031
"67",496,190,2,1333
"68",496,191,2,1333
"69",496,192,2,1032
"70",496,196,2,1124
"71",496,197,2,1429
"72",496,198,2,1445
"73",496,199,2,1220
"74",496,200,2,1221
"75",496,201,2,1315
"76",496,202,2,1120
"77",497,155,2,1007
"78",497,164,2,1037
"79",497,165,2,1365
"80",497,166,2,1442
"81",497,167,2,1278
"82",497,168,2,1129
"83",497,169,2,1026
"84",497,173,2,1076
"85",497,174,2,1252
"86",497,175,2,1501
"87",497,176,2,1763
"88",497,177,2,1894
"89",497,178,2,1761
"90",497,179,2,1879
"91",497,180,2,1797
"92",497,181,2,1417
"93",497,182,2,1049
"94",497,189,2,1023
"95",497,190,2,1165
"96",497,191,2,1141
"97",497,196,2,1145
"98",497,197,2,1368
"99",497,198,2,1347
"100",497,199,2,1149
"101",497,200,2,1058
"102",497,201,2,1054
"106",498,154,2,1088
"107",498,155,2,1264
"108",498,156,2,1132
"109",498,164,2,1055
"110",498,165,2,1392
"111",498,166,2,1510
"112",498,167,2,1449
"113",498,168,2,1424
"114",498,169,2,1295
"115",498,170,2,1259
"116",498,171,2,1248
"117",498,172,2,1209
"118",498,173,2,1274
"119",498,174,2,1468
"120",498,175,2,1667
"121",498,176,2,1901
"122",498,177,2,1919
"123",498,178,2,1734
"124",498,179,2,1895
"125",498,180,2,1821
"126",498,181,2,1432
"127",498,182,2,1056
"128",498,188,2,1160
"129",498,189,2,1191
"130",498,190,2,1035
"131",498,195,2,1031
"132",498,196,2,1322
"133",498,197,2,1523
"134",498,198,2,1368
"135",498,199,2,1098
"140",499,154,2,1098
"141",499,155,2,1279
"142",499,156,2,1185
"143",499,157,2,1201
"144",499,158,2,1292
"145",499,159,2,1119
"146",499,165,2,1209
"147",499,166,2,1434
"148",499,167,2,1749
"149",499,168,2,1786
"150",499,169,2,1594
"151",499,170,2,1656
"152",499,171,2,1647
"153",499,172,2,1514
"154",499,173,2,1534
"155",499,174,2,1731
"156",499,175,2,1923
"157",499,176,2,1804
"158",499,177,2,1720
"159",499,178,2,1627
"160",499,179,2,1721
"161",499,180,2,1655
"162",499,181,2,1363
"163",499,182,2,1038
"164",499,187,2,1173
"165",499,188,2,1507
"166",499,189,2,1509
"167",499,190,2,1182
"168",499,195,2,1159
"169",499,196,2,1505
"170",499,197,2,1835
"171",499,198,2,1475
"172",499,199,2,1103
"175",500,155,2,1034
"176",500,156,2,1070
"177",500,157,2,1317
"178",500,158,2,1617
"179",500,159,2,1304
"180",500,160,2,1002
"181",500,165,2,1101
"182",500,166,2,1423
"183",500,167,2,1777
"184",500,168,2,1848
"185",500,169,2,1765
"186",500,170,2,2058
"187",500,171,2,2074
"188",500,172,2,1820
"189",500,173,2,1877
"190",500,174,2,1902
"191",500,175,2,1942
"192",500,176,2,1719
"193",500,177,2,1549
"194",500,178,2,1703
"195",500,179,2,1956
"196",500,180,2,1916
"197",500,181,2,1544
"198",500,182,2,1151
"199",500,187,2,1266
"200",500,188,2,1568
"201",500,189,2,1541
"202",500,190,2,1197
"203",500,194,2,1073
"204",500,195,2,1302
"205",500,196,2,1476
"206",500,197,2,1554
"207",500,198,2,1318
"208",500,199,2,1014
"211",501,157,2,1149
"212",501,158,2,1322
"213",501,159,2,1224
"214",501,160,2,1075
"215",501,165,2,1136
"216",501,166,2,1357
"217",501,167,2,1548
"218",501,168,2,1621
"219",501,169,2,1770
"220",501,170,2,2120
"221",501,171,2,2176
"222",501,172,2,1945
"223",501,173,2,2123
"224",501,174,2,2074
"225",501,175,2,1723
"226",501,176,2,1506
"227",501,177,2,1466
"228",501,178,2,1799
"229",501,179,2,2240
"230",501,180,2,2220
"231",501,181,2,1714
"232",501,182,2,1258
"233",501,186,2,1179
"234",501,187,2,1429
"235",501,188,2,1472
"236",501,189,2,1336
"237",501,190,2,1085
"238",501,193,2,1016
"239",501,194,2,1316
"240",501,195,2,1620
"241",501,196,2,1662
"242",501,197,2,1430
"243",501,198,2,1137
"244",502,158,2,1069
"245",502,159,2,1189
"246",502,160,2,1320
"247",502,161,2,1311
"248",502,162,2,1158
"249",502,163,2,1053
"250",502,164,2,1157
"251",502,165,2,1373
"252",502,166,2,1541
"253",502,167,2,1523
"254",502,168,2,1471
"255",502,169,2,1658
"256",502,170,2,1959
"257",502,171,2,2140
"258",502,172,2,1969
"259",502,173,2,1939
"260",502,174,2,1820
"261",502,175,2,1529
"262",502,176,2,1342
"263",502,177,2,1433
"264",502,178,2,1793
"265",502,179,2,2182
"266",502,180,2,2172
"267",502,181,2,1758
"268",502,182,2,1353
"269",502,183,2,1161
"270",502,184,2,1104
"271",502,185,2,1197
"272",502,186,2,1482
"273",502,187,2,1838
"274",502,188,2,1804
"275",502,189,2,1424
"276",502,190,2,1076
"277",502,193,2,1165
"278",502,194,2,1510
"279",502,195,2,1900
"280",502,196,2,1885
"281",502,197,2,1466
"282",502,198,2,1089
"283",503,151,2,1095
"284",503,152,2,1252
"285",503,153,2,1105
"286",503,159,2,1296
"287",503,160,2,1640
"288",503,161,2,1678
"289",503,162,2,1437
"290",503,163,2,1306
"291",503,164,2,1431
"292",503,165,2,1692
"293",503,166,2,1912
"294",503,167,2,1724
"295",503,168,2,1550
"296",503,169,2,1765
"297",503,170,2,2212
"298",503,171,2,2545
"299",503,172,2,2235
"300",503,173,2,1801
"301",503,174,2,1542
"302",503,175,2,1391
"303",503,176,2,1316
"304",503,177,2,1491
"305",503,178,2,1942
"306",503,179,2,2465
"307",503,180,2,2466
"308",503,181,2,1959
"309",503,182,2,1559
"310",503,183,2,1505
"311",503,184,2,1470
"312",503,185,2,1477
"313",503,186,2,1796
"314",503,187,2,2119
"315",503,188,2,1913
"316",503,189,2,1456
"317",503,190,2,1103
"318",503,192,2,1137
"319",503,193,2,1404
"320",503,194,2,1612
"321",503,195,2,1784
"322",503,196,2,1681
"323",503,197,2,1344
"324",503,198,2,1018
"325",503,204,2,1012
"326",503,205,2,1204
"327",503,206,2,1204
"328",503,207,2,1009
"329",504,151,2,1233
"330",504,152,2,1557
"331",504,153,2,1255
"332",504,159,2,1278
"333",504,160,2,1666
"334",504,161,2,1781
"335",504,162,2,1672
"336",504,163,2,1613
"337",504,164,2,1801
"338",504,165,2,1894
"339",504,166,2,2001
"340",504,167,2,1779
"341",504,168,2,1591
"342",504,169,2,1802
"343",504,170,2,2270
"344",504,171,2,2644
"345",504,172,2,2356
"346",504,173,2,1864
"347",504,174,2,1531
"348",504,175,2,1482
"349",504,176,2,1474
"350",504,177,2,1568
"351",504,178,2,1964
"352",504,179,2,2402
"353",504,180,2,2415
"354",504,181,2,2039
"355",504,182,2,1841
"356",504,183,2,1971
"357",504,184,2,1944
"358",504,185,2,1748
"359",504,186,2,1899
"360",504,187,2,2127
"361",504,188,2,1816
"362",504,189,2,1385
"363",504,190,2,1111
"364",504,191,2,1117
"365",504,192,2,1392
"366",504,193,2,1788
"367",504,194,2,2060
"368",504,195,2,1877
"369",504,196,2,1499
"370",504,197,2,1190
"371",504,204,2,1192
"372",504,205,2,1439
"373",504,206,2,1400
"374",504,207,2,1094
"375",505,151,2,1081
"376",505,152,2,1260
"377",505,153,2,1138
"378",505,159,2,1105
"379",505,160,2,1422
"380",505,161,2,1749
"381",505,162,2,2002
"382",505,163,2,1950
"383",505,164,2,2125
"384",505,165,2,2122
"385",505,166,2,1876
"386",505,167,2,1741
"387",505,168,2,1629
"388",505,169,2,1790
"389",505,170,2,2201
"390",505,171,2,2645
"391",505,172,2,2585
"392",505,173,2,2124
"393",505,174,2,1769
"394",505,175,2,1741
"395",505,176,2,1733
"396",505,177,2,1762
"397",505,178,2,2225
"398",505,179,2,2786
"399",505,180,2,2798
"400",505,181,2,2306
"401",505,182,2,2072
"402",505,183,2,2342
"403",505,184,2,2348
"404",505,185,2,2004
"405",505,186,2,1848
"406",505,187,2,1819
"407",505,188,2,1596
"408",505,189,2,1319
"409",505,190,2,1198
"410",505,191,2,1304
"411",505,192,2,1613
"412",505,193,2,2103
"413",505,194,2,2585
"414",505,195,2,2103
"415",505,196,2,1589
"416",505,197,2,1192
"417",505,202,2,1025
"418",505,203,2,1168
"419",505,204,2,1408
"420",505,205,2,1465
"421",505,206,2,1278
"422",505,207,2,1016
"423",506,152,2,1006
"424",506,153,2,1030
"425",506,154,2,1012
"426",506,160,2,1266
"427",506,161,2,1695
"428",506,162,2,2096
"429",506,163,2,2175
"430",506,164,2,2074
"431",506,165,2,2015
"432",506,166,2,1980
"433",506,167,2,2106
"434",506,168,2,2011
"435",506,169,2,2020
"436",506,170,2,2402
"437",506,171,2,2943
"438",506,172,2,2936
"439",506,173,2,2419
"440",506,174,2,2196
"441",506,175,2,2153
"442",506,176,2,2108
"443",506,177,2,2011
"444",506,178,2,2326
"445",506,179,2,2834
"446",506,180,2,2830
"447",506,181,2,2335
"448",506,182,2,2038
"449",506,183,2,2236
"450",506,184,2,2401
"451",506,185,2,2407
"452",506,186,2,2239
"453",506,187,2,1970
"454",506,188,2,1676
"455",506,189,2,1453
"456",506,190,2,1568
"457",506,191,2,1714
"458",506,192,2,1823
"459",506,193,2,2116
"460",506,194,2,2287
"461",506,195,2,2065
"462",506,196,2,1708
"463",506,197,2,1326
"464",506,198,2,1051
"465",506,200,2,1125
"466",506,201,2,1296
"467",506,202,2,1323
"468",506,203,2,1276
"469",506,204,2,1410
"470",506,205,2,1385
"471",506,206,2,1132
"472",507,153,2,1196
"473",507,154,2,1311
"474",507,155,2,1193
"475",507,160,2,1115
"476",507,161,2,1504
"477",507,162,2,2040
"478",507,163,2,2535
"479",507,164,2,2198
"480",507,165,2,2009
"481",507,166,2,2325
"482",507,167,2,2653
"483",507,168,2,2470
"484",507,169,2,2464
"485",507,170,2,2492
"486",507,171,2,2718
"487",507,172,2,2736
"488",507,173,2,2646
"489",507,174,2,2714
"490",507,175,2,2620
"491",507,176,2,2492
"492",507,177,2,2216
"493",507,178,2,2316
"494",507,179,2,2597
"495",507,180,2,2544
"496",507,181,2,2190
"497",507,182,2,1943
"498",507,183,2,2234
"499",507,184,2,2732
"500",507,185,2,2898
"501",507,186,2,2856
"502",507,187,2,2534
"503",507,188,2,2092
"504",507,189,2,1873
"505",507,190,2,2124
"506",507,191,2,2346
"507",507,192,2,2323
"508",507,193,2,2518
"509",507,194,2,2383
"510",507,195,2,2386
"511",507,196,2,1993
"512",507,197,2,1536
"513",507,198,2,1206
"514",507,199,2,1135
"515",507,200,2,1340
"516",507,201,2,1636
"517",507,202,2,1637
"518",507,203,2,1355
"519",507,204,2,1205
"520",507,205,2,1111
"521",508,152,2,1063
"522",508,153,2,1443
"523",508,154,2,1719
"524",508,155,2,1526
"525",508,156,2,1253
"526",508,157,2,1033
"527",508,161,2,1341
"528",508,162,2,1785
"529",508,163,2,2140
"530",508,164,2,2125
"531",508,165,2,2114
"532",508,166,2,2404
"533",508,167,2,2748
"534",508,168,2,2730
"535",508,169,2,3029
"536",508,170,2,2870
"537",508,171,2,2636
"538",508,172,2,2660
"539",508,173,2,2888
"540",508,174,2,2999
"541",508,175,2,2840
"542",508,176,2,2552
"543",508,177,2,2399
"544",508,178,2,2771
"545",508,179,2,3043
"546",508,180,2,2814
"547",508,181,2,2330
"548",508,182,2,1963
"549",508,183,2,2146
"550",508,184,2,2590
"551",508,185,2,3018
"552",508,186,2,3203
"553",508,187,2,3084
"554",508,188,2,2519
"555",508,189,2,2336
"556",508,190,2,2725
"557",508,191,2,3067
"558",508,192,2,2777
"559",508,193,2,3079
"560",508,194,2,2597
"561",508,195,2,2487
"562",508,196,2,2146
"563",508,197,2,1778
"564",508,198,2,1431
"565",508,199,2,1264
"566",508,200,2,1402
"567",508,201,2,1662
"568",508,202,2,1637
"569",508,203,2,1306
"570",508,204,2,1020
"571",509,152,2,1062
"572",509,153,2,1469
"573",509,154,2,1795
"574",509,155,2,1729
"575",509,156,2,1615
"576",509,157,2,1283
"577",509,161,2,1183
"578",509,162,2,1543
"579",509,163,2,1993
"580",509,164,2,2368
"581",509,165,2,2432
"582",509,166,2,2296
"583",509,167,2,2435
"584",509,168,2,2804
"585",509,169,2,3301
"586",509,170,2,3404
"587",509,171,2,3130
"588",509,172,2,3287
"589",509,173,2,3585
"590",509,174,2,3353
"591",509,175,2,3416
"592",509,176,2,2933
"593",509,177,2,2741
"594",509,178,2,3348
"595",509,179,2,3823
"596",509,180,2,3351
"597",509,181,2,2637
"598",509,182,2,2125
"599",509,183,2,2168
"600",509,184,2,2638
"601",509,185,2,3153
"602",509,186,2,3566
"603",509,187,2,3561
"604",509,188,2,2992
"605",509,189,2,2903
"606",509,190,2,3191
"607",509,191,2,3265
"608",509,192,2,2851
"609",509,193,2,2691
"610",509,194,2,2415
"611",509,195,2,2361
"612",509,196,2,2505
"613",509,197,2,2122
"614",509,198,2,1768
"615",509,199,2,1490
"616",509,200,2,1376
"617",509,201,2,1414
"618",509,202,2,1343
"619",509,203,2,1125
"620",510,153,2,1286
"621",510,154,2,1601
"622",510,155,2,1948
"623",510,156,2,1899
"624",510,157,2,1446
"625",510,158,2,1082
"626",510,160,2,1010
"627",510,161,2,1177
"628",510,162,2,1530
"629",510,163,2,2076
"630",510,164,2,2699
"631",510,165,2,2817
"632",510,166,2,2429
"633",510,167,2,2290
"634",510,168,2,2739
"635",510,169,2,3402
"636",510,170,2,3968
"637",510,171,2,3529
"638",510,172,2,3765
"639",510,173,2,4413
"640",510,174,2,3760
"641",510,175,2,3441
"642",510,176,2,3166
"643",510,177,2,3068
"644",510,178,2,3574
"645",510,179,2,4065
"646",510,180,2,3640
"647",510,181,2,2908
"648",510,182,2,2372
"649",510,183,2,2537
"650",510,184,2,3089
"651",510,185,2,3614
"652",510,186,2,3795
"653",510,187,2,3988
"654",510,188,2,3564
"655",510,189,2,3446
"656",510,190,2,3747
"657",510,191,2,3234
"658",510,192,2,2699
"659",510,193,2,2564
"660",510,194,2,2368
"661",510,195,2,2467
"662",510,196,2,2442
"663",510,197,2,2507
"664",510,198,2,2185
"665",510,199,2,1831
"666",510,200,2,1577
"667",510,201,2,1358
"668",510,202,2,1162
"669",511,153,2,1199
"670",511,154,2,1539
"671",511,155,2,1828
"672",511,156,2,1761
"673",511,157,2,1415
"674",511,158,2,1144
"675",511,159,2,1152
"676",511,160,2,1283
"677",511,161,2,1395
"678",511,162,2,1567
"679",511,163,2,2020
"680",511,164,2,2591
"681",511,165,2,2986
"682",511,166,2,2689
"683",511,167,2,2429
"684",511,168,2,2705
"685",511,169,2,3240
"686",511,170,2,3572
"687",511,171,2,3440
"688",511,172,2,3659
"689",511,173,2,3963
"690",511,174,2,3759
"691",511,175,2,3925
"692",511,176,2,3843
"693",511,177,2,3480
"694",511,178,2,3710
"695",511,179,2,4327
"696",511,180,2,4235
"697",511,181,2,3519
"698",511,182,2,2907
"699",511,183,2,3062
"700",511,184,2,3411
"701",511,185,2,3798
"702",511,186,2,3780
"703",511,187,2,4183
"704",511,188,2,3902
"705",511,189,2,3913
"706",511,190,2,3628
"707",511,191,2,3256
"708",511,192,2,2953
"709",511,193,2,2926
"710",511,194,2,2672
"711",511,195,2,2819
"712",511,196,2,2736
"713",511,197,2,2614
"714",511,198,2,2591
"715",511,199,2,2123
"716",511,200,2,1874
"717",511,201,2,1530
"718",511,202,2,1284
"719",511,203,2,1096
"720",512,153,2,1292
"721",512,154,2,1733
"722",512,155,2,2060
"723",512,156,2,1816
"724",512,157,2,1444
"725",512,158,2,1294
"726",512,159,2,1471
"727",512,160,2,1732
"728",512,161,2,1819
"729",512,162,2,1808
"730",512,163,2,2118
"731",512,164,2,2628
"732",512,165,2,3063
"733",512,166,2,2885
"734",512,167,2,2688
"735",512,168,2,3138
"736",512,169,2,3720
"737",512,170,2,3872
"738",512,171,2,3677
"739",512,172,2,3940
"740",512,173,2,4178
"741",512,174,2,4022
"742",512,175,2,4216
"743",512,176,2,4176
"744",512,177,2,3853
"745",512,178,2,4143
"746",512,179,2,4895
"747",512,180,2,4875
"748",512,181,2,4004
"749",512,182,2,3431
"750",512,183,2,3706
"751",512,184,2,4119
"752",512,185,2,3957
"753",512,186,2,4139
"754",512,187,2,4629
"755",512,188,2,4472
"756",512,189,2,4742
"757",512,190,2,4069
"758",512,191,2,3845
"759",512,192,2,3230
"760",512,193,2,2985
"761",512,194,2,2653
"762",512,195,2,2752
"763",512,196,2,2415
"764",512,197,2,2114
"765",512,198,2,2114
"766",512,199,2,2016
"767",512,200,2,1896
"768",512,201,2,1702
"769",512,202,2,1586
"770",512,203,2,1354
"771",512,204,2,1199
"772",512,205,2,1092
"773",512,206,2,1063
"775",513,152,2,1039
"776",513,153,2,1325
"777",513,154,2,1737
"778",513,155,2,2052
"779",513,156,2,1828
"780",513,157,2,1525
"781",513,158,2,1472
"782",513,159,2,1788
"783",513,160,2,2237
"784",513,161,2,2327
"785",513,162,2,2200
"786",513,163,2,2502
"787",513,164,2,2723
"788",513,165,2,3233
"789",513,166,2,3293
"790",513,167,2,3145
"791",513,168,2,3555
"792",513,169,2,4263
"793",513,170,2,4416
"794",513,171,2,4219
"795",513,172,2,4649
"796",513,173,2,4997
"797",513,174,2,4786
"798",513,175,2,4782
"799",513,176,2,4755
"800",513,177,2,4536
"801",513,178,2,4337
"802",513,179,2,4747
"803",513,180,2,4795
"804",513,181,2,4273
"805",513,182,2,3975
"806",513,183,2,4214
"807",513,184,2,4465
"808",513,185,2,4137
"809",513,186,2,4454
"810",513,187,2,4920
"811",513,188,2,5161
"812",513,189,2,4581
"813",513,190,2,4330
"814",513,191,2,3941
"815",513,192,2,3230
"816",513,193,2,2596
"817",513,194,2,2223
"818",513,195,2,2151
"819",513,196,2,1932
"820",513,197,2,1659
"821",513,198,2,1656
"822",513,199,2,1685
"823",513,200,2,1676
"824",513,201,2,1877
"825",513,202,2,1860
"826",513,203,2,1664
"827",513,204,2,1569
"828",513,205,2,1410
"829",513,206,2,1422
"830",513,207,2,1240
"833",514,150,2,1003
"834",514,151,2,1180
"835",514,152,2,1256
"836",514,153,2,1302
"837",514,154,2,1528
"838",514,155,2,1752
"839",514,156,2,1760
"840",514,157,2,1713
"841",514,158,2,1628
"842",514,159,2,1903
"843",514,160,2,2328
"844",514,161,2,2464
"845",514,162,2,2647
"846",514,163,2,3093
"847",514,164,2,3166
"848",514,165,2,3771
"849",514,166,2,3871
"850",514,167,2,3727
"851",514,168,2,3835
"852",514,169,2,4167
"853",514,170,2,4497
"854",514,171,2,5054
"855",514,172,2,5370
"856",514,173,2,5464
"857",514,174,2,5149
"858",514,175,2,5113
"859",514,176,2,5209
"860",514,177,2,5140
"861",514,178,2,4837
"862",514,179,2,5285
"863",514,180,2,5680
"864",514,181,2,5285
"865",514,182,2,5013
"866",514,183,2,5098
"867",514,184,2,5022
"868",514,185,2,4601
"869",514,186,2,5149
"870",514,187,2,5182
"871",514,188,2,5183
"872",514,189,2,4770
"873",514,190,2,4365
"874",514,191,2,3639
"875",514,192,2,2860
"876",514,193,2,2227
"877",514,194,2,1830
"878",514,195,2,1664
"879",514,196,2,1532
"880",514,197,2,1393
"881",514,198,2,1517
"882",514,199,2,1660
"883",514,200,2,1645
"884",514,201,2,1732
"885",514,202,2,1732
"886",514,203,2,1929
"887",514,204,2,1925
"888",514,205,2,1644
"889",514,206,2,1799
"890",514,207,2,1492
"891",514,208,2,1183
"893",515,150,2,1256
"894",515,151,2,1554
"895",515,152,2,1596
"896",515,153,2,1432
"897",515,154,2,1436
"898",515,155,2,1797
"899",515,156,2,2142
"900",515,157,2,2169
"901",515,158,2,1940
"902",515,159,2,1927
"903",515,160,2,2076
"904",515,161,2,2208
"905",515,162,2,2667
"906",515,163,2,3181
"907",515,164,2,3398
"908",515,165,2,4097
"909",515,166,2,4165
"910",515,167,2,4225
"911",515,168,2,4402
"912",515,169,2,4383
"913",515,170,2,5038
"914",515,171,2,5407
"915",515,172,2,6195
"916",515,173,2,6147
"917",515,174,2,5632
"918",515,175,2,5217
"919",515,176,2,5549
"920",515,177,2,5233
"921",515,178,2,5586
"922",515,179,2,6058
"923",515,180,2,6952
"924",515,181,2,6333
"925",515,182,2,5808
"926",515,183,2,5688
"927",515,184,2,5343
"928",515,185,2,5376
"929",515,186,2,4959
"930",515,187,2,5605
"931",515,188,2,5697
"932",515,189,2,5437
"933",515,190,2,4358
"934",515,191,2,3360
"935",515,192,2,2753
"936",515,193,2,2271
"937",515,194,2,1827
"938",515,195,2,1507
"939",515,196,2,1459
"940",515,197,2,1468
"941",515,198,2,1724
"942",515,199,2,2041
"943",515,200,2,2037
"944",515,201,2,1748
"945",515,202,2,1532
"946",515,203,2,1574
"947",515,204,2,1570
"948",515,205,2,1505
"949",515,206,2,1750
"950",515,207,2,1662
"951",515,208,2,1270
"952",516,149,2,1016
"953",516,150,2,1387
"954",516,151,2,1812
"955",516,152,2,1841
"956",516,153,2,1525
"957",516,154,2,1457
"958",516,155,2,1907
"959",516,156,2,2477
"960",516,157,2,2576
"961",516,158,2,2321
"962",516,159,2,2303
"963",516,160,2,2128
"964",516,161,2,2153
"965",516,162,2,2529
"966",516,163,2,2918
"967",516,164,2,3190
"968",516,165,2,3607
"969",516,166,2,3915
"970",516,167,2,4164
"971",516,168,2,4375
"972",516,169,2,4956
"973",516,170,2,5206
"974",516,171,2,5310
"975",516,172,2,5638
"976",516,173,2,6227
"977",516,174,2,6168
"978",516,175,2,5507
"979",516,176,2,5539
"980",516,177,2,5610
"981",516,178,2,6253
"982",516,179,2,6786
"983",516,180,2,7613
"984",516,181,2,6750
"985",516,182,2,5974
"986",516,183,2,6014
"987",516,184,2,5274
"988",516,185,2,5237
"989",516,186,2,5329
"990",516,187,2,5791
"991",516,188,2,5932
"992",516,189,2,4943
"993",516,190,2,4088
"994",516,191,2,3463
"995",516,192,2,3215
"996",516,193,2,2683
"997",516,194,2,2120
"998",516,195,2,1823
"999",516,196,2,1803
"1000",516,197,2,1709
"1001",516,198,2,1938
"1002",516,199,2,2372
"1003",516,200,2,2341
"1004",516,201,2,1799
"1005",516,202,2,1328
"1006",516,203,2,1216
"1007",516,204,2,1200
"1008",516,205,2,1268
"1009",516,206,2,1443
"1010",516,207,2,1406
"1011",516,208,2,1138
"1012",517,150,2,1251
"1013",517,151,2,1542
"1014",517,152,2,1567
"1015",517,153,2,1369
"1016",517,154,2,1335
"1017",517,155,2,1728
"1018",517,156,2,2191
"1019",517,157,2,2457
"1020",517,158,2,2841
"1021",517,159,2,2857
"1022",517,160,2,2482
"1023",517,161,2,2469
"1024",517,162,2,2935
"1025",517,163,2,3404
"1026",517,164,2,3409
"1027",517,165,2,3517
"1028",517,166,2,4209
"1029",517,167,2,4846
"1030",517,168,2,5032
"1031",517,169,2,5811
"1032",517,170,2,5180
"1033",517,171,2,4869
"1034",517,172,2,5326
"1035",517,173,2,6167
"1036",517,174,2,6580
"1037",517,175,2,6631
"1038",517,176,2,5980
"1039",517,177,2,5971
"1040",517,178,2,6387
"1041",517,179,2,7561
"1042",517,180,2,7659
"1043",517,181,2,7389
"1044",517,182,2,6491
"1045",517,183,2,6197
"1046",517,184,2,5894
"1047",517,185,2,6286
"1048",517,186,2,6311
"1049",517,187,2,6093
"1050",517,188,2,5353
"1051",517,189,2,4630
"1052",517,190,2,4087
"1053",517,191,2,4025
"1054",517,192,2,3874
"1055",517,193,2,3055
"1056",517,194,2,2407
"1057",517,195,2,2322
"1058",517,196,2,2430
"1059",517,197,2,2216
"1060",517,198,2,1974
"1061",517,199,2,2083
"1062",517,200,2,1994
"1063",517,201,2,1590
"1064",517,202,2,1192
"1065",517,206,2,1079
"1066",517,207,2,1061
"1067",518,151,2,1150
"1068",518,152,2,1175
"1069",518,153,2,1101
"1070",518,154,2,1124
"1071",518,155,2,1423
"1072",518,156,2,1795
"1073",518,157,2,2286
"1074",518,158,2,2848
"1075",518,159,2,2967
"1076",518,160,2,2746
"1077",518,161,2,2783
"1078",518,162,2,3157
"1079",518,163,2,3649
"1080",518,164,2,3836
"1081",518,165,2,3861
"1082",518,166,2,4406
"1083",518,167,2,5061
"1084",518,168,2,5201
"1085",518,169,2,5691
"1086",518,170,2,5109
"1087",518,171,2,4586
"1088",518,172,2,4884
"1089",518,173,2,5708
"1090",518,174,2,6749
"1091",518,175,2,7148
"1092",518,176,2,7272
"1093",518,177,2,6544
"1094",518,178,2,6864
"1095",518,179,2,7548
"1096",518,180,2,7949
"1097",518,181,2,7709
"1098",518,182,2,7268
"1099",518,183,2,6842
"1100",518,184,2,7104
"1101",518,185,2,6204
"1102",518,186,2,6169
"1103",518,187,2,5937
"1104",518,188,2,5229
"1105",518,189,2,4718
"1106",518,190,2,4406
"1107",518,191,2,4132
"1108",518,192,2,3582
"1109",518,193,2,2957
"1110",518,194,2,2482
"1111",518,195,2,2782
"1112",518,196,2,3142
"1113",518,197,2,2678
"1114",518,198,2,2066
"1115",518,199,2,1700
"1116",518,200,2,1513
"1117",518,201,2,1249
"1118",519,155,2,1198
"1119",519,156,2,1524
"1120",519,157,2,1955
"1121",519,158,2,2409
"1122",519,159,2,2779
"1123",519,160,2,3286
"1124",519,161,2,3398
"1125",519,162,2,3324
"1126",519,163,2,3624
"1127",519,164,2,3938
"1128",519,165,2,4484
"1129",519,166,2,4683
"1130",519,167,2,5338
"1131",519,168,2,5726
"1132",519,169,2,6214
"1133",519,170,2,5276
"1134",519,171,2,4549
"1135",519,172,2,4574
"1136",519,173,2,5390
"1137",519,174,2,6425
"1138",519,175,2,7218
"1139",519,176,2,7539
"1140",519,177,2,7130
"1141",519,178,2,8366
"1142",519,179,2,8764
"1143",519,180,2,8354
"1144",519,181,2,8201
"1145",519,182,2,7612
"1146",519,183,2,8018
"1147",519,184,2,7695
"1148",519,185,2,6286
"1149",519,186,2,6783
"1150",519,187,2,5789
"1151",519,188,2,5582
"1152",519,189,2,4813
"1153",519,190,2,4522
"1154",519,191,2,4195
"1155",519,192,2,3828
"1156",519,193,2,3040
"1157",519,194,2,2519
"1158",519,195,2,2806
"1159",519,196,2,3149
"1160",519,197,2,2662
"1161",519,198,2,1979
"1162",519,199,2,1426
"1163",519,200,2,1152
"1164",520,154,2,1018
"1165",520,155,2,1232
"1166",520,156,2,1422
"1167",520,157,2,1718
"1168",520,158,2,2114
"1169",520,159,2,2947
"1170",520,160,2,3796
"1171",520,161,2,4029
"1172",520,162,2,4037
"1173",520,163,2,3959
"1174",520,164,2,4319
"1175",520,165,2,4933
"1176",520,166,2,5305
"1177",520,167,2,5481
"1178",520,168,2,5958
"1179",520,169,2,5729
"1180",520,170,2,5147
"1181",520,171,2,4567
"1182",520,172,2,4521
"1183",520,173,2,5360
"1184",520,174,2,6438
"1185",520,175,2,7464
"1186",520,176,2,7542
"1187",520,177,2,7637
"1188",520,178,2,9076
"1189",520,179,2,8827
"1190",520,180,2,8920
"1191",520,181,2,8628
"1192",520,182,2,8252
"1193",520,183,2,8877
"1194",520,184,2,7947
"1195",520,185,2,6899
"1196",520,186,2,6268
"1197",520,187,2,5572
"1198",520,188,2,5402
"1199",520,189,2,4814
"1200",520,190,2,4631
"1201",520,191,2,4512
"1202",520,192,2,4020
"1203",520,193,2,3204
"1204",520,194,2,2462
"1205",520,195,2,2409
"1206",520,196,2,2470
"1207",520,197,2,2176
"1208",520,198,2,1696
"1209",520,199,2,1260
"1210",521,154,2,1229
"1211",521,155,2,1536
"1212",521,156,2,1710
"1213",521,157,2,1934
"1214",521,158,2,2246
"1215",521,159,2,2902
"1216",521,160,2,3607
"1217",521,161,2,4141
"1218",521,162,2,4849
"1219",521,163,2,4630
"1220",521,164,2,4801
"1221",521,165,2,5395
"1222",521,166,2,5706
"1223",521,167,2,6103
"1224",521,168,2,6947
"1225",521,169,2,6247
"1226",521,170,2,5663
"1227",521,171,2,5115
"1228",521,172,2,5167
"1229",521,173,2,5944
"1230",521,174,2,7013
"1231",521,175,2,7878
"1232",521,176,2,7970
"1233",521,177,2,7992
"1234",521,178,2,9147
"1235",521,179,2,9115
"1236",521,180,2,8674
"1237",521,181,2,8507
"1238",521,182,2,8726
"1239",521,183,2,8956
"1240",521,184,2,8160
"1241",521,185,2,7747
"1242",521,186,2,6652
"1243",521,187,2,6166
"1244",521,188,2,6428
"1245",521,189,2,5338
"1246",521,190,2,4906
"1247",521,191,2,4950
"1248",521,192,2,4693
"1249",521,193,2,3615
"1250",521,194,2,2673
"1251",521,195,2,2111
"1252",521,196,2,1957
"1253",521,197,2,1731
"1254",521,198,2,1415
"1255",521,199,2,1135
"1256",521,205,2,1018
"1257",521,208,2,1112
"1258",521,209,2,1096
"1259",522,153,2,1038
"1260",522,154,2,1461
"1261",522,155,2,1934
"1262",522,156,2,2106
"1263",522,157,2,2227
"1264",522,158,2,2510
"1265",522,159,2,3244
"1266",522,160,2,3664
"1267",522,161,2,4177
"1268",522,162,2,4462
"1269",522,163,2,4644
"1270",522,164,2,4848
"1271",522,165,2,5407
"1272",522,166,2,5759
"1273",522,167,2,6559
"1274",522,168,2,6588
"1275",522,169,2,7122
"1276",522,170,2,6492
"1277",522,171,2,5927
"1278",522,172,2,6142
"1279",522,173,2,6673
"1280",522,174,2,7444
"1281",522,175,2,8082
"1282",522,176,2,8052
"1283",522,177,2,8840
"1284",522,178,2,9974
"1285",522,179,2,9418
"1286",522,180,2,9025
"1287",522,181,2,8614
"1288",522,182,2,9070
"1289",522,183,2,9089
"1290",522,184,2,8243
"1291",522,185,2,7734
"1292",522,186,2,6895
"1293",522,187,2,6213
"1294",522,188,2,6258
"1295",522,189,2,5297
"1296",522,190,2,4630
"1297",522,191,2,4560
"1298",522,192,2,4268
"1299",522,193,2,3438
"1300",522,194,2,2623
"1301",522,195,2,2137
"1302",522,196,2,1935
"1303",522,197,2,1675
"1304",522,198,2,1374
"1305",522,199,2,1198
"1306",522,200,2,1205
"1307",522,201,2,1236
"1308",522,202,2,1241
"1309",522,203,2,1352
"1310",522,204,2,1364
"1311",522,205,2,1408
"1312",522,206,2,1251
"1313",522,207,2,1191
"1314",522,208,2,1416
"1315",522,209,2,1398
"1316",522,210,2,1080
"1317",523,153,2,1077
"1318",523,154,2,1521
"1319",523,155,2,2028
"1320",523,156,2,2216
"1321",523,157,2,2185
"1322",523,158,2,2476
"1323",523,159,2,3331
"1324",523,160,2,3749
"1325",523,161,2,3928
"1326",523,162,2,4163
"1327",523,163,2,4564
"1328",523,164,2,4604
"1329",523,165,2,4928
"1330",523,166,2,5407
"1331",523,167,2,6040
"1332",523,168,2,6690
"1333",523,169,2,7392
"1334",523,170,2,7069
"1335",523,171,2,7027
"1336",523,172,2,7283
"1337",523,173,2,7882
"1338",523,174,2,8484
"1339",523,175,2,8692
"1340",523,176,2,8813
"1341",523,177,2,9391
"1342",523,178,2,10317
"1343",523,179,2,9743
"1344",523,180,2,9595
"1345",523,181,2,9350
"1346",523,182,2,9329
"1347",523,183,2,9239
"1348",523,184,2,8755
"1349",523,185,2,8381
"1350",523,186,2,7889
"1351",523,187,2,6561
"1352",523,188,2,5950
"1353",523,189,2,5161
"1354",523,190,2,4680
"1355",523,191,2,4726
"1356",523,192,2,4158
"1357",523,193,2,3324
"1358",523,194,2,2660
"1359",523,195,2,2545
"1360",523,196,2,2406
"1361",523,197,2,2042
"1362",523,198,2,1682
"1363",523,199,2,1484
"1364",523,200,2,1599
"1365",523,201,2,1710
"1366",523,202,2,1619
"1367",523,203,2,1784
"1368",523,204,2,1784
"1369",523,205,2,1808
"1370",523,206,2,1421
"1371",523,207,2,1222
"1372",523,208,2,1419
"1373",523,209,2,1396
"1374",523,210,2,1077
"1375",524,153,2,1068
"1376",524,154,2,1481
"1377",524,155,2,2005
"1378",524,156,2,2390
"1379",524,157,2,2325
"1380",524,158,2,2623
"1381",524,159,2,3445
"1382",524,160,2,4309
"1383",524,161,2,4136
"1384",524,162,2,4505
"1385",524,163,2,5302
"1386",524,164,2,5287
"1387",524,165,2,5240
"1388",524,166,2,5502
"1389",524,167,2,6012
"1390",524,168,2,6896
"1391",524,169,2,7725
"1392",524,170,2,8146
"1393",524,171,2,8129
"1394",524,172,2,8283
"1395",524,173,2,9108
"1396",524,174,2,9173
"1397",524,175,2,9351
"1398",524,176,2,9648
"1399",524,177,2,9998
"1400",524,178,2,10749
"1401",524,179,2,10334
"1402",524,180,2,10068
"1403",524,181,2,9742
"1404",524,182,2,9689
"1405",524,183,2,9633
"1406",524,184,2,9390
"1407",524,185,2,8596
"1408",524,186,2,7953
"1409",524,187,2,6731
"1410",524,188,2,5986
"1411",524,189,2,5157
"1412",524,190,2,5017
"1413",524,191,2,4874
"1414",524,192,2,4291
"1415",524,193,2,3637
"1416",524,194,2,3139
"1417",524,195,2,3183
"1418",524,196,2,3059
"1419",524,197,2,2507
"1420",524,198,2,2189
"1421",524,199,2,1847
"1422",524,200,2,2011
"1423",524,201,2,2247
"1424",524,202,2,1973
"1425",524,203,2,1872
"1426",524,204,2,1761
"1427",524,205,2,1510
"1428",524,206,2,1243
"1429",524,207,2,1039
"1430",524,208,2,1111
"1431",524,209,2,1087
"1432",525,153,2,1138
"1433",525,154,2,1472
"1434",525,155,2,1950
"1435",525,156,2,2358
"1436",525,157,2,2340
"1437",525,158,2,2526
"1438",525,159,2,3155
"1439",525,160,2,3783
"1440",525,161,2,4454
"1441",525,162,2,4764
"1442",525,163,2,5253
"1443",525,164,2,5546
"1444",525,165,2,5877
"1445",525,166,2,5902
"1446",525,167,2,6229
"1447",525,168,2,6881
"1448",525,169,2,7334
"1449",525,170,2,7998
"1450",525,171,2,8314
"1451",525,172,2,8740
"1452",525,173,2,9268
"1453",525,174,2,9791
"1454",525,175,2,9960
"1455",525,176,2,10146
"1456",525,177,2,10501
"1457",525,178,2,11029
"1458",525,179,2,10745
"1459",525,180,2,10143
"1460",525,181,2,9638
"1461",525,182,2,9550
"1462",525,183,2,9799
"1463",525,184,2,9577
"1464",525,185,2,9097
"1465",525,186,2,7831
"1466",525,187,2,7239
"1467",525,188,2,6277
"1468",525,189,2,5547
"1469",525,190,2,5677
"1470",525,191,2,5373
"1471",525,192,2,4906
"1472",525,193,2,4094
"1473",525,194,2,3826
"1474",525,195,2,3539
"1475",525,196,2,3381
"1476",525,197,2,2989
"1477",525,198,2,2731
"1478",525,199,2,2216
"1479",525,200,2,2109
"1480",525,201,2,2268
"1481",525,202,2,1928
"1482",525,203,2,1571
"1483",525,204,2,1386
"1484",525,205,2,1138
"1485",526,149,2,1143
"1486",526,150,2,1361
"1487",526,151,2,1318
"1488",526,152,2,1236
"1489",526,153,2,1324
"1490",526,154,2,1443
"1491",526,155,2,1709
"1492",526,156,2,2037
"1493",526,157,2,2414
"1494",526,158,2,2801
"1495",526,159,2,2955
"1496",526,160,2,3387
"1497",526,161,2,3991
"1498",526,162,2,4447
"1499",526,163,2,5205
"1500",526,164,2,5421
"1501",526,165,2,5498
"1502",526,166,2,5687
"1503",526,167,2,6028
"1504",526,168,2,6386
"1505",526,169,2,7182
"1506",526,170,2,8013
"1507",526,171,2,8444
"1508",526,172,2,9124
"1509",526,173,2,9527
"1510",526,174,2,9975
"1511",526,175,2,10591
"1512",526,176,2,10349
"1513",526,177,2,10569
"1514",526,178,2,10743
"1515",526,179,2,10139
"1516",526,180,2,9315
"1517",526,181,2,8903
"1518",526,182,2,8911
"1519",526,183,2,9235
"1520",526,184,2,9307
"1521",526,185,2,9083
"1522",526,186,2,8138
"1523",526,187,2,7175
"1524",526,188,2,6528
"1525",526,189,2,5993
"1526",526,190,2,5228
"1527",526,191,2,4780
"1528",526,192,2,4424
"1529",526,193,2,4083
"1530",526,194,2,3959
"1531",526,195,2,3770
"1532",526,196,2,3615
"1533",526,197,2,3121
"1534",526,198,2,2782
"1535",526,199,2,2197
"1536",526,200,2,1842
"1537",526,201,2,1795
"1538",526,202,2,1577
"1539",526,203,2,1281
"1540",526,204,2,1070
"1541",527,148,2,1025
"1542",527,149,2,1481
"1543",527,150,2,1829
"1544",527,151,2,1683
"1545",527,152,2,1623
"1546",527,153,2,1722
"1547",527,154,2,1646
"1548",527,155,2,1614
"1549",527,156,2,1983
"1550",527,157,2,2623
"1551",527,158,2,3341
"1552",527,159,2,3215
"1553",527,160,2,3204
"1554",527,161,2,3585
"1555",527,162,2,4412
"1556",527,163,2,5415
"1557",527,164,2,5595
"1558",527,165,2,5788
"1559",527,166,2,5966
"1560",527,167,2,6563
"1561",527,168,2,6593
"1562",527,169,2,7380
"1563",527,170,2,8251
"1564",527,171,2,8898
"1565",527,172,2,9479
"1566",527,173,2,10376
"1567",527,174,2,9963
"1568",527,175,2,10565
"1569",527,176,2,10555
"1570",527,177,2,10627
"1571",527,178,2,10329
"1572",527,179,2,9698
"1573",527,180,2,9202
"1574",527,181,2,8967
"1575",527,182,2,8815
"1576",527,183,2,8751
"1577",527,184,2,8769
"1578",527,185,2,9136
"1579",527,186,2,8666
"1580",527,187,2,7594
"1581",527,188,2,6766
"1582",527,189,2,6086
"1583",527,190,2,5203
"1584",527,191,2,4683
"1585",527,192,2,4400
"1586",527,193,2,3853
"1587",527,194,2,3930
"1588",527,195,2,3824
"1589",527,196,2,3693
"1590",527,197,2,3102
"1591",527,198,2,2443
"1592",527,199,2,1938
"1593",527,200,2,1566
"1594",527,201,2,1444
"1595",527,202,2,1317
"1596",527,203,2,1137
"1597",528,148,2,1045
"1598",528,149,2,1501
"1599",528,150,2,1856
"1600",528,151,2,1767
"1601",528,152,2,1937
"1602",528,153,2,2201
"1603",528,154,2,1938
"1604",528,155,2,1695
"1605",528,156,2,1932
"1606",528,157,2,2516
"1607",528,158,2,3166
"1608",528,159,2,3743
"1609",528,160,2,3365
"1610",528,161,2,3334
"1611",528,162,2,4094
"1612",528,163,2,4976
"1613",528,164,2,5364
"1614",528,165,2,6144
"1615",528,166,2,6495
"1616",528,167,2,7586
"1617",528,168,2,7048
"1618",528,169,2,7758
"1619",528,170,2,8469
"1620",528,171,2,8689
"1621",528,172,2,9498
"1622",528,173,2,9846
"1623",528,174,2,9850
"1624",528,175,2,10185
"1625",528,176,2,10587
"1626",528,177,2,10258
"1627",528,178,2,9843
"1628",528,179,2,9741
"1629",528,180,2,9855
"1630",528,181,2,9855
"1631",528,182,2,9541
"1632",528,183,2,9100
"1633",528,184,2,8996
"1634",528,185,2,9509
"1635",528,186,2,9252
"1636",528,187,2,8196
"1637",528,188,2,7279
"1638",528,189,2,6126
"1639",528,190,2,5148
"1640",528,191,2,5142
"1641",528,192,2,4986
"1642",528,193,2,4303
"1643",528,194,2,4173
"1644",528,195,2,3776
"1645",528,196,2,3678
"1646",528,197,2,3053
"1647",528,198,2,2332
"1648",528,199,2,1834
"1649",528,200,2,1609
"1650",528,201,2,1455
"1651",528,202,2,1455
"1652",528,203,2,1358
"1653",528,204,2,1123
"1654",529,149,2,1216
"1655",529,150,2,1438
"1656",529,151,2,1518
"1657",529,152,2,1880
"1658",529,153,2,2191
"1659",529,154,2,1936
"1660",529,155,2,1694
"1661",529,156,2,1941
"1662",529,157,2,2585
"1663",529,158,2,3351
"1664",529,159,2,3781
"1665",529,160,2,3570
"1666",529,161,2,3567
"1667",529,162,2,3896
"1668",529,163,2,4517
"1669",529,164,2,4987
"1670",529,165,2,5658
"1671",529,166,2,5981
"1672",529,167,2,6683
"1673",529,168,2,7052
"1674",529,169,2,8082
"1675",529,170,2,9367
"1676",529,171,2,9136
"1677",529,172,2,9202
"1678",529,173,2,9355
"1679",529,174,2,9792
"1680",529,175,2,10355
"1681",529,176,2,10405
"1682",529,177,2,9726
"1683",529,178,2,9710
"1684",529,179,2,10286
"1685",529,180,2,10895
"1686",529,181,2,11053
"1687",529,182,2,10623
"1688",529,183,2,9922
"1689",529,184,2,9644
"1690",529,185,2,10093
"1691",529,186,2,9653
"1692",529,187,2,8639
"1693",529,188,2,7258
"1694",529,189,2,6104
"1695",529,190,2,5716
"1696",529,191,2,5714
"1697",529,192,2,5605
"1698",529,193,2,4774
"1699",529,194,2,4796
"1700",529,195,2,4136
"1701",529,196,2,3806
"1702",529,197,2,2999
"1703",529,198,2,2275
"1704",529,199,2,2117
"1705",529,200,2,1980
"1706",529,201,2,1745
"1707",529,202,2,1860
"1708",529,203,2,1777
"1709",529,204,2,1399
"1710",529,205,2,1034
"1711",530,150,2,1053
"1712",530,151,2,1225
"1713",530,152,2,1510
"1714",530,153,2,1706
"1715",530,154,2,1648
"1716",530,155,2,1589
"1717",530,156,2,1906
"1718",530,157,2,2557
"1719",530,158,2,3326
"1720",530,159,2,3820
"1721",530,160,2,3997
"1722",530,161,2,4165
"1723",530,162,2,4121
"1724",530,163,2,4562
"1725",530,164,2,5323
"1726",530,165,2,5636
"1727",530,166,2,5697
"1728",530,167,2,6275
"1729",530,168,2,7387
"1730",530,169,2,8566
"1731",530,170,2,8468
"1732",530,171,2,9050
"1733",530,172,2,9619
"1734",530,173,2,9329
"1735",530,174,2,9787
"1736",530,175,2,10409
"1737",530,176,2,10453
"1738",530,177,2,9711
"1739",530,178,2,10014
"1740",530,179,2,11008
"1741",530,180,2,11888
"1742",530,181,2,12123
"1743",530,182,2,11605
"1744",530,183,2,10718
"1745",530,184,2,10265
"1746",530,185,2,10580
"1747",530,186,2,9938
"1748",530,187,2,8780
"1749",530,188,2,7388
"1750",530,189,2,6732
"1751",530,190,2,6513
"1752",530,191,2,5867
"1753",530,192,2,5216
"1754",530,193,2,4829
"1755",530,194,2,4440
"1756",530,195,2,3947
"1757",530,196,2,3590
"1758",530,197,2,2926
"1759",530,198,2,2573
"1760",530,199,2,2587
"1761",530,200,2,2453
"1762",530,201,2,2014
"1763",530,202,2,2189
"1764",530,203,2,2095
"1765",530,204,2,1562
"1766",530,205,2,1142
"1767",530,206,2,1003
"1768",530,207,2,1156
"1769",530,208,2,1294
"1770",530,209,2,1118
"1771",530,212,2,1072
"1772",530,213,2,1146
"1773",531,152,2,1173
"1774",531,153,2,1366
"1775",531,154,2,1489
"1776",531,155,2,1635
"1777",531,156,2,1840
"1778",531,157,2,2377
"1779",531,158,2,2972
"1780",531,159,2,3625
"1781",531,160,2,4185
"1782",531,161,2,4897
"1783",531,162,2,4639
"1784",531,163,2,4709
"1785",531,164,2,5474
"1786",531,165,2,5871
"1787",531,166,2,6160
"1788",531,167,2,6543
"1789",531,168,2,7250
"1790",531,169,2,7639
"1791",531,170,2,7858
"1792",531,171,2,8886
"1793",531,172,2,9239
"1794",531,173,2,9432
"1795",531,174,2,9942
"1796",531,175,2,10477
"1797",531,176,2,10435
"1798",531,177,2,9857
"1799",531,178,2,10329
"1800",531,179,2,11496
"1801",531,180,2,12490
"1802",531,181,2,12755
"1803",531,182,2,12185
"1804",531,183,2,11186
"1805",531,184,2,10613
"1806",531,185,2,10844
"1807",531,186,2,10120
"1808",531,187,2,8848
"1809",531,188,2,7688
"1810",531,189,2,7371
"1811",531,190,2,6575
"1812",531,191,2,5848
"1813",531,192,2,5152
"1814",531,193,2,4829
"1815",531,194,2,4810
"1816",531,195,2,4248
"1817",531,196,2,3845
"1818",531,197,2,3344
"1819",531,198,2,3076
"1820",531,199,2,2745
"1821",531,200,2,2520
"1822",531,201,2,2057
"1823",531,202,2,1962
"1824",531,203,2,1832
"1825",531,204,2,1454
"1826",531,205,2,1122
"1827",531,206,2,1086
"1828",531,207,2,1349
"1829",531,208,2,1667
"1830",531,209,2,1311
"1831",531,210,2,1013
"1832",531,211,2,1007
"1833",531,212,2,1249
"1834",531,213,2,1471
"1835",532,152,2,1050
"1836",532,153,2,1393
"1837",532,154,2,1764
"1838",532,155,2,2037
"1839",532,156,2,2141
"1840",532,157,2,2556
"1841",532,158,2,3056
"1842",532,159,2,3802
"1843",532,160,2,4184
"1844",532,161,2,4610
"1845",532,162,2,5306
"1846",532,163,2,5121
"1847",532,164,2,5710
"1848",532,165,2,6055
"1849",532,166,2,6285
"1850",532,167,2,6787
"1851",532,168,2,7172
"1852",532,169,2,7185
"1853",532,170,2,7798
"1854",532,171,2,8828
"1855",532,172,2,8990
"1856",532,173,2,9202
"1857",532,174,2,9754
"1858",532,175,2,10301
"1859",532,176,2,10403
"1860",532,177,2,9937
"1861",532,178,2,10394
"1862",532,179,2,11514
"1863",532,180,2,12484
"1864",532,181,2,12743
"1865",532,182,2,12171
"1866",532,183,2,11162
"1867",532,184,2,10552
"1868",532,185,2,10685
"1869",532,186,2,9863
"1870",532,187,2,8732
"1871",532,188,2,7594
"1872",532,189,2,6976
"1873",532,190,2,6244
"1874",532,191,2,5943
"1875",532,192,2,5274
"1876",532,193,2,4476
"1877",532,194,2,4348
"1878",532,195,2,4352
"1879",532,196,2,4057
"1880",532,197,2,3490
"1881",532,198,2,3139
"1882",532,199,2,2577
"1883",532,200,2,2230
"1884",532,201,2,1856
"1885",532,202,2,1637
"1886",532,203,2,1477
"1887",532,204,2,1232
"1888",532,206,2,1034
"1889",532,207,2,1229
"1890",532,208,2,1371
"1891",532,209,2,1193
"1892",532,212,2,1051
"1893",532,213,2,1047
"1894",533,152,2,1076
"1895",533,153,2,1544
"1896",533,154,2,2126
"1897",533,155,2,2591
"1898",533,156,2,2556
"1899",533,157,2,2993
"1900",533,158,2,3363
"1901",533,159,2,3350
"1902",533,160,2,3574
"1903",533,161,2,3941
"1904",533,162,2,4651
"1905",533,163,2,4885
"1906",533,164,2,5528
"1907",533,165,2,5890
"1908",533,166,2,6162
"1909",533,167,2,6765
"1910",533,168,2,7063
"1911",533,169,2,7271
"1912",533,170,2,8143
"1913",533,171,2,8900
"1914",533,172,2,8586
"1915",533,173,2,8814
"1916",533,174,2,9412
"1917",533,175,2,10135
"1918",533,176,2,10388
"1919",533,177,2,10079
"1920",533,178,2,10318
"1921",533,179,2,11095
"1922",533,180,2,11843
"1923",533,181,2,12041
"1924",533,182,2,11531
"1925",533,183,2,10661
"1926",533,184,2,10153
"1927",533,185,2,10238
"1928",533,186,2,9442
"1929",533,187,2,8375
"1930",533,188,2,7748
"1931",533,189,2,7503
"1932",533,190,2,6812
"1933",533,191,2,6787
"1934",533,192,2,5852
"1935",533,193,2,5024
"1936",533,194,2,4577
"1937",533,195,2,4927
"1938",533,196,2,4266
"1939",533,197,2,3568
"1940",533,198,2,3026
"1941",533,199,2,2728
"1942",533,200,2,2289
"1943",533,201,2,1878
"1944",533,202,2,1598
"1945",533,203,2,1348
"1946",533,204,2,1134
"1947",533,207,2,1049
"1948",533,208,2,1084
"1949",534,152,2,1066
"1950",534,153,2,1546
"1951",534,154,2,2156
"1952",534,155,2,2666
"1953",534,156,2,2670
"1954",534,157,2,2998
"1955",534,158,2,3232
"1956",534,159,2,2939
"1957",534,160,2,2773
"1958",534,161,2,3067
"1959",534,162,2,3644
"1960",534,163,2,3943
"1961",534,164,2,4472
"1962",534,165,2,4944
"1963",534,166,2,5502
"1964",534,167,2,6597
"1965",534,168,2,6988
"1966",534,169,2,7354
"1967",534,170,2,7875
"1968",534,171,2,8112
"1969",534,172,2,8004
"1970",534,173,2,8194
"1971",534,174,2,8829
"1972",534,175,2,9654
"1973",534,176,2,10378
"1974",534,177,2,10479
"1975",534,178,2,10424
"1976",534,179,2,10538
"1977",534,180,2,10783
"1978",534,181,2,10834
"1979",534,182,2,10474
"1980",534,183,2,9957
"1981",534,184,2,9716
"1982",534,185,2,9693
"1983",534,186,2,8906
"1984",534,187,2,7840
"1985",534,188,2,7317
"1986",534,189,2,7765
"1987",534,190,2,6782
"1988",534,191,2,6426
"1989",534,192,2,5909
"1990",534,193,2,5676
"1991",534,194,2,4776
"1992",534,195,2,4511
"1993",534,196,2,4174
"1994",534,197,2,3494
"1995",534,198,2,3427
"1996",534,199,2,3237
"1997",534,200,2,2644
"1998",534,201,2,2305
"1999",534,202,2,1962
"2000",534,203,2,1670
"2001",534,204,2,1352
"2002",534,205,2,1090
"2003",534,206,2,1056
"2004",534,207,2,1042
"2005",535,153,2,1387
"2006",535,154,2,1881
"2007",535,155,2,2426
"2008",535,156,2,2787
"2009",535,157,2,2620
"2010",535,158,2,2524
"2011",535,159,2,2299
"2012",535,160,2,2118
"2013",535,161,2,2353
"2014",535,162,2,2708
"2015",535,163,2,2996
"2016",535,164,2,3473
"2017",535,165,2,4003
"2018",535,166,2,4650
"2019",535,167,2,5640
"2020",535,168,2,6654
"2021",535,169,2,7451
"2022",535,170,2,8146
"2023",535,171,2,8464
"2024",535,172,2,8082
"2025",535,173,2,8217
"2026",535,174,2,8633
"2027",535,175,2,9412
"2028",535,176,2,10085
"2029",535,177,2,10551
"2030",535,178,2,10558
"2031",535,179,2,10116
"2032",535,180,2,9694
"2033",535,181,2,9555
"2034",535,182,2,9453
"2035",535,183,2,9482
"2036",535,184,2,9554
"2037",535,185,2,9271
"2038",535,186,2,8370
"2039",535,187,2,7454
"2040",535,188,2,7039
"2041",535,189,2,7275
"2042",535,190,2,6549
"2043",535,191,2,6135
"2044",535,192,2,5415
"2045",535,193,2,4841
"2046",535,194,2,4378
"2047",535,195,2,4558
"2048",535,196,2,4210
"2049",535,197,2,3763
"2050",535,198,2,3639
"2051",535,199,2,3423
"2052",535,200,2,3130
"2053",535,201,2,2878
"2054",535,202,2,2561
"2055",535,203,2,2120
"2056",535,204,2,1638
"2057",535,205,2,1335
"2058",535,206,2,1341
"2059",535,207,2,1304
"2060",535,208,2,1154
"2061",536,152,2,1005
"2062",536,153,2,1258
"2063",536,154,2,1692
"2064",536,155,2,2234
"2065",536,156,2,2614
"2066",536,157,2,2306
"2067",536,158,2,1910
"2068",536,159,2,1682
"2069",536,160,2,1554
"2070",536,161,2,1704
"2071",536,162,2,1983
"2072",536,163,2,2314
"2073",536,164,2,2845
"2074",536,165,2,3544
"2075",536,166,2,4402
"2076",536,167,2,5266
"2077",536,168,2,6237
"2078",536,169,2,7325
"2079",536,170,2,7476
"2080",536,171,2,7550
"2081",536,172,2,7512
"2082",536,173,2,8145
"2083",536,174,2,8763
"2084",536,175,2,9068
"2085",536,176,2,9617
"2086",536,177,2,10068
"2087",536,178,2,10187
"2088",536,179,2,9720
"2089",536,180,2,8897
"2090",536,181,2,8730
"2091",536,182,2,8883
"2092",536,183,2,9241
"2093",536,184,2,9270
"2094",536,185,2,8671
"2095",536,186,2,7611
"2096",536,187,2,7053
"2097",536,188,2,7366
"2098",536,189,2,7168
"2099",536,190,2,6264
"2100",536,191,2,5281
"2101",536,192,2,4676
"2102",536,193,2,4062
"2103",536,194,2,4065
"2104",536,195,2,4409
"2105",536,196,2,4192
"2106",536,197,2,4063
"2107",536,198,2,4017
"2108",536,199,2,3366
"2109",536,200,2,3555
"2110",536,201,2,3049
"2111",536,202,2,3092
"2112",536,203,2,2396
"2113",536,204,2,1804
"2114",536,205,2,1580
"2115",536,206,2,1728
"2116",536,207,2,1699
"2117",536,208,2,1433
"2118",536,209,2,1256
"2119",536,210,2,1169
"2120",536,211,2,1014
"2121",537,151,2,1001
"2122",537,152,2,1232
"2123",537,153,2,1356
"2124",537,154,2,1470
"2125",537,155,2,1769
"2126",537,156,2,1940
"2127",537,157,2,1760
"2128",537,158,2,1442
"2129",537,159,2,1195
"2130",537,160,2,1112
"2131",537,161,2,1206
"2132",537,162,2,1555
"2133",537,163,2,2086
"2134",537,164,2,2833
"2135",537,165,2,3719
"2136",537,166,2,4620
"2137",537,167,2,5606
"2138",537,168,2,5736
"2139",537,169,2,7011
"2140",537,170,2,7191
"2141",537,171,2,7222
"2142",537,172,2,7674
"2143",537,173,2,8238
"2144",537,174,2,8468
"2145",537,175,2,8711
"2146",537,176,2,9308
"2147",537,177,2,9307
"2148",537,178,2,9374
"2149",537,179,2,9123
"2150",537,180,2,8444
"2151",537,181,2,8550
"2152",537,182,2,8760
"2153",537,183,2,8953
"2154",537,184,2,8832
"2155",537,185,2,8047
"2156",537,186,2,7134
"2157",537,187,2,6793
"2158",537,188,2,6817
"2159",537,189,2,6702
"2160",537,190,2,5526
"2161",537,191,2,4831
"2162",537,192,2,4434
"2163",537,193,2,3723
"2164",537,194,2,3610
"2165",537,195,2,3662
"2166",537,196,2,3543
"2167",537,197,2,3425
"2168",537,198,2,3206
"2169",537,199,2,2811
"2170",537,200,2,2805
"2171",537,201,2,2492
"2172",537,202,2,2451
"2173",537,203,2,2087
"2174",537,204,2,1678
"2175",537,205,2,1656
"2176",537,206,2,1986
"2177",537,207,2,1982
"2178",537,208,2,1632
"2179",537,209,2,1580
"2180",537,210,2,1504
"2181",537,211,2,1230
"2182",538,151,2,1257
"2183",538,152,2,1602
"2184",538,153,2,1654
"2185",538,154,2,1451
"2186",538,155,2,1337
"2187",538,156,2,1354
"2188",538,157,2,1239
"2189",538,158,2,1044
"2190",538,161,2,1010
"2191",538,162,2,1399
"2192",538,163,2,2008
"2193",538,164,2,2922
"2194",538,165,2,3976
"2195",538,166,2,5003
"2196",538,167,2,4965
"2197",538,168,2,5406
"2198",538,169,2,6426
"2199",538,170,2,6574
"2200",538,171,2,6749
"2201",538,172,2,6887
"2202",538,173,2,7428
"2203",538,174,2,8074
"2204",538,175,2,8468
"2205",538,176,2,8592
"2206",538,177,2,8554
"2207",538,178,2,8527
"2208",538,179,2,8542
"2209",538,180,2,8570
"2210",538,181,2,8531
"2211",538,182,2,8564
"2212",538,183,2,8518
"2213",538,184,2,8818
"2214",538,185,2,7913
"2215",538,186,2,7214
"2216",538,187,2,6673
"2217",538,188,2,6184
"2218",538,189,2,6565
"2219",538,190,2,5505
"2220",538,191,2,5025
"2221",538,192,2,4732
"2222",538,193,2,3855
"2223",538,194,2,3911
"2224",538,195,2,3434
"2225",538,196,2,2856
"2226",538,197,2,2598
"2227",538,198,2,2348
"2228",538,199,2,2096
"2229",538,200,2,2022
"2230",538,201,2,1836
"2231",538,202,2,1765
"2232",538,203,2,1574
"2233",538,204,2,1316
"2234",538,205,2,1430
"2235",538,206,2,1679
"2236",538,207,2,1703
"2237",538,208,2,1560
"2238",538,209,2,1786
"2239",538,210,2,1754
"2240",538,211,2,1361
"2241",538,212,2,1003
"2242",539,151,2,1397
"2243",539,152,2,1872
"2244",539,153,2,1890
"2245",539,154,2,1468
"2246",539,155,2,1128
"2247",539,162,2,1376
"2248",539,163,2,2032
"2249",539,164,2,2903
"2250",539,165,2,3820
"2251",539,166,2,4287
"2252",539,167,2,4577
"2253",539,168,2,5623
"2254",539,169,2,6726
"2255",539,170,2,6209
"2256",539,171,2,6273
"2257",539,172,2,6488
"2258",539,173,2,7242
"2259",539,174,2,7839
"2260",539,175,2,8010
"2261",539,176,2,7928
"2262",539,177,2,7737
"2263",539,178,2,7691
"2264",539,179,2,7711
"2265",539,180,2,7671
"2266",539,181,2,8028
"2267",539,182,2,7890
"2268",539,183,2,7939
"2269",539,184,2,7932
"2270",539,185,2,7673
"2271",539,186,2,6663
"2272",539,187,2,6850
"2273",539,188,2,5998
"2274",539,189,2,5727
"2275",539,190,2,4980
"2276",539,191,2,4532
"2277",539,192,2,4231
"2278",539,193,2,3719
"2279",539,194,2,3809
"2280",539,195,2,3231
"2281",539,196,2,2495
"2282",539,197,2,1970
"2283",539,198,2,1685
"2284",539,199,2,1490
"2285",539,200,2,1406
"2286",539,201,2,1291
"2287",539,202,2,1230
"2288",539,203,2,1131
"2289",539,204,2,1010
"2290",539,205,2,1102
"2291",539,206,2,1242
"2292",539,207,2,1290
"2293",539,208,2,1347
"2294",539,209,2,1585
"2295",539,210,2,1625
"2296",539,211,2,1358
"2297",539,212,2,1024
"2298",540,151,2,1250
"2299",540,152,2,1573
"2300",540,153,2,1578
"2301",540,154,2,1270
"2302",540,162,2,1324
"2303",540,163,2,1961
"2304",540,164,2,2781
"2305",540,165,2,3630
"2306",540,166,2,4026
"2307",540,167,2,4553
"2308",540,168,2,5573
"2309",540,169,2,6148
"2310",540,170,2,6054
"2311",540,171,2,6409
"2312",540,172,2,6578
"2313",540,173,2,7002
"2314",540,174,2,7196
"2315",540,175,2,7318
"2316",540,176,2,7069
"2317",540,177,2,7158
"2318",540,178,2,7121
"2319",540,179,2,7012
"2320",540,180,2,6942
"2321",540,181,2,6979
"2322",540,182,2,6967
"2323",540,183,2,7422
"2324",540,184,2,7164
"2325",540,185,2,7055
"2326",540,186,2,6095
"2327",540,187,2,5897
"2328",540,188,2,6029
"2329",540,189,2,5317
"2330",540,190,2,4942
"2331",540,191,2,4476
"2332",540,192,2,3896
"2333",540,193,2,3561
"2334",540,194,2,3215
"2335",540,195,2,2762
"2336",540,196,2,2147
"2337",540,197,2,1657
"2338",540,198,2,1296
"2339",540,199,2,1078
"2340",540,208,2,1146
"2341",540,209,2,1490
"2342",540,210,2,1814
"2343",540,211,2,1431
"2344",540,212,2,1035
"2345",541,152,2,1146
"2346",541,153,2,1145
"2347",541,162,2,1208
"2348",541,163,2,1744
"2349",541,164,2,2392
"2350",541,165,2,3023
"2351",541,166,2,3517
"2352",541,167,2,4252
"2353",541,168,2,4978
"2354",541,169,2,5351
"2355",541,170,2,5688
"2356",541,171,2,5690
"2357",541,172,2,5896
"2358",541,173,2,6044
"2359",541,174,2,6393
"2360",541,175,2,6878
"2361",541,176,2,6418
"2362",541,177,2,6407
"2363",541,178,2,6698
"2364",541,179,2,6446
"2365",541,180,2,6253
"2366",541,181,2,6157
"2367",541,182,2,5964
"2368",541,183,2,6638
"2369",541,184,2,6808
"2370",541,185,2,6308
"2371",541,186,2,5568
"2372",541,187,2,5150
"2373",541,188,2,5233
"2374",541,189,2,4592
"2375",541,190,2,4169
"2376",541,191,2,4175
"2377",541,192,2,3892
"2378",541,193,2,3761
"2379",541,194,2,3385
"2380",541,195,2,2892
"2381",541,196,2,2316
"2382",541,197,2,1698
"2383",541,198,2,1215
"2384",541,209,2,1246
"2385",541,210,2,1420
"2386",541,211,2,1234
"2387",542,162,2,1109
"2388",542,163,2,1553
"2389",542,164,2,2079
"2390",542,165,2,2653
"2391",542,166,2,3457
"2392",542,167,2,4414
"2393",542,168,2,5392
"2394",542,169,2,5330
"2395",542,170,2,5429
"2396",542,171,2,5269
"2397",542,172,2,5879
"2398",542,173,2,5992
"2399",542,174,2,5947
"2400",542,175,2,6006
"2401",542,176,2,5516
"2402",542,177,2,5547
"2403",542,178,2,6101
"2404",542,179,2,6091
"2405",542,180,2,5926
"2406",542,181,2,5552
"2407",542,182,2,5252
"2408",542,183,2,5936
"2409",542,184,2,6835
"2410",542,185,2,6145
"2411",542,186,2,5582
"2412",542,187,2,5062
"2413",542,188,2,5090
"2414",542,189,2,4297
"2415",542,190,2,3405
"2416",542,191,2,3294
"2417",542,192,2,3253
"2418",542,193,2,3386
"2419",542,194,2,3277
"2420",542,195,2,3301
"2421",542,196,2,2505
"2422",542,197,2,1749
"2423",542,198,2,1215
"2424",542,209,2,1001
"2425",542,210,2,1115
"2426",542,211,2,1021
"2427",543,162,2,1188
"2428",543,163,2,1652
"2429",543,164,2,2217
"2430",543,165,2,2829
"2431",543,166,2,3647
"2432",543,167,2,4342
"2433",543,168,2,4694
"2434",543,169,2,4965
"2435",543,170,2,4678
"2436",543,171,2,4666
"2437",543,172,2,5270
"2438",543,173,2,5380
"2439",543,174,2,5293
"2440",543,175,2,5198
"2441",543,176,2,4872
"2442",543,177,2,4972
"2443",543,178,2,5527
"2444",543,179,2,5608
"2445",543,180,2,5532
"2446",543,181,2,5198
"2447",543,182,2,4867
"2448",543,183,2,5317
"2449",543,184,2,5909
"2450",543,185,2,5727
"2451",543,186,2,6223
"2452",543,187,2,5148
"2453",543,188,2,5071
"2454",543,189,2,4068
"2455",543,190,2,3082
"2456",543,191,2,2839
"2457",543,192,2,3167
"2458",543,193,2,3098
"2459",543,194,2,2569
"2460",543,195,2,2633
"2461",543,196,2,2232
"2462",543,197,2,1669
"2463",543,198,2,1277
"2464",543,199,2,1099
"2465",543,210,2,1168
"2466",543,211,2,1144
"2467",544,161,2,1083
"2468",544,162,2,1470
"2469",544,163,2,1931
"2470",544,164,2,2623
"2471",544,165,2,3352
"2472",544,166,2,4033
"2473",544,167,2,4864
"2474",544,168,2,4367
"2475",544,169,2,4157
"2476",544,170,2,3984
"2477",544,171,2,4289
"2478",544,172,2,4968
"2479",544,173,2,5048
"2480",544,174,2,4931
"2481",544,175,2,5329
"2482",544,176,2,4816
"2483",544,177,2,4684
"2484",544,178,2,5217
"2485",544,179,2,5256
"2486",544,180,2,5077
"2487",544,181,2,4849
"2488",544,182,2,4616
"2489",544,183,2,5320
"2490",544,184,2,6308
"2491",544,185,2,5500
"2492",544,186,2,5334
"2493",544,187,2,4701
"2494",544,188,2,4464
"2495",544,189,2,3920
"2496",544,190,2,3405
"2497",544,191,2,3116
"2498",544,192,2,2974
"2499",544,193,2,2559
"2500",544,194,2,2125
"2501",544,195,2,2457
"2502",544,196,2,2351
"2503",544,197,2,1757
"2504",544,198,2,1582
"2505",544,199,2,1438
"2506",544,200,2,1110
"2507",544,201,2,1060
"2508",544,210,2,1299
"2509",544,211,2,1293
"2510",545,161,2,1352
"2511",545,162,2,1878
"2512",545,163,2,2424
"2513",545,164,2,2983
"2514",545,165,2,3732
"2515",545,166,2,4006
"2516",545,167,2,4177
"2517",545,168,2,4056
"2518",545,169,2,3691
"2519",545,170,2,3452
"2520",545,171,2,3894
"2521",545,172,2,4372
"2522",545,173,2,4250
"2523",545,174,2,4374
"2524",545,175,2,4707
"2525",545,176,2,4623
"2526",545,177,2,4359
"2527",545,178,2,4902
"2528",545,179,2,4875
"2529",545,180,2,4327
"2530",545,181,2,4162
"2531",545,182,2,4252
"2532",545,183,2,5060
"2533",545,184,2,5342
"2534",545,185,2,4917
"2535",545,186,2,5038
"2536",545,187,2,4955
"2537",545,188,2,4355
"2538",545,189,2,3788
"2539",545,190,2,3337
"2540",545,191,2,3026
"2541",545,192,2,2783
"2542",545,193,2,2256
"2543",545,194,2,1761
"2544",545,195,2,1933
"2545",545,196,2,1872
"2546",545,197,2,1501
"2547",545,198,2,1754
"2548",545,199,2,1719
"2549",545,200,2,1350
"2550",545,201,2,1448
"2551",545,202,2,1153
"2552",545,210,2,1096
"2553",545,211,2,1097
"2554",546,160,2,1110
"2555",546,161,2,1575
"2556",546,162,2,2263
"2557",546,163,2,2941
"2558",546,164,2,3175
"2559",546,165,2,3325
"2560",546,166,2,3468
"2561",546,167,2,3797
"2562",546,168,2,4400
"2563",546,169,2,3700
"2564",546,170,2,3328
"2565",546,171,2,3951
"2566",546,172,2,4783
"2567",546,173,2,4192
"2568",546,174,2,3976
"2569",546,175,2,4407
"2570",546,176,2,4406
"2571",546,177,2,4026
"2572",546,178,2,4229
"2573",546,179,2,4146
"2574",546,180,2,3644
"2575",546,181,2,3493
"2576",546,182,2,3775
"2577",546,183,2,4384
"2578",546,184,2,4471
"2579",546,185,2,4206
"2580",546,186,2,4461
"2581",546,187,2,5064
"2582",546,188,2,4113
"2583",546,189,2,3192
"2584",546,190,2,2647
"2585",546,191,2,2305
"2586",546,192,2,2061
"2587",546,193,2,1718
"2588",546,194,2,1323
"2589",546,195,2,1292
"2590",546,196,2,1250
"2591",546,197,2,1166
"2592",546,198,2,1390
"2593",546,199,2,1402
"2594",546,200,2,1274
"2595",546,201,2,1428
"2596",546,202,2,1142
"2597",547,160,2,1300
"2598",547,161,2,1844
"2599",547,162,2,2472
"2600",547,163,2,3003
"2601",547,164,2,3015
"2602",547,165,2,2719
"2603",547,166,2,2764
"2604",547,167,2,3169
"2605",547,168,2,3505
"2606",547,169,2,3211
"2607",547,170,2,2977
"2608",547,171,2,3496
"2609",547,172,2,3996
"2610",547,173,2,3919
"2611",547,174,2,3588
"2612",547,175,2,3847
"2613",547,176,2,3887
"2614",547,177,2,3823
"2615",547,178,2,4326
"2616",547,179,2,4265
"2617",547,180,2,3544
"2618",547,181,2,3172
"2619",547,182,2,3461
"2620",547,183,2,4058
"2621",547,184,2,4624
"2622",547,185,2,4075
"2623",547,186,2,4058
"2624",547,187,2,4664
"2625",547,188,2,3733
"2626",547,189,2,2777
"2627",547,190,2,2081
"2628",547,191,2,1697
"2629",547,192,2,1456
"2630",547,193,2,1222
"2631",548,159,2,1033
"2632",548,160,2,1409
"2633",548,161,2,1993
"2634",548,162,2,2673
"2635",548,163,2,2814
"2636",548,164,2,2417
"2637",548,165,2,2187
"2638",548,166,2,2209
"2639",548,167,2,2517
"2640",548,168,2,2721
"2641",548,169,2,2609
"2642",548,170,2,2532
"2643",548,171,2,3006
"2644",548,172,2,3629
"2645",548,173,2,3806
"2646",548,174,2,3495
"2647",548,175,2,3959
"2648",548,176,2,3972
"2649",548,177,2,3565
"2650",548,178,2,3856
"2651",548,179,2,3779
"2652",548,180,2,3355
"2653",548,181,2,3247
"2654",548,182,2,3712
"2655",548,183,2,3921
"2656",548,184,2,4083
"2657",548,185,2,3640
"2658",548,186,2,3463
"2659",548,187,2,3638
"2660",548,188,2,3157
"2661",548,189,2,2442
"2662",548,190,2,1795
"2663",548,191,2,1334
"2664",548,192,2,1075
"2665",549,156,2,1097
"2666",549,157,2,1194
"2667",549,158,2,1151
"2668",549,159,2,1128
"2669",549,160,2,1379
"2670",549,161,2,1811
"2671",549,162,2,2254
"2672",549,163,2,2304
"2673",549,164,2,1997
"2674",549,165,2,1773
"2675",549,166,2,1903
"2676",549,167,2,2250
"2677",549,168,2,2473
"2678",549,169,2,2344
"2679",549,170,2,2203
"2680",549,171,2,2567
"2681",549,172,2,3247
"2682",549,173,2,3923
"2683",549,174,2,3509
"2684",549,175,2,3654
"2685",549,176,2,3630
"2686",549,177,2,3310
"2687",549,178,2,3618
"2688",549,179,2,4121
"2689",549,180,2,3442
"2690",549,181,2,3198
"2691",549,182,2,3618
"2692",549,183,2,3745
"2693",549,184,2,3864
"2694",549,185,2,3380
"2695",549,186,2,2933
"2696",549,187,2,2856
"2697",549,188,2,2557
"2698",549,189,2,2152
"2699",549,190,2,1661
"2700",549,191,2,1223
"2701",550,154,2,1041
"2702",550,155,2,1232
"2703",550,156,2,1482
"2704",550,157,2,1664
"2705",550,158,2,1495
"2706",550,159,2,1304
"2707",550,160,2,1346
"2708",550,161,2,1538
"2709",550,162,2,1765
"2710",550,163,2,1774
"2711",550,164,2,1649
"2712",550,165,2,1580
"2713",550,166,2,1905
"2714",550,167,2,2432
"2715",550,168,2,2824
"2716",550,169,2,2502
"2717",550,170,2,2143
"2718",550,171,2,2274
"2719",550,172,2,2775
"2720",550,173,2,3238
"2721",550,174,2,3278
"2722",550,175,2,3483
"2723",550,176,2,3516
"2724",550,177,2,3390
"2725",550,178,2,3387
"2726",550,179,2,3371
"2727",550,180,2,3046
"2728",550,181,2,2859
"2729",550,182,2,2982
"2730",550,183,2,3080
"2731",550,184,2,3513
"2732",550,185,2,3399
"2733",550,186,2,2861
"2734",550,187,2,2752
"2735",550,188,2,2855
"2736",550,189,2,2447
"2737",550,190,2,1853
"2738",550,191,2,1334
"2739",551,153,2,1025
"2740",551,154,2,1341
"2741",551,155,2,1618
"2742",551,156,2,1790
"2743",551,157,2,2126
"2744",551,158,2,1757
"2745",551,159,2,1525
"2746",551,160,2,1560
"2747",551,161,2,1723
"2748",551,162,2,1636
"2749",551,163,2,1520
"2750",551,164,2,1594
"2751",551,165,2,1651
"2752",551,166,2,1891
"2753",551,167,2,2380
"2754",551,168,2,2761
"2755",551,169,2,2420
"2756",551,170,2,2003
"2757",551,171,2,1948
"2758",551,172,2,2285
"2759",551,173,2,2867
"2760",551,174,2,3431
"2761",551,175,2,3171
"2762",551,176,2,3336
"2763",551,177,2,3239
"2764",551,178,2,3111
"2765",551,179,2,2732
"2766",551,180,2,2672
"2767",551,181,2,2997
"2768",551,182,2,3008
"2769",551,183,2,2693
"2770",551,184,2,2992
"2771",551,185,2,2970
"2772",551,186,2,2730
"2773",551,187,2,2917
"2774",551,188,2,3453
"2775",551,189,2,2801
"2776",551,190,2,2072
"2777",551,191,2,1512
"2778",551,192,2,1072
"2779",552,153,2,1123
"2780",552,154,2,1521
"2781",552,155,2,1940
"2782",552,156,2,1749
"2783",552,157,2,1757
"2784",552,158,2,1666
"2785",552,159,2,1762
"2786",552,160,2,1753
"2787",552,161,2,2059
"2788",552,162,2,1746
"2789",552,163,2,1659
"2790",552,164,2,1883
"2791",552,165,2,1918
"2792",552,166,2,1802
"2793",552,167,2,1983
"2794",552,168,2,2152
"2795",552,169,2,2007
"2796",552,170,2,1745
"2797",552,171,2,1671
"2798",552,172,2,1988
"2799",552,173,2,2481
"2800",552,174,2,2853
"2801",552,175,2,2870
"2802",552,176,2,3072
"2803",552,177,2,2769
"2804",552,178,2,2498
"2805",552,179,2,2240
"2806",552,180,2,2398
"2807",552,181,2,2844
"2808",552,182,2,2848
"2809",552,183,2,2470
"2810",552,184,2,2748
"2811",552,185,2,3238
"2812",552,186,2,2833
"2813",552,187,2,2743
"2814",552,188,2,2969
"2815",552,189,2,2892
"2816",552,190,2,2347
"2817",552,191,2,1713
"2818",552,192,2,1206
"2819",553,153,2,1052
"2820",553,154,2,1342
"2821",553,155,2,1568
"2822",553,156,2,1568
"2823",553,157,2,1564
"2824",553,158,2,1536
"2825",553,159,2,1676
"2826",553,160,2,1565
"2827",553,161,2,1652
"2828",553,162,2,1558
"2829",553,163,2,1705
"2830",553,164,2,2120
"2831",553,165,2,2139
"2832",553,166,2,1769
"2833",553,167,2,1601
"2834",553,168,2,1681
"2835",553,169,2,1715
"2836",553,170,2,1597
"2837",553,171,2,1530
"2838",553,172,2,1817
"2839",553,173,2,2272
"2840",553,174,2,2606
"2841",553,175,2,2484
"2842",553,176,2,2460
"2843",553,177,2,2277
"2844",553,178,2,1978
"2845",553,179,2,1778
"2846",553,180,2,1929
"2847",553,181,2,2184
"2848",553,182,2,2192
"2849",553,183,2,2029
"2850",553,184,2,2345
"2851",553,185,2,2742
"2852",553,186,2,2788
"2853",553,187,2,2761
"2854",553,188,2,2804
"2855",553,189,2,2820
"2856",553,190,2,2415
"2857",553,191,2,1815
"2858",553,192,2,1326
"2861",554,154,2,1047
"2862",554,155,2,1156
"2863",554,156,2,1192
"2864",554,157,2,1197
"2865",554,158,2,1203
"2866",554,159,2,1261
"2867",554,160,2,1204
"2868",554,161,2,1214
"2869",554,162,2,1225
"2870",554,163,2,1464
"2871",554,164,2,1773
"2872",554,165,2,1800
"2873",554,166,2,1573
"2874",554,167,2,1512
"2875",554,168,2,1765
"2876",554,169,2,1966
"2877",554,170,2,1775
"2878",554,171,2,1584
"2879",554,172,2,1809
"2880",554,173,2,2336
"2881",554,174,2,2894
"2882",554,175,2,2454
"2883",554,176,2,2122
"2884",554,177,2,2167
"2885",554,178,2,2039
"2886",554,179,2,1698
"2887",554,180,2,1485
"2888",554,181,2,1568
"2889",554,182,2,1581
"2890",554,183,2,1604
"2891",554,184,2,1995
"2892",554,185,2,2534
"2893",554,186,2,2731
"2894",554,187,2,2682
"2895",554,188,2,2625
"2896",554,189,2,2449
"2897",554,190,2,2489
"2898",554,191,2,2020
"2899",554,192,2,1469
"2900",554,193,2,1037
"2903",555,163,2,1110
"2904",555,164,2,1294
"2905",555,165,2,1337
"2906",555,166,2,1291
"2907",555,167,2,1459
"2908",555,168,2,1891
"2909",555,169,2,2356
"2910",555,170,2,1929
"2911",555,171,2,1590
"2912",555,172,2,1668
"2913",555,173,2,2052
"2914",555,174,2,2362
"2915",555,175,2,2196
"2916",555,176,2,2037
"2917",555,177,2,2288
"2918",555,178,2,2206
"2919",555,179,2,1700
"2920",555,180,2,1310
"2921",555,181,2,1141
"2922",555,182,2,1151
"2923",555,183,2,1312
"2924",555,184,2,1653
"2925",555,185,2,2193
"2926",555,186,2,2607
"2927",555,187,2,2420
"2928",555,188,2,2210
"2929",555,189,2,2204
"2930",555,190,2,2361
"2931",555,191,2,1970
"2932",555,192,2,1462
"2933",555,193,2,1056
"2936",556,166,2,1030
"2937",556,167,2,1280
"2938",556,168,2,1637
"2939",556,169,2,1875
"2940",556,170,2,1680
"2941",556,171,2,1428
"2942",556,172,2,1432
"2943",556,173,2,1741
"2944",556,174,2,2063
"2945",556,175,2,2051
"2946",556,176,2,1850
"2947",556,177,2,1949
"2948",556,178,2,1860
"2949",556,179,2,1507
"2950",556,180,2,1185
"2951",556,181,2,1056
"2952",556,182,2,1107
"2953",556,183,2,1195
"2954",556,184,2,1432
"2955",556,185,2,1894
"2956",556,186,2,2433
"2957",556,187,2,2421
"2958",556,188,2,1978
"2959",556,189,2,1785
"2960",556,190,2,1803
"2961",556,191,2,1606
"2962",556,192,2,1313
"2963",556,193,2,1024
"2965",557,167,2,1087
"2966",557,168,2,1335
"2967",557,169,2,1453
"2968",557,170,2,1360
"2969",557,171,2,1236
"2970",557,172,2,1344
"2971",557,173,2,1720
"2972",557,174,2,2185
"2973",557,175,2,2192
"2974",557,176,2,1784
"2975",557,177,2,1576
"2976",557,178,2,1443
"2977",557,179,2,1290
"2978",557,180,2,1121
"2979",557,181,2,1171
"2980",557,182,2,1336
"2981",557,183,2,1379
"2982",557,184,2,1355
"2983",557,185,2,1625
"2984",557,186,2,1965
"2985",557,187,2,1965
"2986",557,188,2,1637
"2987",557,189,2,1369
"2988",557,190,2,1337
"2989",557,191,2,1270
"2990",557,192,2,1271
"2991",557,193,2,1179
"2992",558,167,2,1087
"2993",558,168,2,1329
"2994",558,169,2,1380
"2995",558,170,2,1239
"2996",558,171,2,1124
"2997",558,172,2,1270
"2998",558,173,2,1643
"2999",558,174,2,2098
"3000",558,175,2,2103
"3001",558,176,2,1680
"3002",558,177,2,1428
"3003",558,178,2,1454
"3004",558,179,2,1373
"3005",558,180,2,1197
"3006",558,181,2,1336
"3007",558,182,2,1654
"3008",558,183,2,1669
"3009",558,184,2,1396
"3010",558,185,2,1320
"3011",558,186,2,1426
"3012",558,187,2,1409
"3013",558,188,2,1232
"3014",558,189,2,1068
"3015",558,190,2,1089
"3016",558,191,2,1280
"3017",558,192,2,1508
"3018",558,193,2,1488
"3019",558,194,2,1213
"3020",559,167,2,1206
"3021",559,168,2,1561
"3022",559,169,2,1593
"3023",559,170,2,1325
"3024",559,171,2,1140
"3025",559,172,2,1217
"3026",559,173,2,1525
"3027",559,174,2,1851
"3028",559,175,2,1848
"3029",559,176,2,1560
"3030",559,177,2,1412
"3031",559,178,2,1466
"3032",559,179,2,1372
"3033",559,180,2,1187
"3034",559,181,2,1324
"3035",559,182,2,1637
"3036",559,183,2,1634
"3037",559,184,2,1301
"3038",559,185,2,1052
"3039",559,186,2,1003
"3040",559,191,2,1316
"3041",559,192,2,1718
"3042",559,193,2,1737
"3043",559,194,2,1388
"3044",559,195,2,1094
"3045",560,167,2,1205
"3046",560,168,2,1556
"3047",560,169,2,1584
"3048",560,170,2,1321
"3049",560,171,2,1152
"3050",560,172,2,1269
"3051",560,173,2,1583
"3052",560,174,2,1975
"3053",560,175,2,1934
"3054",560,176,2,1620
"3055",560,177,2,1573
"3056",560,178,2,1497
"3057",560,179,2,1248
"3058",560,180,2,1063
"3059",560,181,2,1114
"3060",560,182,2,1264
"3061",560,183,2,1247
"3062",560,184,2,1040
"3063",560,191,2,1152
"3064",560,192,2,1458
"3065",560,193,2,1536
"3066",560,194,2,1459
"3067",560,195,2,1332
"3068",560,196,2,1044
"3069",561,167,2,1088
"3070",561,168,2,1298
"3071",561,169,2,1313
"3072",561,170,2,1184
"3073",561,171,2,1121
"3074",561,172,2,1319
"3075",561,173,2,1690
"3076",561,174,2,2077
"3077",561,175,2,1814
"3078",561,176,2,1635
"3079",561,177,2,1755
"3080",561,178,2,1661
"3081",561,179,2,1266
"3082",561,192,2,1111
"3083",561,193,2,1294
"3084",561,194,2,1550
"3085",561,195,2,1510
"3086",561,196,2,1145
"3087",562,167,2,1124
"3088",562,168,2,1213
"3089",562,169,2,1142
"3090",562,170,2,1057
"3091",562,171,2,1078
"3092",562,172,2,1273
"3093",562,173,2,1547
"3094",562,174,2,1749
"3095",562,175,2,1654
"3096",562,176,2,1649
"3097",562,177,2,1590
"3098",562,178,2,1437
"3099",562,179,2,1126
"3100",562,193,2,1063
"3101",562,194,2,1281
"3102",562,195,2,1276
"3103",562,196,2,1050
"3104",563,166,2,1008
"3105",563,167,2,1322
"3106",563,168,2,1377
"3107",563,169,2,1189
"3108",563,170,2,1049
"3109",563,171,2,1046
"3110",563,172,2,1206
"3111",563,173,2,1422
"3112",563,174,2,1578
"3113",563,175,2,1651
"3114",563,176,2,1811
"3115",563,177,2,1470
"3116",563,178,2,1139
"3117",564,167,2,1301
"3118",564,168,2,1348
"3119",564,169,2,1157
"3120",564,170,2,1024
"3121",564,171,2,1040
"3122",564,172,2,1222
"3123",564,173,2,1482
"3124",564,174,2,1681
"3125",564,175,2,1560
"3126",564,176,2,1481
"3127",564,177,2,1232
"3130",565,167,2,1024
"3131",565,168,2,1070
"3132",565,172,2,1165
"3133",565,173,2,1414
"3134",565,174,2,1592
"3135",565,175,2,1407
"3136",565,176,2,1159
"3139",566,172,2,1001
"3140",566,173,2,1162
"3141",566,174,2,1233
"3142",566,175,2,1110
