"","long","lat","cluster_id","add.data"
"1",493,180,1,1125
"2",493,181,1,1241
"3",493,182,1,1047
"4",494,166,1,1077
"5",494,167,1,1086
"6",494,176,1,1094
"7",494,177,1,1107
"8",494,178,1,1054
"9",494,179,1,1070
"10",494,180,1,1191
"11",494,181,1,1281
"12",494,182,1,1072
"13",495,166,1,1108
"14",495,167,1,1118
"15",495,175,1,1178
"16",495,176,1,1358
"17",495,177,1,1374
"18",495,178,1,1243
"19",495,179,1,1149
"20",495,180,1,1153
"21",495,181,1,1115
"22",495,197,1,1011
"23",495,198,1,1032
"24",495,201,1,1093
"25",496,166,1,1005
"26",496,174,1,1058
"27",496,175,1,1298
"28",496,176,1,1560
"29",496,177,1,1596
"30",496,178,1,1443
"31",496,179,1,1372
"32",496,180,1,1291
"33",496,181,1,1097
"36",496,197,1,1193
"37",496,198,1,1206
"38",496,199,1,1023
"39",496,200,1,1024
"40",496,201,1,1101
"41",497,165,1,1082
"42",497,166,1,1157
"43",497,167,1,1049
"44",497,174,1,1113
"45",497,175,1,1317
"46",497,176,1,1530
"47",497,177,1,1638
"48",497,178,1,1519
"49",497,179,1,1604
"50",497,180,1,1522
"51",497,181,1,1200
"52",497,197,1,1139
"53",497,198,1,1124
"57",498,165,1,1109
"58",498,166,1,1219
"59",498,167,1,1191
"60",498,168,1,1194
"61",498,169,1,1100
"62",498,170,1,1078
"63",498,171,1,1075
"64",498,172,1,1051
"65",498,173,1,1108
"66",498,174,1,1266
"67",498,175,1,1429
"68",498,176,1,1629
"69",498,177,1,1648
"70",498,178,1,1485
"71",498,179,1,1608
"72",498,180,1,1536
"73",498,181,1,1209
"74",498,196,1,1104
"75",498,197,1,1265
"76",498,198,1,1140
"81",499,166,1,1176
"82",499,167,1,1456
"83",499,168,1,1497
"84",499,169,1,1340
"85",499,170,1,1397
"86",499,171,1,1394
"87",499,172,1,1288
"88",499,173,1,1303
"89",499,174,1,1463
"90",499,175,1,1625
"91",499,176,1,1525
"92",499,177,1,1465
"93",499,178,1,1385
"94",499,179,1,1451
"95",499,180,1,1388
"96",499,181,1,1148
"97",499,188,1,1184
"98",499,189,1,1186
"99",499,196,1,1250
"100",499,197,1,1531
"101",499,198,1,1227
"105",500,166,1,1189
"106",500,167,1,1488
"107",500,168,1,1551
"108",500,169,1,1480
"109",500,170,1,1733
"110",500,171,1,1750
"111",500,172,1,1533
"112",500,173,1,1580
"113",500,174,1,1593
"114",500,175,1,1629
"115",500,176,1,1446
"116",500,177,1,1309
"117",500,178,1,1432
"118",500,179,1,1634
"119",500,180,1,1596
"120",500,181,1,1289
"121",500,188,1,1227
"122",500,189,1,1210
"123",500,195,1,1086
"124",500,196,1,1223
"125",500,197,1,1289
"126",500,198,1,1101
"129",501,166,1,1143
"130",501,167,1,1301
"131",501,168,1,1364
"132",501,169,1,1490
"133",501,170,1,1786
"134",501,171,1,1834
"135",501,172,1,1633
"136",501,173,1,1790
"137",501,174,1,1745
"138",501,175,1,1441
"139",501,176,1,1266
"140",501,177,1,1231
"141",501,178,1,1498
"142",501,179,1,1865
"143",501,180,1,1845
"144",501,181,1,1419
"145",501,182,1,1050
"146",501,187,1,1110
"147",501,188,1,1135
"148",501,189,1,1039
"149",501,194,1,1098
"150",501,195,1,1344
"151",501,196,1,1377
"152",501,197,1,1188
"153",502,160,1,1094
"154",502,161,1,1090
"155",502,165,1,1157
"156",502,166,1,1294
"157",502,167,1,1281
"158",502,168,1,1244
"159",502,169,1,1399
"160",502,170,1,1647
"161",502,171,1,1800
"162",502,172,1,1655
"163",502,173,1,1632
"164",502,174,1,1531
"165",502,175,1,1285
"166",502,176,1,1118
"167",502,177,1,1197
"168",502,178,1,1480
"169",502,179,1,1794
"170",502,180,1,1785
"171",502,181,1,1445
"172",502,182,1,1115
"173",502,186,1,1157
"174",502,187,1,1443
"175",502,188,1,1415
"176",502,189,1,1114
"177",502,194,1,1254
"178",502,195,1,1579
"179",502,196,1,1567
"180",502,197,1,1220
"182",503,159,1,1071
"183",503,160,1,1355
"184",503,161,1,1387
"185",503,162,1,1192
"186",503,163,1,1094
"187",503,164,1,1200
"188",503,165,1,1416
"189",503,166,1,1605
"190",503,167,1,1448
"191",503,168,1,1308
"192",503,169,1,1490
"193",503,170,1,1866
"194",503,171,1,2157
"195",503,172,1,1887
"196",503,173,1,1516
"197",503,174,1,1298
"198",503,175,1,1125
"199",503,176,1,1047
"200",503,177,1,1232
"201",503,178,1,1602
"202",503,179,1,2044
"203",503,180,1,2045
"204",503,181,1,1609
"205",503,182,1,1270
"206",503,183,1,1213
"207",503,184,1,1171
"208",503,185,1,1159
"209",503,186,1,1409
"210",503,187,1,1676
"211",503,188,1,1502
"212",503,189,1,1142
"213",503,193,1,1168
"214",503,194,1,1332
"215",503,195,1,1475
"216",503,196,1,1395
"217",503,197,1,1124
"218",503,205,1,1013
"219",503,206,1,1018
"223",504,159,1,1055
"224",504,160,1,1372
"225",504,161,1,1463
"226",504,162,1,1373
"227",504,163,1,1335
"228",504,164,1,1502
"229",504,165,1,1579
"230",504,166,1,1677
"231",504,167,1,1494
"232",504,168,1,1342
"233",504,169,1,1521
"234",504,170,1,1914
"235",504,171,1,2238
"236",504,172,1,1984
"237",504,173,1,1566
"238",504,174,1,1231
"239",504,175,1,1114
"240",504,176,1,1103
"241",504,177,1,1260
"242",504,178,1,1620
"243",504,179,1,1985
"244",504,180,1,1996
"245",504,181,1,1675
"246",504,182,1,1498
"247",504,183,1,1591
"248",504,184,1,1555
"249",504,185,1,1376
"250",504,186,1,1494
"251",504,187,1,1690
"252",504,188,1,1428
"253",504,189,1,1093
"254",504,192,1,1156
"255",504,193,1,1482
"256",504,194,1,1710
"257",504,195,1,1553
"258",504,196,1,1243
"259",504,197,1,1001
"260",504,205,1,1192
"261",504,206,1,1171
"263",505,160,1,1163
"264",505,161,1,1429
"265",505,162,1,1649
"266",505,163,1,1607
"267",505,164,1,1773
"268",505,165,1,1778
"269",505,166,1,1567
"270",505,167,1,1460
"271",505,168,1,1371
"272",505,169,1,1506
"273",505,170,1,1849
"274",505,171,1,2231
"275",505,172,1,2179
"276",505,173,1,1770
"277",505,174,1,1410
"278",505,175,1,1306
"279",505,176,1,1302
"280",505,177,1,1408
"281",505,178,1,1846
"282",505,179,1,2339
"283",505,180,1,2350
"284",505,181,1,1915
"285",505,182,1,1697
"286",505,183,1,1913
"287",505,184,1,1905
"288",505,185,1,1595
"289",505,186,1,1452
"290",505,187,1,1426
"291",505,188,1,1253
"292",505,189,1,1050
"293",505,191,1,1077
"294",505,192,1,1335
"295",505,193,1,1744
"296",505,194,1,2173
"297",505,195,1,1740
"298",505,196,1,1314
"299",505,204,1,1150
"300",505,205,1,1199
"301",505,206,1,1063
"302",506,160,1,1039
"303",506,161,1,1388
"304",506,162,1,1727
"305",506,163,1,1799
"306",506,164,1,1723
"307",506,165,1,1684
"308",506,166,1,1655
"309",506,167,1,1767
"310",506,168,1,1684
"311",506,169,1,1686
"312",506,170,1,2018
"313",506,171,1,2502
"314",506,172,1,2487
"315",506,173,1,1988
"316",506,174,1,1722
"317",506,175,1,1636
"318",506,176,1,1609
"319",506,177,1,1597
"320",506,178,1,1925
"321",506,179,1,2388
"322",506,180,1,2389
"323",506,181,1,1954
"324",506,182,1,1683
"325",506,183,1,1824
"326",506,184,1,1946
"327",506,185,1,1951
"328",506,186,1,1798
"329",506,187,1,1555
"330",506,188,1,1322
"331",506,189,1,1163
"332",506,190,1,1282
"333",506,191,1,1414
"334",506,192,1,1503
"335",506,193,1,1745
"336",506,194,1,1886
"337",506,195,1,1692
"338",506,196,1,1400
"339",506,197,1,1097
"340",506,201,1,1083
"341",506,202,1,1098
"342",506,203,1,1046
"343",506,204,1,1147
"344",506,205,1,1130
"345",507,154,1,1082
"346",507,161,1,1236
"347",507,162,1,1687
"348",507,163,1,2134
"349",507,164,1,1835
"350",507,165,1,1676
"351",507,166,1,1954
"352",507,167,1,2240
"353",507,168,1,2062
"354",507,169,1,2052
"355",507,170,1,2079
"356",507,171,1,2289
"357",507,172,1,2290
"358",507,173,1,2145
"359",507,174,1,2129
"360",507,175,1,2002
"361",507,176,1,1913
"362",507,177,1,1756
"363",507,178,1,1912
"364",507,179,1,2176
"365",507,180,1,2139
"366",507,181,1,1841
"367",507,182,1,1617
"368",507,183,1,1837
"369",507,184,1,2254
"370",507,185,1,2381
"371",507,186,1,2331
"372",507,187,1,2033
"373",507,188,1,1663
"374",507,189,1,1505
"375",507,190,1,1740
"376",507,191,1,1942
"377",507,192,1,1919
"378",507,193,1,2089
"379",507,194,1,1957
"380",507,195,1,1967
"381",507,196,1,1630
"382",507,197,1,1257
"383",507,198,1,1002
"384",507,200,1,1118
"385",507,201,1,1359
"386",507,202,1,1356
"387",507,203,1,1116
"388",508,153,1,1188
"389",508,154,1,1419
"390",508,155,1,1255
"391",508,156,1,1034
"392",508,161,1,1113
"393",508,162,1,1481
"394",508,163,1,1783
"395",508,164,1,1770
"396",508,165,1,1765
"397",508,166,1,2018
"398",508,167,1,2317
"399",508,168,1,2279
"400",508,169,1,2551
"401",508,170,1,2411
"402",508,171,1,2211
"403",508,172,1,2222
"404",508,173,1,2378
"405",508,174,1,2410
"406",508,175,1,2224
"407",508,176,1,1995
"408",508,177,1,1949
"409",508,178,1,2324
"410",508,179,1,2573
"411",508,180,1,2377
"412",508,181,1,1962
"413",508,182,1,1635
"414",508,183,1,1756
"415",508,184,1,2103
"416",508,185,1,2461
"417",508,186,1,2613
"418",508,187,1,2513
"419",508,188,1,2017
"420",508,189,1,1880
"421",508,190,1,2244
"422",508,191,1,2571
"423",508,192,1,2300
"424",508,193,1,2598
"425",508,194,1,2145
"426",508,195,1,2048
"427",508,196,1,1749
"428",508,197,1,1452
"429",508,198,1,1181
"430",508,199,1,1052
"431",508,200,1,1164
"432",508,201,1,1377
"433",508,202,1,1357
"434",508,203,1,1085
"435",509,153,1,1209
"436",509,154,1,1480
"437",509,155,1,1418
"438",509,156,1,1330
"439",509,157,1,1060
"440",509,162,1,1282
"441",509,163,1,1658
"442",509,164,1,1981
"443",509,165,1,2035
"444",509,166,1,1914
"445",509,167,1,2036
"446",509,168,1,2356
"447",509,169,1,2800
"448",509,170,1,2899
"449",509,171,1,2656
"450",509,172,1,2801
"451",509,173,1,3055
"452",509,174,1,2778
"453",509,175,1,2805
"454",509,176,1,2387
"455",509,177,1,2278
"456",509,178,1,2845
"457",509,179,1,3285
"458",509,180,1,2850
"459",509,181,1,2218
"460",509,182,1,1756
"461",509,183,1,1742
"462",509,184,1,2105
"463",509,185,1,2545
"464",509,186,1,2944
"465",509,187,1,2956
"466",509,188,1,2435
"467",509,189,1,2368
"468",509,190,1,2639
"469",509,191,1,2726
"470",509,192,1,2357
"471",509,193,1,2217
"472",509,194,1,1982
"473",509,195,1,1934
"474",509,196,1,2077
"475",509,197,1,1743
"476",509,198,1,1456
"477",509,199,1,1230
"478",509,200,1,1131
"479",509,201,1,1165
"480",509,202,1,1114
"481",510,153,1,1061
"482",510,154,1,1314
"483",510,155,1,1610
"484",510,156,1,1571
"485",510,157,1,1190
"486",510,162,1,1264
"487",510,163,1,1724
"488",510,164,1,2265
"489",510,165,1,2364
"490",510,166,1,2021
"491",510,167,1,1910
"492",510,168,1,2311
"493",510,169,1,2904
"494",510,170,1,3445
"495",510,171,1,3018
"496",510,172,1,3236
"497",510,173,1,3864
"498",510,174,1,3206
"499",510,175,1,2877
"500",510,176,1,2653
"501",510,177,1,2591
"502",510,178,1,3046
"503",510,179,1,3493
"504",510,180,1,3095
"505",510,181,1,2438
"506",510,182,1,1936
"507",510,183,1,2020
"508",510,184,1,2474
"509",510,185,1,2953
"510",510,186,1,3134
"511",510,187,1,3356
"512",510,188,1,2961
"513",510,189,1,2850
"514",510,190,1,3162
"515",510,191,1,2680
"516",510,192,1,2197
"517",510,193,1,2071
"518",510,194,1,1927
"519",510,195,1,2033
"520",510,196,1,2008
"521",510,197,1,2083
"522",510,198,1,1800
"523",510,199,1,1494
"524",510,200,1,1271
"525",510,201,1,1100
"526",511,154,1,1265
"527",511,155,1,1503
"528",511,156,1,1448
"529",511,157,1,1160
"530",511,160,1,1020
"531",511,161,1,1118
"532",511,162,1,1272
"533",511,163,1,1658
"534",511,164,1,2145
"535",511,165,1,2502
"536",511,166,1,2243
"537",511,167,1,2033
"538",511,168,1,2286
"539",511,169,1,2760
"540",511,170,1,3062
"541",511,171,1,2938
"542",511,172,1,3132
"543",511,173,1,3409
"544",511,174,1,3211
"545",511,175,1,3364
"546",511,176,1,3299
"547",511,177,1,2964
"548",511,178,1,3162
"549",511,179,1,3730
"550",511,180,1,3645
"551",511,181,1,2979
"552",511,182,1,2379
"553",511,183,1,2443
"554",511,184,1,2709
"555",511,185,1,3092
"556",511,186,1,3090
"557",511,187,1,3528
"558",511,188,1,3264
"559",511,189,1,3291
"560",511,190,1,3024
"561",511,191,1,2694
"562",511,192,1,2417
"563",511,193,1,2372
"564",511,194,1,2181
"565",511,195,1,2350
"566",511,196,1,2284
"567",511,197,1,2175
"568",511,198,1,2159
"569",511,199,1,1720
"570",511,200,1,1491
"571",511,201,1,1224
"572",511,202,1,1054
"573",512,153,1,1071
"574",512,154,1,1431
"575",512,155,1,1707
"576",512,156,1,1495
"577",512,157,1,1180
"578",512,158,1,1040
"579",512,159,1,1161
"580",512,160,1,1364
"581",512,161,1,1440
"582",512,162,1,1443
"583",512,163,1,1721
"584",512,164,1,2172
"585",512,165,1,2566
"586",512,166,1,2417
"587",512,167,1,2264
"588",512,168,1,2684
"589",512,169,1,3214
"590",512,170,1,3346
"591",512,171,1,3155
"592",512,172,1,3392
"593",512,173,1,3607
"594",512,174,1,3453
"595",512,175,1,3634
"596",512,176,1,3600
"597",512,177,1,3299
"598",512,178,1,3571
"599",512,179,1,4283
"600",512,180,1,4258
"601",512,181,1,3412
"602",512,182,1,2830
"603",512,183,1,3012
"604",512,184,1,3379
"605",512,185,1,3218
"606",512,186,1,3446
"607",512,187,1,3959
"608",512,188,1,3797
"609",512,189,1,4108
"610",512,190,1,3447
"611",512,191,1,3270
"612",512,192,1,2687
"613",512,193,1,2438
"614",512,194,1,2171
"615",512,195,1,2301
"616",512,196,1,2005
"617",512,197,1,1741
"618",512,198,1,1732
"619",512,199,1,1621
"620",512,200,1,1507
"621",512,201,1,1370
"622",512,202,1,1300
"623",512,203,1,1118
"624",512,204,1,1008
"626",513,153,1,1100
"627",513,154,1,1437
"628",513,155,1,1704
"629",513,156,1,1507
"630",513,157,1,1246
"631",513,158,1,1182
"632",513,159,1,1417
"633",513,160,1,1788
"634",513,161,1,1860
"635",513,162,1,1748
"636",513,163,1,2039
"637",513,164,1,2243
"638",513,165,1,2721
"639",513,166,1,2795
"640",513,167,1,2677
"641",513,168,1,3063
"642",513,169,1,3729
"643",513,170,1,3861
"644",513,171,1,3649
"645",513,172,1,4054
"646",513,173,1,4391
"647",513,174,1,4184
"648",513,175,1,4169
"649",513,176,1,4144
"650",513,177,1,3945
"651",513,178,1,3745
"652",513,179,1,4121
"653",513,180,1,4152
"654",513,181,1,3650
"655",513,182,1,3340
"656",513,183,1,3503
"657",513,184,1,3721
"658",513,185,1,3408
"659",513,186,1,3758
"660",513,187,1,4230
"661",513,188,1,4490
"662",513,189,1,3908
"663",513,190,1,3705
"664",513,191,1,3364
"665",513,192,1,2712
"666",513,193,1,2128
"667",513,194,1,1820
"668",513,195,1,1780
"669",513,196,1,1601
"670",513,197,1,1368
"671",513,198,1,1354
"672",513,199,1,1358
"673",513,200,1,1347
"674",513,201,1,1536
"675",513,202,1,1526
"676",513,203,1,1350
"677",513,204,1,1298
"678",513,205,1,1184
"679",513,206,1,1202
"680",513,207,1,1058
"682",514,152,1,1047
"683",514,153,1,1082
"684",514,154,1,1266
"685",514,155,1,1448
"686",514,156,1,1451
"687",514,157,1,1409
"688",514,158,1,1318
"689",514,159,1,1522
"690",514,160,1,1869
"691",514,161,1,1971
"692",514,162,1,2135
"693",514,163,1,2561
"694",514,164,1,2628
"695",514,165,1,3216
"696",514,166,1,3327
"697",514,167,1,3209
"698",514,168,1,3313
"699",514,169,1,3622
"700",514,170,1,3922
"701",514,171,1,4458
"702",514,172,1,4737
"703",514,173,1,4823
"704",514,174,1,4524
"705",514,175,1,4490
"706",514,176,1,4582
"707",514,177,1,4524
"708",514,178,1,4214
"709",514,179,1,4635
"710",514,180,1,5007
"711",514,181,1,4609
"712",514,182,1,4331
"713",514,183,1,4383
"714",514,184,1,4299
"715",514,185,1,3883
"716",514,186,1,4475
"717",514,187,1,4477
"718",514,188,1,4480
"719",514,189,1,4093
"720",514,190,1,3743
"721",514,191,1,3078
"722",514,192,1,2373
"723",514,193,1,1819
"724",514,194,1,1491
"725",514,195,1,1370
"726",514,196,1,1268
"727",514,197,1,1150
"728",514,198,1,1242
"729",514,199,1,1349
"730",514,200,1,1334
"731",514,201,1,1413
"732",514,202,1,1406
"733",514,203,1,1565
"734",514,204,1,1594
"735",514,205,1,1370
"736",514,206,1,1512
"737",514,207,1,1254
"738",514,208,1,1007
"740",515,150,1,1055
"741",515,151,1,1291
"742",515,152,1,1323
"743",515,153,1,1189
"744",515,154,1,1193
"745",515,155,1,1492
"746",515,156,1,1783
"747",515,157,1,1804
"748",515,158,1,1595
"749",515,159,1,1561
"750",515,160,1,1664
"751",515,161,1,1750
"752",515,162,1,2150
"753",515,163,1,2623
"754",515,164,1,2829
"755",515,165,1,3523
"756",515,166,1,3596
"757",515,167,1,3672
"758",515,168,1,3853
"759",515,169,1,3815
"760",515,170,1,4455
"761",515,171,1,4788
"762",515,172,1,5569
"763",515,173,1,5505
"764",515,174,1,5003
"765",515,175,1,4600
"766",515,176,1,4940
"767",515,177,1,4605
"768",515,178,1,4937
"769",515,179,1,5360
"770",515,180,1,6258
"771",515,181,1,5614
"772",515,182,1,5085
"773",515,183,1,4959
"774",515,184,1,4626
"775",515,185,1,4701
"776",515,186,1,4255
"777",515,187,1,4906
"778",515,188,1,4992
"779",515,189,1,4776
"780",515,190,1,3730
"781",515,191,1,2787
"782",515,192,1,2237
"783",515,193,1,1826
"784",515,194,1,1468
"785",515,195,1,1223
"786",515,196,1,1196
"787",515,197,1,1204
"788",515,198,1,1408
"789",515,199,1,1668
"790",515,200,1,1665
"791",515,201,1,1424
"792",515,202,1,1245
"793",515,203,1,1279
"794",515,204,1,1298
"795",515,205,1,1256
"796",515,206,1,1463
"797",515,207,1,1392
"798",515,208,1,1071
"799",516,150,1,1162
"800",516,151,1,1508
"801",516,152,1,1530
"802",516,153,1,1265
"803",516,154,1,1211
"804",516,155,1,1587
"805",516,156,1,2080
"806",516,157,1,2162
"807",516,158,1,1926
"808",516,159,1,1907
"809",516,160,1,1733
"810",516,161,1,1719
"811",516,162,1,2014
"812",516,163,1,2347
"813",516,164,1,2617
"814",516,165,1,3041
"815",516,166,1,3355
"816",516,167,1,3602
"817",516,168,1,3803
"818",516,169,1,4368
"819",516,170,1,4611
"820",516,171,1,4706
"821",516,172,1,5002
"822",516,173,1,5585
"823",516,174,1,5535
"824",516,175,1,4877
"825",516,176,1,4921
"826",516,177,1,4982
"827",516,178,1,5588
"828",516,179,1,6053
"829",516,180,1,6899
"830",516,181,1,5992
"831",516,182,1,5205
"832",516,183,1,5285
"833",516,184,1,4557
"834",516,185,1,4548
"835",516,186,1,4627
"836",516,187,1,5072
"837",516,188,1,5240
"838",516,189,1,4249
"839",516,190,1,3431
"840",516,191,1,2828
"841",516,192,1,2611
"842",516,193,1,2149
"843",516,194,1,1687
"844",516,195,1,1465
"845",516,196,1,1468
"846",516,197,1,1390
"847",516,198,1,1580
"848",516,199,1,1955
"849",516,200,1,1930
"850",516,201,1,1471
"851",516,202,1,1094
"852",516,203,1,1007
"853",516,204,1,1007
"854",516,205,1,1068
"855",516,206,1,1210
"856",516,207,1,1178
"857",517,150,1,1052
"858",517,151,1,1282
"859",517,152,1,1300
"860",517,153,1,1138
"861",517,154,1,1113
"862",517,155,1,1439
"863",517,156,1,1829
"864",517,157,1,2051
"865",517,158,1,2399
"866",517,159,1,2410
"867",517,160,1,2054
"868",517,161,1,2007
"869",517,162,1,2382
"870",517,163,1,2794
"871",517,164,1,2797
"872",517,165,1,2932
"873",517,166,1,3631
"874",517,167,1,4255
"875",517,168,1,4423
"876",517,169,1,5208
"877",517,170,1,4576
"878",517,171,1,4288
"879",517,172,1,4728
"880",517,173,1,5539
"881",517,174,1,5930
"882",517,175,1,5994
"883",517,176,1,5326
"884",517,177,1,5332
"885",517,178,1,5702
"886",517,179,1,6851
"887",517,180,1,6903
"888",517,181,1,6645
"889",517,182,1,5719
"890",517,183,1,5447
"891",517,184,1,5174
"892",517,185,1,5617
"893",517,186,1,5614
"894",517,187,1,5368
"895",517,188,1,4616
"896",517,189,1,3916
"897",517,190,1,3379
"898",517,191,1,3335
"899",517,192,1,3220
"900",517,193,1,2467
"901",517,194,1,1919
"902",517,195,1,1878
"903",517,196,1,1991
"904",517,197,1,1811
"905",517,198,1,1602
"906",517,199,1,1700
"907",517,200,1,1629
"908",517,201,1,1298
"909",518,155,1,1188
"910",518,156,1,1495
"911",518,157,1,1914
"912",518,158,1,2412
"913",518,159,1,2512
"914",518,160,1,2295
"915",518,161,1,2297
"916",518,162,1,2590
"917",518,163,1,3019
"918",518,164,1,3193
"919",518,165,1,3229
"920",518,166,1,3784
"921",518,167,1,4432
"922",518,168,1,4553
"923",518,169,1,5053
"924",518,170,1,4507
"925",518,171,1,4029
"926",518,172,1,4320
"927",518,173,1,5090
"928",518,174,1,6099
"929",518,175,1,6471
"930",518,176,1,6611
"931",518,177,1,5869
"932",518,178,1,6153
"933",518,179,1,6790
"934",518,180,1,7186
"935",518,181,1,6932
"936",518,182,1,6498
"937",518,183,1,6063
"938",518,184,1,6413
"939",518,185,1,5482
"940",518,186,1,5413
"941",518,187,1,5182
"942",518,188,1,4463
"943",518,189,1,3976
"944",518,190,1,3677
"945",518,191,1,3417
"946",518,192,1,2906
"947",518,193,1,2377
"948",518,194,1,1988
"949",518,195,1,2285
"950",518,196,1,2627
"951",518,197,1,2211
"952",518,198,1,1684
"953",518,199,1,1381
"954",518,200,1,1233
"955",518,201,1,1024
"956",519,155,1,1001
"957",519,156,1,1272
"958",519,157,1,1637
"959",519,158,1,2027
"960",519,159,1,2342
"961",519,160,1,2799
"962",519,161,1,2879
"963",519,162,1,2759
"964",519,163,1,3004
"965",519,164,1,3278
"966",519,165,1,3824
"967",519,166,1,4011
"968",519,167,1,4677
"969",519,168,1,5061
"970",519,169,1,5584
"971",519,170,1,4674
"972",519,171,1,4002
"973",519,172,1,4033
"974",519,173,1,4795
"975",519,174,1,5768
"976",519,175,1,6528
"977",519,176,1,6849
"978",519,177,1,6412
"979",519,178,1,7659
"980",519,179,1,8028
"981",519,180,1,7564
"982",519,181,1,7420
"983",519,182,1,6793
"984",519,183,1,7272
"985",519,184,1,6972
"986",519,185,1,5500
"987",519,186,1,6058
"988",519,187,1,5005
"989",519,188,1,4836
"990",519,189,1,4061
"991",519,190,1,3789
"992",519,191,1,3478
"993",519,192,1,3175
"994",519,193,1,2483
"995",519,194,1,2045
"996",519,195,1,2316
"997",519,196,1,2636
"998",519,197,1,2198
"999",519,198,1,1617
"1000",519,199,1,1162
"1001",520,155,1,1019
"1002",520,156,1,1180
"1003",520,157,1,1431
"1004",520,158,1,1770
"1005",520,159,1,2506
"1006",520,160,1,3277
"1007",520,161,1,3470
"1008",520,162,1,3449
"1009",520,163,1,3338
"1010",520,164,1,3663
"1011",520,165,1,4254
"1012",520,166,1,4623
"1013",520,167,1,4787
"1014",520,168,1,5279
"1015",520,169,1,5067
"1016",520,170,1,4545
"1017",520,171,1,4021
"1018",520,172,1,3982
"1019",520,173,1,4769
"1020",520,174,1,5780
"1021",520,175,1,6781
"1022",520,176,1,6834
"1023",520,177,1,6910
"1024",520,178,1,8357
"1025",520,179,1,8043
"1026",520,180,1,8163
"1027",520,181,1,7851
"1028",520,182,1,7432
"1029",520,183,1,8144
"1030",520,184,1,7171
"1031",520,185,1,6095
"1032",520,186,1,5463
"1033",520,187,1,4778
"1034",520,188,1,4635
"1035",520,189,1,4065
"1036",520,190,1,3905
"1037",520,191,1,3807
"1038",520,192,1,3364
"1039",520,193,1,2650
"1040",520,194,1,2013
"1041",520,195,1,1977
"1042",520,196,1,2031
"1043",520,197,1,1781
"1044",520,198,1,1385
"1045",520,199,1,1034
"1046",521,154,1,1008
"1047",521,155,1,1258
"1048",521,156,1,1406
"1049",521,157,1,1605
"1050",521,158,1,1878
"1051",521,159,1,2452
"1052",521,160,1,3083
"1053",521,161,1,3563
"1054",521,162,1,4248
"1055",521,163,1,3996
"1056",521,164,1,4142
"1057",521,165,1,4719
"1058",521,166,1,5009
"1059",521,167,1,5394
"1060",521,168,1,6281
"1061",521,169,1,5565
"1062",521,170,1,5038
"1063",521,171,1,4537
"1064",521,172,1,4590
"1065",521,173,1,5327
"1066",521,174,1,6350
"1067",521,175,1,7195
"1068",521,176,1,7275
"1069",521,177,1,7252
"1070",521,178,1,8397
"1071",521,179,1,8350
"1072",521,180,1,7882
"1073",521,181,1,7712
"1074",521,182,1,7951
"1075",521,183,1,8206
"1076",521,184,1,7364
"1077",521,185,1,6973
"1078",521,186,1,5845
"1079",521,187,1,5390
"1080",521,188,1,5711
"1081",521,189,1,4601
"1082",521,190,1,4185
"1083",521,191,1,4247
"1084",521,192,1,4034
"1085",521,193,1,3036
"1086",521,194,1,2208
"1087",521,195,1,1718
"1088",521,196,1,1589
"1089",521,197,1,1407
"1090",521,198,1,1158
"1091",522,154,1,1192
"1092",522,155,1,1585
"1093",522,156,1,1732
"1094",522,157,1,1845
"1095",522,158,1,2098
"1096",522,159,1,2758
"1097",522,160,1,3127
"1098",522,161,1,3602
"1099",522,162,1,3849
"1100",522,163,1,4009
"1101",522,164,1,4193
"1102",522,165,1,4735
"1103",522,166,1,5057
"1104",522,167,1,5864
"1105",522,168,1,5845
"1106",522,169,1,6439
"1107",522,170,1,5830
"1108",522,171,1,5295
"1109",522,172,1,5516
"1110",522,173,1,6016
"1111",522,174,1,6757
"1112",522,175,1,7389
"1113",522,176,1,7336
"1114",522,177,1,8120
"1115",522,178,1,9261
"1116",522,179,1,8686
"1117",522,180,1,8310
"1118",522,181,1,7888
"1119",522,182,1,8377
"1120",522,183,1,8385
"1121",522,184,1,7474
"1122",522,185,1,6944
"1123",522,186,1,6100
"1124",522,187,1,5440
"1125",522,188,1,5530
"1126",522,189,1,4571
"1127",522,190,1,3897
"1128",522,191,1,3827
"1129",522,192,1,3579
"1130",522,193,1,2842
"1131",522,194,1,2139
"1132",522,195,1,1719
"1133",522,196,1,1552
"1134",522,197,1,1350
"1135",522,198,1,1120
"1136",522,201,1,1005
"1137",522,203,1,1066
"1138",522,204,1,1049
"1139",522,205,1,1060
"1142",523,154,1,1239
"1143",523,155,1,1659
"1144",523,156,1,1818
"1145",523,157,1,1797
"1146",523,158,1,2057
"1147",523,159,1,2827
"1148",523,160,1,3197
"1149",523,161,1,3359
"1150",523,162,1,3564
"1151",523,163,1,3926
"1152",523,164,1,3934
"1153",523,165,1,4236
"1154",523,166,1,4693
"1155",523,167,1,5303
"1156",523,168,1,5945
"1157",523,169,1,6675
"1158",523,170,1,6352
"1159",523,171,1,6350
"1160",523,172,1,6605
"1161",523,173,1,7189
"1162",523,174,1,7789
"1163",523,175,1,7992
"1164",523,176,1,8113
"1165",523,177,1,8686
"1166",523,178,1,9635
"1167",523,179,1,9090
"1168",523,180,1,8999
"1169",523,181,1,8790
"1170",523,182,1,8761
"1171",523,183,1,8622
"1172",523,184,1,8064
"1173",523,185,1,7653
"1174",523,186,1,7172
"1175",523,187,1,5820
"1176",523,188,1,5221
"1177",523,189,1,4428
"1178",523,190,1,3909
"1179",523,191,1,3957
"1180",523,192,1,3419
"1181",523,193,1,2681
"1182",523,194,1,2116
"1183",523,195,1,2040
"1184",523,196,1,1934
"1185",523,197,1,1645
"1186",523,198,1,1368
"1187",523,199,1,1216
"1188",523,200,1,1306
"1189",523,201,1,1386
"1190",523,202,1,1291
"1191",523,203,1,1414
"1192",523,204,1,1383
"1193",523,205,1,1379
"1194",523,206,1,1068
"1197",524,154,1,1206
"1198",524,155,1,1637
"1199",524,156,1,1971
"1200",524,157,1,1916
"1201",524,158,1,2187
"1202",524,159,1,2926
"1203",524,160,1,3740
"1204",524,161,1,3539
"1205",524,162,1,3882
"1206",524,163,1,4649
"1207",524,164,1,4596
"1208",524,165,1,4514
"1209",524,166,1,4757
"1210",524,167,1,5251
"1211",524,168,1,6144
"1212",524,169,1,6993
"1213",524,170,1,7442
"1214",524,171,1,7432
"1215",524,172,1,7576
"1216",524,173,1,8413
"1217",524,174,1,8448
"1218",524,175,1,8644
"1219",524,176,1,8978
"1220",524,177,1,9354
"1221",524,178,1,10170
"1222",524,179,1,9874
"1223",524,180,1,9718
"1224",524,181,1,9475
"1225",524,182,1,9388
"1226",524,183,1,9227
"1227",524,184,1,8850
"1228",524,185,1,7950
"1229",524,186,1,7284
"1230",524,187,1,6027
"1231",524,188,1,5272
"1232",524,189,1,4391
"1233",524,190,1,4200
"1234",524,191,1,4036
"1235",524,192,1,3481
"1236",524,193,1,2919
"1237",524,194,1,2503
"1238",524,195,1,2589
"1239",524,196,1,2504
"1240",524,197,1,2033
"1241",524,198,1,1791
"1242",524,199,1,1509
"1243",524,200,1,1646
"1244",524,201,1,1842
"1245",524,202,1,1588
"1246",524,203,1,1490
"1247",524,204,1,1380
"1248",524,205,1,1149
"1249",525,154,1,1202
"1250",525,155,1,1595
"1251",525,156,1,1946
"1252",525,157,1,1926
"1253",525,158,1,2090
"1254",525,159,1,2656
"1255",525,160,1,3223
"1256",525,161,1,3860
"1257",525,162,1,4132
"1258",525,163,1,4573
"1259",525,164,1,4837
"1260",525,165,1,5165
"1261",525,166,1,5163
"1262",525,167,1,5480
"1263",525,168,1,6140
"1264",525,169,1,6580
"1265",525,170,1,7269
"1266",525,171,1,7595
"1267",525,172,1,8024
"1268",525,173,1,8543
"1269",525,174,1,9088
"1270",525,175,1,9278
"1271",525,176,1,9535
"1272",525,177,1,10004
"1273",525,178,1,10683
"1274",525,179,1,10589
"1275",525,180,1,10050
"1276",525,181,1,9675
"1277",525,182,1,9570
"1278",525,183,1,9764
"1279",525,184,1,9318
"1280",525,185,1,8654
"1281",525,186,1,7275
"1282",525,187,1,6611
"1283",525,188,1,5569
"1284",525,189,1,4756
"1285",525,190,1,4873
"1286",525,191,1,4546
"1287",525,192,1,4111
"1288",525,193,1,3340
"1289",525,194,1,3147
"1290",525,195,1,2900
"1291",525,196,1,2786
"1292",525,197,1,2459
"1293",525,198,1,2264
"1294",525,199,1,1822
"1295",525,200,1,1728
"1296",525,201,1,1864
"1297",525,202,1,1561
"1298",525,203,1,1251
"1299",525,204,1,1094
"1300",526,150,1,1115
"1301",526,151,1,1090
"1302",526,152,1,1024
"1303",526,153,1,1091
"1304",526,154,1,1180
"1305",526,155,1,1395
"1306",526,156,1,1665
"1307",526,157,1,1990
"1308",526,158,1,2334
"1309",526,159,1,2466
"1310",526,160,1,2864
"1311",526,161,1,3423
"1312",526,162,1,3826
"1313",526,163,1,4538
"1314",526,164,1,4719
"1315",526,165,1,4774
"1316",526,166,1,4957
"1317",526,167,1,5295
"1318",526,168,1,5656
"1319",526,169,1,6464
"1320",526,170,1,7298
"1321",526,171,1,7716
"1322",526,172,1,8407
"1323",526,173,1,8796
"1324",526,174,1,9277
"1325",526,175,1,9973
"1326",526,176,1,9868
"1327",526,177,1,10356
"1328",526,178,1,10807
"1329",526,179,1,10212
"1330",526,180,1,8906
"1331",526,181,1,8463
"1332",526,182,1,8589
"1333",526,183,1,9402
"1334",526,184,1,9307
"1335",526,185,1,8923
"1336",526,186,1,7770
"1337",526,187,1,6629
"1338",526,188,1,5846
"1339",526,189,1,5236
"1340",526,190,1,4412
"1341",526,191,1,3967
"1342",526,192,1,3646
"1343",526,193,1,3365
"1344",526,194,1,3282
"1345",526,195,1,3123
"1346",526,196,1,3001
"1347",526,197,1,2570
"1348",526,198,1,2304
"1349",526,199,1,1809
"1350",526,200,1,1509
"1351",526,201,1,1467
"1352",526,202,1,1280
"1353",526,203,1,1033
"1354",527,149,1,1195
"1355",527,150,1,1502
"1356",527,151,1,1383
"1357",527,152,1,1335
"1358",527,153,1,1415
"1359",527,154,1,1347
"1360",527,155,1,1317
"1361",527,156,1,1626
"1362",527,157,1,2179
"1363",527,158,1,2829
"1364",527,159,1,2695
"1365",527,160,1,2692
"1366",527,161,1,3049
"1367",527,162,1,3814
"1368",527,163,1,4769
"1369",527,164,1,4915
"1370",527,165,1,5088
"1371",527,166,1,5249
"1372",527,167,1,5851
"1373",527,168,1,5867
"1374",527,169,1,6661
"1375",527,170,1,7542
"1376",527,171,1,8190
"1377",527,172,1,8757
"1378",527,173,1,9703
"1379",527,174,1,9287
"1380",527,175,1,10018
"1381",527,176,1,10259
"1382",527,177,1,10700
"1383",527,178,1,10514
"1384",527,179,1,9459
"1385",527,180,1,8869
"1386",527,181,1,8716
"1387",527,182,1,8536
"1388",527,183,1,8449
"1389",527,184,1,8340
"1390",527,185,1,9120
"1391",527,186,1,8442
"1392",527,187,1,7124
"1393",527,188,1,6119
"1394",527,189,1,5365
"1395",527,190,1,4464
"1396",527,191,1,3946
"1397",527,192,1,3687
"1398",527,193,1,3171
"1399",527,194,1,3264
"1400",527,195,1,3169
"1401",527,196,1,3064
"1402",527,197,1,2543
"1403",527,198,1,1990
"1404",527,199,1,1587
"1405",527,200,1,1284
"1406",527,201,1,1182
"1407",527,202,1,1071
"1408",528,149,1,1216
"1409",528,150,1,1524
"1410",528,151,1,1448
"1411",528,152,1,1593
"1412",528,153,1,1821
"1413",528,154,1,1591
"1414",528,155,1,1388
"1415",528,156,1,1587
"1416",528,157,1,2083
"1417",528,158,1,2647
"1418",528,159,1,3194
"1419",528,160,1,2841
"1420",528,161,1,2817
"1421",528,162,1,3525
"1422",528,163,1,4352
"1423",528,164,1,4704
"1424",528,165,1,5474
"1425",528,166,1,5801
"1426",528,167,1,6917
"1427",528,168,1,6324
"1428",528,169,1,6917
"1429",528,170,1,7752
"1430",528,171,1,7965
"1431",528,172,1,8808
"1432",528,173,1,9177
"1433",528,174,1,9243
"1434",528,175,1,9751
"1435",528,176,1,10455
"1436",528,177,1,10305
"1437",528,178,1,9588
"1438",528,179,1,9489
"1439",528,180,1,9799
"1440",528,181,1,9894
"1441",528,182,1,9507
"1442",528,183,1,8860
"1443",528,184,1,8609
"1444",528,185,1,9721
"1445",528,186,1,9146
"1446",528,187,1,7771
"1447",528,188,1,6676
"1448",528,189,1,5452
"1449",528,190,1,4446
"1450",528,191,1,4434
"1451",528,192,1,4277
"1452",528,193,1,3602
"1453",528,194,1,3479
"1454",528,195,1,3090
"1455",528,196,1,3028
"1456",528,197,1,2485
"1457",528,198,1,1888
"1458",528,199,1,1489
"1459",528,200,1,1313
"1460",528,201,1,1182
"1461",528,202,1,1176
"1462",528,203,1,1093
"1463",529,150,1,1178
"1464",529,151,1,1244
"1465",529,152,1,1546
"1466",529,153,1,1812
"1467",529,154,1,1590
"1468",529,155,1,1388
"1469",529,156,1,1599
"1470",529,157,1,2152
"1471",529,158,1,2829
"1472",529,159,1,3220
"1473",529,160,1,3025
"1474",529,161,1,3035
"1475",529,162,1,3346
"1476",529,163,1,3926
"1477",529,164,1,4360
"1478",529,165,1,5012
"1479",529,166,1,5320
"1480",529,167,1,6010
"1481",529,168,1,6354
"1482",529,169,1,7378
"1483",529,170,1,8684
"1484",529,171,1,8431
"1485",529,172,1,8514
"1486",529,173,1,8728
"1487",529,174,1,9261
"1488",529,175,1,10026
"1489",529,176,1,10326
"1490",529,177,1,9291
"1491",529,178,1,9367
"1492",529,179,1,10243
"1493",529,180,1,11062
"1494",529,181,1,11278
"1495",529,182,1,10754
"1496",529,183,1,9806
"1497",529,184,1,9354
"1498",529,185,1,10447
"1499",529,186,1,9643
"1500",529,187,1,8241
"1501",529,188,1,6685
"1502",529,189,1,5444
"1503",529,190,1,5014
"1504",529,191,1,4990
"1505",529,192,1,4887
"1506",529,193,1,4038
"1507",529,194,1,4092
"1508",529,195,1,3439
"1509",529,196,1,3156
"1510",529,197,1,2438
"1511",529,198,1,1827
"1512",529,199,1,1720
"1513",529,200,1,1610
"1514",529,201,1,1405
"1515",529,202,1,1499
"1516",529,203,1,1429
"1517",529,204,1,1121
"1518",530,151,1,1010
"1519",530,152,1,1240
"1520",530,153,1,1399
"1521",530,154,1,1350
"1522",530,155,1,1304
"1523",530,156,1,1575
"1524",530,157,1,2135
"1525",530,158,1,2817
"1526",530,159,1,3259
"1527",530,160,1,3422
"1528",530,161,1,3587
"1529",530,162,1,3550
"1530",530,163,1,3975
"1531",530,164,1,4705
"1532",530,165,1,5002
"1533",530,166,1,5061
"1534",530,167,1,5622
"1535",530,168,1,6716
"1536",530,169,1,7895
"1537",530,170,1,7762
"1538",530,171,1,8361
"1539",530,172,1,8969
"1540",530,173,1,8738
"1541",530,174,1,9320
"1542",530,175,1,10200
"1543",530,176,1,10541
"1544",530,177,1,9276
"1545",530,178,1,9814
"1546",530,179,1,11135
"1547",530,180,1,12200
"1548",530,181,1,12473
"1549",530,182,1,11843
"1550",530,183,1,10679
"1551",530,184,1,10023
"1552",530,185,1,11004
"1553",530,186,1,9968
"1554",530,187,1,8386
"1555",530,188,1,6798
"1556",530,189,1,6036
"1557",530,190,1,5786
"1558",530,191,1,5117
"1559",530,192,1,4472
"1560",530,193,1,4115
"1561",530,194,1,3731
"1562",530,195,1,3271
"1563",530,196,1,2965
"1564",530,197,1,2381
"1565",530,198,1,2094
"1566",530,199,1,2125
"1567",530,200,1,2011
"1568",530,201,1,1620
"1569",530,202,1,1778
"1570",530,203,1,1700
"1571",530,204,1,1253
"1573",531,153,1,1121
"1574",531,154,1,1221
"1575",531,155,1,1345
"1576",531,156,1,1519
"1577",531,157,1,1979
"1578",531,158,1,2495
"1579",531,159,1,3078
"1580",531,160,1,3593
"1581",531,161,1,4288
"1582",531,162,1,4025
"1583",531,163,1,4099
"1584",531,164,1,4840
"1585",531,165,1,5224
"1586",531,166,1,5517
"1587",531,167,1,5892
"1588",531,168,1,6589
"1589",531,169,1,6976
"1590",531,170,1,7192
"1591",531,171,1,8222
"1592",531,172,1,8596
"1593",531,173,1,8864
"1594",531,174,1,9513
"1595",531,175,1,10345
"1596",531,176,1,10661
"1597",531,177,1,9494
"1598",531,178,1,10209
"1599",531,179,1,11704
"1600",531,180,1,12885
"1601",531,181,1,13188
"1602",531,182,1,12493
"1603",531,183,1,11195
"1604",531,184,1,10393
"1605",531,185,1,11285
"1606",531,186,1,10129
"1607",531,187,1,8427
"1608",531,188,1,7051
"1609",531,189,1,6648
"1610",531,190,1,5797
"1611",531,191,1,5068
"1612",531,192,1,4407
"1613",531,193,1,4135
"1614",531,194,1,4139
"1615",531,195,1,3587
"1616",531,196,1,3221
"1617",531,197,1,2780
"1618",531,198,1,2557
"1619",531,199,1,2260
"1620",531,200,1,2071
"1621",531,201,1,1668
"1622",531,202,1,1589
"1623",531,203,1,1484
"1624",531,204,1,1177
"1629",532,153,1,1144
"1630",532,154,1,1449
"1631",532,155,1,1681
"1632",532,156,1,1770
"1633",532,157,1,2131
"1634",532,158,1,2568
"1635",532,159,1,3257
"1636",532,160,1,3601
"1637",532,161,1,3992
"1638",532,162,1,4685
"1639",532,163,1,4488
"1640",532,164,1,5063
"1641",532,165,1,5397
"1642",532,166,1,5625
"1643",532,167,1,6128
"1644",532,168,1,6515
"1645",532,169,1,6532
"1646",532,170,1,7141
"1647",532,171,1,8165
"1648",532,172,1,8359
"1649",532,173,1,8646
"1650",532,174,1,9332
"1651",532,175,1,10182
"1652",532,176,1,10614
"1653",532,177,1,9556
"1654",532,178,1,10241
"1655",532,179,1,11710
"1656",532,180,1,12888
"1657",532,181,1,13195
"1658",532,182,1,12497
"1659",532,183,1,11181
"1660",532,184,1,10334
"1661",532,185,1,11116
"1662",532,186,1,9871
"1663",532,187,1,8286
"1664",532,188,1,6909
"1665",532,189,1,6173
"1666",532,190,1,5382
"1667",532,191,1,5091
"1668",532,192,1,4477
"1669",532,193,1,3755
"1670",532,194,1,3664
"1671",532,195,1,3672
"1672",532,196,1,3404
"1673",532,197,1,2904
"1674",532,198,1,2612
"1675",532,199,1,2109
"1676",532,200,1,1820
"1677",532,201,1,1512
"1678",532,202,1,1335
"1679",532,203,1,1210
"1680",532,204,1,1019
"1682",533,153,1,1268
"1683",533,154,1,1756
"1684",533,155,1,2162
"1685",533,156,1,2121
"1686",533,157,1,2516
"1687",533,158,1,2851
"1688",533,159,1,2833
"1689",533,160,1,3049
"1690",533,161,1,3385
"1691",533,162,1,4058
"1692",533,163,1,4275
"1693",533,164,1,4900
"1694",533,165,1,5247
"1695",533,166,1,5506
"1696",533,167,1,6097
"1697",533,168,1,6387
"1698",533,169,1,6598
"1699",533,170,1,7469
"1700",533,171,1,8238
"1701",533,172,1,7957
"1702",533,173,1,8257
"1703",533,174,1,8957
"1704",533,175,1,9917
"1705",533,176,1,10465
"1706",533,177,1,9738
"1707",533,178,1,10051
"1708",533,179,1,11156
"1709",533,180,1,12149
"1710",533,181,1,12415
"1711",533,182,1,11784
"1712",533,183,1,10609
"1713",533,184,1,9886
"1714",533,185,1,10579
"1715",533,186,1,9389
"1716",533,187,1,7892
"1717",533,188,1,7009
"1718",533,189,1,6639
"1719",533,190,1,5898
"1720",533,191,1,5924
"1721",533,192,1,4999
"1722",533,193,1,4228
"1723",533,194,1,3822
"1724",533,195,1,4205
"1725",533,196,1,3568
"1726",533,197,1,2950
"1727",533,198,1,2475
"1728",533,199,1,2226
"1729",533,200,1,1861
"1730",533,201,1,1528
"1731",533,202,1,1309
"1732",533,203,1,1116
"1733",534,153,1,1271
"1734",534,154,1,1781
"1735",534,155,1,2223
"1736",534,156,1,2213
"1737",534,157,1,2515
"1738",534,158,1,2737
"1739",534,159,1,2475
"1740",534,160,1,2336
"1741",534,161,1,2607
"1742",534,162,1,3136
"1743",534,163,1,3411
"1744",534,164,1,3908
"1745",534,165,1,4352
"1746",534,166,1,4876
"1747",534,167,1,5939
"1748",534,168,1,6301
"1749",534,169,1,6658
"1750",534,170,1,7172
"1751",534,171,1,7421
"1752",534,172,1,7368
"1753",534,173,1,7619
"1754",534,174,1,8336
"1755",534,175,1,9353
"1756",534,176,1,10423
"1757",534,177,1,10697
"1758",534,178,1,10284
"1759",534,179,1,10400
"1760",534,180,1,10865
"1761",534,181,1,11009
"1762",534,182,1,10531
"1763",534,183,1,9763
"1764",534,184,1,9471
"1765",534,185,1,9871
"1766",534,186,1,8740
"1767",534,187,1,7324
"1768",534,188,1,6544
"1769",534,189,1,6895
"1770",534,190,1,5840
"1771",534,191,1,5506
"1772",534,192,1,5034
"1773",534,193,1,4883
"1774",534,194,1,4000
"1775",534,195,1,3752
"1776",534,196,1,3469
"1777",534,197,1,2855
"1778",534,198,1,2825
"1779",534,199,1,2668
"1780",534,200,1,2147
"1781",534,201,1,1875
"1782",534,202,1,1597
"1783",534,203,1,1370
"1784",534,204,1,1124
"1785",535,153,1,1142
"1786",535,154,1,1546
"1787",535,155,1,2007
"1788",535,156,1,2328
"1789",535,157,1,2175
"1790",535,158,1,2102
"1791",535,159,1,1917
"1792",535,160,1,1771
"1793",535,161,1,1984
"1794",535,162,1,2300
"1795",535,163,1,2561
"1796",535,164,1,2996
"1797",535,165,1,3481
"1798",535,166,1,4065
"1799",535,167,1,4985
"1800",535,168,1,5959
"1801",535,169,1,6733
"1802",535,170,1,7434
"1803",535,171,1,7770
"1804",535,172,1,7412
"1805",535,173,1,7585
"1806",535,174,1,8056
"1807",535,175,1,8962
"1808",535,176,1,9927
"1809",535,177,1,10812
"1810",535,178,1,10938
"1811",535,179,1,10032
"1812",535,180,1,9495
"1813",535,181,1,9420
"1814",535,182,1,9244
"1815",535,183,1,9346
"1816",535,184,1,9784
"1817",535,185,1,9340
"1818",535,186,1,8058
"1819",535,187,1,6870
"1820",535,188,1,6242
"1821",535,189,1,6374
"1822",535,190,1,5624
"1823",535,191,1,5263
"1824",535,192,1,4574
"1825",535,193,1,4058
"1826",535,194,1,3624
"1827",535,195,1,3817
"1828",535,196,1,3496
"1829",535,197,1,3090
"1830",535,198,1,2993
"1831",535,199,1,2810
"1832",535,200,1,2558
"1833",535,201,1,2353
"1834",535,202,1,2084
"1835",535,203,1,1725
"1836",535,204,1,1343
"1837",535,205,1,1108
"1838",535,206,1,1111
"1839",535,207,1,1080
"1840",536,153,1,1035
"1841",536,154,1,1391
"1842",536,155,1,1846
"1843",536,156,1,2181
"1844",536,157,1,1909
"1845",536,158,1,1574
"1846",536,159,1,1391
"1847",536,160,1,1291
"1848",536,161,1,1425
"1849",536,162,1,1665
"1850",536,163,1,1954
"1851",536,164,1,2418
"1852",536,165,1,3043
"1853",536,166,1,3824
"1854",536,167,1,4620
"1855",536,168,1,5543
"1856",536,169,1,6595
"1857",536,170,1,6732
"1858",536,171,1,6828
"1859",536,172,1,6817
"1860",536,173,1,7460
"1861",536,174,1,8111
"1862",536,175,1,8497
"1863",536,176,1,9226
"1864",536,177,1,9992
"1865",536,178,1,10499
"1866",536,179,1,10003
"1867",536,180,1,8534
"1868",536,181,1,8398
"1869",536,182,1,8623
"1870",536,183,1,9435
"1871",536,184,1,9398
"1872",536,185,1,8442
"1873",536,186,1,7130
"1874",536,187,1,6367
"1875",536,188,1,6554
"1876",536,189,1,6269
"1877",536,190,1,5379
"1878",536,191,1,4443
"1879",536,192,1,3901
"1880",536,193,1,3351
"1881",536,194,1,3367
"1882",536,195,1,3697
"1883",536,196,1,3485
"1884",536,197,1,3379
"1885",536,198,1,3363
"1886",536,199,1,2748
"1887",536,200,1,2958
"1888",536,201,1,2490
"1889",536,202,1,2559
"1890",536,203,1,1951
"1891",536,204,1,1468
"1892",536,205,1,1291
"1893",536,206,1,1409
"1894",536,207,1,1385
"1895",536,208,1,1175
"1896",536,209,1,1041
"1897",537,152,1,1011
"1898",537,153,1,1111
"1899",537,154,1,1203
"1900",537,155,1,1452
"1901",537,156,1,1595
"1902",537,157,1,1445
"1903",537,158,1,1184
"1904",537,161,1,1004
"1905",537,162,1,1294
"1906",537,163,1,1745
"1907",537,164,1,2392
"1908",537,165,1,3180
"1909",537,166,1,4002
"1910",537,167,1,4956
"1911",537,168,1,5050
"1912",537,169,1,6293
"1913",537,170,1,6466
"1914",537,171,1,6510
"1915",537,172,1,6978
"1916",537,173,1,7525
"1917",537,174,1,7750
"1918",537,175,1,8047
"1919",537,176,1,8740
"1920",537,177,1,8902
"1921",537,178,1,9233
"1922",537,179,1,9048
"1923",537,180,1,7948
"1924",537,181,1,8521
"1925",537,182,1,8790
"1926",537,183,1,8911
"1927",537,184,1,8521
"1928",537,185,1,7472
"1929",537,186,1,6456
"1930",537,187,1,6002
"1931",537,188,1,5942
"1932",537,189,1,5803
"1933",537,190,1,4646
"1934",537,191,1,4030
"1935",537,192,1,3696
"1936",537,193,1,3053
"1937",537,194,1,2953
"1938",537,195,1,3001
"1939",537,196,1,2906
"1940",537,197,1,2810
"1941",537,198,1,2625
"1942",537,199,1,2281
"1943",537,200,1,2290
"1944",537,201,1,2015
"1945",537,202,1,1992
"1946",537,203,1,1692
"1947",537,204,1,1363
"1948",537,205,1,1346
"1949",537,206,1,1617
"1950",537,207,1,1611
"1951",537,208,1,1322
"1952",537,209,1,1287
"1953",537,210,1,1232
"1954",537,211,1,1027
"1955",538,151,1,1031
"1956",538,152,1,1311
"1957",538,153,1,1352
"1958",538,154,1,1186
"1959",538,155,1,1093
"1960",538,156,1,1109
"1961",538,157,1,1015
"1962",538,162,1,1159
"1963",538,163,1,1670
"1964",538,164,1,2460
"1965",538,165,1,3405
"1966",538,166,1,4378
"1967",538,167,1,4324
"1968",538,168,1,4743
"1969",538,169,1,5726
"1970",538,170,1,5877
"1971",538,171,1,6065
"1972",538,172,1,6198
"1973",538,173,1,6708
"1974",538,174,1,7339
"1975",538,175,1,7752
"1976",538,176,1,7917
"1977",538,177,1,7928
"1978",538,178,1,8035
"1979",538,179,1,8087
"1980",538,180,1,7977
"1981",538,181,1,8086
"1982",538,182,1,8171
"1983",538,183,1,8002
"1984",538,184,1,8134
"1985",538,185,1,7143
"1986",538,186,1,6374
"1987",538,187,1,5790
"1988",538,188,1,5245
"1989",538,189,1,5690
"1990",538,190,1,4639
"1991",538,191,1,4221
"1992",538,192,1,3983
"1993",538,193,1,3156
"1994",538,194,1,3242
"1995",538,195,1,2805
"1996",538,196,1,2305
"1997",538,197,1,2103
"1998",538,198,1,1901
"1999",538,199,1,1697
"2000",538,200,1,1641
"2001",538,201,1,1488
"2002",538,202,1,1432
"2003",538,203,1,1281
"2004",538,204,1,1077
"2005",538,205,1,1166
"2006",538,206,1,1359
"2007",538,207,1,1376
"2008",538,208,1,1258
"2009",538,209,1,1450
"2010",538,210,1,1428
"2011",538,211,1,1119
"2012",539,151,1,1145
"2013",539,152,1,1539
"2014",539,153,1,1553
"2015",539,154,1,1199
"2016",539,162,1,1137
"2017",539,163,1,1687
"2018",539,164,1,2439
"2019",539,165,1,3260
"2020",539,166,1,3688
"2021",539,167,1,3962
"2022",539,168,1,4954
"2023",539,169,1,6030
"2024",539,170,1,5505
"2025",539,171,1,5578
"2026",539,172,1,5787
"2027",539,173,1,6513
"2028",539,174,1,7096
"2029",539,175,1,7282
"2030",539,176,1,7242
"2031",539,177,1,7052
"2032",539,178,1,7048
"2033",539,179,1,7006
"2034",539,180,1,6892
"2035",539,181,1,7103
"2036",539,182,1,7122
"2037",539,183,1,7123
"2038",539,184,1,7094
"2039",539,185,1,6821
"2040",539,186,1,5772
"2041",539,187,1,5935
"2042",539,188,1,5015
"2043",539,189,1,4780
"2044",539,190,1,4081
"2045",539,191,1,3696
"2046",539,192,1,3453
"2047",539,193,1,2995
"2048",539,194,1,3129
"2049",539,195,1,2618
"2050",539,196,1,1998
"2051",539,197,1,1577
"2052",539,198,1,1361
"2053",539,199,1,1213
"2054",539,200,1,1151
"2055",539,201,1,1061
"2056",539,202,1,1013
"2057",539,206,1,1012
"2058",539,207,1,1048
"2059",539,208,1,1091
"2060",539,209,1,1277
"2061",539,210,1,1309
"2062",539,211,1,1108
"2063",540,151,1,1029
"2064",540,152,1,1289
"2065",540,153,1,1292
"2066",540,154,1,1040
"2067",540,162,1,1094
"2068",540,163,1,1625
"2069",540,164,1,2333
"2070",540,165,1,3097
"2071",540,166,1,3459
"2072",540,167,1,3950
"2073",540,168,1,4909
"2074",540,169,1,5441
"2075",540,170,1,5344
"2076",540,171,1,5703
"2077",540,172,1,5865
"2078",540,173,1,6274
"2079",540,174,1,6459
"2080",540,175,1,6596
"2081",540,176,1,6389
"2082",540,177,1,6462
"2083",540,178,1,6432
"2084",540,179,1,6070
"2085",540,180,1,6048
"2086",540,181,1,6010
"2087",540,182,1,6097
"2088",540,183,1,6514
"2089",540,184,1,6250
"2090",540,185,1,6208
"2091",540,186,1,5222
"2092",540,187,1,4955
"2093",540,188,1,5075
"2094",540,189,1,4347
"2095",540,190,1,4026
"2096",540,191,1,3595
"2097",540,192,1,3057
"2098",540,193,1,2782
"2099",540,194,1,2504
"2100",540,195,1,2145
"2101",540,196,1,1660
"2102",540,197,1,1295
"2103",540,198,1,1034
"2104",540,209,1,1200
"2105",540,210,1,1474
"2106",540,211,1,1161
"2107",541,163,1,1444
"2108",541,164,1,1998
"2109",541,165,1,2554
"2110",541,166,1,2998
"2111",541,167,1,3669
"2112",541,168,1,4329
"2113",541,169,1,4665
"2114",541,170,1,5000
"2115",541,171,1,5001
"2116",541,172,1,5196
"2117",541,173,1,5331
"2118",541,174,1,5663
"2119",541,175,1,6159
"2120",541,176,1,5749
"2121",541,177,1,5730
"2122",541,178,1,5994
"2123",541,179,1,5516
"2124",541,180,1,5333
"2125",541,181,1,5187
"2126",541,182,1,5106
"2127",541,183,1,5739
"2128",541,184,1,5882
"2129",541,185,1,5456
"2130",541,186,1,4732
"2131",541,187,1,4253
"2132",541,188,1,4280
"2133",541,189,1,3632
"2134",541,190,1,3253
"2135",541,191,1,3292
"2136",541,192,1,3021
"2137",541,193,1,2917
"2138",541,194,1,2588
"2139",541,195,1,2174
"2140",541,196,1,1729
"2141",541,197,1,1270
"2142",541,209,1,1007
"2143",541,210,1,1145
"2144",541,211,1,1003
"2145",542,163,1,1286
"2146",542,164,1,1730
"2147",542,165,1,2227
"2148",542,166,1,2940
"2149",542,167,1,3811
"2150",542,168,1,4741
"2151",542,169,1,4648
"2152",542,170,1,4755
"2153",542,171,1,4597
"2154",542,172,1,5181
"2155",542,173,1,5265
"2156",542,174,1,5179
"2157",542,175,1,5275
"2158",542,176,1,4875
"2159",542,177,1,4906
"2160",542,178,1,5396
"2161",542,179,1,5306
"2162",542,180,1,4964
"2163",542,181,1,4577
"2164",542,182,1,4417
"2165",542,183,1,5085
"2166",542,184,1,5953
"2167",542,185,1,5302
"2168",542,186,1,4755
"2169",542,187,1,4203
"2170",542,188,1,4179
"2171",542,189,1,3396
"2172",542,190,1,2556
"2173",542,191,1,2453
"2174",542,192,1,2386
"2175",542,193,1,2524
"2176",542,194,1,2447
"2177",542,195,1,2532
"2178",542,196,1,1838
"2179",542,197,1,1255
"2180",543,163,1,1363
"2181",543,164,1,1839
"2182",543,165,1,2366
"2183",543,166,1,3091
"2184",543,167,1,3716
"2185",543,168,1,4045
"2186",543,169,1,4317
"2187",543,170,1,4048
"2188",543,171,1,4033
"2189",543,172,1,4589
"2190",543,173,1,4664
"2191",543,174,1,4540
"2192",543,175,1,4481
"2193",543,176,1,4239
"2194",543,177,1,4335
"2195",543,178,1,4816
"2196",543,179,1,4795
"2197",543,180,1,4573
"2198",543,181,1,4208
"2199",543,182,1,4019
"2200",543,183,1,4501
"2201",543,184,1,5046
"2202",543,185,1,4894
"2203",543,186,1,5426
"2204",543,187,1,4312
"2205",543,188,1,4209
"2206",543,189,1,3207
"2207",543,190,1,2280
"2208",543,191,1,2038
"2209",543,192,1,2345
"2210",543,193,1,2285
"2211",543,194,1,1788
"2212",543,195,1,1877
"2213",543,196,1,1562
"2214",543,197,1,1148
"2215",544,162,1,1205
"2216",544,163,1,1585
"2217",544,164,1,2175
"2218",544,165,1,2813
"2219",544,166,1,3424
"2220",544,167,1,4226
"2221",544,168,1,3737
"2222",544,169,1,3563
"2223",544,170,1,3417
"2224",544,171,1,3690
"2225",544,172,1,4311
"2226",544,173,1,4366
"2227",544,174,1,4221
"2228",544,175,1,4631
"2229",544,176,1,4161
"2230",544,177,1,4036
"2231",544,178,1,4507
"2232",544,179,1,4487
"2233",544,180,1,4181
"2234",544,181,1,3895
"2235",544,182,1,3775
"2236",544,183,1,4505
"2237",544,184,1,5482
"2238",544,185,1,4676
"2239",544,186,1,4538
"2240",544,187,1,3903
"2241",544,188,1,3633
"2242",544,189,1,3092
"2243",544,190,1,2605
"2244",544,191,1,2318
"2245",544,192,1,2177
"2246",544,193,1,1807
"2247",544,194,1,1438
"2248",544,195,1,1762
"2249",544,196,1,1692
"2250",544,197,1,1195
"2251",544,198,1,1078
"2254",545,161,1,1105
"2255",545,162,1,1535
"2256",545,163,1,1993
"2257",545,164,1,2474
"2258",545,165,1,3157
"2259",545,166,1,3398
"2260",545,167,1,3552
"2261",545,168,1,3451
"2262",545,169,1,3142
"2263",545,170,1,2937
"2264",545,171,1,3324
"2265",545,172,1,3743
"2266",545,173,1,3618
"2267",545,174,1,3726
"2268",545,175,1,4038
"2269",545,176,1,3984
"2270",545,177,1,3745
"2271",545,178,1,4209
"2272",545,179,1,4162
"2273",545,180,1,3593
"2274",545,181,1,3359
"2275",545,182,1,3508
"2276",545,183,1,4274
"2277",545,184,1,4525
"2278",545,185,1,4128
"2279",545,186,1,4274
"2280",545,187,1,4181
"2281",545,188,1,3573
"2282",545,189,1,3022
"2283",545,190,1,2582
"2284",545,191,1,2277
"2285",545,192,1,2057
"2286",545,193,1,1601
"2287",545,194,1,1188
"2288",545,195,1,1344
"2289",545,196,1,1294
"2290",545,198,1,1209
"2291",545,199,1,1186
"2292",546,161,1,1282
"2293",546,162,1,1853
"2294",546,163,1,2442
"2295",546,164,1,2642
"2296",546,165,1,2780
"2297",546,166,1,2913
"2298",546,167,1,3213
"2299",546,168,1,3805
"2300",546,169,1,3151
"2301",546,170,1,2816
"2302",546,171,1,3370
"2303",546,172,1,4151
"2304",546,173,1,3572
"2305",546,174,1,3375
"2306",546,175,1,3783
"2307",546,176,1,3796
"2308",546,177,1,3454
"2309",546,178,1,3607
"2310",546,179,1,3525
"2311",546,180,1,3051
"2312",546,181,1,2840
"2313",546,182,1,3096
"2314",546,183,1,3623
"2315",546,184,1,3683
"2316",546,185,1,3457
"2317",546,186,1,3724
"2318",546,187,1,4322
"2319",546,188,1,3399
"2320",546,189,1,2547
"2321",546,190,1,2041
"2322",546,191,1,1713
"2323",546,192,1,1491
"2324",546,193,1,1214
"2325",547,160,1,1063
"2326",547,161,1,1502
"2327",547,162,1,2023
"2328",547,163,1,2488
"2329",547,164,1,2506
"2330",547,165,1,2249
"2331",547,166,1,2301
"2332",547,167,1,2665
"2333",547,168,1,2971
"2334",547,169,1,2712
"2335",547,170,1,2502
"2336",547,171,1,2950
"2337",547,172,1,3388
"2338",547,173,1,3322
"2339",547,174,1,3029
"2340",547,175,1,3269
"2341",547,176,1,3311
"2342",547,177,1,3236
"2343",547,178,1,3672
"2344",547,179,1,3613
"2345",547,180,1,2967
"2346",547,181,1,2609
"2347",547,182,1,2816
"2348",547,183,1,3308
"2349",547,184,1,3845
"2350",547,185,1,3326
"2351",547,186,1,3349
"2352",547,187,1,3965
"2353",547,188,1,3096
"2354",547,189,1,2251
"2355",547,190,1,1641
"2356",547,191,1,1295
"2357",547,192,1,1076
"2358",548,160,1,1149
"2359",548,161,1,1625
"2360",548,162,1,2207
"2361",548,163,1,2325
"2362",548,164,1,1981
"2363",548,165,1,1802
"2364",548,166,1,1832
"2365",548,167,1,2100
"2366",548,168,1,2277
"2367",548,169,1,2186
"2368",548,170,1,2117
"2369",548,171,1,2515
"2370",548,172,1,3058
"2371",548,173,1,3217
"2372",548,174,1,2941
"2373",548,175,1,3382
"2374",548,176,1,3399
"2375",548,177,1,3021
"2376",548,178,1,3241
"2377",548,179,1,3167
"2378",548,180,1,2788
"2379",548,181,1,2674
"2380",548,182,1,3049
"2381",548,183,1,3179
"2382",548,184,1,3309
"2383",548,185,1,2915
"2384",548,186,1,2811
"2385",548,187,1,3014
"2386",548,188,1,2604
"2387",548,189,1,1997
"2388",548,190,1,1454
"2389",548,191,1,1064
"2390",549,160,1,1127
"2391",549,161,1,1475
"2392",549,162,1,1843
"2393",549,163,1,1887
"2394",549,164,1,1633
"2395",549,165,1,1458
"2396",549,166,1,1574
"2397",549,167,1,1868
"2398",549,168,1,2059
"2399",549,169,1,1956
"2400",549,170,1,1839
"2401",549,171,1,2141
"2402",549,172,1,2726
"2403",549,173,1,3351
"2404",549,174,1,2960
"2405",549,175,1,3094
"2406",549,176,1,3076
"2407",549,177,1,2779
"2408",549,178,1,3027
"2409",549,179,1,3470
"2410",549,180,1,2849
"2411",549,181,1,2621
"2412",549,182,1,2966
"2413",549,183,1,3032
"2414",549,184,1,3116
"2415",549,185,1,2676
"2416",549,186,1,2329
"2417",549,187,1,2316
"2418",549,188,1,2084
"2419",549,189,1,1760
"2420",549,190,1,1361
"2421",549,191,1,1006
"2422",550,155,1,1026
"2423",550,156,1,1220
"2424",550,157,1,1365
"2425",550,158,1,1225
"2426",550,159,1,1071
"2427",550,160,1,1103
"2428",550,161,1,1252
"2429",550,162,1,1437
"2430",550,163,1,1447
"2431",550,164,1,1349
"2432",550,165,1,1299
"2433",550,166,1,1573
"2434",550,167,1,2020
"2435",550,168,1,2365
"2436",550,169,1,2087
"2437",550,170,1,1789
"2438",550,171,1,1901
"2439",550,172,1,2328
"2440",550,173,1,2729
"2441",550,174,1,2758
"2442",550,175,1,2946
"2443",550,176,1,2971
"2444",550,177,1,2834
"2445",550,178,1,2821
"2446",550,179,1,2795
"2447",550,180,1,2501
"2448",550,181,1,2325
"2449",550,182,1,2397
"2450",550,183,1,2439
"2451",550,184,1,2806
"2452",550,185,1,2707
"2453",550,186,1,2257
"2454",550,187,1,2215
"2455",550,188,1,2339
"2456",550,189,1,2003
"2457",550,190,1,1516
"2458",550,191,1,1099
"2459",551,154,1,1120
"2460",551,155,1,1337
"2461",551,156,1,1471
"2462",551,157,1,1761
"2463",551,158,1,1440
"2464",551,159,1,1247
"2465",551,160,1,1276
"2466",551,161,1,1408
"2467",551,162,1,1335
"2468",551,163,1,1241
"2469",551,164,1,1305
"2470",551,165,1,1357
"2471",551,166,1,1558
"2472",551,167,1,1973
"2473",551,168,1,2310
"2474",551,169,1,2015
"2475",551,170,1,1672
"2476",551,171,1,1634
"2477",551,172,1,1916
"2478",551,173,1,2413
"2479",551,174,1,2920
"2480",551,175,1,2667
"2481",551,176,1,2796
"2482",551,177,1,2697
"2483",551,178,1,2581
"2484",551,179,1,2247
"2485",551,180,1,2188
"2486",551,181,1,2455
"2487",551,182,1,2438
"2488",551,183,1,2113
"2489",551,184,1,2337
"2490",551,185,1,2302
"2491",551,186,1,2128
"2492",551,187,1,2353
"2493",551,188,1,2881
"2494",551,189,1,2297
"2495",551,190,1,1687
"2496",551,191,1,1239
"2497",552,154,1,1267
"2498",552,155,1,1613
"2499",552,156,1,1439
"2500",552,157,1,1443
"2501",552,158,1,1366
"2502",552,159,1,1447
"2503",552,160,1,1433
"2504",552,161,1,1698
"2505",552,162,1,1427
"2506",552,163,1,1355
"2507",552,164,1,1543
"2508",552,165,1,1576
"2509",552,166,1,1482
"2510",552,167,1,1638
"2511",552,168,1,1784
"2512",552,169,1,1667
"2513",552,170,1,1460
"2514",552,171,1,1407
"2515",552,172,1,1673
"2516",552,173,1,2084
"2517",552,174,1,2399
"2518",552,175,1,2398
"2519",552,176,1,2570
"2520",552,177,1,2298
"2521",552,178,1,2058
"2522",552,179,1,1833
"2523",552,180,1,1955
"2524",552,181,1,2322
"2525",552,182,1,2306
"2526",552,183,1,1935
"2527",552,184,1,2136
"2528",552,185,1,2581
"2529",552,186,1,2222
"2530",552,187,1,2188
"2531",552,188,1,2417
"2532",552,189,1,2372
"2533",552,190,1,1916
"2534",552,191,1,1400
"2535",553,154,1,1126
"2536",553,155,1,1304
"2537",553,156,1,1301
"2538",553,157,1,1294
"2539",553,158,1,1266
"2540",553,159,1,1380
"2541",553,160,1,1280
"2542",553,161,1,1353
"2543",553,162,1,1274
"2544",553,163,1,1394
"2545",553,164,1,1745
"2546",553,165,1,1764
"2547",553,166,1,1456
"2548",553,167,1,1323
"2549",553,168,1,1392
"2550",553,169,1,1423
"2551",553,170,1,1336
"2552",553,171,1,1290
"2553",553,172,1,1523
"2554",553,173,1,1896
"2555",553,174,1,2175
"2556",553,175,1,2071
"2557",553,176,1,2045
"2558",553,177,1,1881
"2559",553,178,1,1628
"2560",553,179,1,1455
"2561",553,180,1,1565
"2562",553,181,1,1760
"2563",553,182,1,1749
"2564",553,183,1,1580
"2565",553,184,1,1804
"2566",553,185,1,2130
"2567",553,186,1,2191
"2568",553,187,1,2215
"2569",553,188,1,2279
"2570",553,189,1,2313
"2571",553,190,1,1969
"2572",553,191,1,1478
"2573",553,192,1,1095
"2575",554,156,1,1004
"2576",554,157,1,1004
"2577",554,158,1,1002
"2578",554,159,1,1044
"2579",554,161,1,1002
"2580",554,162,1,1010
"2581",554,163,1,1201
"2582",554,164,1,1453
"2583",554,165,1,1477
"2584",554,166,1,1295
"2585",554,167,1,1249
"2586",554,168,1,1456
"2587",554,169,1,1626
"2588",554,170,1,1473
"2589",554,171,1,1326
"2590",554,172,1,1507
"2591",554,173,1,1942
"2592",554,174,1,2423
"2593",554,175,1,2039
"2594",554,176,1,1755
"2595",554,177,1,1782
"2596",554,178,1,1668
"2597",554,179,1,1383
"2598",554,180,1,1204
"2599",554,181,1,1262
"2600",554,182,1,1258
"2601",554,183,1,1249
"2602",554,184,1,1536
"2603",554,185,1,1979
"2604",554,186,1,2160
"2605",554,187,1,2155
"2606",554,188,1,2135
"2607",554,189,1,1987
"2608",554,190,1,2037
"2609",554,191,1,1650
"2610",554,192,1,1209
"2613",555,164,1,1065
"2614",555,165,1,1101
"2615",555,166,1,1067
"2616",555,167,1,1203
"2617",555,168,1,1557
"2618",555,169,1,1962
"2619",555,170,1,1594
"2620",555,171,1,1324
"2621",555,172,1,1387
"2622",555,173,1,1699
"2623",555,174,1,1954
"2624",555,175,1,1812
"2625",555,176,1,1676
"2626",555,177,1,1877
"2627",555,178,1,1801
"2628",555,179,1,1377
"2629",555,180,1,1064
"2630",555,183,1,1034
"2631",555,184,1,1282
"2632",555,185,1,1715
"2633",555,186,1,2078
"2634",555,187,1,1932
"2635",555,188,1,1781
"2636",555,189,1,1790
"2637",555,190,1,1935
"2638",555,191,1,1609
"2639",555,192,1,1204
"2642",556,167,1,1058
"2643",556,168,1,1345
"2644",556,169,1,1543
"2645",556,170,1,1386
"2646",556,171,1,1190
"2647",556,172,1,1194
"2648",556,173,1,1440
"2649",556,174,1,1698
"2650",556,175,1,1687
"2651",556,176,1,1515
"2652",556,177,1,1589
"2653",556,178,1,1507
"2654",556,179,1,1214
"2655",556,184,1,1130
"2656",556,185,1,1494
"2657",556,186,1,1954
"2658",556,187,1,1955
"2659",556,188,1,1593
"2660",556,189,1,1447
"2661",556,190,1,1469
"2662",556,191,1,1314
"2663",556,192,1,1087
"2664",557,168,1,1100
"2665",557,169,1,1197
"2666",557,170,1,1128
"2667",557,171,1,1034
"2668",557,172,1,1120
"2669",557,173,1,1418
"2670",557,174,1,1797
"2671",557,175,1,1801
"2672",557,176,1,1460
"2673",557,177,1,1280
"2674",557,178,1,1155
"2675",557,179,1,1021
"2676",557,182,1,1073
"2677",557,183,1,1105
"2678",557,184,1,1082
"2679",557,185,1,1294
"2680",557,186,1,1572
"2681",557,187,1,1577
"2682",557,188,1,1318
"2683",557,189,1,1113
"2684",557,190,1,1094
"2685",557,191,1,1044
"2686",557,192,1,1049
"2687",558,168,1,1093
"2688",558,169,1,1137
"2689",558,170,1,1031
"2690",558,172,1,1062
"2691",558,173,1,1356
"2692",558,174,1,1726
"2693",558,175,1,1727
"2694",558,176,1,1373
"2695",558,177,1,1141
"2696",558,178,1,1113
"2697",558,179,1,1035
"2698",558,181,1,1066
"2699",558,182,1,1327
"2700",558,183,1,1339
"2701",558,184,1,1118
"2702",558,185,1,1058
"2703",558,186,1,1142
"2704",558,187,1,1130
"2705",558,191,1,1047
"2706",558,192,1,1230
"2707",558,193,1,1217
"2708",558,194,1,1003
"2709",559,168,1,1281
"2710",559,169,1,1312
"2711",559,170,1,1102
"2712",559,172,1,1032
"2713",559,173,1,1269
"2714",559,174,1,1525
"2715",559,175,1,1520
"2716",559,176,1,1280
"2717",559,177,1,1133
"2718",559,178,1,1129
"2719",559,179,1,1041
"2720",559,181,1,1057
"2721",559,182,1,1313
"2722",559,183,1,1310
"2723",559,184,1,1044
"2724",559,191,1,1068
"2725",559,192,1,1396
"2726",559,193,1,1414
"2727",559,194,1,1132
"2728",560,168,1,1279
"2729",560,169,1,1309
"2730",560,170,1,1107
"2731",560,172,1,1078
"2732",560,173,1,1328
"2733",560,174,1,1639
"2734",560,175,1,1602
"2735",560,176,1,1336
"2736",560,177,1,1282
"2737",560,178,1,1199
"2738",560,182,1,1019
"2739",560,183,1,1003
"2740",560,192,1,1180
"2741",560,193,1,1242
"2742",560,194,1,1181
"2743",560,195,1,1085
"2744",561,168,1,1075
"2745",561,169,1,1099
"2746",561,170,1,1012
"2747",561,172,1,1133
"2748",561,173,1,1422
"2749",561,174,1,1742
"2750",561,175,1,1512
"2751",561,176,1,1354
"2752",561,177,1,1441
"2753",561,178,1,1354
"2754",561,179,1,1031
"2755",561,193,1,1047
"2756",561,194,1,1257
"2757",561,195,1,1226
"2758",562,168,1,1013
"2759",562,172,1,1121
"2760",562,173,1,1338
"2761",562,174,1,1488
"2762",562,175,1,1396
"2763",562,176,1,1374
"2764",562,177,1,1309
"2765",562,178,1,1178
"2766",562,194,1,1040
"2767",562,195,1,1036
"2768",563,167,1,1092
"2769",563,168,1,1148
"2770",563,169,1,1018
"2771",563,172,1,1090
"2772",563,173,1,1257
"2773",563,174,1,1365
"2774",563,175,1,1404
"2775",563,176,1,1517
"2776",563,177,1,1218
"2777",564,167,1,1076
"2778",564,168,1,1127
"2779",564,172,1,1107
"2780",564,173,1,1308
"2781",564,174,1,1453
"2782",564,175,1,1333
"2783",564,176,1,1248
"2784",564,177,1,1032
"2785",565,172,1,1055
"2786",565,173,1,1246
"2787",565,174,1,1374
"2788",565,175,1,1208
"2789",566,173,1,1033
"2790",566,174,1,1077
