"","long","lat","cluster_id","add.data"
"1",9626,4444,1,379
"2",9626,4445,1,379
"3",9627,4444,1,382
"4",9627,4445,1,377
"5",9628,4444,1,365
"6",9628,4445,1,347
"7",9629,4443,1,346
"8",9629,4444,1,406
"9",9629,4445,1,352
"11",9630,4443,1,376
"12",9630,4444,1,419
"13",9630,4445,1,347
"14",9631,4442,1,350
"15",9631,4443,1,416
"16",9631,4444,1,415
"17",9631,4445,1,322
"19",9632,4438,1,316
"20",9632,4439,1,354
"21",9632,4440,1,355
"22",9632,4441,1,394
"23",9632,4442,1,414
"24",9632,4443,1,422
"25",9632,4444,1,391
"26",9633,4435,1,317
"27",9633,4436,1,374
"28",9633,4437,1,379
"29",9633,4438,1,418
"30",9633,4439,1,469
"31",9633,4440,1,441
"32",9633,4441,1,458
"33",9633,4442,1,444
"34",9633,4443,1,371
"35",9633,4444,1,309
"36",9634,4435,1,410
"37",9634,4436,1,495
"38",9634,4437,1,462
"39",9634,4438,1,446
"40",9634,4439,1,476
"41",9634,4440,1,430
"42",9634,4441,1,401
"43",9634,4442,1,370
"44",9635,4434,1,309
"45",9635,4435,1,441
"46",9635,4436,1,519
"47",9635,4437,1,461
"48",9635,4438,1,393
"49",9635,4439,1,381
"50",9635,4440,1,342
"51",9636,4434,1,335
"52",9636,4435,1,469
"53",9636,4436,1,504
"54",9636,4437,1,426
"55",9636,4438,1,347
"56",9636,4439,1,313
"57",9637,4434,1,316
"58",9637,4435,1,440
"59",9637,4436,1,471
"60",9637,4437,1,413
"61",9637,4438,1,369
"62",9637,4439,1,346
"63",9638,4435,1,342
"64",9638,4436,1,392
"65",9638,4437,1,419
"66",9638,4438,1,472
"67",9638,4439,1,461
"68",9638,4440,1,370
"69",9639,4436,1,361
"70",9639,4437,1,487
"71",9639,4438,1,608
"72",9639,4439,1,597
"73",9639,4440,1,455
"74",9639,4441,1,304
"76",9640,4436,1,397
"77",9640,4437,1,544
"78",9640,4438,1,671
"79",9640,4439,1,642
"80",9640,4440,1,481
"81",9640,4441,1,317
"85",9641,4435,1,320
"86",9641,4436,1,472
"87",9641,4437,1,636
"88",9641,4438,1,738
"89",9641,4439,1,642
"90",9641,4440,1,464
"92",9642,4435,1,398
"93",9642,4436,1,560
"94",9642,4437,1,696
"95",9642,4438,1,752
"96",9642,4439,1,624
"97",9642,4440,1,441
"102",9643,4435,1,465
"103",9643,4436,1,657
"104",9643,4437,1,788
"105",9643,4438,1,720
"106",9643,4439,1,552
"107",9643,4440,1,387
"114",9644,4434,1,307
"115",9644,4435,1,475
"116",9644,4436,1,664
"117",9644,4437,1,779
"118",9644,4438,1,684
"119",9644,4439,1,508
"120",9644,4440,1,345
"127",9645,4434,1,301
"128",9645,4435,1,452
"129",9645,4436,1,603
"130",9645,4437,1,680
"131",9645,4438,1,613
"132",9645,4439,1,469
"133",9645,4440,1,326
"138",9646,4434,1,335
"139",9646,4435,1,499
"140",9646,4436,1,662
"141",9646,4437,1,744
"142",9646,4438,1,673
"143",9646,4439,1,524
"144",9646,4440,1,375
"145",9646,4453,1,330
"146",9646,4454,1,396
"147",9646,4455,1,388
"148",9646,4456,1,310
"149",9647,4434,1,394
"150",9647,4435,1,591
"151",9647,4436,1,800
"152",9647,4437,1,925
"153",9647,4438,1,829
"154",9647,4439,1,651
"155",9647,4440,1,481
"156",9647,4441,1,356
"157",9647,4452,1,319
"158",9647,4453,1,446
"159",9647,4454,1,544
"160",9647,4455,1,517
"161",9647,4456,1,390
"162",9648,4402,1,332
"163",9648,4403,1,327
"164",9648,4434,1,466
"165",9648,4435,1,684
"166",9648,4436,1,892
"167",9648,4437,1,1012
"168",9648,4438,1,954
"169",9648,4439,1,794
"170",9648,4440,1,628
"171",9648,4441,1,483
"172",9648,4442,1,336
"173",9648,4452,1,376
"174",9648,4453,1,525
"175",9648,4454,1,644
"176",9648,4455,1,557
"177",9648,4456,1,407
"178",9649,4401,1,386
"179",9649,4402,1,496
"180",9649,4403,1,488
"181",9649,4404,1,415
"182",9649,4405,1,324
"183",9649,4433,1,327
"184",9649,4434,1,514
"185",9649,4435,1,751
"186",9649,4436,1,983
"187",9649,4437,1,1042
"188",9649,4438,1,968
"189",9649,4439,1,873
"190",9649,4440,1,761
"191",9649,4441,1,591
"192",9649,4442,1,401
"193",9649,4452,1,416
"194",9649,4453,1,534
"195",9649,4454,1,589
"196",9649,4455,1,504
"197",9649,4456,1,367
"198",9650,4401,1,454
"199",9650,4402,1,609
"200",9650,4403,1,657
"201",9650,4404,1,584
"202",9650,4405,1,453
"203",9650,4406,1,333
"204",9650,4433,1,360
"205",9650,4434,1,539
"206",9650,4435,1,737
"207",9650,4436,1,889
"208",9650,4437,1,902
"209",9650,4438,1,826
"210",9650,4439,1,762
"211",9650,4440,1,725
"212",9650,4441,1,581
"213",9650,4442,1,399
"214",9650,4451,1,342
"215",9650,4452,1,485
"216",9650,4453,1,616
"217",9650,4454,1,622
"218",9650,4455,1,491
"219",9650,4456,1,339
"220",9651,4401,1,458
"221",9651,4402,1,659
"222",9651,4403,1,828
"223",9651,4404,1,734
"224",9651,4405,1,598
"225",9651,4406,1,472
"226",9651,4407,1,407
"227",9651,4408,1,350
"228",9651,4433,1,460
"229",9651,4434,1,649
"230",9651,4435,1,805
"231",9651,4436,1,838
"232",9651,4437,1,770
"233",9651,4438,1,664
"234",9651,4439,1,589
"235",9651,4440,1,552
"236",9651,4441,1,459
"237",9651,4442,1,333
"238",9651,4451,1,404
"239",9651,4452,1,537
"240",9651,4453,1,642
"241",9651,4454,1,614
"242",9651,4455,1,468
"243",9651,4456,1,315
"244",9652,4401,1,422
"245",9652,4402,1,605
"246",9652,4403,1,759
"247",9652,4404,1,837
"248",9652,4405,1,732
"249",9652,4406,1,620
"250",9652,4407,1,600
"251",9652,4408,1,526
"252",9652,4409,1,418
"253",9652,4410,1,327
"254",9652,4432,1,368
"255",9652,4433,1,573
"256",9652,4434,1,816
"257",9652,4435,1,1017
"258",9652,4436,1,1026
"259",9652,4437,1,848
"260",9652,4438,1,636
"261",9652,4439,1,476
"262",9652,4440,1,399
"263",9652,4441,1,334
"264",9652,4450,1,367
"265",9652,4451,1,500
"266",9652,4452,1,625
"267",9652,4453,1,648
"268",9652,4454,1,547
"269",9652,4455,1,408
"270",9653,4401,1,349
"271",9653,4402,1,517
"272",9653,4403,1,698
"273",9653,4404,1,816
"274",9653,4405,1,768
"275",9653,4406,1,779
"276",9653,4407,1,827
"277",9653,4408,1,726
"278",9653,4409,1,583
"279",9653,4410,1,505
"280",9653,4411,1,435
"281",9653,4412,1,345
"282",9653,4432,1,426
"283",9653,4433,1,661
"284",9653,4434,1,940
"285",9653,4435,1,1192
"286",9653,4436,1,1185
"287",9653,4437,1,926
"288",9653,4438,1,653
"289",9653,4439,1,445
"290",9653,4440,1,321
"291",9653,4448,1,302
"292",9653,4449,1,364
"293",9653,4450,1,476
"294",9653,4451,1,605
"295",9653,4452,1,727
"296",9653,4453,1,700
"297",9653,4454,1,536
"298",9653,4455,1,369
"299",9654,4402,1,406
"300",9654,4403,1,543
"301",9654,4404,1,638
"302",9654,4405,1,681
"303",9654,4406,1,843
"304",9654,4407,1,1007
"305",9654,4408,1,865
"306",9654,4409,1,741
"307",9654,4410,1,734
"308",9654,4411,1,652
"309",9654,4412,1,517
"310",9654,4413,1,384
"311",9654,4431,1,307
"312",9654,4432,1,498
"313",9654,4433,1,745
"314",9654,4434,1,997
"315",9654,4435,1,1185
"316",9654,4436,1,1148
"317",9654,4437,1,914
"318",9654,4438,1,652
"319",9654,4439,1,447
"320",9654,4440,1,320
"321",9654,4441,1,312
"322",9654,4442,1,323
"323",9654,4443,1,327
"324",9654,4444,1,364
"325",9654,4445,1,404
"326",9654,4446,1,415
"327",9654,4447,1,409
"328",9654,4448,1,449
"329",9654,4449,1,489
"330",9654,4450,1,587
"331",9654,4451,1,721
"332",9654,4452,1,751
"333",9654,4453,1,641
"334",9654,4454,1,477
"335",9654,4455,1,321
"336",9655,4403,1,379
"337",9655,4404,1,458
"338",9655,4405,1,565
"339",9655,4406,1,725
"340",9655,4407,1,848
"341",9655,4408,1,847
"342",9655,4409,1,929
"343",9655,4410,1,1011
"344",9655,4411,1,904
"345",9655,4412,1,726
"346",9655,4413,1,571
"347",9655,4414,1,427
"348",9655,4415,1,309
"349",9655,4431,1,342
"350",9655,4432,1,558
"351",9655,4433,1,846
"352",9655,4434,1,1160
"353",9655,4435,1,1365
"354",9655,4436,1,1243
"355",9655,4437,1,979
"356",9655,4438,1,712
"357",9655,4439,1,527
"358",9655,4440,1,427
"359",9655,4441,1,452
"360",9655,4442,1,499
"361",9655,4443,1,522
"362",9655,4444,1,555
"363",9655,4445,1,619
"364",9655,4446,1,626
"365",9655,4447,1,590
"366",9655,4448,1,639
"367",9655,4449,1,654
"368",9655,4450,1,649
"369",9655,4451,1,721
"370",9655,4452,1,705
"371",9655,4453,1,559
"372",9655,4454,1,390
"373",9656,4404,1,309
"374",9656,4405,1,416
"375",9656,4406,1,539
"376",9656,4407,1,651
"377",9656,4408,1,792
"378",9656,4409,1,1023
"379",9656,4410,1,1247
"380",9656,4411,1,1118
"381",9656,4412,1,983
"382",9656,4413,1,801
"383",9656,4414,1,615
"384",9656,4415,1,475
"385",9656,4416,1,361
"386",9656,4431,1,345
"387",9656,4432,1,563
"388",9656,4433,1,856
"389",9656,4434,1,1183
"390",9656,4435,1,1419
"391",9656,4436,1,1346
"392",9656,4437,1,1145
"393",9656,4438,1,884
"394",9656,4439,1,678
"395",9656,4440,1,599
"396",9656,4441,1,658
"397",9656,4442,1,745
"398",9656,4443,1,770
"399",9656,4444,1,770
"400",9656,4445,1,861
"401",9656,4446,1,857
"402",9656,4447,1,760
"403",9656,4448,1,818
"404",9656,4449,1,800
"405",9656,4450,1,675
"406",9656,4451,1,603
"407",9656,4452,1,547
"408",9656,4453,1,436
"409",9656,4454,1,309
"410",9657,4406,1,372
"411",9657,4407,1,479
"412",9657,4408,1,676
"413",9657,4409,1,911
"414",9657,4410,1,1119
"415",9657,4411,1,1249
"416",9657,4412,1,1228
"417",9657,4413,1,1046
"418",9657,4414,1,872
"419",9657,4415,1,695
"420",9657,4416,1,551
"421",9657,4417,1,462
"422",9657,4418,1,380
"423",9657,4419,1,340
"424",9657,4431,1,323
"425",9657,4432,1,520
"426",9657,4433,1,785
"427",9657,4434,1,1090
"428",9657,4435,1,1405
"429",9657,4436,1,1542
"430",9657,4437,1,1350
"431",9657,4438,1,1062
"432",9657,4439,1,867
"433",9657,4440,1,844
"434",9657,4441,1,896
"435",9657,4442,1,1020
"436",9657,4443,1,1026
"437",9657,4444,1,932
"438",9657,4445,1,1016
"439",9657,4446,1,993
"440",9657,4447,1,837
"441",9657,4448,1,832
"442",9657,4449,1,786
"443",9657,4450,1,622
"444",9657,4451,1,472
"445",9657,4452,1,388
"446",9657,4453,1,307
"447",9658,4407,1,364
"448",9658,4408,1,526
"449",9658,4409,1,730
"450",9658,4410,1,983
"451",9658,4411,1,1227
"452",9658,4412,1,1317
"453",9658,4413,1,1314
"454",9658,4414,1,1159
"455",9658,4415,1,971
"456",9658,4416,1,845
"457",9658,4417,1,707
"458",9658,4418,1,601
"459",9658,4419,1,559
"460",9658,4420,1,482
"461",9658,4421,1,406
"462",9658,4422,1,375
"463",9658,4423,1,325
"464",9658,4431,1,313
"465",9658,4432,1,496
"466",9658,4433,1,763
"467",9658,4434,1,1073
"468",9658,4435,1,1390
"469",9658,4436,1,1568
"470",9658,4437,1,1421
"471",9658,4438,1,1195
"472",9658,4439,1,1106
"473",9658,4440,1,1128
"474",9658,4441,1,1100
"475",9658,4442,1,1205
"476",9658,4443,1,1175
"477",9658,4444,1,983
"478",9658,4445,1,920
"479",9658,4446,1,863
"480",9658,4447,1,728
"481",9658,4448,1,662
"482",9658,4449,1,607
"483",9658,4450,1,488
"484",9658,4451,1,360
"485",9659,4408,1,387
"486",9659,4409,1,572
"487",9659,4410,1,799
"488",9659,4411,1,1041
"489",9659,4412,1,1308
"490",9659,4413,1,1543
"491",9659,4414,1,1400
"492",9659,4415,1,1321
"493",9659,4416,1,1180
"494",9659,4417,1,1006
"495",9659,4418,1,946
"496",9659,4419,1,871
"497",9659,4420,1,752
"498",9659,4421,1,654
"499",9659,4422,1,619
"500",9659,4423,1,533
"501",9659,4424,1,420
"502",9659,4425,1,324
"503",9659,4431,1,387
"504",9659,4432,1,588
"505",9659,4433,1,852
"506",9659,4434,1,1118
"507",9659,4435,1,1356
"508",9659,4436,1,1481
"509",9659,4437,1,1455
"510",9659,4438,1,1380
"511",9659,4439,1,1335
"512",9659,4440,1,1396
"513",9659,4441,1,1254
"514",9659,4442,1,1130
"515",9659,4443,1,1034
"516",9659,4444,1,851
"517",9659,4445,1,709
"518",9659,4446,1,635
"519",9659,4447,1,537
"520",9659,4448,1,461
"521",9659,4449,1,412
"522",9659,4450,1,337
"523",9660,4409,1,425
"524",9660,4410,1,609
"525",9660,4411,1,858
"526",9660,4412,1,1128
"527",9660,4413,1,1350
"528",9660,4414,1,1492
"529",9660,4415,1,1622
"530",9660,4416,1,1471
"531",9660,4417,1,1316
"532",9660,4418,1,1350
"533",9660,4419,1,1259
"534",9660,4420,1,1105
"535",9660,4421,1,1046
"536",9660,4422,1,966
"537",9660,4423,1,822
"538",9660,4424,1,657
"539",9660,4425,1,512
"540",9660,4426,1,399
"541",9660,4427,1,318
"542",9660,4429,1,336
"543",9660,4430,1,381
"544",9660,4431,1,510
"545",9660,4432,1,726
"546",9660,4433,1,1033
"547",9660,4434,1,1378
"548",9660,4435,1,1666
"549",9660,4436,1,1737
"550",9660,4437,1,1677
"551",9660,4438,1,1592
"552",9660,4439,1,1407
"553",9660,4440,1,1402
"554",9660,4441,1,1205
"555",9660,4442,1,948
"556",9660,4443,1,791
"557",9660,4444,1,639
"558",9660,4445,1,496
"559",9660,4446,1,425
"560",9660,4447,1,356
"561",9661,4409,1,304
"562",9661,4410,1,462
"563",9661,4411,1,658
"564",9661,4412,1,875
"565",9661,4413,1,1097
"566",9661,4414,1,1416
"567",9661,4415,1,1627
"568",9661,4416,1,1569
"569",9661,4417,1,1657
"570",9661,4418,1,1796
"571",9661,4419,1,1684
"572",9661,4420,1,1515
"573",9661,4421,1,1504
"574",9661,4422,1,1394
"575",9661,4423,1,1180
"576",9661,4424,1,969
"577",9661,4425,1,769
"578",9661,4426,1,614
"579",9661,4427,1,493
"580",9661,4428,1,469
"581",9661,4429,1,549
"582",9661,4430,1,651
"583",9661,4431,1,744
"584",9661,4432,1,917
"585",9661,4433,1,1228
"586",9661,4434,1,1596
"587",9661,4435,1,1907
"588",9661,4436,1,1920
"589",9661,4437,1,1709
"590",9661,4438,1,1567
"591",9661,4439,1,1307
"592",9661,4440,1,1145
"593",9661,4441,1,973
"594",9661,4442,1,757
"595",9661,4443,1,569
"596",9661,4444,1,443
"597",9661,4445,1,339
"598",9662,4410,1,338
"599",9662,4411,1,483
"600",9662,4412,1,660
"601",9662,4413,1,906
"602",9662,4414,1,1163
"603",9662,4415,1,1340
"604",9662,4416,1,1448
"605",9662,4417,1,1810
"606",9662,4418,1,2154
"607",9662,4419,1,2065
"608",9662,4420,1,1957
"609",9662,4421,1,2011
"610",9662,4422,1,1874
"611",9662,4423,1,1620
"612",9662,4424,1,1354
"613",9662,4425,1,1117
"614",9662,4426,1,892
"615",9662,4427,1,716
"616",9662,4428,1,691
"617",9662,4429,1,825
"618",9662,4430,1,998
"619",9662,4431,1,1142
"620",9662,4432,1,1275
"621",9662,4433,1,1546
"622",9662,4434,1,1814
"623",9662,4435,1,1905
"624",9662,4436,1,1794
"625",9662,4437,1,1482
"626",9662,4438,1,1289
"627",9662,4439,1,1056
"628",9662,4440,1,843
"629",9662,4441,1,700
"630",9662,4442,1,548
"631",9662,4443,1,404
"632",9663,4411,1,384
"633",9663,4412,1,547
"634",9663,4413,1,726
"635",9663,4414,1,888
"636",9663,4415,1,1041
"637",9663,4416,1,1299
"638",9663,4417,1,1669
"639",9663,4418,1,2033
"640",9663,4419,1,2345
"641",9663,4420,1,2260
"642",9663,4421,1,2460
"643",9663,4422,1,2324
"644",9663,4423,1,2072
"645",9663,4424,1,1800
"646",9663,4425,1,1514
"647",9663,4426,1,1210
"648",9663,4427,1,980
"649",9663,4428,1,956
"650",9663,4429,1,1150
"651",9663,4430,1,1407
"652",9663,4431,1,1611
"653",9663,4432,1,1728
"654",9663,4433,1,1919
"655",9663,4434,1,2141
"656",9663,4435,1,2109
"657",9663,4436,1,1768
"658",9663,4437,1,1316
"659",9663,4438,1,1014
"660",9663,4439,1,788
"661",9663,4440,1,586
"662",9663,4441,1,469
"663",9663,4442,1,367
"664",9664,4411,1,374
"665",9664,4412,1,518
"666",9664,4413,1,659
"667",9664,4414,1,748
"668",9664,4415,1,845
"669",9664,4416,1,1052
"670",9664,4417,1,1405
"671",9664,4418,1,1791
"672",9664,4419,1,2080
"673",9664,4420,1,2287
"674",9664,4421,1,2571
"675",9664,4422,1,2696
"676",9664,4423,1,2440
"677",9664,4424,1,2253
"678",9664,4425,1,1911
"679",9664,4426,1,1553
"680",9664,4427,1,1308
"681",9664,4428,1,1262
"682",9664,4429,1,1494
"683",9664,4430,1,1837
"684",9664,4431,1,2118
"685",9664,4432,1,2208
"686",9664,4433,1,2329
"687",9664,4434,1,2288
"688",9664,4435,1,2122
"689",9664,4436,1,1715
"690",9664,4437,1,1257
"691",9664,4438,1,852
"692",9664,4439,1,592
"693",9664,4440,1,422
"694",9664,4441,1,308
"695",9665,4394,1,337
"696",9665,4395,1,341
"697",9665,4410,1,305
"698",9665,4411,1,456
"699",9665,4412,1,631
"700",9665,4413,1,801
"701",9665,4414,1,845
"702",9665,4415,1,799
"703",9665,4416,1,844
"704",9665,4417,1,1132
"705",9665,4418,1,1435
"706",9665,4419,1,1696
"707",9665,4420,1,2022
"708",9665,4421,1,2347
"709",9665,4422,1,2697
"710",9665,4423,1,2709
"711",9665,4424,1,2607
"712",9665,4425,1,2264
"713",9665,4426,1,1963
"714",9665,4427,1,1703
"715",9665,4428,1,1663
"716",9665,4429,1,1841
"717",9665,4430,1,2224
"718",9665,4431,1,2576
"719",9665,4432,1,2652
"720",9665,4433,1,2660
"721",9665,4434,1,2306
"722",9665,4435,1,1896
"723",9665,4436,1,1502
"724",9665,4437,1,1109
"725",9665,4438,1,759
"726",9665,4439,1,480
"727",9665,4440,1,309
"728",9666,4393,1,400
"729",9666,4394,1,491
"730",9666,4395,1,498
"731",9666,4396,1,428
"732",9666,4397,1,359
"733",9666,4398,1,354
"734",9666,4399,1,376
"735",9666,4400,1,378
"736",9666,4401,1,357
"737",9666,4402,1,341
"738",9666,4403,1,304
"739",9666,4410,1,372
"740",9666,4411,1,564
"741",9666,4412,1,785
"742",9666,4413,1,968
"743",9666,4414,1,1004
"744",9666,4415,1,910
"745",9666,4416,1,825
"746",9666,4417,1,871
"747",9666,4418,1,1128
"748",9666,4419,1,1425
"749",9666,4420,1,1863
"750",9666,4421,1,2339
"751",9666,4422,1,2757
"752",9666,4423,1,2846
"753",9666,4424,1,2809
"754",9666,4425,1,2680
"755",9666,4426,1,2398
"756",9666,4427,1,2216
"757",9666,4428,1,2241
"758",9666,4429,1,2252
"759",9666,4430,1,2565
"760",9666,4431,1,2805
"761",9666,4432,1,2736
"762",9666,4433,1,2448
"763",9666,4434,1,2089
"764",9666,4435,1,1663
"765",9666,4436,1,1246
"766",9666,4437,1,912
"767",9666,4438,1,635
"768",9666,4439,1,413
"769",9667,4392,1,336
"770",9667,4393,1,489
"771",9667,4394,1,626
"772",9667,4395,1,637
"773",9667,4396,1,535
"774",9667,4397,1,460
"775",9667,4398,1,497
"776",9667,4399,1,560
"777",9667,4400,1,574
"778",9667,4401,1,543
"779",9667,4402,1,531
"780",9667,4403,1,471
"781",9667,4404,1,372
"782",9667,4410,1,429
"783",9667,4411,1,660
"784",9667,4412,1,941
"785",9667,4413,1,1201
"786",9667,4414,1,1258
"787",9667,4415,1,1128
"788",9667,4416,1,978
"789",9667,4417,1,893
"790",9667,4418,1,1019
"791",9667,4419,1,1485
"792",9667,4420,1,1994
"793",9667,4421,1,2525
"794",9667,4422,1,2968
"795",9667,4423,1,3036
"796",9667,4424,1,2920
"797",9667,4425,1,2904
"798",9667,4426,1,2858
"799",9667,4427,1,2857
"800",9667,4428,1,2824
"801",9667,4429,1,2645
"802",9667,4430,1,2902
"803",9667,4431,1,3138
"804",9667,4432,1,2763
"805",9667,4433,1,2225
"806",9667,4434,1,1791
"807",9667,4435,1,1403
"808",9667,4436,1,1046
"809",9667,4437,1,739
"810",9667,4438,1,515
"811",9667,4439,1,345
"812",9668,4392,1,336
"813",9668,4393,1,490
"814",9668,4394,1,628
"815",9668,4395,1,644
"816",9668,4396,1,558
"817",9668,4397,1,519
"818",9668,4398,1,627
"819",9668,4399,1,754
"820",9668,4400,1,789
"821",9668,4401,1,757
"822",9668,4402,1,762
"823",9668,4403,1,671
"824",9668,4404,1,519
"825",9668,4405,1,371
"826",9668,4410,1,453
"827",9668,4411,1,689
"828",9668,4412,1,988
"829",9668,4413,1,1281
"830",9668,4414,1,1406
"831",9668,4415,1,1379
"832",9668,4416,1,1188
"833",9668,4417,1,1086
"834",9668,4418,1,1272
"835",9668,4419,1,1828
"836",9668,4420,1,2339
"837",9668,4421,1,2839
"838",9668,4422,1,3158
"839",9668,4423,1,3129
"840",9668,4424,1,2926
"841",9668,4425,1,3102
"842",9668,4426,1,3193
"843",9668,4427,1,3348
"844",9668,4428,1,3340
"845",9668,4429,1,3107
"846",9668,4430,1,3201
"847",9668,4431,1,3145
"848",9668,4432,1,2670
"849",9668,4433,1,2125
"850",9668,4434,1,1592
"851",9668,4435,1,1181
"852",9668,4436,1,874
"853",9668,4437,1,627
"854",9668,4438,1,431
"855",9669,4393,1,402
"856",9669,4394,1,498
"857",9669,4395,1,519
"858",9669,4396,1,492
"859",9669,4397,1,532
"860",9669,4398,1,685
"861",9669,4399,1,867
"862",9669,4400,1,928
"863",9669,4401,1,930
"864",9669,4402,1,975
"865",9669,4403,1,848
"866",9669,4404,1,655
"867",9669,4405,1,479
"868",9669,4406,1,354
"869",9669,4409,1,333
"870",9669,4410,1,458
"871",9669,4411,1,670
"872",9669,4412,1,947
"873",9669,4413,1,1240
"874",9669,4414,1,1493
"875",9669,4415,1,1519
"876",9669,4416,1,1380
"877",9669,4417,1,1423
"878",9669,4418,1,1923
"879",9669,4419,1,2326
"880",9669,4420,1,2691
"881",9669,4421,1,3179
"882",9669,4422,1,3558
"883",9669,4423,1,3280
"884",9669,4424,1,2939
"885",9669,4425,1,3017
"886",9669,4426,1,3190
"887",9669,4427,1,3518
"888",9669,4428,1,3612
"889",9669,4429,1,3540
"890",9669,4430,1,3388
"891",9669,4431,1,3160
"892",9669,4432,1,2646
"893",9669,4433,1,2080
"894",9669,4434,1,1544
"895",9669,4435,1,1067
"896",9669,4436,1,768
"897",9669,4437,1,561
"898",9669,4438,1,405
"899",9670,4394,1,347
"900",9670,4395,1,370
"901",9670,4396,1,383
"902",9670,4397,1,465
"903",9670,4398,1,613
"904",9670,4399,1,768
"905",9670,4400,1,848
"906",9670,4401,1,924
"907",9670,4402,1,1006
"908",9670,4403,1,915
"909",9670,4404,1,761
"910",9670,4405,1,609
"911",9670,4406,1,506
"912",9670,4407,1,431
"913",9670,4408,1,412
"914",9670,4409,1,421
"915",9670,4410,1,499
"916",9670,4411,1,687
"917",9670,4412,1,970
"918",9670,4413,1,1309
"919",9670,4414,1,1619
"920",9670,4415,1,1690
"921",9670,4416,1,1634
"922",9670,4417,1,1912
"923",9670,4418,1,2479
"924",9670,4419,1,2874
"925",9670,4420,1,3109
"926",9670,4421,1,3484
"927",9670,4422,1,3820
"928",9670,4423,1,3527
"929",9670,4424,1,3189
"930",9670,4425,1,3078
"931",9670,4426,1,3386
"932",9670,4427,1,3734
"933",9670,4428,1,3943
"934",9670,4429,1,3929
"935",9670,4430,1,3600
"936",9670,4431,1,3104
"937",9670,4432,1,2528
"938",9670,4433,1,1993
"939",9670,4434,1,1494
"940",9670,4435,1,1056
"941",9670,4436,1,794
"942",9670,4437,1,602
"943",9670,4438,1,452
"944",9670,4439,1,341
"945",9671,4397,1,356
"946",9671,4398,1,472
"947",9671,4399,1,585
"948",9671,4400,1,671
"949",9671,4401,1,786
"950",9671,4402,1,896
"951",9671,4403,1,926
"952",9671,4404,1,924
"953",9671,4405,1,839
"954",9671,4406,1,732
"955",9671,4407,1,656
"956",9671,4408,1,626
"957",9671,4409,1,603
"958",9671,4410,1,630
"959",9671,4411,1,774
"960",9671,4412,1,1038
"961",9671,4413,1,1369
"962",9671,4414,1,1662
"963",9671,4415,1,1780
"964",9671,4416,1,1893
"965",9671,4417,1,2524
"966",9671,4418,1,3035
"967",9671,4419,1,3364
"968",9671,4420,1,3513
"969",9671,4421,1,3759
"970",9671,4422,1,3952
"971",9671,4423,1,3871
"972",9671,4424,1,3797
"973",9671,4425,1,3622
"974",9671,4426,1,3753
"975",9671,4427,1,3983
"976",9671,4428,1,3983
"977",9671,4429,1,3804
"978",9671,4430,1,3497
"979",9671,4431,1,3063
"980",9671,4432,1,2552
"981",9671,4433,1,2036
"982",9671,4434,1,1550
"983",9671,4435,1,1221
"984",9671,4436,1,959
"985",9671,4437,1,737
"986",9671,4438,1,568
"987",9671,4439,1,455
"988",9671,4440,1,356
"989",9672,4398,1,330
"990",9672,4399,1,416
"991",9672,4400,1,512
"992",9672,4401,1,663
"993",9672,4402,1,863
"994",9672,4403,1,1057
"995",9672,4404,1,1175
"996",9672,4405,1,1117
"997",9672,4406,1,1029
"998",9672,4407,1,954
"999",9672,4408,1,925
"1000",9672,4409,1,876
"1001",9672,4410,1,862
"1002",9672,4411,1,953
"1003",9672,4412,1,1195
"1004",9672,4413,1,1538
"1005",9672,4414,1,1877
"1006",9672,4415,1,2020
"1007",9672,4416,1,2160
"1008",9672,4417,1,2851
"1009",9672,4418,1,3344
"1010",9672,4419,1,3500
"1011",9672,4420,1,3562
"1012",9672,4421,1,3762
"1013",9672,4422,1,3990
"1014",9672,4423,1,4199
"1015",9672,4424,1,4250
"1016",9672,4425,1,4076
"1017",9672,4426,1,4150
"1018",9672,4427,1,3936
"1019",9672,4428,1,3699
"1020",9672,4429,1,3616
"1021",9672,4430,1,3370
"1022",9672,4431,1,3143
"1023",9672,4432,1,2729
"1024",9672,4433,1,2229
"1025",9672,4434,1,1835
"1026",9672,4435,1,1513
"1027",9672,4436,1,1202
"1028",9672,4437,1,921
"1029",9672,4438,1,767
"1030",9672,4439,1,634
"1031",9672,4440,1,496
"1032",9672,4441,1,373
"1033",9673,4400,1,421
"1034",9673,4401,1,611
"1035",9673,4402,1,868
"1036",9673,4403,1,1159
"1037",9673,4404,1,1403
"1038",9673,4405,1,1364
"1039",9673,4406,1,1342
"1040",9673,4407,1,1306
"1041",9673,4408,1,1284
"1042",9673,4409,1,1226
"1043",9673,4410,1,1174
"1044",9673,4411,1,1228
"1045",9673,4412,1,1407
"1046",9673,4413,1,1715
"1047",9673,4414,1,2042
"1048",9673,4415,1,2215
"1049",9673,4416,1,2422
"1050",9673,4417,1,3050
"1051",9673,4418,1,3307
"1052",9673,4419,1,3327
"1053",9673,4420,1,3270
"1054",9673,4421,1,3426
"1055",9673,4422,1,3743
"1056",9673,4423,1,4193
"1057",9673,4424,1,4490
"1058",9673,4425,1,4271
"1059",9673,4426,1,4193
"1060",9673,4427,1,3840
"1061",9673,4428,1,3342
"1062",9673,4429,1,3174
"1063",9673,4430,1,3036
"1064",9673,4431,1,3033
"1065",9673,4432,1,2824
"1066",9673,4433,1,2465
"1067",9673,4434,1,2191
"1068",9673,4435,1,1833
"1069",9673,4436,1,1477
"1070",9673,4437,1,1220
"1071",9673,4438,1,1061
"1072",9673,4439,1,885
"1073",9673,4440,1,698
"1074",9673,4441,1,526
"1075",9673,4442,1,379
"1076",9674,4400,1,356
"1077",9674,4401,1,548
"1078",9674,4402,1,803
"1079",9674,4403,1,1094
"1080",9674,4404,1,1349
"1081",9674,4405,1,1524
"1082",9674,4406,1,1557
"1083",9674,4407,1,1591
"1084",9674,4408,1,1613
"1085",9674,4409,1,1579
"1086",9674,4410,1,1517
"1087",9674,4411,1,1579
"1088",9674,4412,1,1669
"1089",9674,4413,1,1899
"1090",9674,4414,1,2193
"1091",9674,4415,1,2418
"1092",9674,4416,1,2820
"1093",9674,4417,1,3338
"1094",9674,4418,1,3459
"1095",9674,4419,1,3227
"1096",9674,4420,1,3036
"1097",9674,4421,1,3203
"1098",9674,4422,1,3717
"1099",9674,4423,1,4246
"1100",9674,4424,1,4546
"1101",9674,4425,1,4295
"1102",9674,4426,1,3908
"1103",9674,4427,1,3549
"1104",9674,4428,1,3110
"1105",9674,4429,1,2752
"1106",9674,4430,1,2671
"1107",9674,4431,1,2722
"1108",9674,4432,1,2775
"1109",9674,4433,1,2609
"1110",9674,4434,1,2434
"1111",9674,4435,1,2055
"1112",9674,4436,1,1716
"1113",9674,4437,1,1590
"1114",9674,4438,1,1430
"1115",9674,4439,1,1196
"1116",9674,4440,1,955
"1117",9674,4441,1,722
"1118",9674,4442,1,534
"1119",9674,4443,1,404
"1120",9674,4444,1,312
"1121",9675,4401,1,466
"1122",9675,4402,1,697
"1123",9675,4403,1,985
"1124",9675,4404,1,1296
"1125",9675,4405,1,1545
"1126",9675,4406,1,1526
"1127",9675,4407,1,1636
"1128",9675,4408,1,1759
"1129",9675,4409,1,1809
"1130",9675,4410,1,1834
"1131",9675,4411,1,1964
"1132",9675,4412,1,2012
"1133",9675,4413,1,2143
"1134",9675,4414,1,2361
"1135",9675,4415,1,2588
"1136",9675,4416,1,2832
"1137",9675,4417,1,3419
"1138",9675,4418,1,3580
"1139",9675,4419,1,3348
"1140",9675,4420,1,3140
"1141",9675,4421,1,3290
"1142",9675,4422,1,3735
"1143",9675,4423,1,4228
"1144",9675,4424,1,4499
"1145",9675,4425,1,4219
"1146",9675,4426,1,3682
"1147",9675,4427,1,3304
"1148",9675,4428,1,2927
"1149",9675,4429,1,2644
"1150",9675,4430,1,2511
"1151",9675,4431,1,2547
"1152",9675,4432,1,2587
"1153",9675,4433,1,2522
"1154",9675,4434,1,2389
"1155",9675,4435,1,2145
"1156",9675,4436,1,2019
"1157",9675,4437,1,2011
"1158",9675,4438,1,1828
"1159",9675,4439,1,1552
"1160",9675,4440,1,1243
"1161",9675,4441,1,961
"1162",9675,4442,1,741
"1163",9675,4443,1,604
"1164",9675,4444,1,482
"1165",9675,4445,1,362
"1166",9676,4401,1,395
"1167",9676,4402,1,613
"1168",9676,4403,1,893
"1169",9676,4404,1,1196
"1170",9676,4405,1,1410
"1171",9676,4406,1,1402
"1172",9676,4407,1,1464
"1173",9676,4408,1,1622
"1174",9676,4409,1,1761
"1175",9676,4410,1,1988
"1176",9676,4411,1,2278
"1177",9676,4412,1,2359
"1178",9676,4413,1,2475
"1179",9676,4414,1,2610
"1180",9676,4415,1,2741
"1181",9676,4416,1,2933
"1182",9676,4417,1,3486
"1183",9676,4418,1,3831
"1184",9676,4419,1,3627
"1185",9676,4420,1,3423
"1186",9676,4421,1,3524
"1187",9676,4422,1,3895
"1188",9676,4423,1,4320
"1189",9676,4424,1,4557
"1190",9676,4425,1,4294
"1191",9676,4426,1,3904
"1192",9676,4427,1,3546
"1193",9676,4428,1,3229
"1194",9676,4429,1,2972
"1195",9676,4430,1,2843
"1196",9676,4431,1,2753
"1197",9676,4432,1,2714
"1198",9676,4433,1,2629
"1199",9676,4434,1,2432
"1200",9676,4435,1,2278
"1201",9676,4436,1,2297
"1202",9676,4437,1,2363
"1203",9676,4438,1,2152
"1204",9676,4439,1,1863
"1205",9676,4440,1,1531
"1206",9676,4441,1,1227
"1207",9676,4442,1,1030
"1208",9676,4443,1,880
"1209",9676,4444,1,712
"1210",9676,4445,1,539
"1211",9676,4446,1,389
"1212",9677,4401,1,359
"1213",9677,4402,1,567
"1214",9677,4403,1,839
"1215",9677,4404,1,1134
"1216",9677,4405,1,1335
"1217",9677,4406,1,1295
"1218",9677,4407,1,1260
"1219",9677,4408,1,1397
"1220",9677,4409,1,1599
"1221",9677,4410,1,1932
"1222",9677,4411,1,2264
"1223",9677,4412,1,2532
"1224",9677,4413,1,2751
"1225",9677,4414,1,2780
"1226",9677,4415,1,2907
"1227",9677,4416,1,3135
"1228",9677,4417,1,3643
"1229",9677,4418,1,4037
"1230",9677,4419,1,3941
"1231",9677,4420,1,3832
"1232",9677,4421,1,3898
"1233",9677,4422,1,4201
"1234",9677,4423,1,4497
"1235",9677,4424,1,4673
"1236",9677,4425,1,4363
"1237",9677,4426,1,4163
"1238",9677,4427,1,3788
"1239",9677,4428,1,3595
"1240",9677,4429,1,3349
"1241",9677,4430,1,3221
"1242",9677,4431,1,3088
"1243",9677,4432,1,2934
"1244",9677,4433,1,2812
"1245",9677,4434,1,2644
"1246",9677,4435,1,2439
"1247",9677,4436,1,2494
"1248",9677,4437,1,2305
"1249",9677,4438,1,2195
"1250",9677,4439,1,2047
"1251",9677,4440,1,1760
"1252",9677,4441,1,1504
"1253",9677,4442,1,1383
"1254",9677,4443,1,1216
"1255",9677,4444,1,989
"1256",9677,4445,1,761
"1257",9677,4446,1,580
"1258",9677,4447,1,440
"1259",9677,4448,1,316
"1260",9678,4401,1,338
"1261",9678,4402,1,532
"1262",9678,4403,1,785
"1263",9678,4404,1,1065
"1264",9678,4405,1,1279
"1265",9678,4406,1,1203
"1266",9678,4407,1,1138
"1267",9678,4408,1,1222
"1268",9678,4409,1,1512
"1269",9678,4410,1,1885
"1270",9678,4411,1,2332
"1271",9678,4412,1,2713
"1272",9678,4413,1,2867
"1273",9678,4414,1,2859
"1274",9678,4415,1,3109
"1275",9678,4416,1,3343
"1276",9678,4417,1,3691
"1277",9678,4418,1,4045
"1278",9678,4419,1,4271
"1279",9678,4420,1,4218
"1280",9678,4421,1,4252
"1281",9678,4422,1,4522
"1282",9678,4423,1,4752
"1283",9678,4424,1,4521
"1284",9678,4425,1,4262
"1285",9678,4426,1,3966
"1286",9678,4427,1,3690
"1287",9678,4428,1,3621
"1288",9678,4429,1,3412
"1289",9678,4430,1,3283
"1290",9678,4431,1,3125
"1291",9678,4432,1,2828
"1292",9678,4433,1,2633
"1293",9678,4434,1,2565
"1294",9678,4435,1,2363
"1295",9678,4436,1,2250
"1296",9678,4437,1,2103
"1297",9678,4438,1,2025
"1298",9678,4439,1,2008
"1299",9678,4440,1,1962
"1300",9678,4441,1,1822
"1301",9678,4442,1,1771
"1302",9678,4443,1,1565
"1303",9678,4444,1,1279
"1304",9678,4445,1,1028
"1305",9678,4446,1,825
"1306",9678,4447,1,631
"1307",9678,4448,1,451
"1308",9678,4449,1,302
"1309",9679,4401,1,340
"1310",9679,4402,1,511
"1311",9679,4403,1,716
"1312",9679,4404,1,930
"1313",9679,4405,1,1072
"1314",9679,4406,1,1065
"1315",9679,4407,1,1063
"1316",9679,4408,1,1192
"1317",9679,4409,1,1550
"1318",9679,4410,1,1983
"1319",9679,4411,1,2452
"1320",9679,4412,1,2856
"1321",9679,4413,1,3019
"1322",9679,4414,1,3034
"1323",9679,4415,1,3247
"1324",9679,4416,1,3529
"1325",9679,4417,1,3782
"1326",9679,4418,1,4211
"1327",9679,4419,1,4486
"1328",9679,4420,1,4479
"1329",9679,4421,1,4545
"1330",9679,4422,1,4746
"1331",9679,4423,1,4702
"1332",9679,4424,1,4370
"1333",9679,4425,1,4015
"1334",9679,4426,1,3688
"1335",9679,4427,1,3458
"1336",9679,4428,1,3350
"1337",9679,4429,1,3172
"1338",9679,4430,1,3063
"1339",9679,4431,1,2887
"1340",9679,4432,1,2556
"1341",9679,4433,1,2283
"1342",9679,4434,1,2187
"1343",9679,4435,1,2035
"1344",9679,4436,1,1889
"1345",9679,4437,1,1823
"1346",9679,4438,1,1836
"1347",9679,4439,1,2007
"1348",9679,4440,1,2188
"1349",9679,4441,1,2094
"1350",9679,4442,1,2077
"1351",9679,4443,1,1819
"1352",9679,4444,1,1581
"1353",9679,4445,1,1328
"1354",9679,4446,1,1097
"1355",9679,4447,1,837
"1356",9679,4448,1,595
"1357",9679,4449,1,403
"1358",9680,4401,1,400
"1359",9680,4402,1,535
"1360",9680,4403,1,655
"1361",9680,4404,1,781
"1362",9680,4405,1,860
"1363",9680,4406,1,898
"1364",9680,4407,1,1007
"1365",9680,4408,1,1214
"1366",9680,4409,1,1623
"1367",9680,4410,1,2089
"1368",9680,4411,1,2584
"1369",9680,4412,1,3035
"1370",9680,4413,1,3253
"1371",9680,4414,1,3312
"1372",9680,4415,1,3490
"1373",9680,4416,1,3760
"1374",9680,4417,1,4050
"1375",9680,4418,1,4484
"1376",9680,4419,1,4704
"1377",9680,4420,1,4700
"1378",9680,4421,1,4818
"1379",9680,4422,1,4900
"1380",9680,4423,1,4605
"1381",9680,4424,1,4211
"1382",9680,4425,1,3809
"1383",9680,4426,1,3496
"1384",9680,4427,1,3244
"1385",9680,4428,1,3068
"1386",9680,4429,1,2865
"1387",9680,4430,1,2726
"1388",9680,4431,1,2519
"1389",9680,4432,1,2214
"1390",9680,4433,1,1914
"1391",9680,4434,1,1796
"1392",9680,4435,1,1688
"1393",9680,4436,1,1585
"1394",9680,4437,1,1661
"1395",9680,4438,1,1802
"1396",9680,4439,1,1968
"1397",9680,4440,1,2101
"1398",9680,4441,1,2051
"1399",9680,4442,1,1924
"1400",9680,4443,1,1844
"1401",9680,4444,1,1740
"1402",9680,4445,1,1574
"1403",9680,4446,1,1313
"1404",9680,4447,1,1004
"1405",9680,4448,1,732
"1406",9680,4449,1,539
"1407",9680,4450,1,389
"1408",9681,4400,1,346
"1409",9681,4401,1,504
"1410",9681,4402,1,649
"1411",9681,4403,1,715
"1412",9681,4404,1,711
"1413",9681,4405,1,694
"1414",9681,4406,1,712
"1415",9681,4408,1,1262
"1416",9681,4409,1,1633
"1417",9681,4410,1,2108
"1418",9681,4411,1,2604
"1419",9681,4412,1,3082
"1420",9681,4413,1,3463
"1421",9681,4414,1,3631
"1422",9681,4415,1,3799
"1423",9681,4416,1,4031
"1424",9681,4417,1,4310
"1425",9681,4418,1,4688
"1426",9681,4419,1,4973
"1427",9681,4420,1,4968
"1428",9681,4421,1,4999
"1429",9681,4422,1,4861
"1430",9681,4423,1,4521
"1431",9681,4424,1,4120
"1432",9681,4425,1,3732
"1433",9681,4426,1,3402
"1434",9681,4427,1,3117
"1435",9681,4428,1,2880
"1436",9681,4429,1,2630
"1437",9681,4430,1,2424
"1438",9681,4431,1,2178
"1439",9681,4432,1,1904
"1440",9681,4433,1,1649
"1441",9681,4434,1,1554
"1442",9681,4435,1,1510
"1443",9681,4436,1,1581
"1444",9681,4437,1,1744
"1445",9681,4438,1,1930
"1446",9681,4439,1,2018
"1447",9681,4440,1,1992
"1448",9681,4441,1,1808
"1449",9681,4442,1,1617
"1450",9681,4443,1,1594
"1451",9681,4444,1,1549
"1452",9681,4445,1,1530
"1453",9681,4446,1,1335
"1454",9681,4447,1,1088
"1455",9681,4448,1,906
"1456",9681,4449,1,719
"1457",9681,4450,1,541
"1458",9681,4451,1,408
"1459",9681,4452,1,317
"1460",9682,4400,1,401
"1461",9682,4401,1,602
"1462",9682,4402,1,786
"1463",9682,4403,1,825
"1464",9682,4404,1,727
"1465",9682,4405,1,644
"1466",9682,4406,1,646
"1467",9682,4407,1,781
"1468",9682,4408,1,1125
"1469",9682,4409,1,1509
"1470",9682,4410,1,2068
"1471",9682,4411,1,2578
"1472",9682,4412,1,3000
"1473",9682,4413,1,3361
"1474",9682,4414,1,3705
"1475",9682,4415,1,4039
"1476",9682,4416,1,4307
"1477",9682,4417,1,4609
"1478",9682,4418,1,4964
"1479",9682,4419,1,5178
"1480",9682,4420,1,5229
"1481",9682,4421,1,5219
"1482",9682,4422,1,4898
"1483",9682,4423,1,4503
"1484",9682,4424,1,4126
"1485",9682,4425,1,3756
"1486",9682,4426,1,3406
"1487",9682,4427,1,3077
"1488",9682,4428,1,2784
"1489",9682,4429,1,2497
"1490",9682,4430,1,2240
"1491",9682,4431,1,1953
"1492",9682,4432,1,1744
"1493",9682,4433,1,1622
"1494",9682,4434,1,1602
"1495",9682,4435,1,1636
"1496",9682,4436,1,1772
"1497",9682,4437,1,1908
"1498",9682,4438,1,1956
"1499",9682,4439,1,1898
"1500",9682,4440,1,1733
"1501",9682,4441,1,1492
"1502",9682,4442,1,1282
"1503",9682,4443,1,1238
"1504",9682,4444,1,1222
"1505",9682,4445,1,1246
"1506",9682,4446,1,1196
"1507",9682,4447,1,1194
"1508",9682,4448,1,1114
"1509",9682,4449,1,911
"1510",9682,4450,1,705
"1511",9682,4451,1,588
"1512",9682,4452,1,471
"1513",9682,4453,1,351
"1514",9683,4400,1,402
"1515",9683,4401,1,632
"1516",9683,4402,1,828
"1517",9683,4403,1,852
"1518",9683,4404,1,700
"1519",9683,4405,1,589
"1520",9683,4406,1,574
"1521",9683,4407,1,682
"1522",9683,4408,1,938
"1523",9683,4409,1,1185
"1524",9683,4411,1,2634
"1525",9683,4412,1,2896
"1526",9683,4413,1,3206
"1527",9683,4414,1,3559
"1528",9683,4415,1,3962
"1529",9683,4416,1,4415
"1530",9683,4417,1,4836
"1531",9683,4418,1,5194
"1532",9683,4419,1,5407
"1533",9683,4420,1,5464
"1534",9683,4421,1,5367
"1535",9683,4422,1,5046
"1536",9683,4423,1,4654
"1537",9683,4424,1,4257
"1538",9683,4425,1,3865
"1539",9683,4426,1,3476
"1540",9683,4427,1,3124
"1541",9683,4428,1,2805
"1542",9683,4429,1,2521
"1543",9683,4430,1,2285
"1544",9683,4431,1,2068
"1545",9683,4432,1,1913
"1546",9683,4433,1,1873
"1547",9683,4434,1,1889
"1548",9683,4435,1,1915
"1549",9683,4436,1,2003
"1550",9683,4437,1,2076
"1551",9683,4438,1,1862
"1552",9683,4439,1,1629
"1553",9683,4440,1,1392
"1554",9683,4441,1,1161
"1555",9683,4442,1,966
"1556",9683,4443,1,895
"1557",9683,4444,1,894
"1558",9683,4445,1,954
"1559",9683,4446,1,1089
"1560",9683,4447,1,1258
"1561",9683,4448,1,1241
"1562",9683,4449,1,1037
"1563",9683,4450,1,900
"1564",9683,4451,1,805
"1565",9683,4452,1,650
"1566",9683,4453,1,484
"1567",9683,4454,1,351
"1568",9684,4400,1,316
"1569",9684,4404,1,590
"1570",9684,4405,1,493
"1571",9684,4406,1,481
"1572",9684,4407,1,559
"1573",9684,4408,1,726
"1574",9684,4409,1,994
"1575",9684,4413,1,3087
"1576",9684,4414,1,3398
"1577",9684,4415,1,3862
"1578",9684,4416,1,4422
"1579",9684,4417,1,4947
"1580",9684,4418,1,5362
"1581",9684,4419,1,5599
"1582",9684,4420,1,5708
"1583",9684,4421,1,5613
"1584",9684,4422,1,5297
"1585",9684,4423,1,4899
"1586",9684,4424,1,4483
"1587",9684,4425,1,4059
"1588",9684,4426,1,3656
"1589",9684,4427,1,3300
"1590",9684,4428,1,2995
"1591",9684,4429,1,2744
"1592",9684,4430,1,2549
"1593",9684,4431,1,2381
"1594",9684,4432,1,2236
"1595",9684,4433,1,2224
"1596",9684,4434,1,2214
"1597",9684,4435,1,2173
"1598",9684,4436,1,2161
"1599",9684,4437,1,1930
"1600",9684,4438,1,1648
"1601",9684,4439,1,1337
"1602",9684,4440,1,1068
"1603",9684,4441,1,854
"1604",9684,4442,1,689
"1605",9684,4443,1,606
"1606",9684,4444,1,620
"1607",9684,4445,1,732
"1608",9684,4446,1,912
"1609",9684,4447,1,1080
"1610",9684,4448,1,1100
"1611",9684,4449,1,1003
"1612",9684,4450,1,1042
"1613",9684,4451,1,993
"1614",9684,4452,1,802
"1615",9684,4453,1,613
"1616",9684,4454,1,494
"1617",9684,4455,1,384
"1618",9685,4405,1,377
"1619",9685,4406,1,401
"1620",9685,4407,1,469
"1621",9685,4408,1,546
"1622",9685,4412,1,2681
"1623",9685,4413,1,2952
"1624",9685,4414,1,3321
"1625",9685,4415,1,3822
"1626",9685,4416,1,4388
"1627",9685,4417,1,4968
"1628",9685,4418,1,5455
"1629",9685,4419,1,5770
"1630",9685,4420,1,5911
"1631",9685,4421,1,5808
"1632",9685,4422,1,5491
"1633",9685,4423,1,5063
"1634",9685,4424,1,4640
"1635",9685,4425,1,4245
"1636",9685,4426,1,3880
"1637",9685,4427,1,3567
"1638",9685,4428,1,3302
"1639",9685,4429,1,3080
"1640",9685,4430,1,2916
"1641",9685,4431,1,2772
"1642",9685,4432,1,2584
"1643",9685,4433,1,2499
"1644",9685,4434,1,2364
"1645",9685,4435,1,2162
"1646",9685,4436,1,1944
"1647",9685,4437,1,1677
"1648",9685,4438,1,1357
"1649",9685,4439,1,1058
"1650",9685,4440,1,797
"1651",9685,4441,1,603
"1652",9685,4442,1,468
"1653",9685,4443,1,395
"1654",9685,4444,1,428
"1655",9685,4445,1,538
"1656",9685,4446,1,684
"1657",9685,4447,1,808
"1658",9685,4448,1,855
"1659",9685,4449,1,892
"1660",9685,4450,1,1008
"1661",9685,4451,1,999
"1662",9685,4452,1,854
"1663",9685,4453,1,751
"1664",9685,4454,1,666
"1665",9685,4455,1,523
"1666",9685,4456,1,367
"1667",9686,4405,1,313
"1668",9686,4406,1,382
"1669",9686,4407,1,467
"1670",9686,4408,1,527
"1671",9686,4412,1,2721
"1672",9686,4413,1,2995
"1673",9686,4414,1,3390
"1674",9686,4415,1,3857
"1675",9686,4416,1,4391
"1676",9686,4417,1,4939
"1677",9686,4418,1,5442
"1678",9686,4419,1,5836
"1679",9686,4420,1,6023
"1680",9686,4421,1,5911
"1681",9686,4422,1,5502
"1682",9686,4423,1,4950
"1683",9686,4424,1,4546
"1684",9686,4425,1,4305
"1685",9686,4426,1,4090
"1686",9686,4427,1,3872
"1687",9686,4428,1,3653
"1688",9686,4429,1,3426
"1689",9686,4430,1,3270
"1690",9686,4431,1,3090
"1691",9686,4432,1,2799
"1692",9686,4433,1,2570
"1693",9686,4434,1,2243
"1694",9686,4435,1,1907
"1695",9686,4436,1,1602
"1696",9686,4437,1,1339
"1697",9686,4438,1,1063
"1698",9686,4439,1,799
"1699",9686,4440,1,581
"1700",9686,4441,1,417
"1701",9686,4442,1,310
"1702",9686,4445,1,370
"1703",9686,4446,1,468
"1704",9686,4447,1,550
"1705",9686,4448,1,595
"1706",9686,4449,1,691
"1707",9686,4450,1,796
"1708",9686,4451,1,824
"1709",9686,4452,1,805
"1710",9686,4453,1,861
"1711",9686,4454,1,816
"1712",9686,4455,1,630
"1713",9686,4456,1,433
"1714",9687,4405,1,322
"1715",9687,4406,1,426
"1716",9687,4407,1,529
"1717",9687,4408,1,570
"1718",9687,4411,1,2444
"1719",9687,4412,1,2713
"1720",9687,4413,1,3068
"1721",9687,4414,1,3458
"1722",9687,4415,1,3893
"1723",9687,4416,1,4380
"1724",9687,4417,1,4889
"1725",9687,4418,1,5380
"1726",9687,4419,1,5794
"1727",9687,4420,1,6015
"1728",9687,4421,1,5857
"1729",9687,4422,1,5227
"1730",9687,4423,1,4326
"1731",9687,4424,1,3972
"1732",9687,4425,1,4164
"1733",9687,4426,1,4213
"1734",9687,4427,1,4103
"1735",9687,4428,1,3912
"1736",9687,4429,1,3653
"1737",9687,4430,1,3383
"1738",9687,4431,1,3056
"1739",9687,4432,1,2716
"1740",9687,4433,1,2401
"1741",9687,4434,1,2007
"1742",9687,4435,1,1605
"1743",9687,4436,1,1269
"1744",9687,4437,1,1007
"1745",9687,4438,1,783
"1746",9687,4439,1,580
"1747",9687,4440,1,411
"1748",9687,4447,1,351
"1749",9687,4448,1,401
"1750",9687,4449,1,484
"1751",9687,4450,1,565
"1752",9687,4451,1,614
"1753",9687,4452,1,708
"1754",9687,4453,1,825
"1755",9687,4454,1,804
"1756",9687,4455,1,628
"1757",9687,4456,1,438
"1758",9688,4405,1,364
"1759",9688,4406,1,495
"1760",9688,4407,1,606
"1761",9688,4408,1,695
"1762",9688,4410,1,2017
"1763",9688,4411,1,2371
"1764",9688,4412,1,2722
"1765",9688,4413,1,3086
"1766",9688,4414,1,3439
"1767",9688,4415,1,3832
"1768",9688,4416,1,4294
"1769",9688,4417,1,4789
"1770",9688,4418,1,5259
"1771",9688,4419,1,5660
"1772",9688,4420,1,5880
"1773",9688,4421,1,5676
"1774",9688,4422,1,4767
"1775",9688,4423,1,4011
"1776",9688,4424,1,3731
"1777",9688,4425,1,4053
"1778",9688,4426,1,4213
"1779",9688,4427,1,4145
"1780",9688,4428,1,3936
"1781",9688,4429,1,3652
"1782",9688,4430,1,3271
"1783",9688,4431,1,2885
"1784",9688,4432,1,2484
"1785",9688,4433,1,2116
"1786",9688,4434,1,1719
"1787",9688,4435,1,1324
"1788",9688,4436,1,979
"1789",9688,4437,1,729
"1790",9688,4438,1,547
"1791",9688,4439,1,400
"1792",9688,4449,1,315
"1793",9688,4450,1,376
"1794",9688,4451,1,442
"1795",9688,4452,1,546
"1796",9688,4453,1,637
"1797",9688,4454,1,630
"1798",9688,4455,1,521
"1799",9688,4456,1,389
"1800",9689,4404,1,309
"1801",9689,4405,1,393
"1802",9689,4406,1,539
"1803",9689,4407,1,717
"1804",9689,4408,1,876
"1805",9689,4411,1,2485
"1806",9689,4412,1,2755
"1807",9689,4413,1,3066
"1808",9689,4414,1,3368
"1809",9689,4415,1,3730
"1810",9689,4416,1,4176
"1811",9689,4417,1,4643
"1812",9689,4418,1,5070
"1813",9689,4419,1,5428
"1814",9689,4420,1,5646
"1815",9689,4421,1,5544
"1816",9689,4422,1,4951
"1817",9689,4423,1,4088
"1818",9689,4424,1,3771
"1819",9689,4425,1,4041
"1820",9689,4426,1,4157
"1821",9689,4427,1,4012
"1822",9689,4428,1,3753
"1823",9689,4429,1,3431
"1824",9689,4430,1,3032
"1825",9689,4431,1,2605
"1826",9689,4432,1,2179
"1827",9689,4433,1,1794
"1828",9689,4434,1,1420
"1829",9689,4435,1,1066
"1830",9689,4436,1,761
"1831",9689,4437,1,526
"1832",9689,4438,1,373
"1833",9689,4452,1,378
"1834",9689,4453,1,437
"1835",9689,4454,1,439
"1836",9689,4455,1,389
"1837",9689,4456,1,331
"1838",9689,4457,1,322
"1839",9689,4458,1,333
"1840",9689,4459,1,316
"1841",9690,4405,1,456
"1842",9690,4406,1,595
"1843",9690,4407,1,825
"1844",9690,4408,1,1147
"1845",9690,4409,1,1526
"1846",9690,4410,1,1869
"1847",9690,4411,1,2353
"1848",9690,4412,1,2689
"1849",9690,4413,1,2999
"1850",9690,4414,1,3299
"1851",9690,4415,1,3663
"1852",9690,4416,1,4065
"1853",9690,4417,1,4459
"1854",9690,4418,1,4801
"1855",9690,4419,1,5087
"1856",9690,4420,1,5291
"1857",9690,4421,1,5283
"1858",9690,4422,1,4981
"1859",9690,4423,1,4468
"1860",9690,4424,1,4104
"1861",9690,4425,1,4006
"1862",9690,4426,1,3922
"1863",9690,4427,1,3740
"1864",9690,4428,1,3451
"1865",9690,4429,1,3110
"1866",9690,4430,1,2716
"1867",9690,4431,1,2294
"1868",9690,4432,1,1867
"1869",9690,4433,1,1484
"1870",9690,4434,1,1141
"1871",9690,4435,1,839
"1872",9690,4436,1,586
"1873",9690,4437,1,391
"1874",9690,4456,1,322
"1875",9690,4457,1,396
"1876",9690,4458,1,464
"1877",9690,4459,1,457
"1878",9690,4460,1,368
"1879",9691,4408,1,1330
"1880",9691,4409,1,1547
"1881",9691,4410,1,1818
"1882",9691,4411,1,2111
"1883",9691,4412,1,2394
"1884",9691,4413,1,2710
"1885",9691,4414,1,3057
"1886",9691,4415,1,3562
"1887",9691,4416,1,3914
"1888",9691,4417,1,4214
"1889",9691,4418,1,4469
"1890",9691,4419,1,4695
"1891",9691,4420,1,4876
"1892",9691,4421,1,4906
"1893",9691,4422,1,4741
"1894",9691,4423,1,4362
"1895",9691,4424,1,3972
"1896",9691,4425,1,3714
"1897",9691,4426,1,3543
"1898",9691,4427,1,3370
"1899",9691,4428,1,3125
"1900",9691,4429,1,2796
"1901",9691,4430,1,2427
"1902",9691,4431,1,2026
"1903",9691,4432,1,1611
"1904",9691,4433,1,1234
"1905",9691,4434,1,917
"1906",9691,4435,1,659
"1907",9691,4436,1,454
"1908",9691,4456,1,334
"1909",9691,4457,1,465
"1910",9691,4458,1,588
"1911",9691,4459,1,585
"1912",9691,4460,1,453
"1913",9691,4461,1,306
"1914",9692,4408,1,1361
"1915",9692,4409,1,1539
"1916",9692,4410,1,1777
"1917",9692,4411,1,1996
"1918",9692,4412,1,2224
"1919",9692,4413,1,2516
"1920",9692,4414,1,2903
"1921",9692,4415,1,3396
"1922",9692,4416,1,3691
"1923",9692,4417,1,3916
"1924",9692,4418,1,4113
"1925",9692,4419,1,4301
"1926",9692,4420,1,4456
"1927",9692,4421,1,4469
"1928",9692,4422,1,4323
"1929",9692,4423,1,4027
"1930",9692,4424,1,3655
"1931",9692,4425,1,3334
"1932",9692,4426,1,3123
"1933",9692,4427,1,2959
"1934",9692,4428,1,2758
"1935",9692,4429,1,2486
"1936",9692,4430,1,2170
"1937",9692,4431,1,1811
"1938",9692,4432,1,1427
"1939",9692,4433,1,1064
"1940",9692,4434,1,769
"1941",9692,4435,1,541
"1942",9692,4436,1,369
"1943",9692,4456,1,320
"1944",9692,4457,1,458
"1945",9692,4458,1,585
"1946",9692,4459,1,584
"1947",9692,4460,1,452
"1948",9692,4461,1,306
"1949",9693,4411,1,1965
"1950",9693,4412,1,2120
"1951",9693,4413,1,2361
"1952",9693,4414,1,2698
"1953",9693,4415,1,3216
"1954",9693,4416,1,3497
"1955",9693,4417,1,3651
"1956",9693,4418,1,3798
"1957",9693,4419,1,3937
"1958",9693,4420,1,4036
"1959",9693,4421,1,4019
"1960",9693,4422,1,3878
"1961",9693,4423,1,3642
"1962",9693,4424,1,3308
"1963",9693,4425,1,2970
"1964",9693,4426,1,2720
"1965",9693,4427,1,2533
"1966",9693,4428,1,2348
"1967",9693,4429,1,2139
"1968",9693,4430,1,1886
"1969",9693,4431,1,1590
"1970",9693,4432,1,1261
"1971",9693,4433,1,939
"1972",9693,4434,1,674
"1973",9693,4435,1,472
"1974",9693,4436,1,322
"1975",9693,4457,1,373
"1976",9693,4458,1,455
"1977",9693,4459,1,453
"1978",9693,4460,1,367
"1979",9694,4417,1,3509
"1980",9694,4418,1,3590
"1981",9694,4419,1,3635
"1982",9694,4420,1,3670
"1983",9694,4421,1,3618
"1984",9694,4422,1,3507
"1985",9694,4423,1,3315
"1986",9694,4424,1,3017
"1987",9694,4425,1,2690
"1988",9694,4426,1,2398
"1989",9694,4427,1,2153
"1990",9694,4428,1,1925
"1991",9694,4429,1,1744
"1992",9694,4430,1,1557
"1993",9694,4431,1,1340
"1994",9694,4432,1,1083
"1995",9694,4433,1,824
"1996",9694,4434,1,597
"1997",9694,4435,1,423
"1998",9694,4458,1,311
"1999",9694,4459,1,308
"2000",9695,4419,1,3447
"2001",9695,4420,1,3432
"2002",9695,4421,1,3318
"2003",9695,4422,1,3271
"2004",9695,4423,1,3109
"2005",9695,4424,1,2812
"2006",9695,4425,1,2526
"2007",9695,4426,1,2239
"2008",9695,4427,1,1908
"2009",9695,4428,1,1533
"2010",9695,4429,1,1358
"2011",9695,4430,1,1232
"2012",9695,4431,1,1093
"2013",9695,4432,1,899
"2014",9695,4433,1,697
"2015",9695,4434,1,509
"2016",9695,4435,1,365
"2017",9696,4421,1,3098
"2018",9696,4424,1,2630
"2019",9696,4425,1,2465
"2020",9696,4426,1,2295
"2021",9696,4428,1,1085
"2022",9696,4429,1,1006
"2023",9696,4430,1,944
"2024",9696,4431,1,907
"2025",9696,4432,1,719
"2026",9696,4433,1,560
"2027",9696,4434,1,392
"2028",9697,4428,1,854
"2029",9697,4429,1,755
"2030",9697,4430,1,712
"2031",9697,4432,1,511
"2032",9697,4433,1,427
"2033",9697,4434,1,305
"2034",9698,4429,1,585
"2035",9698,4430,1,568
