"","long","lat","cluster_id","add.data"
"7",9639,4438,4,395
"8",9639,4439,4,390
"9",9640,4437,4,338
"10",9640,4438,4,437
"11",9640,4439,4,418
"12",9640,4440,4,302
"14",9641,4437,4,404
"15",9641,4438,4,485
"16",9641,4439,4,412
"17",9642,4436,4,344
"18",9642,4437,4,440
"19",9642,4438,4,491
"20",9642,4439,4,397
"21",9643,4436,4,415
"22",9643,4437,4,514
"23",9643,4438,4,457
"24",9643,4439,4,339
"29",9644,4436,4,416
"30",9644,4437,4,505
"31",9644,4438,4,430
"32",9644,4439,4,308
"37",9645,4436,4,360
"38",9645,4437,4,412
"39",9645,4438,4,366
"40",9646,4436,4,393
"41",9646,4437,4,449
"42",9646,4438,4,397
"43",9647,4435,4,343
"44",9647,4436,4,488
"45",9647,4437,4,583
"46",9647,4438,4,500
"47",9647,4439,4,372
"48",9647,4454,4,374
"49",9647,4455,4,356
"50",9648,4435,4,402
"51",9648,4436,4,542
"52",9648,4437,4,631
"53",9648,4438,4,593
"54",9648,4439,4,466
"55",9648,4440,4,353
"56",9648,4453,4,353
"57",9648,4454,4,452
"58",9648,4455,4,381
"59",9649,4435,4,446
"60",9649,4436,4,618
"61",9649,4437,4,650
"62",9649,4438,4,593
"63",9649,4439,4,530
"64",9649,4440,4,462
"65",9649,4441,4,343
"66",9649,4453,4,350
"67",9649,4454,4,393
"68",9649,4455,4,331
"69",9650,4402,4,355
"70",9650,4403,4,421
"71",9650,4404,4,369
"72",9650,4435,4,423
"73",9650,4436,4,531
"74",9650,4437,4,534
"75",9650,4438,4,475
"76",9650,4439,4,435
"77",9650,4440,4,442
"78",9650,4441,4,337
"79",9650,4452,4,316
"80",9650,4453,4,414
"81",9650,4454,4,418
"82",9650,4455,4,319
"83",9651,4402,4,424
"84",9651,4403,4,556
"85",9651,4404,4,472
"86",9651,4405,4,368
"87",9651,4434,4,360
"88",9651,4435,4,458
"89",9651,4436,4,472
"90",9651,4437,4,426
"91",9651,4438,4,356
"92",9651,4439,4,318
"93",9651,4440,4,310
"94",9651,4452,4,347
"95",9651,4453,4,430
"96",9651,4454,4,411
"97",9651,4455,4,303
"98",9652,4402,4,381
"99",9652,4403,4,489
"100",9652,4404,4,546
"101",9652,4405,4,459
"102",9652,4406,4,370
"103",9652,4407,4,357
"104",9652,4408,4,308
"105",9652,4433,4,313
"106",9652,4434,4,469
"107",9652,4435,4,612
"108",9652,4436,4,616
"109",9652,4437,4,485
"110",9652,4438,4,342
"111",9652,4451,4,319
"112",9652,4452,4,410
"113",9652,4453,4,426
"114",9652,4454,4,352
"115",9653,4402,4,317
"116",9653,4403,4,443
"117",9653,4404,4,529
"118",9653,4405,4,479
"119",9653,4406,4,479
"120",9653,4407,4,517
"121",9653,4408,4,440
"122",9653,4409,4,334
"123",9653,4433,4,361
"124",9653,4434,4,548
"125",9653,4435,4,745
"126",9653,4436,4,741
"127",9653,4437,4,541
"128",9653,4438,4,356
"129",9653,4451,4,386
"130",9653,4452,4,485
"131",9653,4453,4,469
"132",9653,4454,4,345
"133",9654,4403,4,332
"134",9654,4404,4,393
"135",9654,4405,4,411
"136",9654,4406,4,528
"137",9654,4407,4,659
"138",9654,4408,4,533
"139",9654,4409,4,430
"140",9654,4410,4,424
"141",9654,4411,4,369
"142",9654,4433,4,409
"143",9654,4434,4,569
"144",9654,4435,4,704
"145",9654,4436,4,681
"146",9654,4437,4,517
"147",9654,4438,4,348
"148",9654,4450,4,362
"149",9654,4451,4,472
"150",9654,4452,4,496
"151",9654,4453,4,415
"152",9654,4454,4,301
"153",9655,4405,4,333
"154",9655,4406,4,441
"155",9655,4407,4,525
"156",9655,4408,4,506
"157",9655,4409,4,556
"158",9655,4410,4,618
"159",9655,4411,4,535
"160",9655,4412,4,408
"161",9655,4413,4,309
"162",9655,4433,4,476
"163",9655,4434,4,696
"164",9655,4435,4,855
"165",9655,4436,4,742
"166",9655,4437,4,547
"167",9655,4438,4,374
"168",9655,4444,4,312
"169",9655,4445,4,360
"170",9655,4446,4,365
"171",9655,4447,4,337
"172",9655,4448,4,379
"173",9655,4449,4,391
"174",9655,4450,4,391
"175",9655,4451,4,465
"176",9655,4452,4,461
"177",9655,4453,4,354
"178",9656,4406,4,313
"179",9656,4407,4,378
"180",9656,4408,4,462
"181",9656,4409,4,625
"182",9656,4410,4,802
"183",9656,4411,4,680
"184",9656,4412,4,577
"185",9656,4413,4,451
"186",9656,4414,4,329
"187",9656,4433,4,479
"188",9656,4434,4,705
"189",9656,4435,4,881
"190",9656,4436,4,797
"191",9656,4437,4,656
"192",9656,4438,4,482
"193",9656,4439,4,353
"194",9656,4440,4,311
"195",9656,4441,4,362
"196",9656,4442,4,425
"197",9656,4443,4,443
"198",9656,4444,4,446
"199",9656,4445,4,526
"200",9656,4446,4,525
"201",9656,4447,4,445
"202",9656,4448,4,505
"203",9656,4449,4,497
"204",9656,4450,4,404
"205",9656,4451,4,365
"206",9656,4452,4,340
"207",9657,4408,4,384
"208",9657,4409,4,539
"209",9657,4410,4,680
"210",9657,4411,4,772
"211",9657,4412,4,753
"212",9657,4413,4,608
"213",9657,4414,4,487
"214",9657,4415,4,370
"215",9657,4433,4,422
"216",9657,4434,4,613
"217",9657,4435,4,847
"218",9657,4436,4,970
"219",9657,4437,4,808
"220",9657,4438,4,592
"221",9657,4439,4,463
"222",9657,4440,4,464
"223",9657,4441,4,511
"224",9657,4442,4,617
"225",9657,4443,4,625
"226",9657,4444,4,549
"227",9657,4445,4,643
"228",9657,4446,4,630
"229",9657,4447,4,500
"230",9657,4448,4,512
"231",9657,4449,4,486
"232",9657,4450,4,367
"233",9658,4409,4,410
"234",9658,4410,4,577
"235",9658,4411,4,753
"236",9658,4412,4,807
"237",9658,4413,4,798
"238",9658,4414,4,676
"239",9658,4415,4,536
"240",9658,4416,4,461
"241",9658,4417,4,368
"242",9658,4433,4,397
"243",9658,4434,4,596
"244",9658,4435,4,827
"245",9658,4436,4,978
"246",9658,4437,4,843
"247",9658,4438,4,665
"248",9658,4439,4,623
"249",9658,4440,4,661
"250",9658,4441,4,638
"251",9658,4442,4,755
"252",9658,4443,4,743
"253",9658,4444,4,587
"254",9658,4445,4,558
"255",9658,4446,4,527
"256",9658,4447,4,425
"257",9658,4448,4,386
"258",9658,4449,4,355
"259",9659,4409,4,309
"260",9659,4410,4,449
"261",9659,4411,4,606
"262",9659,4412,4,795
"263",9659,4413,4,987
"264",9659,4414,4,838
"265",9659,4415,4,785
"266",9659,4416,4,679
"267",9659,4417,4,546
"268",9659,4418,4,510
"269",9659,4419,4,460
"270",9659,4420,4,381
"271",9659,4421,4,314
"272",9659,4433,4,445
"273",9659,4434,4,603
"274",9659,4435,4,758
"275",9659,4436,4,846
"276",9659,4437,4,835
"277",9659,4438,4,797
"278",9659,4439,4,786
"279",9659,4440,4,875
"280",9659,4441,4,759
"281",9659,4442,4,675
"282",9659,4443,4,625
"283",9659,4444,4,496
"284",9659,4445,4,406
"285",9659,4446,4,367
"286",9659,4447,4,303
"287",9660,4410,4,326
"288",9660,4411,4,479
"289",9660,4412,4,660
"290",9660,4413,4,809
"291",9660,4414,4,912
"292",9660,4415,4,1026
"293",9660,4416,4,884
"294",9660,4417,4,737
"295",9660,4418,4,780
"296",9660,4419,4,710
"297",9660,4420,4,590
"298",9660,4421,4,553
"299",9660,4422,4,500
"300",9660,4423,4,412
"301",9660,4424,4,317
"302",9660,4432,4,361
"303",9660,4433,4,553
"304",9660,4434,4,792
"305",9660,4435,4,1013
"306",9660,4436,4,1057
"307",9660,4437,4,1023
"308",9660,4438,4,979
"309",9660,4439,4,827
"310",9660,4440,4,875
"311",9660,4441,4,725
"312",9660,4442,4,536
"313",9660,4443,4,448
"314",9660,4444,4,357
"315",9661,4411,4,351
"316",9661,4412,4,481
"317",9661,4413,4,614
"318",9661,4414,4,859
"319",9661,4415,4,1025
"320",9661,4416,4,939
"321",9661,4417,4,1004
"322",9661,4418,4,1121
"323",9661,4419,4,1008
"324",9661,4420,4,855
"325",9661,4421,4,858
"326",9661,4422,4,779
"327",9661,4423,4,628
"328",9661,4424,4,498
"329",9661,4425,4,378
"330",9661,4430,4,307
"331",9661,4431,4,352
"332",9661,4432,4,455
"333",9661,4433,4,662
"334",9661,4434,4,934
"335",9661,4435,4,1211
"336",9661,4436,4,1223
"337",9661,4437,4,1042
"338",9661,4438,4,963
"339",9661,4439,4,758
"340",9661,4440,4,661
"341",9661,4441,4,556
"342",9661,4442,4,417
"343",9661,4443,4,303
"344",9662,4412,4,342
"345",9662,4413,4,499
"346",9662,4414,4,669
"347",9662,4415,4,782
"348",9662,4416,4,826
"349",9662,4417,4,1129
"350",9662,4418,4,1439
"351",9662,4419,4,1296
"352",9662,4420,4,1182
"353",9662,4421,4,1244
"354",9662,4422,4,1127
"355",9662,4423,4,931
"356",9662,4424,4,742
"357",9662,4425,4,592
"358",9662,4426,4,451
"359",9662,4427,4,339
"360",9662,4428,4,319
"361",9662,4429,4,397
"362",9662,4430,4,502
"363",9662,4431,4,594
"364",9662,4432,4,673
"365",9662,4433,4,876
"366",9662,4434,4,1080
"367",9662,4435,4,1143
"368",9662,4436,4,1078
"369",9662,4437,4,840
"370",9662,4438,4,738
"371",9662,4439,4,586
"372",9662,4440,4,452
"373",9662,4441,4,376
"374",9663,4413,4,383
"375",9663,4414,4,485
"376",9663,4415,4,571
"377",9663,4416,4,738
"378",9663,4417,4,1002
"379",9663,4418,4,1279
"380",9663,4419,4,1583
"381",9663,4420,4,1416
"382",9663,4421,4,1637
"383",9663,4422,4,1481
"384",9663,4423,4,1269
"385",9663,4424,4,1061
"386",9663,4425,4,859
"387",9663,4426,4,647
"388",9663,4427,4,487
"389",9663,4428,4,466
"390",9663,4429,4,592
"391",9663,4430,4,764
"392",9663,4431,4,909
"393",9663,4432,4,983
"394",9663,4433,4,1134
"395",9663,4434,4,1361
"396",9663,4435,4,1348
"397",9663,4436,4,1057
"398",9663,4437,4,714
"399",9663,4438,4,536
"400",9663,4439,4,413
"401",9664,4413,4,337
"402",9664,4414,4,378
"403",9664,4415,4,442
"404",9664,4416,4,589
"405",9664,4417,4,803
"406",9664,4418,4,1088
"407",9664,4419,4,1302
"408",9664,4420,4,1451
"409",9664,4421,4,1708
"410",9664,4422,4,1840
"411",9664,4423,4,1550
"412",9664,4424,4,1426
"413",9664,4425,4,1145
"414",9664,4426,4,867
"415",9664,4427,4,692
"416",9664,4428,4,647
"417",9664,4429,4,815
"418",9664,4430,4,1073
"419",9664,4431,4,1298
"420",9664,4432,4,1345
"421",9664,4433,4,1477
"422",9664,4434,4,1451
"423",9664,4435,4,1353
"424",9664,4436,4,1025
"425",9664,4437,4,698
"426",9664,4438,4,433
"427",9665,4412,4,380
"428",9665,4413,4,464
"429",9665,4414,4,485
"430",9665,4415,4,455
"431",9665,4416,4,454
"432",9665,4417,4,639
"433",9665,4418,4,819
"434",9665,4419,4,973
"435",9665,4420,4,1208
"436",9665,4421,4,1444
"437",9665,4422,4,1791
"438",9665,4423,4,1792
"439",9665,4424,4,1721
"440",9665,4425,4,1393
"441",9665,4426,4,1168
"442",9665,4427,4,950
"443",9665,4428,4,912
"444",9665,4429,4,1043
"445",9665,4430,4,1363
"446",9665,4431,4,1693
"447",9665,4432,4,1751
"448",9665,4433,4,1825
"449",9665,4434,4,1472
"450",9665,4435,4,1131
"451",9665,4436,4,861
"452",9665,4437,4,604
"453",9665,4438,4,393
"454",9666,4394,4,369
"455",9666,4395,4,373
"456",9666,4396,4,308
"457",9666,4411,4,368
"458",9666,4412,4,535
"459",9666,4413,4,676
"460",9666,4414,4,696
"461",9666,4415,4,605
"462",9666,4416,4,508
"463",9666,4417,4,482
"464",9666,4418,4,612
"465",9666,4419,4,758
"466",9666,4420,4,1067
"467",9666,4421,4,1448
"468",9666,4422,4,1828
"469",9666,4423,4,1883
"470",9666,4424,4,1860
"471",9666,4425,4,1770
"472",9666,4426,4,1488
"473",9666,4427,4,1321
"474",9666,4428,4,1375
"475",9666,4429,4,1346
"476",9666,4430,4,1631
"477",9666,4431,4,1847
"478",9666,4432,4,1798
"479",9666,4433,4,1556
"480",9666,4434,4,1294
"481",9666,4435,4,976
"482",9666,4436,4,687
"483",9666,4437,4,489
"484",9666,4438,4,331
"485",9667,4393,4,368
"486",9667,4394,4,488
"487",9667,4395,4,494
"488",9667,4396,4,394
"489",9667,4397,4,320
"490",9667,4398,4,351
"491",9667,4399,4,405
"492",9667,4400,4,413
"493",9667,4401,4,380
"494",9667,4402,4,373
"495",9667,4403,4,327
"496",9667,4411,4,443
"497",9667,4412,4,671
"498",9667,4413,4,892
"499",9667,4414,4,935
"500",9667,4415,4,812
"501",9667,4416,4,664
"502",9667,4417,4,538
"503",9667,4418,4,532
"504",9667,4419,4,815
"505",9667,4420,4,1169
"506",9667,4421,4,1605
"507",9667,4422,4,2028
"508",9667,4423,4,2069
"509",9667,4424,4,1922
"510",9667,4425,4,1917
"511",9667,4426,4,1880
"512",9667,4427,4,1891
"513",9667,4428,4,1864
"514",9667,4429,4,1623
"515",9667,4430,4,1911
"516",9667,4431,4,2227
"517",9667,4432,4,1832
"518",9667,4433,4,1354
"519",9667,4434,4,1060
"520",9667,4435,4,812
"521",9667,4436,4,590
"522",9667,4437,4,406
"523",9668,4393,4,369
"524",9668,4394,4,489
"525",9668,4395,4,498
"526",9668,4396,4,409
"527",9668,4397,4,364
"528",9668,4398,4,459
"529",9668,4399,4,571
"530",9668,4400,4,594
"531",9668,4401,4,554
"532",9668,4402,4,564
"533",9668,4403,4,487
"534",9668,4404,4,362
"535",9668,4411,4,459
"536",9668,4412,4,698
"537",9668,4413,4,949
"538",9668,4414,4,1063
"539",9668,4415,4,1035
"540",9668,4416,4,835
"541",9668,4417,4,673
"542",9668,4418,4,697
"543",9668,4419,4,1080
"544",9668,4420,4,1456
"545",9668,4421,4,1879
"546",9668,4422,4,2156
"547",9668,4423,4,2121
"548",9668,4424,4,1877
"549",9668,4425,4,2127
"550",9668,4426,4,2190
"551",9668,4427,4,2349
"552",9668,4428,4,2335
"553",9668,4429,4,2029
"554",9668,4430,4,2188
"555",9668,4431,4,2169
"556",9668,4432,4,1728
"557",9668,4433,4,1313
"558",9668,4434,4,933
"559",9668,4435,4,686
"560",9668,4436,4,513
"561",9668,4437,4,372
"562",9669,4394,4,373
"563",9669,4395,4,385
"564",9669,4396,4,350
"565",9669,4397,4,376
"566",9669,4398,4,510
"567",9669,4399,4,674
"568",9669,4400,4,718
"569",9669,4401,4,706
"570",9669,4402,4,753
"571",9669,4403,4,636
"572",9669,4404,4,466
"573",9669,4405,4,321
"574",9669,4411,4,432
"575",9669,4412,4,647
"576",9669,4413,4,898
"577",9669,4414,4,1131
"578",9669,4415,4,1144
"579",9669,4416,4,962
"580",9669,4417,4,886
"581",9669,4418,4,1245
"582",9669,4419,4,1482
"583",9669,4420,4,1720
"584",9669,4421,4,2170
"585",9669,4422,4,2593
"586",9669,4423,4,2240
"587",9669,4424,4,1859
"588",9669,4425,4,1981
"589",9669,4426,4,2103
"590",9669,4427,4,2451
"591",9669,4428,4,2518
"592",9669,4429,4,2462
"593",9669,4430,4,2326
"594",9669,4431,4,2180
"595",9669,4432,4,1739
"596",9669,4433,4,1304
"597",9669,4434,4,938
"598",9669,4435,4,635
"599",9669,4436,4,470
"600",9669,4437,4,354
"601",9670,4397,4,325
"602",9670,4398,4,450
"603",9670,4399,4,580
"604",9670,4400,4,637
"605",9670,4401,4,696
"606",9670,4402,4,773
"607",9670,4403,4,682
"608",9670,4404,4,542
"609",9670,4405,4,415
"610",9670,4406,4,336
"611",9670,4410,4,304
"612",9670,4411,4,444
"613",9670,4412,4,668
"614",9670,4413,4,963
"615",9670,4414,4,1251
"616",9670,4415,4,1291
"617",9670,4416,4,1146
"618",9670,4417,4,1262
"619",9670,4418,4,1702
"620",9670,4419,4,1982
"621",9670,4420,4,2104
"622",9670,4421,4,2434
"623",9670,4422,4,2829
"624",9670,4423,4,2460
"625",9670,4424,4,2096
"626",9670,4425,4,1950
"627",9670,4426,4,2294
"628",9670,4427,4,2633
"629",9670,4428,4,2878
"630",9670,4429,4,2916
"631",9670,4430,4,2582
"632",9670,4431,4,2106
"633",9670,4432,4,1620
"634",9670,4433,4,1235
"635",9670,4434,4,907
"636",9670,4435,4,634
"637",9670,4436,4,494
"638",9670,4437,4,389
"639",9670,4438,4,304
"640",9671,4398,4,333
"641",9671,4399,4,419
"642",9671,4400,4,478
"643",9671,4401,4,567
"644",9671,4402,4,657
"645",9671,4403,4,676
"646",9671,4404,4,677
"647",9671,4405,4,605
"648",9671,4406,4,514
"649",9671,4407,4,451
"650",9671,4408,4,428
"651",9671,4409,4,401
"652",9671,4410,4,407
"653",9671,4411,4,508
"654",9671,4412,4,720
"655",9671,4413,4,1008
"656",9671,4414,4,1274
"657",9671,4415,4,1341
"658",9671,4416,4,1323
"659",9671,4417,4,1826
"660",9671,4418,4,2216
"661",9671,4419,4,2468
"662",9671,4420,4,2530
"663",9671,4421,4,2728
"664",9671,4422,4,2901
"665",9671,4423,4,2781
"666",9671,4424,4,2756
"667",9671,4425,4,2524
"668",9671,4426,4,2639
"669",9671,4427,4,2923
"670",9671,4428,4,2920
"671",9671,4429,4,2728
"672",9671,4430,4,2463
"673",9671,4431,4,2078
"674",9671,4432,4,1662
"675",9671,4433,4,1277
"676",9671,4434,4,931
"677",9671,4435,4,741
"678",9671,4436,4,590
"679",9671,4437,4,468
"680",9671,4438,4,376
"681",9671,4439,4,315
"682",9672,4400,4,345
"683",9672,4401,4,459
"684",9672,4402,4,626
"685",9672,4403,4,799
"686",9672,4404,4,908
"687",9672,4405,4,847
"688",9672,4406,4,762
"689",9672,4407,4,693
"690",9672,4408,4,671
"691",9672,4409,4,621
"692",9672,4410,4,595
"693",9672,4411,4,654
"694",9672,4412,4,857
"695",9672,4413,4,1168
"696",9672,4414,4,1486
"697",9672,4415,4,1569
"698",9672,4416,4,1553
"699",9672,4417,4,2120
"700",9672,4418,4,2541
"701",9672,4419,4,2613
"702",9672,4420,4,2592
"703",9672,4421,4,2748
"704",9672,4422,4,2939
"705",9672,4423,4,3157
"706",9672,4424,4,3203
"707",9672,4425,4,2974
"708",9672,4426,4,3120
"709",9672,4427,4,2837
"710",9672,4428,4,2603
"711",9672,4429,4,2614
"712",9672,4430,4,2382
"713",9672,4431,4,2217
"714",9672,4432,4,1853
"715",9672,4433,4,1430
"716",9672,4434,4,1150
"717",9672,4435,4,940
"718",9672,4436,4,743
"719",9672,4437,4,576
"720",9672,4438,4,502
"721",9672,4439,4,424
"722",9672,4440,4,331
"723",9673,4401,4,425
"724",9673,4402,4,639
"725",9673,4403,4,897
"726",9673,4404,4,1124
"727",9673,4405,4,1066
"728",9673,4406,4,1040
"729",9673,4407,4,1005
"730",9673,4408,4,986
"731",9673,4409,4,926
"732",9673,4410,4,862
"733",9673,4411,4,896
"734",9673,4412,4,1042
"735",9673,4413,4,1330
"736",9673,4414,4,1640
"737",9673,4415,4,1746
"738",9673,4416,4,1799
"739",9673,4417,4,2339
"740",9673,4418,4,2497
"741",9673,4419,4,2456
"742",9673,4420,4,2317
"743",9673,4421,4,2403
"744",9673,4422,4,2652
"745",9673,4423,4,3122
"746",9673,4424,4,3477
"747",9673,4425,4,3178
"748",9673,4426,4,3185
"749",9673,4427,4,2825
"750",9673,4428,4,2286
"751",9673,4429,4,2208
"752",9673,4430,4,2091
"753",9673,4431,4,2146
"754",9673,4432,4,1960
"755",9673,4433,4,1641
"756",9673,4434,4,1456
"757",9673,4435,4,1188
"758",9673,4436,4,945
"759",9673,4437,4,798
"760",9673,4438,4,710
"761",9673,4439,4,590
"762",9673,4440,4,457
"763",9673,4441,4,335
"764",9674,4401,4,378
"765",9674,4402,4,581
"766",9674,4403,4,827
"767",9674,4404,4,1051
"768",9674,4405,4,1212
"769",9674,4406,4,1235
"770",9674,4407,4,1269
"771",9674,4408,4,1291
"772",9674,4409,4,1251
"773",9674,4410,4,1172
"774",9674,4411,4,1220
"775",9674,4412,4,1279
"776",9674,4413,4,1484
"777",9674,4414,4,1764
"778",9674,4415,4,1923
"779",9674,4416,4,2225
"780",9674,4417,4,2676
"781",9674,4418,4,2741
"782",9674,4419,4,2440
"783",9674,4420,4,2171
"784",9674,4421,4,2252
"785",9674,4422,4,2740
"786",9674,4423,4,3255
"787",9674,4424,4,3577
"788",9674,4425,4,3288
"789",9674,4426,4,2906
"790",9674,4427,4,2605
"791",9674,4428,4,2209
"792",9674,4429,4,1869
"793",9674,4430,4,1814
"794",9674,4431,4,1863
"795",9674,4432,4,1954
"796",9674,4433,4,1811
"797",9674,4434,4,1703
"798",9674,4435,4,1387
"799",9674,4436,4,1148
"800",9674,4437,4,1111
"801",9674,4438,4,1004
"802",9674,4439,4,821
"803",9674,4440,4,637
"804",9674,4441,4,463
"805",9674,4442,4,331
"806",9675,4401,4,312
"807",9675,4402,4,486
"808",9675,4403,4,720
"809",9675,4404,4,995
"810",9675,4405,4,1230
"811",9675,4406,4,1188
"812",9675,4407,4,1301
"813",9675,4408,4,1428
"814",9675,4409,4,1470
"815",9675,4410,4,1480
"816",9675,4411,4,1600
"817",9675,4412,4,1612
"818",9675,4413,4,1720
"819",9675,4414,4,1927
"820",9675,4415,4,2111
"821",9675,4416,4,2238
"822",9675,4417,4,2798
"823",9675,4418,4,2928
"824",9675,4419,4,2670
"825",9675,4420,4,2427
"826",9675,4421,4,2502
"827",9675,4422,4,2874
"828",9675,4423,4,3333
"829",9675,4424,4,3617
"830",9675,4425,4,3334
"831",9675,4426,4,2808
"832",9675,4427,4,2498
"833",9675,4428,4,2157
"834",9675,4429,4,1903
"835",9675,4430,4,1753
"836",9675,4431,4,1772
"837",9675,4432,4,1807
"838",9675,4433,4,1763
"839",9675,4434,4,1676
"840",9675,4435,4,1489
"841",9675,4436,4,1444
"842",9675,4437,4,1491
"843",9675,4438,4,1343
"844",9675,4439,4,1111
"845",9675,4440,4,857
"846",9675,4441,4,636
"847",9675,4442,4,475
"848",9675,4443,4,382
"849",9676,4402,4,415
"850",9676,4403,4,638
"851",9676,4404,4,900
"852",9676,4405,4,1094
"853",9676,4406,4,1065
"854",9676,4407,4,1123
"855",9676,4408,4,1282
"856",9676,4409,4,1407
"857",9676,4410,4,1630
"858",9676,4411,4,1920
"859",9676,4412,4,1969
"860",9676,4413,4,2067
"861",9676,4414,4,2185
"862",9676,4415,4,2273
"863",9676,4416,4,2370
"864",9676,4417,4,2886
"865",9676,4418,4,3247
"866",9676,4419,4,3021
"867",9676,4420,4,2809
"868",9676,4421,4,2861
"869",9676,4422,4,3147
"870",9676,4423,4,3525
"871",9676,4424,4,3768
"872",9676,4425,4,3507
"873",9676,4426,4,3174
"874",9676,4427,4,2860
"875",9676,4428,4,2557
"876",9676,4429,4,2312
"877",9676,4430,4,2186
"878",9676,4431,4,2077
"879",9676,4432,4,2039
"880",9676,4433,4,1969
"881",9676,4434,4,1784
"882",9676,4435,4,1668
"883",9676,4436,4,1723
"884",9676,4437,4,1830
"885",9676,4438,4,1632
"886",9676,4439,4,1374
"887",9676,4440,4,1088
"888",9676,4441,4,838
"889",9676,4442,4,694
"890",9676,4443,4,585
"891",9676,4444,4,460
"892",9676,4445,4,337
"893",9677,4402,4,382
"894",9677,4403,4,599
"895",9677,4404,4,854
"896",9677,4405,4,1037
"897",9677,4406,4,980
"898",9677,4407,4,935
"899",9677,4408,4,1065
"900",9677,4409,4,1243
"901",9677,4410,4,1558
"902",9677,4411,4,1879
"903",9677,4412,4,2140
"904",9677,4413,4,2357
"905",9677,4414,4,2345
"906",9677,4415,4,2452
"907",9677,4416,4,2623
"908",9677,4417,4,3082
"909",9677,4418,4,3488
"910",9677,4419,4,3380
"911",9677,4420,4,3290
"912",9677,4421,4,3326
"913",9677,4422,4,3574
"914",9677,4423,4,3820
"915",9677,4424,4,4011
"916",9677,4425,4,3671
"917",9677,4426,4,3531
"918",9677,4427,4,3149
"919",9677,4428,4,2972
"920",9677,4429,4,2728
"921",9677,4430,4,2610
"922",9677,4431,4,2472
"923",9677,4432,4,2318
"924",9677,4433,4,2210
"925",9677,4434,4,2051
"926",9677,4435,4,1852
"927",9677,4436,4,1944
"928",9677,4437,4,1745
"929",9677,4438,4,1660
"930",9677,4439,4,1537
"931",9677,4440,4,1274
"932",9677,4441,4,1060
"933",9677,4442,4,981
"934",9677,4443,4,849
"935",9677,4444,4,667
"936",9677,4445,4,492
"937",9677,4446,4,365
"938",9678,4402,4,360
"939",9678,4403,4,564
"940",9678,4404,4,811
"941",9678,4405,4,1013
"942",9678,4406,4,926
"943",9678,4407,4,856
"944",9678,4408,4,927
"945",9678,4409,4,1189
"946",9678,4410,4,1525
"947",9678,4411,4,1961
"948",9678,4412,4,2340
"949",9678,4413,4,2464
"950",9678,4414,4,2401
"951",9678,4415,4,2674
"952",9678,4416,4,2874
"953",9678,4417,4,3144
"954",9678,4418,4,3481
"955",9678,4419,4,3756
"956",9678,4420,4,3715
"957",9678,4421,4,3735
"958",9678,4422,4,3975
"959",9678,4423,4,4197
"960",9678,4424,4,3904
"961",9678,4425,4,3652
"962",9678,4426,4,3360
"963",9678,4427,4,3087
"964",9678,4428,4,3048
"965",9678,4429,4,2845
"966",9678,4430,4,2719
"967",9678,4431,4,2551
"968",9678,4432,4,2239
"969",9678,4433,4,2047
"970",9678,4434,4,1999
"971",9678,4435,4,1799
"972",9678,4436,4,1699
"973",9678,4437,4,1559
"974",9678,4438,4,1491
"975",9678,4439,4,1479
"976",9678,4440,4,1452
"977",9678,4441,4,1339
"978",9678,4442,4,1319
"979",9678,4443,4,1139
"980",9678,4444,4,892
"981",9678,4445,4,693
"982",9678,4446,4,545
"983",9678,4447,4,405
"984",9679,4402,4,350
"985",9679,4403,4,517
"986",9679,4404,4,706
"987",9679,4405,4,839
"988",9679,4406,4,832
"989",9679,4407,4,837
"990",9679,4408,4,962
"991",9679,4409,4,1291
"992",9679,4410,4,1675
"993",9679,4411,4,2114
"994",9679,4412,4,2506
"995",9679,4413,4,2628
"996",9679,4414,4,2583
"997",9679,4415,4,2816
"998",9679,4416,4,3104
"999",9679,4417,4,3298
"1000",9679,4418,4,3720
"1001",9679,4419,4,4016
"1002",9679,4420,4,4015
"1003",9679,4421,4,4102
"1004",9679,4422,4,4290
"1005",9679,4423,4,4219
"1006",9679,4424,4,3838
"1007",9679,4425,4,3483
"1008",9679,4426,4,3171
"1009",9679,4427,4,2967
"1010",9679,4428,4,2880
"1011",9679,4429,4,2724
"1012",9679,4430,4,2596
"1013",9679,4431,4,2378
"1014",9679,4432,4,2015
"1015",9679,4433,4,1733
"1016",9679,4434,4,1643
"1017",9679,4435,4,1501
"1018",9679,4436,4,1370
"1019",9679,4437,4,1313
"1020",9679,4438,4,1325
"1021",9679,4439,4,1494
"1022",9679,4440,4,1693
"1023",9679,4441,4,1605
"1024",9679,4442,4,1610
"1025",9679,4443,4,1357
"1026",9679,4444,4,1152
"1027",9679,4445,4,940
"1028",9679,4446,4,759
"1029",9679,4447,4,558
"1030",9679,4448,4,378
"1031",9680,4402,4,374
"1032",9680,4403,4,472
"1033",9680,4404,4,585
"1034",9680,4405,4,663
"1035",9680,4406,4,709
"1036",9680,4407,4,827
"1037",9680,4408,4,1045
"1038",9680,4409,4,1423
"1039",9680,4410,4,1832
"1040",9680,4411,4,2285
"1041",9680,4412,4,2723
"1042",9680,4413,4,2910
"1043",9680,4414,4,2918
"1044",9680,4415,4,3089
"1045",9680,4416,4,3375
"1046",9680,4417,4,3671
"1047",9680,4418,4,4101
"1048",9680,4419,4,4330
"1049",9680,4420,4,4329
"1050",9680,4421,4,4477
"1051",9680,4422,4,4535
"1052",9680,4423,4,4187
"1053",9680,4424,4,3760
"1054",9680,4425,4,3378
"1055",9680,4426,4,3120
"1056",9680,4427,4,2915
"1057",9680,4428,4,2750
"1058",9680,4429,4,2565
"1059",9680,4430,4,2377
"1060",9680,4431,4,2090
"1061",9680,4432,4,1730
"1062",9680,4433,4,1405
"1063",9680,4434,4,1288
"1064",9680,4435,4,1201
"1065",9680,4436,4,1124
"1066",9680,4437,4,1214
"1067",9680,4438,4,1354
"1068",9680,4439,4,1503
"1069",9680,4440,4,1632
"1070",9680,4441,4,1578
"1071",9680,4442,4,1443
"1072",9680,4443,4,1380
"1073",9680,4444,4,1300
"1074",9680,4445,4,1163
"1075",9680,4446,4,941
"1076",9680,4447,4,684
"1077",9680,4448,4,472
"1078",9680,4449,4,336
"1079",9681,4401,4,355
"1080",9681,4402,4,476
"1081",9681,4403,4,533
"1082",9681,4404,4,531
"1083",9681,4405,4,525
"1084",9681,4406,4,555
"1085",9681,4408,4,1138
"1086",9681,4409,4,1470
"1087",9681,4410,4,1879
"1088",9681,4411,4,2323
"1089",9681,4412,4,2795
"1090",9681,4413,4,3178
"1091",9681,4414,4,3326
"1092",9681,4415,4,3472
"1093",9681,4416,4,3698
"1094",9681,4417,4,3994
"1095",9681,4418,4,4363
"1096",9681,4419,4,4677
"1097",9681,4420,4,4678
"1098",9681,4421,4,4719
"1099",9681,4422,4,4518
"1100",9681,4423,4,4139
"1101",9681,4424,4,3761
"1102",9681,4425,4,3439
"1103",9681,4426,4,3187
"1104",9681,4427,4,2955
"1105",9681,4428,4,2704
"1106",9681,4429,4,2415
"1107",9681,4430,4,2144
"1108",9681,4431,4,1814
"1109",9681,4432,4,1470
"1110",9681,4433,4,1185
"1111",9681,4434,4,1092
"1112",9681,4435,4,1075
"1113",9681,4436,4,1171
"1114",9681,4437,4,1336
"1115",9681,4438,4,1522
"1116",9681,4439,4,1596
"1117",9681,4440,4,1562
"1118",9681,4441,4,1367
"1119",9681,4442,4,1164
"1120",9681,4443,4,1154
"1121",9681,4444,4,1120
"1122",9681,4445,4,1125
"1123",9681,4446,4,953
"1124",9681,4447,4,740
"1125",9681,4448,4,605
"1126",9681,4449,4,468
"1127",9681,4450,4,340
"1128",9682,4401,4,435
"1129",9682,4402,4,597
"1130",9682,4403,4,634
"1131",9682,4404,4,551
"1132",9682,4405,4,492
"1133",9682,4406,4,521
"1134",9682,4407,4,688
"1135",9682,4408,4,1026
"1136",9682,4409,4,1370
"1137",9682,4410,4,1852
"1138",9682,4411,4,2298
"1139",9682,4412,4,2707
"1140",9682,4413,4,3067
"1141",9682,4414,4,3418
"1142",9682,4415,4,3758
"1143",9682,4416,4,4029
"1144",9682,4417,4,4342
"1145",9682,4418,4,4710
"1146",9682,4419,4,4957
"1147",9682,4420,4,5048
"1148",9682,4421,4,5038
"1149",9682,4422,4,4612
"1150",9682,4423,4,4178
"1151",9682,4424,4,3840
"1152",9682,4425,4,3553
"1153",9682,4426,4,3282
"1154",9682,4427,4,2974
"1155",9682,4428,4,2637
"1156",9682,4429,4,2295
"1157",9682,4430,4,1982
"1158",9682,4431,4,1631
"1159",9682,4432,4,1358
"1160",9682,4433,4,1222
"1161",9682,4434,4,1206
"1162",9682,4435,4,1244
"1163",9682,4436,4,1395
"1164",9682,4437,4,1535
"1165",9682,4438,4,1570
"1166",9682,4439,4,1502
"1167",9682,4440,4,1332
"1168",9682,4441,4,1096
"1169",9682,4442,4,889
"1170",9682,4443,4,852
"1171",9682,4444,4,842
"1172",9682,4445,4,870
"1173",9682,4446,4,824
"1174",9682,4447,4,837
"1175",9682,4448,4,782
"1176",9682,4449,4,617
"1177",9682,4450,4,457
"1178",9682,4451,4,380
"1179",9682,4452,4,301
"1180",9683,4401,4,457
"1181",9683,4402,4,629
"1182",9683,4403,4,654
"1183",9683,4404,4,526
"1184",9683,4405,4,444
"1185",9683,4406,4,457
"1186",9683,4407,4,588
"1187",9683,4408,4,847
"1188",9683,4409,4,1082
"1189",9683,4411,4,2320
"1190",9683,4412,4,2583
"1191",9683,4413,4,2876
"1192",9683,4414,4,3223
"1193",9683,4415,4,3637
"1194",9683,4416,4,4155
"1195",9683,4417,4,4641
"1196",9683,4418,4,5047
"1197",9683,4419,4,5294
"1198",9683,4420,4,5370
"1199",9683,4421,4,5221
"1200",9683,4422,4,4826
"1201",9683,4423,4,4436
"1202",9683,4424,4,4081
"1203",9683,4425,4,3752
"1204",9683,4426,4,3384
"1205",9683,4427,4,3005
"1206",9683,4428,4,2630
"1207",9683,4429,4,2300
"1208",9683,4430,4,2027
"1209",9683,4431,4,1751
"1210",9683,4432,4,1535
"1211",9683,4433,4,1505
"1212",9683,4434,4,1534
"1213",9683,4435,4,1560
"1214",9683,4436,4,1661
"1215",9683,4437,4,1745
"1216",9683,4438,4,1505
"1217",9683,4439,4,1256
"1218",9683,4440,4,1025
"1219",9683,4441,4,821
"1220",9683,4442,4,647
"1221",9683,4443,4,583
"1222",9683,4444,4,583
"1223",9683,4445,4,630
"1224",9683,4446,4,748
"1225",9683,4447,4,910
"1226",9683,4448,4,899
"1227",9683,4449,4,719
"1228",9683,4450,4,613
"1229",9683,4451,4,550
"1230",9683,4452,4,433
"1231",9683,4453,4,310
"1232",9684,4404,4,430
"1233",9684,4405,4,359
"1234",9684,4406,4,366
"1235",9684,4407,4,458
"1236",9684,4408,4,631
"1237",9684,4409,4,892
"1238",9684,4413,4,2704
"1239",9684,4414,4,3011
"1240",9684,4415,4,3504
"1241",9684,4416,4,4180
"1242",9684,4417,4,4802
"1243",9684,4418,4,5283
"1244",9684,4419,4,5568
"1245",9684,4420,4,5702
"1246",9684,4421,4,5582
"1247",9684,4422,4,5255
"1248",9684,4423,4,4900
"1249",9684,4424,4,4509
"1250",9684,4425,4,4071
"1251",9684,4426,4,3556
"1252",9684,4427,4,3117
"1253",9684,4428,4,2760
"1254",9684,4429,4,2514
"1255",9684,4430,4,2304
"1256",9684,4431,4,2075
"1257",9684,4432,4,1867
"1258",9684,4433,4,1884
"1259",9684,4434,4,1898
"1260",9684,4435,4,1864
"1261",9684,4436,4,1862
"1262",9684,4437,4,1613
"1263",9684,4438,4,1316
"1264",9684,4439,4,1008
"1265",9684,4440,4,758
"1266",9684,4441,4,577
"1267",9684,4442,4,443
"1268",9684,4443,4,371
"1269",9684,4444,4,381
"1270",9684,4445,4,469
"1271",9684,4446,4,616
"1272",9684,4447,4,760
"1273",9684,4448,4,775
"1274",9684,4449,4,686
"1275",9684,4450,4,740
"1276",9684,4451,4,709
"1277",9684,4452,4,550
"1278",9684,4453,4,401
"1279",9684,4454,4,320
"1280",9685,4407,4,378
"1281",9685,4408,4,484
"1282",9685,4412,4,2364
"1283",9685,4413,4,2651
"1284",9685,4414,4,3003
"1285",9685,4415,4,3492
"1286",9685,4416,4,4141
"1287",9685,4417,4,4823
"1288",9685,4418,4,5402
"1289",9685,4419,4,5809
"1290",9685,4420,4,6017
"1291",9685,4421,4,5903
"1292",9685,4422,4,5600
"1293",9685,4423,4,5216
"1294",9685,4424,4,4777
"1295",9685,4425,4,4294
"1296",9685,4426,4,3759
"1297",9685,4427,4,3334
"1298",9685,4428,4,3048
"1299",9685,4429,4,2871
"1300",9685,4430,4,2699
"1301",9685,4431,4,2508
"1302",9685,4432,4,2265
"1303",9685,4433,4,2197
"1304",9685,4434,4,2071
"1305",9685,4435,4,1856
"1306",9685,4436,4,1633
"1307",9685,4437,4,1369
"1308",9685,4438,4,1056
"1309",9685,4439,4,778
"1310",9685,4440,4,551
"1311",9685,4441,4,391
"1312",9685,4445,4,335
"1313",9685,4446,4,446
"1314",9685,4447,4,541
"1315",9685,4448,4,575
"1316",9685,4449,4,606
"1317",9685,4450,4,718
"1318",9685,4451,4,714
"1319",9685,4452,4,588
"1320",9685,4453,4,512
"1321",9685,4454,4,456
"1322",9685,4455,4,350
"1323",9686,4407,4,423
"1324",9686,4408,4,523
"1325",9686,4412,4,2519
"1326",9686,4413,4,2867
"1327",9686,4414,4,3270
"1328",9686,4415,4,3700
"1329",9686,4416,4,4226
"1330",9686,4417,4,4798
"1331",9686,4418,4,5374
"1332",9686,4419,4,5901
"1333",9686,4420,4,6202
"1334",9686,4421,4,6124
"1335",9686,4422,4,5728
"1336",9686,4423,4,5176
"1337",9686,4424,4,4720
"1338",9686,4425,4,4346
"1339",9686,4426,4,3994
"1340",9686,4427,4,3691
"1341",9686,4428,4,3472
"1342",9686,4429,4,3257
"1343",9686,4430,4,3085
"1344",9686,4431,4,2880
"1345",9686,4432,4,2543
"1346",9686,4433,4,2299
"1347",9686,4434,4,1940
"1348",9686,4435,4,1577
"1349",9686,4436,4,1276
"1350",9686,4437,4,1044
"1351",9686,4438,4,802
"1352",9686,4439,4,573
"1353",9686,4440,4,394
"1354",9686,4447,4,349
"1355",9686,4448,4,378
"1356",9686,4449,4,456
"1357",9686,4450,4,544
"1358",9686,4451,4,565
"1359",9686,4452,4,549
"1360",9686,4453,4,612
"1361",9686,4454,4,584
"1362",9686,4455,4,434
"1363",9687,4406,4,390
"1364",9687,4407,4,557
"1365",9687,4408,4,660
"1366",9687,4411,4,2273
"1367",9687,4412,4,2626
"1368",9687,4413,4,3091
"1369",9687,4414,4,3515
"1370",9687,4415,4,3914
"1371",9687,4416,4,4376
"1372",9687,4417,4,4873
"1373",9687,4418,4,5346
"1374",9687,4419,4,5851
"1375",9687,4420,4,6233
"1376",9687,4421,4,6215
"1377",9687,4422,4,5546
"1378",9687,4423,4,4573
"1379",9687,4424,4,4163
"1380",9687,4425,4,4199
"1381",9687,4426,4,4180
"1382",9687,4427,4,4037
"1383",9687,4428,4,3832
"1384",9687,4429,4,3528
"1385",9687,4430,4,3230
"1386",9687,4431,4,2884
"1387",9687,4432,4,2513
"1388",9687,4433,4,2153
"1389",9687,4434,4,1713
"1390",9687,4435,4,1288
"1391",9687,4436,4,962
"1392",9687,4437,4,741
"1393",9687,4438,4,565
"1394",9687,4439,4,405
"1395",9687,4449,4,307
"1396",9687,4450,4,367
"1397",9687,4451,4,402
"1398",9687,4452,4,482
"1399",9687,4453,4,589
"1400",9687,4454,4,577
"1401",9687,4455,4,433
"1402",9688,4405,4,325
"1403",9688,4406,4,518
"1404",9688,4407,4,716
"1405",9688,4408,4,886
"1406",9688,4410,4,1759
"1407",9688,4411,4,2221
"1408",9688,4412,4,2717
"1409",9688,4413,4,3156
"1410",9688,4414,4,3411
"1411",9688,4415,4,3736
"1412",9688,4416,4,4230
"1413",9688,4417,4,4786
"1414",9688,4418,4,5273
"1415",9688,4419,4,5748
"1416",9688,4420,4,6154
"1417",9688,4421,4,6122
"1418",9688,4422,4,5151
"1419",9688,4423,4,4217
"1420",9688,4424,4,3862
"1421",9688,4425,4,4067
"1422",9688,4426,4,4222
"1423",9688,4427,4,4192
"1424",9688,4428,4,3965
"1425",9688,4429,4,3617
"1426",9688,4430,4,3210
"1427",9688,4431,4,2811
"1428",9688,4432,4,2364
"1429",9688,4433,4,1922
"1430",9688,4434,4,1463
"1431",9688,4435,4,1052
"1432",9688,4436,4,716
"1433",9688,4437,4,504
"1434",9688,4438,4,372
"1435",9688,4452,4,363
"1436",9688,4453,4,438
"1437",9688,4454,4,434
"1438",9688,4455,4,348
"1439",9689,4405,4,399
"1440",9689,4406,4,612
"1441",9689,4407,4,885
"1442",9689,4408,4,1138
"1443",9689,4411,4,2392
"1444",9689,4412,4,2778
"1445",9689,4413,4,3076
"1446",9689,4414,4,3202
"1447",9689,4415,4,3522
"1448",9689,4416,4,4083
"1449",9689,4417,4,4652
"1450",9689,4418,4,5114
"1451",9689,4419,4,5492
"1452",9689,4420,4,5881
"1453",9689,4421,4,5897
"1454",9689,4422,4,5248
"1455",9689,4423,4,4270
"1456",9689,4424,4,3953
"1457",9689,4425,4,4059
"1458",9689,4426,4,4131
"1459",9689,4427,4,4044
"1460",9689,4428,4,3771
"1461",9689,4429,4,3363
"1462",9689,4430,4,2930
"1463",9689,4431,4,2503
"1464",9689,4432,4,2062
"1465",9689,4433,4,1633
"1466",9689,4434,4,1219
"1467",9689,4435,4,859
"1468",9689,4436,4,561
"1469",9689,4437,4,352
"1470",9690,4405,4,481
"1471",9690,4406,4,682
"1472",9690,4407,4,1007
"1473",9690,4408,4,1419
"1474",9690,4409,4,1884
"1475",9690,4410,4,2178
"1476",9690,4411,4,2488
"1477",9690,4412,4,2825
"1478",9690,4413,4,3067
"1479",9690,4414,4,3236
"1480",9690,4415,4,3590
"1481",9690,4416,4,4101
"1482",9690,4417,4,4575
"1483",9690,4418,4,4900
"1484",9690,4419,4,5096
"1485",9690,4420,4,5458
"1486",9690,4421,4,5543
"1487",9690,4422,4,5218
"1488",9690,4423,4,4625
"1489",9690,4424,4,4193
"1490",9690,4425,4,3903
"1491",9690,4426,4,3794
"1492",9690,4427,4,3703
"1493",9690,4428,4,3422
"1494",9690,4429,4,2982
"1495",9690,4430,4,2539
"1496",9690,4431,4,2131
"1497",9690,4432,4,1714
"1498",9690,4433,4,1319
"1499",9690,4434,4,964
"1500",9690,4435,4,673
"1501",9690,4436,4,439
"1504",9691,4408,4,1526
"1505",9691,4409,4,1847
"1506",9691,4410,4,2198
"1507",9691,4411,4,2501
"1508",9691,4412,4,2782
"1509",9691,4413,4,3110
"1510",9691,4414,4,3394
"1511",9691,4415,4,3698
"1512",9691,4416,4,4026
"1513",9691,4417,4,4266
"1514",9691,4418,4,4465
"1515",9691,4419,4,4630
"1516",9691,4420,4,4900
"1517",9691,4421,4,5004
"1518",9691,4422,4,4830
"1519",9691,4423,4,4388
"1520",9691,4424,4,3888
"1521",9691,4425,4,3488
"1522",9691,4426,4,3344
"1523",9691,4427,4,3293
"1524",9691,4428,4,3125
"1525",9691,4429,4,2726
"1526",9691,4430,4,2307
"1527",9691,4431,4,1890
"1528",9691,4432,4,1457
"1529",9691,4433,4,1061
"1530",9691,4434,4,745
"1531",9691,4435,4,515
"1532",9691,4436,4,340
"1537",9692,4408,4,1471
"1538",9692,4409,4,1791
"1539",9692,4410,4,2149
"1540",9692,4411,4,2354
"1541",9692,4412,4,2609
"1542",9692,4413,4,2875
"1543",9692,4414,4,3214
"1544",9692,4415,4,3443
"1545",9692,4416,4,3680
"1546",9692,4417,4,3902
"1547",9692,4418,4,4027
"1548",9692,4419,4,4213
"1549",9692,4420,4,4429
"1550",9692,4421,4,4459
"1551",9692,4422,4,4333
"1552",9692,4423,4,3993
"1553",9692,4424,4,3527
"1554",9692,4425,4,3101
"1555",9692,4426,4,2937
"1556",9692,4427,4,2897
"1557",9692,4428,4,2800
"1558",9692,4429,4,2536
"1559",9692,4430,4,2206
"1560",9692,4431,4,1794
"1561",9692,4432,4,1353
"1562",9692,4433,4,950
"1563",9692,4434,4,644
"1564",9692,4435,4,431
"1569",9693,4411,4,2175
"1570",9693,4412,4,2396
"1571",9693,4413,4,2671
"1572",9693,4414,4,2932
"1573",9693,4415,4,3186
"1574",9693,4416,4,3389
"1575",9693,4417,4,3556
"1576",9693,4418,4,3692
"1577",9693,4419,4,3863
"1578",9693,4420,4,4015
"1579",9693,4421,4,3961
"1580",9693,4422,4,3821
"1581",9693,4423,4,3591
"1582",9693,4424,4,3196
"1583",9693,4425,4,2751
"1584",9693,4426,4,2512
"1585",9693,4427,4,2415
"1586",9693,4428,4,2304
"1587",9693,4429,4,2158
"1588",9693,4430,4,1943
"1589",9693,4431,4,1615
"1590",9693,4432,4,1235
"1591",9693,4433,4,877
"1592",9693,4434,4,601
"1593",9693,4435,4,406
"1596",9694,4417,4,3322
"1597",9694,4418,4,3437
"1598",9694,4419,4,3526
"1599",9694,4420,4,3605
"1600",9694,4421,4,3507
"1601",9694,4422,4,3405
"1602",9694,4423,4,3268
"1603",9694,4424,4,2936
"1604",9694,4425,4,2515
"1605",9694,4426,4,2188
"1606",9694,4427,4,1976
"1607",9694,4428,4,1796
"1608",9694,4429,4,1691
"1609",9694,4430,4,1566
"1610",9694,4431,4,1351
"1611",9694,4432,4,1067
"1612",9694,4433,4,789
"1613",9694,4434,4,560
"1614",9694,4435,4,394
"1615",9695,4419,4,3292
"1616",9695,4420,4,3309
"1617",9695,4421,4,3166
"1618",9695,4422,4,3133
"1619",9695,4423,4,3054
"1620",9695,4424,4,2775
"1621",9695,4425,4,2433
"1622",9695,4426,4,2089
"1623",9695,4427,4,1723
"1624",9695,4428,4,1376
"1625",9695,4429,4,1258
"1626",9695,4430,4,1193
"1627",9695,4431,4,1079
"1628",9695,4432,4,885
"1629",9695,4433,4,680
"1630",9695,4434,4,493
"1631",9695,4435,4,361
"1632",9696,4421,4,2933
"1633",9696,4424,4,2618
"1634",9696,4425,4,2436
"1635",9696,4426,4,2212
"1636",9696,4428,4,963
"1637",9696,4429,4,894
"1638",9696,4430,4,873
"1639",9696,4431,4,875
"1640",9696,4432,4,713
"1641",9696,4433,4,564
"1642",9696,4434,4,404
"1643",9696,4435,4,306
"1644",9697,4428,4,764
"1645",9697,4429,4,652
"1646",9697,4430,4,616
"1647",9697,4432,4,529
"1648",9697,4433,4,444
"1649",9697,4434,4,323
"1650",9698,4429,4,480
"1651",9698,4430,4,459
