"","long","lat","cluster_id","add.data"
"1",9626,4444,1,431
"2",9626,4445,1,431
"3",9627,4443,1,322
"4",9627,4444,1,424
"5",9627,4445,1,418
"6",9627,4446,1,308
"7",9628,4443,1,338
"8",9628,4444,1,409
"9",9628,4445,1,389
"10",9629,4443,1,388
"11",9629,4444,1,448
"12",9629,4445,1,393
"14",9630,4442,1,332
"15",9630,4443,1,422
"16",9630,4444,1,463
"17",9630,4445,1,389
"19",9631,4441,1,343
"20",9631,4442,1,399
"21",9631,4443,1,464
"22",9631,4444,1,459
"23",9631,4445,1,363
"27",9632,4437,1,315
"28",9632,4438,1,362
"29",9632,4439,1,401
"30",9632,4440,1,406
"31",9632,4441,1,444
"32",9632,4442,1,465
"33",9632,4443,1,470
"34",9632,4444,1,433
"35",9632,4445,1,331
"37",9633,4435,1,361
"38",9633,4436,1,423
"39",9633,4437,1,434
"40",9633,4438,1,471
"41",9633,4439,1,519
"42",9633,4440,1,495
"43",9633,4441,1,508
"44",9633,4442,1,492
"45",9633,4443,1,419
"46",9633,4444,1,350
"47",9634,4434,1,330
"48",9634,4435,1,462
"49",9634,4436,1,548
"50",9634,4437,1,521
"51",9634,4438,1,505
"52",9634,4439,1,528
"53",9634,4440,1,483
"54",9634,4441,1,452
"55",9634,4442,1,416
"56",9634,4443,1,339
"57",9635,4434,1,363
"58",9635,4435,1,503
"59",9635,4436,1,581
"60",9635,4437,1,526
"61",9635,4438,1,458
"62",9635,4439,1,439
"63",9635,4440,1,395
"64",9635,4441,1,348
"65",9635,4442,1,306
"66",9636,4434,1,394
"67",9636,4435,1,535
"68",9636,4436,1,574
"69",9636,4437,1,497
"70",9636,4438,1,415
"71",9636,4439,1,373
"72",9636,4440,1,325
"73",9637,4434,1,375
"74",9637,4435,1,507
"75",9637,4436,1,544
"76",9637,4437,1,488
"77",9637,4438,1,439
"78",9637,4439,1,407
"79",9637,4440,1,342
"80",9638,4434,1,307
"81",9638,4435,1,409
"82",9638,4436,1,466
"83",9638,4437,1,496
"84",9638,4438,1,541
"85",9638,4439,1,523
"86",9638,4440,1,425
"87",9638,4441,1,305
"88",9639,4435,1,336
"89",9639,4436,1,433
"90",9639,4437,1,560
"91",9639,4438,1,674
"92",9639,4439,1,659
"93",9639,4440,1,514
"94",9639,4441,1,352
"98",9640,4435,1,330
"99",9640,4436,1,467
"100",9640,4437,1,621
"101",9640,4438,1,744
"102",9640,4439,1,711
"103",9640,4440,1,544
"104",9640,4441,1,367
"108",9641,4435,1,380
"109",9641,4436,1,544
"110",9641,4437,1,714
"111",9641,4438,1,812
"112",9641,4439,1,717
"113",9641,4440,1,531
"114",9641,4441,1,351
"118",9642,4397,1,302
"119",9642,4398,1,309
"120",9642,4434,1,306
"121",9642,4435,1,461
"122",9642,4436,1,636
"123",9642,4437,1,779
"124",9642,4438,1,830
"125",9642,4439,1,699
"126",9642,4440,1,506
"127",9642,4441,1,332
"128",9643,4395,1,334
"129",9643,4396,1,414
"130",9643,4397,1,448
"131",9643,4398,1,462
"132",9643,4399,1,431
"133",9643,4400,1,340
"134",9643,4434,1,349
"135",9643,4435,1,531
"136",9643,4436,1,732
"137",9643,4437,1,864
"138",9643,4438,1,802
"139",9643,4439,1,631
"140",9643,4440,1,451
"141",9644,4395,1,406
"142",9644,4396,1,531
"143",9644,4397,1,579
"144",9644,4398,1,599
"145",9644,4399,1,559
"146",9644,4400,1,422
"147",9644,4434,1,362
"148",9644,4435,1,545
"149",9644,4436,1,742
"150",9644,4437,1,857
"151",9644,4438,1,767
"152",9644,4439,1,586
"153",9644,4440,1,407
"154",9645,4395,1,403
"155",9645,4396,1,531
"156",9645,4397,1,580
"157",9645,4398,1,601
"158",9645,4399,1,562
"159",9645,4400,1,428
"160",9645,4434,1,360
"161",9645,4435,1,529
"162",9645,4436,1,694
"163",9645,4437,1,775
"164",9645,4438,1,707
"165",9645,4439,1,553
"166",9645,4440,1,392
"167",9646,4395,1,327
"168",9646,4396,1,414
"169",9646,4397,1,451
"170",9646,4398,1,468
"171",9646,4399,1,443
"172",9646,4400,1,363
"173",9646,4434,1,399
"174",9646,4435,1,581
"175",9646,4436,1,756
"176",9646,4437,1,842
"177",9646,4438,1,771
"178",9646,4439,1,612
"179",9646,4440,1,445
"180",9646,4441,1,311
"181",9646,4453,1,375
"182",9646,4454,1,444
"183",9646,4455,1,434
"184",9646,4456,1,350
"185",9647,4397,1,308
"186",9647,4398,1,324
"187",9647,4399,1,323
"188",9647,4400,1,304
"189",9647,4401,1,312
"190",9647,4402,1,313
"191",9647,4434,1,465
"192",9647,4435,1,679
"193",9647,4436,1,896
"194",9647,4437,1,1018
"195",9647,4438,1,922
"196",9647,4439,1,735
"197",9647,4440,1,550
"198",9647,4441,1,399
"199",9647,4452,1,365
"200",9647,4453,1,499
"201",9647,4454,1,598
"202",9647,4455,1,568
"203",9647,4456,1,437
"204",9648,4400,1,325
"205",9648,4401,1,407
"206",9648,4402,1,462
"207",9648,4403,1,436
"208",9648,4404,1,360
"209",9648,4433,1,350
"210",9648,4434,1,543
"211",9648,4435,1,779
"212",9648,4436,1,995
"213",9648,4437,1,1109
"214",9648,4438,1,1019
"215",9648,4439,1,846
"216",9648,4440,1,668
"217",9648,4441,1,503
"218",9648,4442,1,352
"219",9648,4452,1,429
"220",9648,4453,1,585
"221",9648,4454,1,700
"222",9648,4455,1,614
"223",9648,4456,1,458
"224",9648,4457,1,306
"225",9649,4400,1,374
"226",9649,4401,1,530
"227",9649,4402,1,656
"228",9649,4403,1,620
"229",9649,4404,1,511
"230",9649,4405,1,398
"231",9649,4433,1,391
"232",9649,4434,1,599
"233",9649,4435,1,849
"234",9649,4436,1,1079
"235",9649,4437,1,1138
"236",9649,4438,1,1026
"237",9649,4439,1,883
"238",9649,4440,1,740
"239",9649,4441,1,576
"240",9649,4442,1,405
"241",9649,4451,1,336
"242",9649,4452,1,476
"243",9649,4453,1,603
"244",9649,4454,1,658
"245",9649,4455,1,569
"246",9649,4456,1,421
"247",9650,4400,1,398
"248",9650,4401,1,587
"249",9650,4402,1,758
"250",9650,4403,1,787
"251",9650,4404,1,695
"252",9650,4405,1,548
"253",9650,4406,1,413
"254",9650,4407,1,328
"255",9650,4433,1,435
"256",9650,4434,1,635
"257",9650,4435,1,847
"258",9650,4436,1,1002
"259",9650,4437,1,1015
"260",9650,4438,1,915
"261",9650,4439,1,804
"262",9650,4440,1,702
"263",9650,4441,1,562
"264",9650,4442,1,401
"265",9650,4451,1,397
"266",9650,4452,1,550
"267",9650,4453,1,682
"268",9650,4454,1,688
"269",9650,4455,1,555
"270",9650,4456,1,392
"271",9651,4400,1,378
"272",9651,4401,1,562
"273",9651,4402,1,783
"274",9651,4403,1,956
"275",9651,4404,1,861
"276",9651,4405,1,716
"277",9651,4406,1,577
"278",9651,4407,1,504
"279",9651,4408,1,436
"280",9651,4409,1,351
"281",9651,4432,1,360
"282",9651,4433,1,543
"283",9651,4434,1,751
"284",9651,4435,1,922
"285",9651,4436,1,967
"286",9651,4437,1,899
"287",9651,4438,1,775
"288",9651,4439,1,662
"289",9651,4440,1,573
"290",9651,4441,1,467
"291",9651,4442,1,347
"292",9651,4450,1,334
"293",9651,4451,1,467
"294",9651,4452,1,609
"295",9651,4453,1,713
"296",9651,4454,1,682
"297",9651,4455,1,530
"298",9651,4456,1,365
"299",9652,4400,1,335
"300",9652,4401,1,510
"301",9652,4402,1,717
"302",9652,4403,1,889
"303",9652,4404,1,974
"304",9652,4405,1,867
"305",9652,4406,1,750
"306",9652,4407,1,726
"307",9652,4408,1,643
"308",9652,4409,1,521
"309",9652,4410,1,416
"310",9652,4411,1,350
"311",9652,4432,1,440
"312",9652,4433,1,666
"313",9652,4434,1,923
"314",9652,4435,1,1128
"315",9652,4436,1,1140
"316",9652,4437,1,967
"317",9652,4438,1,749
"318",9652,4439,1,570
"319",9652,4440,1,453
"320",9652,4441,1,367
"321",9652,4449,1,316
"322",9652,4450,1,429
"323",9652,4451,1,572
"324",9652,4452,1,700
"325",9652,4453,1,724
"326",9652,4454,1,621
"327",9652,4455,1,470
"328",9652,4456,1,320
"329",9653,4401,1,426
"330",9653,4402,1,620
"331",9653,4403,1,822
"332",9653,4404,1,952
"333",9653,4405,1,910
"334",9653,4406,1,928
"335",9653,4407,1,979
"336",9653,4408,1,870
"337",9653,4409,1,716
"338",9653,4410,1,630
"339",9653,4411,1,548
"340",9653,4412,1,441
"341",9653,4413,1,330
"342",9653,4431,1,315
"343",9653,4432,1,509
"344",9653,4433,1,766
"345",9653,4434,1,1057
"346",9653,4435,1,1301
"347",9653,4436,1,1293
"348",9653,4437,1,1044
"349",9653,4438,1,763
"350",9653,4439,1,540
"351",9653,4440,1,399
"352",9653,4441,1,331
"353",9653,4445,1,303
"354",9653,4446,1,312
"355",9653,4447,1,321
"356",9653,4448,1,362
"357",9653,4449,1,431
"358",9653,4450,1,550
"359",9653,4451,1,685
"360",9653,4452,1,802
"361",9653,4453,1,772
"362",9653,4454,1,606
"363",9653,4455,1,427
"364",9654,4401,1,340
"365",9654,4402,1,494
"366",9654,4403,1,651
"367",9654,4404,1,762
"368",9654,4405,1,819
"369",9654,4406,1,997
"370",9654,4407,1,1168
"371",9654,4408,1,1028
"372",9654,4409,1,904
"373",9654,4410,1,896
"374",9654,4411,1,803
"375",9654,4412,1,648
"376",9654,4413,1,492
"377",9654,4414,1,369
"378",9654,4431,1,370
"379",9654,4432,1,587
"380",9654,4433,1,859
"381",9654,4434,1,1131
"382",9654,4435,1,1322
"383",9654,4436,1,1285
"384",9654,4437,1,1049
"385",9654,4438,1,772
"386",9654,4439,1,549
"387",9654,4440,1,416
"388",9654,4441,1,389
"389",9654,4442,1,396
"390",9654,4443,1,401
"391",9654,4444,1,436
"392",9654,4445,1,477
"393",9654,4446,1,489
"394",9654,4447,1,487
"395",9654,4448,1,528
"396",9654,4449,1,574
"397",9654,4450,1,672
"398",9654,4451,1,800
"399",9654,4452,1,828
"400",9654,4453,1,717
"401",9654,4454,1,544
"402",9654,4455,1,374
"403",9655,4402,1,356
"404",9655,4403,1,464
"405",9655,4404,1,561
"406",9655,4405,1,688
"407",9655,4406,1,868
"408",9655,4407,1,1007
"409",9655,4408,1,1020
"410",9655,4409,1,1114
"411",9655,4410,1,1204
"412",9655,4411,1,1090
"413",9655,4412,1,896
"414",9655,4413,1,719
"415",9655,4414,1,548
"416",9655,4415,1,406
"417",9655,4416,1,306
"418",9655,4431,1,410
"419",9655,4432,1,652
"420",9655,4433,1,960
"421",9655,4434,1,1283
"422",9655,4435,1,1488
"423",9655,4436,1,1385
"424",9655,4437,1,1125
"425",9655,4438,1,846
"426",9655,4439,1,641
"427",9655,4440,1,531
"428",9655,4441,1,545
"429",9655,4442,1,590
"430",9655,4443,1,615
"431",9655,4444,1,650
"432",9655,4445,1,711
"433",9655,4446,1,719
"434",9655,4447,1,688
"435",9655,4448,1,732
"436",9655,4449,1,747
"437",9655,4450,1,743
"438",9655,4451,1,803
"439",9655,4452,1,779
"440",9655,4453,1,630
"441",9655,4454,1,451
"442",9655,4455,1,306
"443",9656,4403,1,308
"444",9656,4404,1,388
"445",9656,4405,1,516
"446",9656,4406,1,661
"447",9656,4407,1,795
"448",9656,4408,1,963
"449",9656,4409,1,1218
"450",9656,4410,1,1454
"451",9656,4411,1,1332
"452",9656,4412,1,1188
"453",9656,4413,1,987
"454",9656,4414,1,778
"455",9656,4415,1,613
"456",9656,4416,1,474
"457",9656,4417,1,376
"458",9656,4418,1,302
"459",9656,4431,1,416
"460",9656,4432,1,660
"461",9656,4433,1,975
"462",9656,4434,1,1314
"463",9656,4435,1,1551
"464",9656,4436,1,1497
"465",9656,4437,1,1294
"466",9656,4438,1,1025
"467",9656,4439,1,811
"468",9656,4440,1,724
"469",9656,4441,1,772
"470",9656,4442,1,854
"471",9656,4443,1,880
"472",9656,4444,1,884
"473",9656,4445,1,963
"474",9656,4446,1,957
"475",9656,4447,1,870
"476",9656,4448,1,912
"477",9656,4449,1,889
"478",9656,4450,1,769
"479",9656,4451,1,690
"480",9656,4452,1,622
"481",9656,4453,1,499
"482",9656,4454,1,360
"483",9657,4405,1,358
"484",9657,4406,1,467
"485",9657,4407,1,601
"486",9657,4408,1,831
"487",9657,4409,1,1099
"488",9657,4410,1,1334
"489",9657,4411,1,1478
"490",9657,4412,1,1458
"491",9657,4413,1,1269
"492",9657,4414,1,1078
"493",9657,4415,1,877
"494",9657,4416,1,704
"495",9657,4417,1,585
"496",9657,4418,1,486
"497",9657,4419,1,429
"498",9657,4420,1,371
"499",9657,4421,1,312
"500",9657,4431,1,396
"501",9657,4432,1,622
"502",9657,4433,1,916
"503",9657,4434,1,1241
"504",9657,4435,1,1551
"505",9657,4436,1,1675
"506",9657,4437,1,1495
"507",9657,4438,1,1217
"508",9657,4439,1,1022
"509",9657,4440,1,985
"510",9657,4441,1,1030
"511",9657,4442,1,1138
"512",9657,4443,1,1142
"513",9657,4444,1,1059
"514",9657,4445,1,1120
"515",9657,4446,1,1090
"516",9657,4447,1,946
"517",9657,4448,1,928
"518",9657,4449,1,872
"519",9657,4450,1,709
"520",9657,4451,1,553
"521",9657,4452,1,454
"522",9657,4453,1,359
"523",9658,4406,1,323
"524",9658,4407,1,465
"525",9658,4408,1,661
"526",9658,4409,1,900
"527",9658,4410,1,1189
"528",9658,4411,1,1458
"529",9658,4412,1,1563
"530",9658,4413,1,1566
"531",9658,4414,1,1401
"532",9658,4415,1,1190
"533",9658,4416,1,1027
"534",9658,4417,1,870
"535",9658,4418,1,749
"536",9658,4419,1,687
"537",9658,4420,1,599
"538",9658,4421,1,514
"539",9658,4422,1,469
"540",9658,4423,1,409
"541",9658,4424,1,331
"542",9658,4431,1,395
"543",9658,4432,1,608
"544",9658,4433,1,902
"545",9658,4434,1,1232
"546",9658,4435,1,1548
"547",9658,4436,1,1714
"548",9658,4437,1,1585
"549",9658,4438,1,1372
"550",9658,4439,1,1271
"551",9658,4440,1,1274
"552",9658,4441,1,1247
"553",9658,4442,1,1324
"554",9658,4443,1,1285
"555",9658,4444,1,1106
"556",9658,4445,1,1034
"557",9658,4446,1,966
"558",9658,4447,1,832
"559",9658,4448,1,758
"560",9658,4449,1,692
"561",9658,4450,1,564
"562",9658,4451,1,426
"563",9658,4452,1,318
"564",9659,4407,1,339
"565",9659,4408,1,497
"566",9659,4409,1,719
"567",9659,4410,1,985
"568",9659,4411,1,1263
"569",9659,4412,1,1559
"570",9659,4413,1,1803
"571",9659,4414,1,1658
"572",9659,4415,1,1545
"573",9659,4416,1,1390
"574",9659,4417,1,1209
"575",9659,4418,1,1126
"576",9659,4419,1,1039
"577",9659,4420,1,913
"578",9659,4421,1,806
"579",9659,4422,1,753
"580",9659,4423,1,653
"581",9659,4424,1,525
"582",9659,4425,1,410
"583",9659,4426,1,316
"584",9659,4430,1,331
"585",9659,4431,1,482
"586",9659,4432,1,708
"587",9659,4433,1,999
"588",9659,4434,1,1292
"589",9659,4435,1,1546
"590",9659,4436,1,1673
"591",9659,4437,1,1645
"592",9659,4438,1,1559
"593",9659,4439,1,1499
"594",9659,4440,1,1527
"595",9659,4441,1,1392
"596",9659,4442,1,1265
"597",9659,4443,1,1154
"598",9659,4444,1,968
"599",9659,4445,1,820
"600",9659,4446,1,733
"601",9659,4447,1,627
"602",9659,4448,1,543
"603",9659,4449,1,484
"604",9659,4450,1,398
"605",9659,4451,1,302
"606",9660,4408,1,370
"607",9660,4409,1,546
"608",9660,4410,1,770
"609",9660,4411,1,1060
"610",9660,4412,1,1365
"611",9660,4413,1,1605
"612",9660,4414,1,1727
"613",9660,4415,1,1841
"614",9660,4416,1,1699
"615",9660,4417,1,1548
"616",9660,4418,1,1556
"617",9660,4419,1,1462
"618",9660,4420,1,1309
"619",9660,4421,1,1232
"620",9660,4422,1,1139
"621",9660,4423,1,982
"622",9660,4424,1,799
"623",9660,4425,1,634
"624",9660,4426,1,501
"625",9660,4427,1,407
"626",9660,4428,1,377
"627",9660,4429,1,420
"628",9660,4430,1,485
"629",9660,4431,1,632
"630",9660,4432,1,868
"631",9660,4433,1,1192
"632",9660,4434,1,1545
"633",9660,4435,1,1830
"634",9660,4436,1,1907
"635",9660,4437,1,1848
"636",9660,4438,1,1749
"637",9660,4439,1,1572
"638",9660,4440,1,1534
"639",9660,4441,1,1336
"640",9660,4442,1,1085
"641",9660,4443,1,911
"642",9660,4444,1,744
"643",9660,4445,1,591
"644",9660,4446,1,505
"645",9660,4447,1,426
"646",9660,4448,1,355
"647",9660,4449,1,310
"648",9661,4409,1,401
"649",9661,4410,1,596
"650",9661,4411,1,833
"651",9661,4412,1,1086
"652",9661,4413,1,1332
"653",9661,4414,1,1637
"654",9661,4415,1,1848
"655",9661,4416,1,1809
"656",9661,4417,1,1882
"657",9661,4418,1,2009
"658",9661,4419,1,1910
"659",9661,4420,1,1752
"660",9661,4421,1,1719
"661",9661,4422,1,1599
"662",9661,4423,1,1378
"663",9661,4424,1,1149
"664",9661,4425,1,929
"665",9661,4426,1,751
"666",9661,4427,1,617
"667",9661,4428,1,583
"668",9661,4429,1,665
"669",9661,4430,1,781
"670",9661,4431,1,900
"671",9661,4432,1,1096
"672",9661,4433,1,1415
"673",9661,4434,1,1776
"674",9661,4435,1,2063
"675",9661,4436,1,2074
"676",9661,4437,1,1880
"677",9661,4438,1,1720
"678",9661,4439,1,1465
"679",9661,4440,1,1290
"680",9661,4441,1,1101
"681",9661,4442,1,875
"682",9661,4443,1,674
"683",9661,4444,1,529
"684",9661,4445,1,410
"685",9661,4446,1,328
"686",9662,4409,1,301
"687",9662,4410,1,451
"688",9662,4411,1,635
"689",9662,4412,1,847
"690",9662,4413,1,1108
"691",9662,4414,1,1375
"692",9662,4415,1,1565
"693",9662,4416,1,1691
"694",9662,4417,1,2029
"695",9662,4418,1,2355
"696",9662,4419,1,2298
"697",9662,4420,1,2205
"698",9662,4421,1,2236
"699",9662,4422,1,2100
"700",9662,4423,1,1844
"701",9662,4424,1,1567
"702",9662,4425,1,1308
"703",9662,4426,1,1064
"704",9662,4427,1,878
"705",9662,4428,1,843
"706",9662,4429,1,976
"707",9662,4430,1,1158
"708",9662,4431,1,1319
"709",9662,4432,1,1476
"710",9662,4433,1,1746
"711",9662,4434,1,2007
"712",9662,4435,1,2097
"713",9662,4436,1,1981
"714",9662,4437,1,1679
"715",9662,4438,1,1457
"716",9662,4439,1,1208
"717",9662,4440,1,982
"718",9662,4441,1,816
"719",9662,4442,1,645
"720",9662,4443,1,485
"721",9662,4444,1,357
"722",9663,4410,1,383
"723",9663,4411,1,559
"724",9663,4412,1,769
"725",9663,4413,1,979
"726",9663,4414,1,1134
"727",9663,4415,1,1264
"728",9663,4416,1,1511
"729",9663,4417,1,1890
"730",9663,4418,1,2258
"731",9663,4419,1,2553
"732",9663,4420,1,2509
"733",9663,4421,1,2677
"734",9663,4422,1,2557
"735",9663,4423,1,2311
"736",9663,4424,1,2030
"737",9663,4425,1,1729
"738",9663,4426,1,1417
"739",9663,4427,1,1182
"740",9663,4428,1,1145
"741",9663,4429,1,1333
"742",9663,4430,1,1591
"743",9663,4431,1,1805
"744",9663,4432,1,1942
"745",9663,4433,1,2129
"746",9663,4434,1,2318
"747",9663,4435,1,2276
"748",9663,4436,1,1950
"749",9663,4437,1,1512
"750",9663,4438,1,1185
"751",9663,4439,1,929
"752",9663,4440,1,707
"753",9663,4441,1,564
"754",9663,4442,1,442
"755",9663,4443,1,329
"756",9664,4410,1,393
"757",9664,4411,1,591
"758",9664,4412,1,833
"759",9664,4413,1,1063
"760",9664,4414,1,1150
"761",9664,4415,1,1143
"762",9664,4416,1,1252
"763",9664,4417,1,1617
"764",9664,4418,1,2014
"765",9664,4419,1,2316
"766",9664,4420,1,2531
"767",9664,4421,1,2801
"768",9664,4422,1,2915
"769",9664,4423,1,2690
"770",9664,4424,1,2486
"771",9664,4425,1,2147
"772",9664,4426,1,1791
"773",9664,4427,1,1542
"774",9664,4428,1,1490
"775",9664,4429,1,1707
"776",9664,4430,1,2038
"777",9664,4431,1,2314
"778",9664,4432,1,2421
"779",9664,4433,1,2524
"780",9664,4434,1,2475
"781",9664,4435,1,2291
"782",9664,4436,1,1888
"783",9664,4437,1,1425
"784",9664,4438,1,1007
"785",9664,4439,1,716
"786",9664,4440,1,517
"787",9664,4441,1,381
"788",9665,4393,1,321
"789",9665,4394,1,378
"790",9665,4395,1,384
"791",9665,4396,1,342
"792",9665,4410,1,442
"793",9665,4411,1,669
"794",9665,4412,1,952
"795",9665,4413,1,1238
"796",9665,4414,1,1286
"797",9665,4415,1,1139
"798",9665,4416,1,1105
"799",9665,4417,1,1342
"800",9665,4418,1,1659
"801",9665,4419,1,1952
"802",9665,4420,1,2290
"803",9665,4421,1,2624
"804",9665,4422,1,2945
"805",9665,4423,1,2957
"806",9665,4424,1,2844
"807",9665,4425,1,2521
"808",9665,4426,1,2218
"809",9665,4427,1,1968
"810",9665,4428,1,1921
"811",9665,4429,1,2088
"812",9665,4430,1,2443
"813",9665,4431,1,2765
"814",9665,4432,1,2840
"815",9665,4433,1,2821
"816",9665,4434,1,2493
"817",9665,4435,1,2092
"818",9665,4436,1,1681
"819",9665,4437,1,1265
"820",9665,4438,1,888
"821",9665,4439,1,584
"822",9665,4440,1,385
"823",9666,4392,1,320
"824",9666,4393,1,444
"825",9666,4394,1,540
"826",9666,4395,1,549
"827",9666,4396,1,481
"828",9666,4397,1,413
"829",9666,4398,1,407
"830",9666,4399,1,430
"831",9666,4400,1,433
"832",9666,4401,1,412
"833",9666,4402,1,394
"834",9666,4403,1,352
"835",9666,4409,1,313
"836",9666,4410,1,493
"837",9666,4411,1,738
"838",9666,4412,1,1025
"839",9666,4413,1,1271
"840",9666,4414,1,1312
"841",9666,4415,1,1172
"842",9666,4416,1,1054
"843",9666,4417,1,1096
"844",9666,4418,1,1358
"845",9666,4419,1,1692
"846",9666,4420,1,2142
"847",9666,4421,1,2617
"848",9666,4422,1,3016
"849",9666,4423,1,3110
"850",9666,4424,1,3062
"851",9666,4425,1,2926
"852",9666,4426,1,2666
"853",9666,4427,1,2492
"854",9666,4428,1,2494
"855",9666,4429,1,2520
"856",9666,4430,1,2799
"857",9666,4431,1,3014
"858",9666,4432,1,2942
"859",9666,4433,1,2660
"860",9666,4434,1,2291
"861",9666,4435,1,1856
"862",9666,4436,1,1423
"863",9666,4437,1,1057
"864",9666,4438,1,747
"865",9666,4439,1,496
"866",9666,4440,1,310
"867",9667,4392,1,376
"868",9667,4393,1,537
"869",9667,4394,1,678
"870",9667,4395,1,692
"871",9667,4396,1,595
"872",9667,4397,1,524
"873",9667,4398,1,562
"874",9667,4399,1,626
"875",9667,4400,1,643
"876",9667,4401,1,615
"877",9667,4402,1,599
"878",9667,4403,1,534
"879",9667,4404,1,428
"880",9667,4405,1,316
"881",9667,4409,1,354
"882",9667,4410,1,549
"883",9667,4411,1,825
"884",9667,4412,1,1155
"885",9667,4413,1,1454
"886",9667,4414,1,1514
"887",9667,4415,1,1360
"888",9667,4416,1,1197
"889",9667,4417,1,1123
"890",9667,4418,1,1279
"891",9667,4419,1,1743
"892",9667,4420,1,2266
"893",9667,4421,1,2794
"894",9667,4422,1,3216
"895",9667,4423,1,3295
"896",9667,4424,1,3195
"897",9667,4425,1,3168
"898",9667,4426,1,3117
"899",9667,4427,1,3102
"900",9667,4428,1,3069
"901",9667,4429,1,2937
"902",9667,4430,1,3141
"903",9667,4431,1,3314
"904",9667,4432,1,2973
"905",9667,4433,1,2464
"906",9667,4434,1,2010
"907",9667,4435,1,1590
"908",9667,4436,1,1203
"909",9667,4437,1,867
"910",9667,4438,1,610
"911",9667,4439,1,413
"912",9668,4392,1,377
"913",9668,4393,1,538
"914",9668,4394,1,681
"915",9668,4395,1,701
"916",9668,4396,1,621
"917",9668,4397,1,589
"918",9668,4398,1,698
"919",9668,4399,1,827
"920",9668,4400,1,867
"921",9668,4401,1,840
"922",9668,4402,1,841
"923",9668,4403,1,746
"924",9668,4404,1,588
"925",9668,4405,1,431
"926",9668,4406,1,312
"927",9668,4409,1,386
"928",9668,4410,1,577
"929",9668,4411,1,856
"930",9668,4412,1,1199
"931",9668,4413,1,1524
"932",9668,4414,1,1652
"933",9668,4415,1,1619
"934",9668,4416,1,1423
"935",9668,4417,1,1336
"936",9668,4418,1,1542
"937",9668,4419,1,2077
"938",9668,4420,1,2599
"939",9668,4421,1,3096
"940",9668,4422,1,3415
"941",9668,4423,1,3403
"942",9668,4424,1,3234
"943",9668,4425,1,3362
"944",9668,4426,1,3446
"945",9668,4427,1,3576
"946",9668,4428,1,3573
"947",9668,4429,1,3388
"948",9668,4430,1,3435
"949",9668,4431,1,3351
"950",9668,4432,1,2900
"951",9668,4433,1,2355
"952",9668,4434,1,1809
"953",9668,4435,1,1363
"954",9668,4436,1,1015
"955",9668,4437,1,734
"956",9668,4438,1,511
"957",9668,4439,1,353
"958",9669,4392,1,322
"959",9669,4393,1,447
"960",9669,4394,1,549
"961",9669,4395,1,576
"962",9669,4396,1,554
"963",9669,4397,1,601
"964",9669,4398,1,757
"965",9669,4399,1,941
"966",9669,4400,1,1009
"967",9669,4401,1,1017
"968",9669,4402,1,1058
"969",9669,4403,1,933
"970",9669,4404,1,737
"971",9669,4405,1,553
"972",9669,4406,1,420
"973",9669,4407,1,350
"974",9669,4408,1,347
"975",9669,4409,1,424
"976",9669,4410,1,582
"977",9669,4411,1,831
"978",9669,4412,1,1144
"979",9669,4413,1,1462
"980",9669,4414,1,1730
"981",9669,4415,1,1765
"982",9669,4416,1,1633
"983",9669,4417,1,1686
"984",9669,4418,1,2141
"985",9669,4419,1,2567
"986",9669,4420,1,2965
"987",9669,4421,1,3436
"988",9669,4422,1,3782
"989",9669,4423,1,3565
"990",9669,4424,1,3282
"991",9669,4425,1,3334
"992",9669,4426,1,3496
"993",9669,4427,1,3775
"994",9669,4428,1,3862
"995",9669,4429,1,3788
"996",9669,4430,1,3630
"997",9669,4431,1,3379
"998",9669,4432,1,2872
"999",9669,4433,1,2298
"1000",9669,4434,1,1742
"1001",9669,4435,1,1242
"1002",9669,4436,1,903
"1003",9669,4437,1,660
"1004",9669,4438,1,476
"1005",9669,4439,1,338
"1006",9670,4393,1,325
"1007",9670,4394,1,391
"1008",9670,4395,1,420
"1009",9670,4396,1,439
"1010",9670,4397,1,527
"1011",9670,4398,1,682
"1012",9670,4399,1,844
"1013",9670,4400,1,932
"1014",9670,4401,1,1015
"1015",9670,4402,1,1096
"1016",9670,4403,1,1010
"1017",9670,4404,1,856
"1018",9670,4405,1,699
"1019",9670,4406,1,588
"1020",9670,4407,1,509
"1021",9670,4408,1,489
"1022",9670,4409,1,511
"1023",9670,4410,1,619
"1024",9670,4411,1,835
"1025",9670,4412,1,1149
"1026",9670,4413,1,1514
"1027",9670,4414,1,1845
"1028",9670,4415,1,1932
"1029",9670,4416,1,1895
"1030",9670,4417,1,2167
"1031",9670,4418,1,2696
"1032",9670,4419,1,3103
"1033",9670,4420,1,3376
"1034",9670,4421,1,3742
"1035",9670,4422,1,4043
"1036",9670,4423,1,3812
"1037",9670,4424,1,3530
"1038",9670,4425,1,3442
"1039",9670,4426,1,3689
"1040",9670,4427,1,3988
"1041",9670,4428,1,4161
"1042",9670,4429,1,4126
"1043",9670,4430,1,3815
"1044",9670,4431,1,3344
"1045",9670,4432,1,2779
"1046",9670,4433,1,2225
"1047",9670,4434,1,1700
"1048",9670,4435,1,1237
"1049",9670,4436,1,932
"1050",9670,4437,1,704
"1051",9670,4438,1,527
"1052",9670,4439,1,395
"1053",9671,4396,1,319
"1054",9671,4397,1,410
"1055",9671,4398,1,534
"1056",9671,4399,1,657
"1057",9671,4400,1,755
"1058",9671,4401,1,880
"1059",9671,4402,1,996
"1060",9671,4403,1,1032
"1061",9671,4404,1,1028
"1062",9671,4405,1,941
"1063",9671,4406,1,832
"1064",9671,4407,1,753
"1065",9671,4408,1,721
"1066",9671,4409,1,704
"1067",9671,4410,1,747
"1068",9671,4411,1,923
"1069",9671,4412,1,1214
"1070",9671,4413,1,1568
"1071",9671,4414,1,1882
"1072",9671,4415,1,2022
"1073",9671,4416,1,2155
"1074",9671,4417,1,2724
"1075",9671,4418,1,3231
"1076",9671,4419,1,3570
"1077",9671,4420,1,3751
"1078",9671,4421,1,3999
"1079",9671,4422,1,4191
"1080",9671,4423,1,4137
"1081",9671,4424,1,4063
"1082",9671,4425,1,3921
"1083",9671,4426,1,4028
"1084",9671,4427,1,4210
"1085",9671,4428,1,4204
"1086",9671,4429,1,4036
"1087",9671,4430,1,3737
"1088",9671,4431,1,3314
"1089",9671,4432,1,2805
"1090",9671,4433,1,2277
"1091",9671,4434,1,1776
"1092",9671,4435,1,1405
"1093",9671,4436,1,1105
"1094",9671,4437,1,853
"1095",9671,4438,1,659
"1096",9671,4439,1,524
"1097",9671,4440,1,408
"1098",9671,4441,1,305
"1099",9672,4398,1,382
"1100",9672,4399,1,480
"1101",9672,4400,1,591
"1102",9672,4401,1,754
"1103",9672,4402,1,964
"1104",9672,4403,1,1162
"1105",9672,4404,1,1280
"1106",9672,4405,1,1229
"1107",9672,4406,1,1143
"1108",9672,4407,1,1067
"1109",9672,4408,1,1037
"1110",9672,4409,1,992
"1111",9672,4410,1,991
"1112",9672,4411,1,1111
"1113",9672,4412,1,1377
"1114",9672,4413,1,1739
"1115",9672,4414,1,2097
"1116",9672,4415,1,2265
"1117",9672,4416,1,2427
"1118",9672,4417,1,3050
"1119",9672,4418,1,3532
"1120",9672,4419,1,3715
"1121",9672,4420,1,3805
"1122",9672,4421,1,4008
"1123",9672,4422,1,4238
"1124",9672,4423,1,4432
"1125",9672,4424,1,4482
"1126",9672,4425,1,4335
"1127",9672,4426,1,4369
"1128",9672,4427,1,4183
"1129",9672,4428,1,3963
"1130",9672,4429,1,3848
"1131",9672,4430,1,3607
"1132",9672,4431,1,3363
"1133",9672,4432,1,2956
"1134",9672,4433,1,2466
"1135",9672,4434,1,2054
"1136",9672,4435,1,1700
"1137",9672,4436,1,1364
"1138",9672,4437,1,1065
"1139",9672,4438,1,881
"1140",9672,4439,1,725
"1141",9672,4440,1,571
"1142",9672,4441,1,433
"1143",9672,4442,1,314
"1144",9673,4399,1,352
"1145",9673,4400,1,491
"1146",9673,4401,1,696
"1147",9673,4402,1,965
"1148",9673,4403,1,1262
"1149",9673,4404,1,1507
"1150",9673,4405,1,1482
"1151",9673,4406,1,1463
"1152",9673,4407,1,1429
"1153",9673,4408,1,1407
"1154",9673,4409,1,1354
"1155",9673,4410,1,1313
"1156",9673,4411,1,1383
"1157",9673,4412,1,1591
"1158",9673,4413,1,1919
"1159",9673,4414,1,2263
"1160",9673,4415,1,2459
"1161",9673,4416,1,2681
"1162",9673,4417,1,3254
"1163",9673,4418,1,3527
"1164",9673,4419,1,3573
"1165",9673,4420,1,3554
"1166",9673,4421,1,3722
"1167",9673,4422,1,4038
"1168",9673,4423,1,4444
"1169",9673,4424,1,4699
"1170",9673,4425,1,4518
"1171",9673,4426,1,4407
"1172",9673,4427,1,4075
"1173",9673,4428,1,3633
"1174",9673,4429,1,3440
"1175",9673,4430,1,3293
"1176",9673,4431,1,3249
"1177",9673,4432,1,3036
"1178",9673,4433,1,2687
"1179",9673,4434,1,2390
"1180",9673,4435,1,2021
"1181",9673,4436,1,1655
"1182",9673,4437,1,1381
"1183",9673,4438,1,1195
"1184",9673,4439,1,1000
"1185",9673,4440,1,796
"1186",9673,4441,1,608
"1187",9673,4442,1,446
"1188",9673,4443,1,324
"1189",9674,4400,1,416
"1190",9674,4401,1,626
"1191",9674,4402,1,899
"1192",9674,4403,1,1202
"1193",9674,4404,1,1465
"1194",9674,4405,1,1642
"1195",9674,4406,1,1681
"1196",9674,4407,1,1716
"1197",9674,4408,1,1739
"1198",9674,4409,1,1711
"1199",9674,4410,1,1662
"1200",9674,4411,1,1733
"1201",9674,4412,1,1844
"1202",9674,4413,1,2102
"1203",9674,4414,1,2414
"1204",9674,4415,1,2653
"1205",9674,4416,1,3020
"1206",9674,4417,1,3512
"1207",9674,4418,1,3659
"1208",9674,4419,1,3485
"1209",9674,4420,1,3346
"1210",9674,4421,1,3518
"1211",9674,4422,1,3988
"1212",9674,4423,1,4477
"1213",9674,4424,1,4747
"1214",9674,4425,1,4529
"1215",9674,4426,1,4162
"1216",9674,4427,1,3798
"1217",9674,4428,1,3379
"1218",9674,4429,1,3049
"1219",9674,4430,1,2948
"1220",9674,4431,1,2969
"1221",9674,4432,1,2984
"1222",9674,4433,1,2815
"1223",9674,4434,1,2617
"1224",9674,4435,1,2249
"1225",9674,4436,1,1915
"1226",9674,4437,1,1757
"1227",9674,4438,1,1576
"1228",9674,4439,1,1330
"1229",9674,4440,1,1075
"1230",9674,4441,1,828
"1231",9674,4442,1,624
"1232",9674,4443,1,479
"1233",9674,4444,1,372
"1234",9675,4400,1,349
"1235",9675,4401,1,540
"1236",9675,4402,1,791
"1237",9675,4403,1,1096
"1238",9675,4404,1,1414
"1239",9675,4405,1,1663
"1240",9675,4406,1,1659
"1241",9675,4407,1,1768
"1242",9675,4408,1,1888
"1243",9675,4409,1,1943
"1244",9675,4410,1,1979
"1245",9675,4411,1,2113
"1246",9675,4412,1,2179
"1247",9675,4413,1,2329
"1248",9675,4414,1,2578
"1249",9675,4415,1,2825
"1250",9675,4416,1,3075
"1251",9675,4417,1,3602
"1252",9675,4418,1,3771
"1253",9675,4419,1,3585
"1254",9675,4420,1,3419
"1255",9675,4421,1,3572
"1256",9675,4422,1,3996
"1257",9675,4423,1,4461
"1258",9675,4424,1,4706
"1259",9675,4425,1,4450
"1260",9675,4426,1,4018
"1261",9675,4427,1,3624
"1262",9675,4428,1,3236
"1263",9675,4429,1,2931
"1264",9675,4430,1,2795
"1265",9675,4431,1,2807
"1266",9675,4432,1,2825
"1267",9675,4433,1,2747
"1268",9675,4434,1,2598
"1269",9675,4435,1,2355
"1270",9675,4436,1,2212
"1271",9675,4437,1,2169
"1272",9675,4438,1,1978
"1273",9675,4439,1,1697
"1274",9675,4440,1,1382
"1275",9675,4441,1,1088
"1276",9675,4442,1,856
"1277",9675,4443,1,700
"1278",9675,4444,1,562
"1279",9675,4445,1,427
"1280",9675,4446,1,305
"1281",9676,4401,1,464
"1282",9676,4402,1,703
"1283",9676,4403,1,1001
"1284",9676,4404,1,1314
"1285",9676,4405,1,1532
"1286",9676,4406,1,1539
"1287",9676,4407,1,1605
"1288",9676,4408,1,1761
"1289",9676,4409,1,1905
"1290",9676,4410,1,2134
"1291",9676,4411,1,2420
"1292",9676,4412,1,2517
"1293",9676,4413,1,2648
"1294",9676,4414,1,2821
"1295",9676,4415,1,2974
"1296",9676,4416,1,3179
"1297",9676,4417,1,3675
"1298",9676,4418,1,3997
"1299",9676,4419,1,3834
"1300",9676,4420,1,3667
"1301",9676,4421,1,3776
"1302",9676,4422,1,4134
"1303",9676,4423,1,4537
"1304",9676,4424,1,4749
"1305",9676,4425,1,4502
"1306",9676,4426,1,4161
"1307",9676,4427,1,3793
"1308",9676,4428,1,3458
"1309",9676,4429,1,3202
"1310",9676,4430,1,3068
"1311",9676,4431,1,2979
"1312",9676,4432,1,2930
"1313",9676,4433,1,2836
"1314",9676,4434,1,2646
"1315",9676,4435,1,2487
"1316",9676,4436,1,2476
"1317",9676,4437,1,2504
"1318",9676,4438,1,2297
"1319",9676,4439,1,2012
"1320",9676,4440,1,1681
"1321",9676,4441,1,1374
"1322",9676,4442,1,1163
"1323",9676,4443,1,996
"1324",9676,4444,1,813
"1325",9676,4445,1,626
"1326",9676,4446,1,461
"1327",9676,4447,1,344
"1328",9677,4401,1,423
"1329",9677,4402,1,652
"1330",9677,4403,1,941
"1331",9677,4404,1,1245
"1332",9677,4405,1,1450
"1333",9677,4406,1,1424
"1334",9677,4407,1,1401
"1335",9677,4408,1,1540
"1336",9677,4409,1,1750
"1337",9677,4410,1,2084
"1338",9677,4411,1,2419
"1339",9677,4412,1,2691
"1340",9677,4413,1,2916
"1341",9677,4414,1,2986
"1342",9677,4415,1,3132
"1343",9677,4416,1,3365
"1344",9677,4417,1,3822
"1345",9677,4418,1,4192
"1346",9677,4419,1,4127
"1347",9677,4420,1,4038
"1348",9677,4421,1,4111
"1349",9677,4422,1,4406
"1350",9677,4423,1,4691
"1351",9677,4424,1,4840
"1352",9677,4425,1,4558
"1353",9677,4426,1,4338
"1354",9677,4427,1,3978
"1355",9677,4428,1,3771
"1356",9677,4429,1,3532
"1357",9677,4430,1,3397
"1358",9677,4431,1,3264
"1359",9677,4432,1,3112
"1360",9677,4433,1,2984
"1361",9677,4434,1,2817
"1362",9677,4435,1,2623
"1363",9677,4436,1,2644
"1364",9677,4437,1,2471
"1365",9677,4438,1,2354
"1366",9677,4439,1,2198
"1367",9677,4440,1,1921
"1368",9677,4441,1,1667
"1369",9677,4442,1,1527
"1370",9677,4443,1,1347
"1371",9677,4444,1,1110
"1372",9677,4445,1,870
"1373",9677,4446,1,673
"1374",9677,4447,1,513
"1375",9677,4448,1,373
"1376",9678,4401,1,399
"1377",9678,4402,1,611
"1378",9678,4403,1,879
"1379",9678,4404,1,1166
"1380",9678,4405,1,1379
"1381",9678,4406,1,1318
"1382",9678,4407,1,1264
"1383",9678,4408,1,1358
"1384",9678,4409,1,1655
"1385",9678,4410,1,2037
"1386",9678,4411,1,2486
"1387",9678,4412,1,2866
"1388",9678,4413,1,3034
"1389",9678,4414,1,3056
"1390",9678,4415,1,3320
"1391",9678,4416,1,3560
"1392",9678,4417,1,3881
"1393",9678,4418,1,4221
"1394",9678,4419,1,4431
"1395",9678,4420,1,4394
"1396",9678,4421,1,4439
"1397",9678,4422,1,4692
"1398",9678,4423,1,4900
"1399",9678,4424,1,4700
"1400",9678,4425,1,4445
"1401",9678,4426,1,4150
"1402",9678,4427,1,3877
"1403",9678,4428,1,3778
"1404",9678,4429,1,3574
"1405",9678,4430,1,3441
"1406",9678,4431,1,3282
"1407",9678,4432,1,3007
"1408",9678,4433,1,2813
"1409",9678,4434,1,2726
"1410",9678,4435,1,2535
"1411",9678,4436,1,2419
"1412",9678,4437,1,2280
"1413",9678,4438,1,2204
"1414",9678,4439,1,2179
"1415",9678,4440,1,2125
"1416",9678,4441,1,1985
"1417",9678,4442,1,1913
"1418",9678,4443,1,1702
"1419",9678,4444,1,1417
"1420",9678,4445,1,1155
"1421",9678,4446,1,934
"1422",9678,4447,1,723
"1423",9678,4448,1,524
"1424",9678,4449,1,358
"1425",9679,4401,1,400
"1426",9679,4402,1,587
"1427",9679,4403,1,803
"1428",9679,4404,1,1023
"1429",9679,4405,1,1167
"1430",9679,4406,1,1166
"1431",9679,4407,1,1171
"1432",9679,4408,1,1307
"1433",9679,4409,1,1674
"1434",9679,4410,1,2119
"1435",9679,4411,1,2596
"1436",9679,4412,1,3004
"1437",9679,4413,1,3181
"1438",9679,4414,1,3221
"1439",9679,4415,1,3449
"1440",9679,4416,1,3734
"1441",9679,4417,1,3986
"1442",9679,4418,1,4378
"1443",9679,4419,1,4635
"1444",9679,4420,1,4641
"1445",9679,4421,1,4708
"1446",9679,4422,1,4889
"1447",9679,4423,1,4848
"1448",9679,4424,1,4540
"1449",9679,4425,1,4193
"1450",9679,4426,1,3868
"1451",9679,4427,1,3629
"1452",9679,4428,1,3502
"1453",9679,4429,1,3325
"1454",9679,4430,1,3210
"1455",9679,4431,1,3038
"1456",9679,4432,1,2731
"1457",9679,4433,1,2472
"1458",9679,4434,1,2363
"1459",9679,4435,1,2212
"1460",9679,4436,1,2074
"1461",9679,4437,1,2011
"1462",9679,4438,1,2027
"1463",9679,4439,1,2176
"1464",9679,4440,1,2328
"1465",9679,4441,1,2242
"1466",9679,4442,1,2205
"1467",9679,4443,1,1959
"1468",9679,4444,1,1719
"1469",9679,4445,1,1461
"1470",9679,4446,1,1215
"1471",9679,4447,1,942
"1472",9679,4448,1,685
"1473",9679,4449,1,475
"1474",9679,4450,1,328
"1475",9680,4400,1,322
"1476",9680,4401,1,462
"1477",9680,4402,1,609
"1478",9680,4403,1,739
"1479",9680,4404,1,868
"1480",9680,4405,1,948
"1481",9680,4406,1,986
"1482",9680,4407,1,1099
"1483",9680,4408,1,1307
"1484",9680,4409,1,1725
"1485",9680,4410,1,2208
"1486",9680,4411,1,2714
"1487",9680,4412,1,3170
"1488",9680,4413,1,3401
"1489",9680,4414,1,3480
"1490",9680,4415,1,3673
"1491",9680,4416,1,3945
"1492",9680,4417,1,4229
"1493",9680,4418,1,4623
"1494",9680,4419,1,4837
"1495",9680,4420,1,4846
"1496",9680,4421,1,4948
"1497",9680,4422,1,5017
"1498",9680,4423,1,4747
"1499",9680,4424,1,4368
"1500",9680,4425,1,3968
"1501",9680,4426,1,3643
"1502",9680,4427,1,3380
"1503",9680,4428,1,3194
"1504",9680,4429,1,2996
"1505",9680,4430,1,2860
"1506",9680,4431,1,2665
"1507",9680,4432,1,2383
"1508",9680,4433,1,2104
"1509",9680,4434,1,1980
"1510",9680,4435,1,1872
"1511",9680,4436,1,1782
"1512",9680,4437,1,1847
"1513",9680,4438,1,1979
"1514",9680,4439,1,2134
"1515",9680,4440,1,2251
"1516",9680,4441,1,2198
"1517",9680,4442,1,2075
"1518",9680,4443,1,1984
"1519",9680,4444,1,1870
"1520",9680,4445,1,1696
"1521",9680,4446,1,1432
"1522",9680,4447,1,1120
"1523",9680,4448,1,839
"1524",9680,4449,1,627
"1525",9680,4450,1,459
"1526",9680,4451,1,328
"1527",9681,4400,1,398
"1528",9681,4401,1,569
"1529",9681,4402,1,722
"1530",9681,4403,1,794
"1531",9681,4404,1,793
"1532",9681,4405,1,775
"1533",9681,4406,1,788
"1534",9681,4408,1,1335
"1535",9681,4409,1,1719
"1536",9681,4410,1,2216
"1537",9681,4411,1,2728
"1538",9681,4412,1,3212
"1539",9681,4413,1,3596
"1540",9681,4414,1,3776
"1541",9681,4415,1,3953
"1542",9681,4416,1,4192
"1543",9681,4417,1,4465
"1544",9681,4418,1,4813
"1545",9681,4419,1,5081
"1546",9681,4420,1,5082
"1547",9681,4421,1,5106
"1548",9681,4422,1,4978
"1549",9681,4423,1,4653
"1550",9681,4424,1,4255
"1551",9681,4425,1,3856
"1552",9681,4426,1,3507
"1553",9681,4427,1,3212
"1554",9681,4428,1,2973
"1555",9681,4429,1,2736
"1556",9681,4430,1,2544
"1557",9681,4431,1,2320
"1558",9681,4432,1,2070
"1559",9681,4433,1,1836
"1560",9681,4434,1,1740
"1561",9681,4435,1,1698
"1562",9681,4436,1,1759
"1563",9681,4437,1,1906
"1564",9681,4438,1,2076
"1565",9681,4439,1,2158
"1566",9681,4440,1,2132
"1567",9681,4441,1,1959
"1568",9681,4442,1,1778
"1569",9681,4443,1,1740
"1570",9681,4444,1,1687
"1571",9681,4445,1,1652
"1572",9681,4446,1,1460
"1573",9681,4447,1,1216
"1574",9681,4448,1,1020
"1575",9681,4449,1,818
"1576",9681,4450,1,626
"1577",9681,4451,1,479
"1578",9681,4452,1,373
"1579",9682,4400,1,457
"1580",9682,4401,1,669
"1581",9682,4402,1,859
"1582",9682,4403,1,900
"1583",9682,4404,1,803
"1584",9682,4405,1,716
"1585",9682,4406,1,710
"1586",9682,4407,1,834
"1587",9682,4408,1,1184
"1588",9682,4409,1,1582
"1589",9682,4410,1,2170
"1590",9682,4411,1,2704
"1591",9682,4412,1,3134
"1592",9682,4413,1,3498
"1593",9682,4414,1,3843
"1594",9682,4415,1,4176
"1595",9682,4416,1,4444
"1596",9682,4417,1,4736
"1597",9682,4418,1,5064
"1598",9682,4419,1,5265
"1599",9682,4420,1,5309
"1600",9682,4421,1,5297
"1601",9682,4422,1,5001
"1602",9682,4423,1,4620
"1603",9682,4424,1,4233
"1604",9682,4425,1,3837
"1605",9682,4426,1,3474
"1606",9682,4427,1,3147
"1607",9682,4428,1,2864
"1608",9682,4429,1,2595
"1609",9682,4430,1,2359
"1610",9682,4431,1,2105
"1611",9682,4432,1,1916
"1612",9682,4433,1,1800
"1613",9682,4434,1,1776
"1614",9682,4435,1,1803
"1615",9682,4436,1,1925
"1616",9682,4437,1,2049
"1617",9682,4438,1,2089
"1618",9682,4439,1,2031
"1619",9682,4440,1,1871
"1620",9682,4441,1,1639
"1621",9682,4442,1,1434
"1622",9682,4443,1,1381
"1623",9682,4444,1,1361
"1624",9682,4445,1,1377
"1625",9682,4446,1,1330
"1626",9682,4447,1,1316
"1627",9682,4448,1,1224
"1628",9682,4449,1,1017
"1629",9682,4450,1,806
"1630",9682,4451,1,674
"1631",9682,4452,1,543
"1632",9682,4453,1,409
"1633",9683,4400,1,457
"1634",9683,4401,1,702
"1635",9683,4402,1,903
"1636",9683,4403,1,928
"1637",9683,4404,1,773
"1638",9683,4405,1,655
"1639",9683,4406,1,632
"1640",9683,4407,1,733
"1641",9683,4408,1,989
"1642",9683,4409,1,1242
"1643",9683,4411,1,2776
"1644",9683,4412,1,3040
"1645",9683,4413,1,3355
"1646",9683,4414,1,3709
"1647",9683,4415,1,4104
"1648",9683,4416,1,4544
"1649",9683,4417,1,4938
"1650",9683,4418,1,5269
"1651",9683,4419,1,5464
"1652",9683,4420,1,5510
"1653",9683,4421,1,5419
"1654",9683,4422,1,5115
"1655",9683,4423,1,4721
"1656",9683,4424,1,4319
"1657",9683,4425,1,3920
"1658",9683,4426,1,3535
"1659",9683,4427,1,3195
"1660",9683,4428,1,2892
"1661",9683,4429,1,2625
"1662",9683,4430,1,2406
"1663",9683,4431,1,2210
"1664",9683,4432,1,2070
"1665",9683,4433,1,2029
"1666",9683,4434,1,2038
"1667",9683,4435,1,2059
"1668",9683,4436,1,2135
"1669",9683,4437,1,2193
"1670",9683,4438,1,1992
"1671",9683,4439,1,1763
"1672",9683,4440,1,1527
"1673",9683,4441,1,1295
"1674",9683,4442,1,1100
"1675",9683,4443,1,1023
"1676",9683,4444,1,1021
"1677",9683,4445,1,1083
"1678",9683,4446,1,1211
"1679",9683,4447,1,1364
"1680",9683,4448,1,1342
"1681",9683,4449,1,1148
"1682",9683,4450,1,1005
"1683",9683,4451,1,898
"1684",9683,4452,1,733
"1685",9683,4453,1,557
"1686",9683,4454,1,412
"1687",9683,4455,1,309
"1688",9684,4400,1,365
"1689",9684,4404,1,660
"1690",9684,4405,1,554
"1691",9684,4406,1,535
"1692",9684,4407,1,607
"1693",9684,4408,1,771
"1694",9684,4409,1,1045
"1695",9684,4413,1,3246
"1696",9684,4414,1,3563
"1697",9684,4415,1,4021
"1698",9684,4416,1,4556
"1699",9684,4417,1,5033
"1700",9684,4418,1,5416
"1701",9684,4419,1,5625
"1702",9684,4420,1,5715
"1703",9684,4421,1,5619
"1704",9684,4422,1,5302
"1705",9684,4423,1,4906
"1706",9684,4424,1,4491
"1707",9684,4425,1,4083
"1708",9684,4426,1,3705
"1709",9684,4427,1,3379
"1710",9684,4428,1,3092
"1711",9684,4429,1,2849
"1712",9684,4430,1,2663
"1713",9684,4431,1,2510
"1714",9684,4432,1,2378
"1715",9684,4433,1,2359
"1716",9684,4434,1,2341
"1717",9684,4435,1,2295
"1718",9684,4436,1,2273
"1719",9684,4437,1,2050
"1720",9684,4438,1,1773
"1721",9684,4439,1,1467
"1722",9684,4440,1,1192
"1723",9684,4441,1,970
"1724",9684,4442,1,799
"1725",9684,4443,1,713
"1726",9684,4444,1,728
"1727",9684,4445,1,842
"1728",9684,4446,1,1020
"1729",9684,4447,1,1184
"1730",9684,4448,1,1206
"1731",9684,4449,1,1118
"1732",9684,4450,1,1141
"1733",9684,4451,1,1083
"1734",9684,4452,1,892
"1735",9684,4453,1,699
"1736",9684,4454,1,567
"1737",9684,4455,1,443
"1738",9684,4456,1,320
"1739",9685,4405,1,430
"1740",9685,4406,1,449
"1741",9685,4407,1,507
"1742",9685,4408,1,576
"1743",9685,4412,1,2813
"1744",9685,4413,1,3091
"1745",9685,4414,1,3466
"1746",9685,4415,1,3959
"1747",9685,4416,1,4503
"1748",9685,4417,1,5029
"1749",9685,4418,1,5491
"1750",9685,4419,1,5769
"1751",9685,4420,1,5875
"1752",9685,4421,1,5760
"1753",9685,4422,1,5436
"1754",9685,4423,1,5015
"1755",9685,4424,1,4603
"1756",9685,4425,1,4242
"1757",9685,4426,1,3923
"1758",9685,4427,1,3646
"1759",9685,4428,1,3396
"1760",9685,4429,1,3176
"1761",9685,4430,1,3016
"1762",9685,4431,1,2881
"1763",9685,4432,1,2705
"1764",9685,4433,1,2616
"1765",9685,4434,1,2479
"1766",9685,4435,1,2280
"1767",9685,4436,1,2063
"1768",9685,4437,1,1797
"1769",9685,4438,1,1478
"1770",9685,4439,1,1173
"1771",9685,4440,1,905
"1772",9685,4441,1,698
"1773",9685,4442,1,554
"1774",9685,4443,1,478
"1775",9685,4444,1,511
"1776",9685,4445,1,625
"1777",9685,4446,1,777
"1778",9685,4447,1,905
"1779",9685,4448,1,958
"1780",9685,4449,1,998
"1781",9685,4450,1,1102
"1782",9685,4451,1,1090
"1783",9685,4452,1,950
"1784",9685,4453,1,842
"1785",9685,4454,1,744
"1786",9685,4455,1,590
"1787",9685,4456,1,421
"1788",9686,4404,1,302
"1789",9686,4405,1,357
"1790",9686,4406,1,416
"1791",9686,4407,1,485
"1792",9686,4408,1,531
"1793",9686,4412,1,2817
"1794",9686,4413,1,3084
"1795",9686,4414,1,3478
"1796",9686,4415,1,3952
"1797",9686,4416,1,4476
"1798",9686,4417,1,5000
"1799",9686,4418,1,5458
"1800",9686,4419,1,5814
"1801",9686,4420,1,5952
"1802",9686,4421,1,5811
"1803",9686,4422,1,5401
"1804",9686,4423,1,4861
"1805",9686,4424,1,4487
"1806",9686,4425,1,4293
"1807",9686,4426,1,4121
"1808",9686,4427,1,3932
"1809",9686,4428,1,3725
"1810",9686,4429,1,3502
"1811",9686,4430,1,3348
"1812",9686,4431,1,3174
"1813",9686,4432,1,2898
"1814",9686,4433,1,2675
"1815",9686,4434,1,2360
"1816",9686,4435,1,2033
"1817",9686,4436,1,1729
"1818",9686,4437,1,1458
"1819",9686,4438,1,1173
"1820",9686,4439,1,899
"1821",9686,4440,1,668
"1822",9686,4441,1,490
"1823",9686,4442,1,374
"1824",9686,4443,1,318
"1825",9686,4444,1,349
"1826",9686,4445,1,436
"1827",9686,4446,1,542
"1828",9686,4447,1,632
"1829",9686,4448,1,687
"1830",9686,4449,1,783
"1831",9686,4450,1,888
"1832",9686,4451,1,917
"1833",9686,4452,1,901
"1834",9686,4453,1,945
"1835",9686,4454,1,890
"1836",9686,4455,1,699
"1837",9686,4456,1,492
"1838",9686,4457,1,323
"1839",9687,4405,1,353
"1840",9687,4406,1,439
"1841",9687,4407,1,517
"1842",9687,4408,1,540
"1843",9687,4411,1,2515
"1844",9687,4412,1,2768
"1845",9687,4413,1,3103
"1846",9687,4414,1,3492
"1847",9687,4415,1,3935
"1848",9687,4416,1,4418
"1849",9687,4417,1,4917
"1850",9687,4418,1,5380
"1851",9687,4419,1,5754
"1852",9687,4420,1,5916
"1853",9687,4421,1,5720
"1854",9687,4422,1,5093
"1855",9687,4423,1,4225
"1856",9687,4424,1,3906
"1857",9687,4425,1,4143
"1858",9687,4426,1,4226
"1859",9687,4427,1,4133
"1860",9687,4428,1,3952
"1861",9687,4429,1,3704
"1862",9687,4430,1,3443
"1863",9687,4431,1,3127
"1864",9687,4432,1,2800
"1865",9687,4433,1,2498
"1866",9687,4434,1,2121
"1867",9687,4435,1,1730
"1868",9687,4436,1,1393
"1869",9687,4437,1,1119
"1870",9687,4438,1,880
"1871",9687,4439,1,662
"1872",9687,4440,1,477
"1873",9687,4441,1,339
"1874",9687,4446,1,353
"1875",9687,4447,1,413
"1876",9687,4448,1,471
"1877",9687,4449,1,559
"1878",9687,4450,1,645
"1879",9687,4451,1,701
"1880",9687,4452,1,794
"1881",9687,4453,1,901
"1882",9687,4454,1,875
"1883",9687,4455,1,697
"1884",9687,4456,1,499
"1885",9687,4457,1,339
"1886",9688,4404,1,313
"1887",9688,4405,1,379
"1888",9688,4406,1,483
"1889",9688,4407,1,564
"1890",9688,4408,1,631
"1891",9688,4410,1,2125
"1892",9688,4411,1,2433
"1893",9688,4412,1,2749
"1894",9688,4413,1,3097
"1895",9688,4414,1,3466
"1896",9688,4415,1,3871
"1897",9688,4416,1,4325
"1898",9688,4417,1,4799
"1899",9688,4418,1,5244
"1900",9688,4419,1,5609
"1901",9688,4420,1,5769
"1902",9688,4421,1,5523
"1903",9688,4422,1,4630
"1904",9688,4423,1,3913
"1905",9688,4424,1,3672
"1906",9688,4425,1,4032
"1907",9688,4426,1,4214
"1908",9688,4427,1,4150
"1909",9688,4428,1,3949
"1910",9688,4429,1,3681
"1911",9688,4430,1,3314
"1912",9688,4431,1,2940
"1913",9688,4432,1,2553
"1914",9688,4433,1,2202
"1915",9688,4434,1,1821
"1916",9688,4435,1,1435
"1917",9688,4436,1,1090
"1918",9688,4437,1,828
"1919",9688,4438,1,629
"1920",9688,4439,1,465
"1921",9688,4440,1,331
"1922",9688,4448,1,304
"1923",9688,4449,1,371
"1924",9688,4450,1,439
"1925",9688,4451,1,513
"1926",9688,4452,1,619
"1927",9688,4453,1,709
"1928",9688,4454,1,700
"1929",9688,4455,1,587
"1930",9688,4456,1,449
"1931",9688,4457,1,341
"1932",9689,4404,1,328
"1933",9689,4405,1,391
"1934",9689,4406,1,508
"1935",9689,4407,1,653
"1936",9689,4408,1,787
"1937",9689,4411,1,2492
"1938",9689,4412,1,2747
"1939",9689,4413,1,3062
"1940",9689,4414,1,3394
"1941",9689,4415,1,3772
"1942",9689,4416,1,4200
"1943",9689,4417,1,4639
"1944",9689,4418,1,5049
"1945",9689,4419,1,5381
"1946",9689,4420,1,5547
"1947",9689,4421,1,5408
"1948",9689,4422,1,4824
"1949",9689,4423,1,4003
"1950",9689,4424,1,3722
"1951",9689,4425,1,4033
"1952",9689,4426,1,4168
"1953",9689,4427,1,4020
"1954",9689,4428,1,3764
"1955",9689,4429,1,3461
"1956",9689,4430,1,3079
"1957",9689,4431,1,2660
"1958",9689,4432,1,2244
"1959",9689,4433,1,1872
"1960",9689,4434,1,1509
"1961",9689,4435,1,1160
"1962",9689,4436,1,851
"1963",9689,4437,1,606
"1964",9689,4438,1,438
"1965",9689,4439,1,315
"1966",9689,4451,1,352
"1967",9689,4452,1,435
"1968",9689,4453,1,497
"1969",9689,4454,1,501
"1970",9689,4455,1,449
"1971",9689,4456,1,390
"1972",9689,4457,1,376
"1973",9689,4458,1,383
"1974",9689,4459,1,361
"1975",9690,4405,1,438
"1976",9690,4406,1,554
"1977",9690,4407,1,751
"1978",9690,4408,1,1052
"1979",9690,4409,1,1409
"1980",9690,4410,1,1760
"1981",9690,4411,1,2271
"1982",9690,4412,1,2613
"1983",9690,4413,1,2930
"1984",9690,4414,1,3262
"1985",9690,4415,1,3662
"1986",9690,4416,1,4058
"1987",9690,4417,1,4438
"1988",9690,4418,1,4776
"1989",9690,4419,1,5056
"1990",9690,4420,1,5223
"1991",9690,4421,1,5188
"1992",9690,4422,1,4894
"1993",9690,4423,1,4412
"1994",9690,4424,1,4088
"1995",9690,4425,1,4032
"1996",9690,4426,1,3961
"1997",9690,4427,1,3765
"1998",9690,4428,1,3472
"1999",9690,4429,1,3149
"2000",9690,4430,1,2771
"2001",9690,4431,1,2357
"2002",9690,4432,1,1936
"2003",9690,4433,1,1560
"2004",9690,4434,1,1222
"2005",9690,4435,1,918
"2006",9690,4436,1,658
"2007",9690,4437,1,453
"2008",9690,4438,1,307
"2009",9690,4453,1,325
"2010",9690,4454,1,341
"2011",9690,4455,1,341
"2012",9690,4456,1,377
"2013",9690,4457,1,451
"2014",9690,4458,1,517
"2015",9690,4459,1,507
"2016",9690,4460,1,414
"2017",9691,4408,1,1233
"2018",9691,4409,1,1435
"2019",9691,4410,1,1693
"2020",9691,4411,1,1992
"2021",9691,4412,1,2268
"2022",9691,4413,1,2565
"2023",9691,4414,1,2930
"2024",9691,4415,1,3496
"2025",9691,4416,1,3885
"2026",9691,4417,1,4198
"2027",9691,4418,1,4468
"2028",9691,4419,1,4699
"2029",9691,4420,1,4860
"2030",9691,4421,1,4872
"2031",9691,4422,1,4714
"2032",9691,4423,1,4357
"2033",9691,4424,1,4002
"2034",9691,4425,1,3778
"2035",9691,4426,1,3607
"2036",9691,4427,1,3408
"2037",9691,4428,1,3144
"2038",9691,4429,1,2822
"2039",9691,4430,1,2466
"2040",9691,4431,1,2076
"2041",9691,4432,1,1673
"2042",9691,4433,1,1303
"2043",9691,4434,1,989
"2044",9691,4435,1,725
"2045",9691,4436,1,510
"2046",9691,4437,1,343
"2047",9691,4456,1,384
"2048",9691,4457,1,518
"2049",9691,4458,1,640
"2050",9691,4459,1,636
"2051",9691,4460,1,502
"2052",9691,4461,1,347
"2053",9692,4408,1,1279
"2054",9692,4409,1,1426
"2055",9692,4410,1,1650
"2056",9692,4411,1,1870
"2057",9692,4412,1,2091
"2058",9692,4413,1,2365
"2059",9692,4414,1,2740
"2060",9692,4415,1,3327
"2061",9692,4416,1,3683
"2062",9692,4417,1,3931
"2063",9692,4418,1,4143
"2064",9692,4419,1,4335
"2065",9692,4420,1,4478
"2066",9692,4421,1,4482
"2067",9692,4422,1,4338
"2068",9692,4423,1,4057
"2069",9692,4424,1,3712
"2070",9692,4425,1,3416
"2071",9692,4426,1,3199
"2072",9692,4427,1,3002
"2073",9692,4428,1,2772
"2074",9692,4429,1,2490
"2075",9692,4430,1,2178
"2076",9692,4431,1,1832
"2077",9692,4432,1,1465
"2078",9692,4433,1,1114
"2079",9692,4434,1,824
"2080",9692,4435,1,591
"2081",9692,4436,1,410
"2082",9692,4456,1,366
"2083",9692,4457,1,510
"2084",9692,4458,1,637
"2085",9692,4459,1,634
"2086",9692,4460,1,501
"2087",9692,4461,1,347
"2088",9693,4411,1,1845
"2089",9693,4412,1,1991
"2090",9693,4413,1,2229
"2091",9693,4414,1,2584
"2092",9693,4415,1,3187
"2093",9693,4416,1,3519
"2094",9693,4417,1,3698
"2095",9693,4418,1,3852
"2096",9693,4419,1,3986
"2097",9693,4420,1,4077
"2098",9693,4421,1,4059
"2099",9693,4422,1,3916
"2100",9693,4423,1,3685
"2101",9693,4424,1,3370
"2102",9693,4425,1,3053
"2103",9693,4426,1,2802
"2104",9693,4427,1,2590
"2105",9693,4428,1,2377
"2106",9693,4429,1,2145
"2107",9693,4430,1,1882
"2108",9693,4431,1,1593
"2109",9693,4432,1,1279
"2110",9693,4433,1,969
"2111",9693,4434,1,709
"2112",9693,4435,1,505
"2113",9693,4436,1,348
"2114",9693,4456,1,315
"2115",9693,4457,1,421
"2116",9693,4458,1,504
"2117",9693,4459,1,502
"2118",9693,4460,1,412
"2119",9694,4417,1,3584
"2120",9694,4418,1,3661
"2121",9694,4419,1,3699
"2122",9694,4420,1,3726
"2123",9694,4421,1,3675
"2124",9694,4422,1,3559
"2125",9694,4423,1,3359
"2126",9694,4424,1,3071
"2127",9694,4425,1,2763
"2128",9694,4426,1,2480
"2129",9694,4427,1,2226
"2130",9694,4428,1,1976
"2131",9694,4429,1,1770
"2132",9694,4430,1,1564
"2133",9694,4431,1,1344
"2134",9694,4432,1,1093
"2135",9694,4433,1,840
"2136",9694,4434,1,616
"2137",9694,4435,1,439
"2138",9694,4436,1,302
"2139",9694,4457,1,312
"2140",9694,4458,1,353
"2141",9694,4459,1,349
"2142",9695,4419,1,3519
"2143",9695,4420,1,3501
"2144",9695,4421,1,3390
"2145",9695,4422,1,3331
"2146",9695,4423,1,3152
"2147",9695,4424,1,2849
"2148",9695,4425,1,2578
"2149",9695,4426,1,2306
"2150",9695,4427,1,1984
"2151",9695,4428,1,1595
"2152",9695,4429,1,1400
"2153",9695,4430,1,1255
"2154",9695,4431,1,1104
"2155",9695,4432,1,906
"2156",9695,4433,1,705
"2157",9695,4434,1,516
"2158",9695,4435,1,369
"2159",9696,4421,1,3181
"2160",9696,4424,1,2651
"2161",9696,4425,1,2498
"2162",9696,4426,1,2340
"2163",9696,4428,1,1142
"2164",9696,4429,1,1054
"2165",9696,4430,1,978
"2166",9696,4431,1,923
"2167",9696,4432,1,723
"2168",9696,4433,1,561
"2169",9696,4434,1,390
"2170",9697,4428,1,905
"2171",9697,4429,1,805
"2172",9697,4430,1,758
"2173",9697,4432,1,508
"2174",9697,4433,1,422
"2175",9698,4429,1,636
"2176",9698,4430,1,620
