"","long","lat","cluster_id","add.data"
"1",9626,4443,1,321
"2",9626,4444,1,474
"3",9626,4445,1,474
"4",9626,4446,1,321
"5",9627,4443,1,352
"6",9627,4444,1,455
"7",9627,4445,1,449
"8",9627,4446,1,335
"9",9628,4443,1,371
"10",9628,4444,1,441
"11",9628,4445,1,421
"12",9628,4446,1,324
"13",9629,4442,1,320
"14",9629,4443,1,420
"15",9629,4444,1,477
"16",9629,4445,1,423
"17",9629,4446,1,315
"20",9630,4442,1,369
"21",9630,4443,1,456
"22",9630,4444,1,492
"23",9630,4445,1,419
"24",9630,4446,1,303
"27",9631,4439,1,308
"28",9631,4440,1,333
"29",9631,4441,1,381
"30",9631,4442,1,438
"31",9631,4443,1,497
"32",9631,4444,1,490
"33",9631,4445,1,394
"37",9632,4436,1,324
"38",9632,4437,1,351
"39",9632,4438,1,398
"40",9632,4439,1,437
"41",9632,4440,1,446
"42",9632,4441,1,482
"43",9632,4442,1,501
"44",9632,4443,1,504
"45",9632,4444,1,463
"46",9632,4445,1,359
"48",9633,4435,1,394
"49",9633,4436,1,459
"50",9633,4437,1,474
"51",9633,4438,1,510
"52",9633,4439,1,552
"53",9633,4440,1,533
"54",9633,4441,1,542
"55",9633,4442,1,524
"56",9633,4443,1,453
"57",9633,4444,1,382
"58",9634,4434,1,364
"59",9634,4435,1,497
"60",9634,4436,1,583
"61",9634,4437,1,563
"62",9634,4438,1,549
"63",9634,4439,1,565
"64",9634,4440,1,522
"65",9634,4441,1,489
"66",9634,4442,1,449
"67",9634,4443,1,371
"68",9635,4434,1,404
"69",9635,4435,1,545
"70",9635,4436,1,622
"71",9635,4437,1,575
"72",9635,4438,1,510
"73",9635,4439,1,485
"74",9635,4440,1,439
"75",9635,4441,1,388
"76",9635,4442,1,340
"77",9636,4434,1,436
"78",9636,4435,1,578
"79",9636,4436,1,621
"80",9636,4437,1,553
"81",9636,4438,1,473
"82",9636,4439,1,425
"83",9636,4440,1,371
"84",9636,4441,1,309
"85",9637,4434,1,418
"86",9637,4435,1,551
"87",9637,4436,1,593
"88",9637,4437,1,547
"89",9637,4438,1,498
"90",9637,4439,1,458
"91",9637,4440,1,387
"92",9638,4434,1,350
"93",9638,4435,1,459
"94",9638,4436,1,523
"95",9638,4437,1,556
"96",9638,4438,1,594
"97",9638,4439,1,569
"98",9638,4440,1,468
"99",9638,4441,1,342
"101",9639,4435,1,388
"102",9639,4436,1,492
"103",9639,4437,1,616
"104",9639,4438,1,719
"105",9639,4439,1,699
"106",9639,4440,1,555
"107",9639,4441,1,390
"111",9640,4435,1,381
"112",9640,4436,1,525
"113",9640,4437,1,678
"114",9640,4438,1,792
"115",9640,4439,1,755
"116",9640,4440,1,589
"117",9640,4441,1,407
"122",9641,4435,1,430
"123",9641,4436,1,600
"124",9641,4437,1,767
"125",9641,4438,1,858
"126",9641,4439,1,765
"127",9641,4440,1,579
"128",9641,4441,1,393
"132",9642,4396,1,321
"133",9642,4397,1,343
"134",9642,4398,1,351
"135",9642,4399,1,330
"136",9642,4434,1,345
"137",9642,4435,1,510
"138",9642,4436,1,691
"139",9642,4437,1,834
"140",9642,4438,1,878
"141",9642,4439,1,750
"142",9642,4440,1,555
"143",9642,4441,1,372
"145",9643,4395,1,373
"146",9643,4396,1,458
"147",9643,4397,1,497
"148",9643,4398,1,511
"149",9643,4399,1,478
"150",9643,4400,1,382
"151",9643,4434,1,389
"152",9643,4435,1,579
"153",9643,4436,1,781
"154",9643,4437,1,910
"155",9643,4438,1,856
"156",9643,4439,1,689
"157",9643,4440,1,502
"158",9643,4441,1,337
"159",9644,4394,1,320
"160",9644,4395,1,447
"161",9644,4396,1,575
"162",9644,4397,1,629
"163",9644,4398,1,649
"164",9644,4399,1,606
"165",9644,4400,1,468
"166",9644,4401,1,324
"167",9644,4434,1,406
"168",9644,4435,1,598
"169",9644,4436,1,794
"170",9644,4437,1,906
"171",9644,4438,1,824
"172",9644,4439,1,646
"173",9644,4440,1,460
"174",9644,4441,1,306
"175",9645,4394,1,311
"176",9645,4395,1,444
"177",9645,4396,1,575
"178",9645,4397,1,630
"179",9645,4398,1,652
"180",9645,4399,1,610
"181",9645,4400,1,477
"182",9645,4401,1,339
"183",9645,4434,1,411
"184",9645,4435,1,591
"185",9645,4436,1,761
"186",9645,4437,1,843
"187",9645,4438,1,777
"188",9645,4439,1,620
"189",9645,4440,1,449
"190",9645,4441,1,305
"191",9645,4454,1,326
"192",9645,4455,1,322
"193",9646,4395,1,365
"194",9646,4396,1,457
"195",9646,4397,1,500
"196",9646,4398,1,520
"197",9646,4399,1,495
"198",9646,4400,1,417
"199",9646,4401,1,336
"200",9646,4434,1,453
"201",9646,4435,1,645
"202",9646,4436,1,825
"203",9646,4437,1,910
"204",9646,4438,1,841
"205",9646,4439,1,678
"206",9646,4440,1,502
"207",9646,4441,1,353
"208",9646,4452,1,309
"209",9646,4453,1,408
"210",9646,4454,1,476
"211",9646,4455,1,465
"212",9646,4456,1,380
"213",9647,4396,1,320
"214",9647,4397,1,351
"215",9647,4398,1,373
"216",9647,4399,1,377
"217",9647,4400,1,368
"218",9647,4401,1,381
"219",9647,4402,1,383
"220",9647,4403,1,348
"221",9647,4433,1,341
"222",9647,4434,1,522
"223",9647,4435,1,745
"224",9647,4436,1,959
"225",9647,4437,1,1073
"226",9647,4438,1,980
"227",9647,4439,1,792
"228",9647,4440,1,599
"229",9647,4441,1,434
"230",9647,4442,1,301
"231",9647,4452,1,400
"232",9647,4453,1,536
"233",9647,4454,1,630
"234",9647,4455,1,600
"235",9647,4456,1,469
"236",9647,4457,1,325
"237",9648,4399,1,321
"238",9648,4400,1,398
"239",9648,4401,1,492
"240",9648,4402,1,550
"241",9648,4403,1,515
"242",9648,4404,1,423
"243",9648,4405,1,323
"244",9648,4433,1,397
"245",9648,4434,1,603
"246",9648,4435,1,844
"247",9648,4436,1,1059
"248",9648,4437,1,1162
"249",9648,4438,1,1063
"250",9648,4439,1,881
"251",9648,4440,1,693
"252",9648,4441,1,519
"253",9648,4442,1,366
"254",9648,4451,1,324
"255",9648,4452,1,471
"256",9648,4453,1,626
"257",9648,4454,1,731
"258",9648,4455,1,651
"259",9648,4456,1,495
"260",9648,4457,1,338
"261",9649,4399,1,314
"262",9649,4400,1,452
"263",9649,4401,1,622
"264",9649,4402,1,748
"265",9649,4403,1,708
"266",9649,4404,1,587
"267",9649,4405,1,460
"268",9649,4406,1,343
"269",9649,4433,1,445
"270",9649,4434,1,664
"271",9649,4435,1,915
"272",9649,4436,1,1136
"273",9649,4437,1,1189
"274",9649,4438,1,1065
"275",9649,4439,1,899
"276",9649,4440,1,735
"277",9649,4441,1,569
"278",9649,4442,1,407
"279",9649,4451,1,376
"280",9649,4452,1,523
"281",9649,4453,1,652
"282",9649,4454,1,704
"283",9649,4455,1,615
"284",9649,4456,1,463
"285",9649,4457,1,315
"286",9650,4399,1,309
"287",9650,4400,1,472
"288",9650,4401,1,675
"289",9650,4402,1,848
"290",9650,4403,1,875
"291",9650,4404,1,776
"292",9650,4405,1,624
"293",9650,4406,1,481
"294",9650,4407,1,388
"295",9650,4408,1,328
"296",9650,4432,1,330
"297",9650,4433,1,499
"298",9650,4434,1,711
"299",9650,4435,1,927
"300",9650,4436,1,1078
"301",9650,4437,1,1087
"302",9650,4438,1,974
"303",9650,4439,1,833
"304",9650,4440,1,697
"305",9650,4441,1,552
"306",9650,4442,1,403
"307",9650,4450,1,304
"308",9650,4451,1,442
"309",9650,4452,1,598
"310",9650,4453,1,727
"311",9650,4454,1,732
"312",9650,4455,1,601
"313",9650,4456,1,434
"314",9651,4400,1,442
"315",9651,4401,1,641
"316",9651,4402,1,866
"317",9651,4403,1,1028
"318",9651,4404,1,946
"319",9651,4405,1,803
"320",9651,4406,1,663
"321",9651,4407,1,581
"322",9651,4408,1,505
"323",9651,4409,1,412
"324",9651,4410,1,324
"325",9651,4432,1,411
"326",9651,4433,1,608
"327",9651,4434,1,827
"328",9651,4435,1,1005
"329",9651,4436,1,1058
"330",9651,4437,1,993
"331",9651,4438,1,858
"332",9651,4439,1,717
"333",9651,4440,1,596
"334",9651,4441,1,477
"335",9651,4442,1,361
"336",9651,4450,1,379
"337",9651,4451,1,518
"338",9651,4452,1,662
"339",9651,4453,1,760
"340",9651,4454,1,726
"341",9651,4455,1,575
"342",9651,4456,1,405
"343",9652,4400,1,389
"344",9652,4401,1,580
"345",9652,4402,1,798
"346",9652,4403,1,975
"347",9652,4404,1,1055
"348",9652,4405,1,959
"349",9652,4406,1,850
"350",9652,4407,1,817
"351",9652,4408,1,729
"352",9652,4409,1,602
"353",9652,4410,1,492
"354",9652,4411,1,415
"355",9652,4412,1,337
"356",9652,4431,1,313
"357",9652,4432,1,497
"358",9652,4433,1,735
"359",9652,4434,1,995
"360",9652,4435,1,1196
"361",9652,4436,1,1213
"362",9652,4437,1,1051
"363",9652,4438,1,834
"364",9652,4439,1,643
"365",9652,4440,1,502
"366",9652,4441,1,402
"367",9652,4442,1,326
"368",9652,4449,1,362
"369",9652,4450,1,481
"370",9652,4451,1,626
"371",9652,4452,1,753
"372",9652,4453,1,776
"373",9652,4454,1,674
"374",9652,4455,1,518
"375",9652,4456,1,359
"376",9653,4400,1,323
"377",9653,4401,1,488
"378",9653,4402,1,695
"379",9653,4403,1,901
"380",9653,4404,1,1033
"381",9653,4405,1,1008
"382",9653,4406,1,1029
"383",9653,4407,1,1071
"384",9653,4408,1,968
"385",9653,4409,1,819
"386",9653,4410,1,727
"387",9653,4411,1,635
"388",9653,4412,1,518
"389",9653,4413,1,394
"390",9653,4431,1,364
"391",9653,4432,1,574
"392",9653,4433,1,843
"393",9653,4434,1,1133
"394",9653,4435,1,1363
"395",9653,4436,1,1357
"396",9653,4437,1,1124
"397",9653,4438,1,849
"398",9653,4439,1,620
"399",9653,4440,1,467
"400",9653,4441,1,386
"401",9653,4442,1,349
"402",9653,4443,1,328
"403",9653,4444,1,335
"404",9653,4445,1,350
"405",9653,4446,1,359
"406",9653,4447,1,371
"407",9653,4448,1,415
"408",9653,4449,1,488
"409",9653,4450,1,608
"410",9653,4451,1,741
"411",9653,4452,1,850
"412",9653,4453,1,818
"413",9653,4454,1,655
"414",9653,4455,1,472
"415",9653,4456,1,314
"416",9654,4401,1,392
"417",9654,4402,1,560
"418",9654,4403,1,728
"419",9654,4404,1,849
"420",9654,4405,1,922
"421",9654,4406,1,1093
"422",9654,4407,1,1249
"423",9654,4408,1,1135
"424",9654,4409,1,1026
"425",9654,4410,1,1008
"426",9654,4411,1,910
"427",9654,4412,1,749
"428",9654,4413,1,581
"429",9654,4414,1,442
"430",9654,4415,1,325
"431",9654,4431,1,422
"432",9654,4432,1,656
"433",9654,4433,1,940
"434",9654,4434,1,1218
"435",9654,4435,1,1406
"436",9654,4436,1,1372
"437",9654,4437,1,1145
"438",9654,4438,1,869
"439",9654,4439,1,640
"440",9654,4440,1,499
"441",9654,4441,1,459
"442",9654,4442,1,460
"443",9654,4443,1,465
"444",9654,4444,1,498
"445",9654,4445,1,535
"446",9654,4446,1,549
"447",9654,4447,1,550
"448",9654,4448,1,591
"449",9654,4449,1,640
"450",9654,4450,1,734
"451",9654,4451,1,851
"452",9654,4452,1,875
"453",9654,4453,1,767
"454",9654,4454,1,593
"455",9654,4455,1,416
"456",9655,4402,1,410
"457",9655,4403,1,532
"458",9655,4404,1,642
"459",9655,4405,1,779
"460",9655,4406,1,964
"461",9655,4407,1,1109
"462",9655,4408,1,1141
"463",9655,4409,1,1236
"464",9655,4410,1,1318
"465",9655,4411,1,1211
"466",9655,4412,1,1019
"467",9655,4413,1,830
"468",9655,4414,1,646
"469",9655,4415,1,489
"470",9655,4416,1,373
"471",9655,4431,1,464
"472",9655,4432,1,721
"473",9655,4433,1,1038
"474",9655,4434,1,1358
"475",9655,4435,1,1558
"476",9655,4436,1,1474
"477",9655,4437,1,1230
"478",9655,4438,1,953
"479",9655,4439,1,741
"480",9655,4440,1,625
"481",9655,4441,1,625
"482",9655,4442,1,663
"483",9655,4443,1,689
"484",9655,4444,1,723
"485",9655,4445,1,777
"486",9655,4446,1,786
"487",9655,4447,1,761
"488",9655,4448,1,798
"489",9655,4449,1,812
"490",9655,4450,1,811
"491",9655,4451,1,857
"492",9655,4452,1,826
"493",9655,4453,1,680
"494",9655,4454,1,499
"495",9655,4455,1,344
"496",9656,4403,1,362
"497",9656,4404,1,455
"498",9656,4405,1,594
"499",9656,4406,1,752
"500",9656,4407,1,903
"501",9656,4408,1,1084
"502",9656,4409,1,1335
"503",9656,4410,1,1557
"504",9656,4411,1,1464
"505",9656,4412,1,1323
"506",9656,4413,1,1119
"507",9656,4414,1,902
"508",9656,4415,1,721
"509",9656,4416,1,566
"510",9656,4417,1,450
"511",9656,4418,1,364
"512",9656,4419,1,303
"513",9656,4431,1,473
"514",9656,4432,1,733
"515",9656,4433,1,1058
"516",9656,4434,1,1395
"517",9656,4435,1,1626
"518",9656,4436,1,1589
"519",9656,4437,1,1395
"520",9656,4438,1,1133
"521",9656,4439,1,920
"522",9656,4440,1,829
"523",9656,4441,1,862
"524",9656,4442,1,933
"525",9656,4443,1,959
"526",9656,4444,1,965
"527",9656,4445,1,1029
"528",9656,4446,1,1021
"529",9656,4447,1,945
"530",9656,4448,1,973
"531",9656,4449,1,945
"532",9656,4450,1,833
"533",9656,4451,1,752
"534",9656,4452,1,675
"535",9656,4453,1,547
"536",9656,4454,1,401
"537",9657,4404,1,315
"538",9657,4405,1,421
"539",9657,4406,1,547
"540",9657,4407,1,702
"541",9657,4408,1,944
"542",9657,4409,1,1223
"543",9657,4410,1,1466
"544",9657,4411,1,1609
"545",9657,4412,1,1593
"546",9657,4413,1,1418
"547",9657,4414,1,1221
"548",9657,4415,1,1010
"549",9657,4416,1,823
"550",9657,4417,1,685
"551",9657,4418,1,574
"552",9657,4419,1,504
"553",9657,4420,1,438
"554",9657,4421,1,373
"555",9657,4422,1,322
"556",9657,4431,1,460
"557",9657,4432,1,705
"558",9657,4433,1,1014
"559",9657,4434,1,1345
"560",9657,4435,1,1640
"561",9657,4436,1,1751
"562",9657,4437,1,1588
"563",9657,4438,1,1330
"564",9657,4439,1,1142
"565",9657,4440,1,1094
"566",9657,4441,1,1126
"567",9657,4442,1,1213
"568",9657,4443,1,1215
"569",9657,4444,1,1143
"570",9657,4445,1,1182
"571",9657,4446,1,1146
"572",9657,4447,1,1017
"573",9657,4448,1,988
"574",9657,4449,1,925
"575",9657,4450,1,769
"576",9657,4451,1,615
"577",9657,4452,1,507
"578",9657,4453,1,402
"579",9658,4406,1,388
"580",9658,4407,1,547
"581",9658,4408,1,764
"582",9658,4409,1,1025
"583",9658,4410,1,1324
"584",9658,4411,1,1592
"585",9658,4412,1,1709
"586",9658,4413,1,1713
"587",9658,4414,1,1553
"588",9658,4415,1,1340
"589",9658,4416,1,1159
"590",9658,4417,1,993
"591",9658,4418,1,864
"592",9658,4419,1,786
"593",9658,4420,1,692
"594",9658,4421,1,603
"595",9658,4422,1,546
"596",9658,4423,1,476
"597",9658,4424,1,390
"598",9658,4425,1,304
"599",9658,4430,1,308
"600",9658,4431,1,470
"601",9658,4432,1,703
"602",9658,4433,1,1011
"603",9658,4434,1,1346
"604",9658,4435,1,1650
"605",9658,4436,1,1803
"606",9658,4437,1,1692
"607",9658,4438,1,1498
"608",9658,4439,1,1390
"609",9658,4440,1,1375
"610",9658,4441,1,1345
"611",9658,4442,1,1395
"612",9658,4443,1,1348
"613",9658,4444,1,1186
"614",9658,4445,1,1108
"615",9658,4446,1,1033
"616",9658,4447,1,904
"617",9658,4448,1,825
"618",9658,4449,1,750
"619",9658,4450,1,620
"620",9658,4451,1,479
"621",9658,4452,1,363
"622",9659,4407,1,407
"623",9659,4408,1,587
"624",9659,4409,1,831
"625",9659,4410,1,1116
"626",9659,4411,1,1411
"627",9659,4412,1,1703
"628",9659,4413,1,1926
"629",9659,4414,1,1807
"630",9659,4415,1,1686
"631",9659,4416,1,1527
"632",9659,4417,1,1351
"633",9659,4418,1,1255
"634",9659,4419,1,1159
"635",9659,4420,1,1033
"636",9659,4421,1,923
"637",9659,4422,1,854
"638",9659,4423,1,744
"639",9659,4424,1,608
"640",9659,4425,1,482
"641",9659,4426,1,378
"642",9659,4427,1,307
"643",9659,4429,1,310
"644",9659,4430,1,401
"645",9659,4431,1,566
"646",9659,4432,1,808
"647",9659,4433,1,1112
"648",9659,4434,1,1419
"649",9659,4435,1,1676
"650",9659,4436,1,1801
"651",9659,4437,1,1772
"652",9659,4438,1,1680
"653",9659,4439,1,1607
"654",9659,4440,1,1606
"655",9659,4441,1,1477
"656",9659,4442,1,1351
"657",9659,4443,1,1231
"658",9659,4444,1,1049
"659",9659,4445,1,901
"660",9659,4446,1,804
"661",9659,4447,1,695
"662",9659,4448,1,607
"663",9659,4449,1,538
"664",9659,4450,1,447
"665",9659,4451,1,344
"666",9660,4408,1,443
"667",9660,4409,1,643
"668",9660,4410,1,893
"669",9660,4411,1,1199
"670",9660,4412,1,1512
"671",9660,4413,1,1754
"672",9660,4414,1,1868
"673",9660,4415,1,1957
"674",9660,4416,1,1835
"675",9660,4417,1,1703
"676",9660,4418,1,1690
"677",9660,4419,1,1596
"678",9660,4420,1,1452
"679",9660,4421,1,1364
"680",9660,4422,1,1259
"681",9660,4423,1,1096
"682",9660,4424,1,907
"683",9660,4425,1,730
"684",9660,4426,1,585
"685",9660,4427,1,484
"686",9660,4428,1,450
"687",9660,4429,1,495
"688",9660,4430,1,576
"689",9660,4431,1,737
"690",9660,4432,1,984
"691",9660,4433,1,1310
"692",9660,4434,1,1657
"693",9660,4435,1,1930
"694",9660,4436,1,2010
"695",9660,4437,1,1953
"696",9660,4438,1,1846
"697",9660,4439,1,1677
"698",9660,4440,1,1611
"699",9660,4441,1,1417
"700",9660,4442,1,1178
"701",9660,4443,1,998
"702",9660,4444,1,823
"703",9660,4445,1,667
"704",9660,4446,1,569
"705",9660,4447,1,483
"706",9660,4448,1,408
"707",9660,4449,1,355
"708",9661,4408,1,325
"709",9661,4409,1,484
"710",9661,4410,1,703
"711",9661,4411,1,963
"712",9661,4412,1,1235
"713",9661,4413,1,1491
"714",9661,4414,1,1770
"715",9661,4415,1,1965
"716",9661,4416,1,1952
"717",9661,4417,1,2020
"718",9661,4418,1,2129
"719",9661,4419,1,2048
"720",9661,4420,1,1909
"721",9661,4421,1,1858
"722",9661,4422,1,1732
"723",9661,4423,1,1514
"724",9661,4424,1,1278
"725",9661,4425,1,1049
"726",9661,4426,1,859
"727",9661,4427,1,719
"728",9661,4428,1,682
"729",9661,4429,1,761
"730",9661,4430,1,884
"731",9661,4431,1,1024
"732",9661,4432,1,1236
"733",9661,4433,1,1550
"734",9661,4434,1,1892
"735",9661,4435,1,2150
"736",9661,4436,1,2161
"737",9661,4437,1,1983
"738",9661,4438,1,1813
"739",9661,4439,1,1568
"740",9661,4440,1,1384
"741",9661,4441,1,1188
"742",9661,4442,1,961
"743",9661,4443,1,756
"744",9661,4444,1,599
"745",9661,4445,1,470
"746",9661,4446,1,379
"747",9661,4447,1,312
"748",9662,4409,1,373
"749",9662,4410,1,550
"750",9662,4411,1,764
"751",9662,4412,1,1002
"752",9662,4413,1,1268
"753",9662,4414,1,1526
"754",9662,4415,1,1713
"755",9662,4416,1,1851
"756",9662,4417,1,2155
"757",9662,4418,1,2450
"758",9662,4419,1,2428
"759",9662,4420,1,2356
"760",9662,4421,1,2368
"761",9662,4422,1,2235
"762",9662,4423,1,1988
"763",9662,4424,1,1711
"764",9662,4425,1,1443
"765",9662,4426,1,1194
"766",9662,4427,1,1008
"767",9662,4428,1,968
"768",9662,4429,1,1092
"769",9662,4430,1,1274
"770",9662,4431,1,1447
"771",9662,4432,1,1623
"772",9662,4433,1,1884
"773",9662,4434,1,2127
"774",9662,4435,1,2211
"775",9662,4436,1,2095
"776",9662,4437,1,1810
"777",9662,4438,1,1572
"778",9662,4439,1,1316
"779",9662,4440,1,1084
"780",9662,4441,1,903
"781",9662,4442,1,721
"782",9662,4443,1,551
"783",9662,4444,1,413
"784",9662,4445,1,313
"785",9663,4409,1,322
"786",9663,4410,1,489
"787",9663,4411,1,703
"788",9663,4412,1,947
"789",9663,4413,1,1177
"790",9663,4414,1,1335
"791",9663,4415,1,1452
"792",9663,4416,1,1671
"793",9663,4417,1,2027
"794",9663,4418,1,2381
"795",9663,4419,1,2655
"796",9663,4420,1,2651
"797",9663,4421,1,2790
"798",9663,4422,1,2686
"799",9663,4423,1,2455
"800",9663,4424,1,2176
"801",9663,4425,1,1874
"802",9663,4426,1,1566
"803",9663,4427,1,1339
"804",9663,4428,1,1298
"805",9663,4429,1,1468
"806",9663,4430,1,1716
"807",9663,4431,1,1932
"808",9663,4432,1,2084
"809",9663,4433,1,2262
"810",9663,4434,1,2419
"811",9663,4435,1,2368
"812",9663,4436,1,2063
"813",9663,4437,1,1648
"814",9663,4438,1,1312
"815",9663,4439,1,1038
"816",9663,4440,1,804
"817",9663,4441,1,642
"818",9663,4442,1,504
"819",9663,4443,1,379
"820",9664,4409,1,326
"821",9664,4410,1,508
"822",9664,4411,1,753
"823",9664,4412,1,1040
"824",9664,4413,1,1298
"825",9664,4414,1,1390
"826",9664,4415,1,1364
"827",9664,4416,1,1443
"828",9664,4417,1,1769
"829",9664,4418,1,2150
"830",9664,4419,1,2454
"831",9664,4420,1,2676
"832",9664,4421,1,2925
"833",9664,4422,1,3026
"834",9664,4423,1,2834
"835",9664,4424,1,2625
"836",9664,4425,1,2299
"837",9664,4426,1,1960
"838",9664,4427,1,1721
"839",9664,4428,1,1670
"840",9664,4429,1,1863
"841",9664,4430,1,2169
"842",9664,4431,1,2431
"843",9664,4432,1,2547
"844",9664,4433,1,2635
"845",9664,4434,1,2578
"846",9664,4435,1,2384
"847",9664,4436,1,1993
"848",9664,4437,1,1541
"849",9664,4438,1,1125
"850",9664,4439,1,818
"851",9664,4440,1,598
"852",9664,4441,1,445
"853",9664,4442,1,338
"854",9665,4393,1,351
"855",9665,4394,1,412
"856",9665,4395,1,419
"857",9665,4396,1,379
"858",9665,4397,1,329
"859",9665,4398,1,309
"860",9665,4399,1,310
"861",9665,4400,1,307
"862",9665,4409,1,354
"863",9665,4410,1,555
"864",9665,4411,1,829
"865",9665,4412,1,1157
"866",9665,4413,1,1463
"867",9665,4414,1,1519
"868",9665,4415,1,1368
"869",9665,4416,1,1312
"870",9665,4417,1,1510
"871",9665,4418,1,1820
"872",9665,4419,1,2129
"873",9665,4420,1,2470
"874",9665,4421,1,2801
"875",9665,4422,1,3091
"876",9665,4423,1,3101
"877",9665,4424,1,2981
"878",9665,4425,1,2684
"879",9665,4426,1,2394
"880",9665,4427,1,2163
"881",9665,4428,1,2116
"882",9665,4429,1,2267
"883",9665,4430,1,2582
"884",9665,4431,1,2869
"885",9665,4432,1,2939
"886",9665,4433,1,2901
"887",9665,4434,1,2597
"888",9665,4435,1,2211
"889",9665,4436,1,1797
"890",9665,4437,1,1374
"891",9665,4438,1,987
"892",9665,4439,1,670
"893",9665,4440,1,453
"894",9665,4441,1,311
"895",9666,4392,1,351
"896",9666,4393,1,479
"897",9666,4394,1,576
"898",9666,4395,1,588
"899",9666,4396,1,524
"900",9666,4397,1,460
"901",9666,4398,1,455
"902",9666,4399,1,477
"903",9666,4400,1,481
"904",9666,4401,1,460
"905",9666,4402,1,439
"906",9666,4403,1,394
"907",9666,4404,1,324
"908",9666,4409,1,387
"909",9666,4410,1,598
"910",9666,4411,1,881
"911",9666,4412,1,1205
"912",9666,4413,1,1475
"913",9666,4414,1,1524
"914",9666,4415,1,1380
"915",9666,4416,1,1255
"916",9666,4417,1,1296
"917",9666,4418,1,1550
"918",9666,4419,1,1899
"919",9666,4420,1,2346
"920",9666,4421,1,2805
"921",9666,4422,1,3175
"922",9666,4423,1,3269
"923",9666,4424,1,3215
"924",9666,4425,1,3076
"925",9666,4426,1,2843
"926",9666,4427,1,2683
"927",9666,4428,1,2671
"928",9666,4429,1,2707
"929",9666,4430,1,2948
"930",9666,4431,1,3130
"931",9666,4432,1,3057
"932",9666,4433,1,2785
"933",9666,4434,1,2417
"934",9666,4435,1,1984
"935",9666,4436,1,1548
"936",9666,4437,1,1164
"937",9666,4438,1,834
"938",9666,4439,1,565
"939",9666,4440,1,364
"940",9667,4392,1,409
"941",9667,4393,1,573
"942",9667,4394,1,712
"943",9667,4395,1,730
"944",9667,4396,1,642
"945",9667,4397,1,578
"946",9667,4398,1,616
"947",9667,4399,1,680
"948",9667,4400,1,699
"949",9667,4401,1,674
"950",9667,4402,1,655
"951",9667,4403,1,587
"952",9667,4404,1,476
"953",9667,4405,1,359
"954",9667,4409,1,429
"955",9667,4410,1,652
"956",9667,4411,1,957
"957",9667,4412,1,1311
"958",9667,4413,1,1620
"959",9667,4414,1,1690
"960",9667,4415,1,1544
"961",9667,4416,1,1386
"962",9667,4417,1,1331
"963",9667,4418,1,1505
"964",9667,4419,1,1950
"965",9667,4420,1,2463
"966",9667,4421,1,2972
"967",9667,4422,1,3367
"968",9667,4423,1,3453
"969",9667,4424,1,3369
"970",9667,4425,1,3332
"971",9667,4426,1,3279
"972",9667,4427,1,3257
"973",9667,4428,1,3226
"974",9667,4429,1,3133
"975",9667,4430,1,3289
"976",9667,4431,1,3406
"977",9667,4432,1,3094
"978",9667,4433,1,2618
"979",9667,4434,1,2160
"980",9667,4435,1,1725
"981",9667,4436,1,1321
"982",9667,4437,1,968
"983",9667,4438,1,688
"984",9667,4439,1,471
"985",9667,4440,1,308
"986",9668,4392,1,409
"987",9668,4393,1,574
"988",9668,4394,1,716
"989",9668,4395,1,741
"990",9668,4396,1,672
"991",9668,4397,1,648
"992",9668,4398,1,755
"993",9668,4399,1,881
"994",9668,4400,1,925
"995",9668,4401,1,905
"996",9668,4402,1,902
"997",9668,4403,1,805
"998",9668,4404,1,646
"999",9668,4405,1,485
"1000",9668,4406,1,362
"1001",9668,4407,1,305
"1002",9668,4408,1,342
"1003",9668,4409,1,465
"1004",9668,4410,1,681
"1005",9668,4411,1,986
"1006",9668,4412,1,1348
"1007",9668,4413,1,1682
"1008",9668,4414,1,1819
"1009",9668,4415,1,1787
"1010",9668,4416,1,1612
"1011",9668,4417,1,1551
"1012",9668,4418,1,1767
"1013",9668,4419,1,2267
"1014",9668,4420,1,2779
"1015",9668,4421,1,3261
"1016",9668,4422,1,3571
"1017",9668,4423,1,3580
"1018",9668,4424,1,3444
"1019",9668,4425,1,3530
"1020",9668,4426,1,3602
"1021",9668,4427,1,3710
"1022",9668,4428,1,3711
"1023",9668,4429,1,3565
"1024",9668,4430,1,3576
"1025",9668,4431,1,3467
"1026",9668,4432,1,3040
"1027",9668,4433,1,2510
"1028",9668,4434,1,1968
"1029",9668,4435,1,1504
"1030",9668,4436,1,1130
"1031",9668,4437,1,825
"1032",9668,4438,1,582
"1033",9668,4439,1,404
"1034",9669,4392,1,352
"1035",9669,4393,1,483
"1036",9669,4394,1,587
"1037",9669,4395,1,619
"1038",9669,4396,1,607
"1039",9669,4397,1,658
"1040",9669,4398,1,812
"1041",9669,4399,1,992
"1042",9669,4400,1,1066
"1043",9669,4401,1,1081
"1044",9669,4402,1,1117
"1045",9669,4403,1,996
"1046",9669,4404,1,804
"1047",9669,4405,1,619
"1048",9669,4406,1,483
"1049",9669,4407,1,411
"1050",9669,4408,1,416
"1051",9669,4409,1,507
"1052",9669,4410,1,689
"1053",9669,4411,1,961
"1054",9669,4412,1,1296
"1055",9669,4413,1,1629
"1056",9669,4414,1,1896
"1057",9669,4415,1,1940
"1058",9669,4416,1,1835
"1059",9669,4417,1,1903
"1060",9669,4418,1,2315
"1061",9669,4419,1,2740
"1062",9669,4420,1,3147
"1063",9669,4421,1,3595
"1064",9669,4422,1,3911
"1065",9669,4423,1,3753
"1066",9669,4424,1,3527
"1067",9669,4425,1,3559
"1068",9669,4426,1,3700
"1069",9669,4427,1,3932
"1070",9669,4428,1,4008
"1071",9669,4429,1,3935
"1072",9669,4430,1,3772
"1073",9669,4431,1,3507
"1074",9669,4432,1,3015
"1075",9669,4433,1,2448
"1076",9669,4434,1,1889
"1077",9669,4435,1,1385
"1078",9669,4436,1,1021
"1079",9669,4437,1,750
"1080",9669,4438,1,543
"1081",9669,4439,1,387
"1082",9670,4393,1,357
"1083",9670,4394,1,428
"1084",9670,4395,1,463
"1085",9670,4396,1,489
"1086",9670,4397,1,581
"1087",9670,4398,1,738
"1088",9670,4399,1,900
"1089",9670,4400,1,997
"1090",9670,4401,1,1083
"1091",9670,4402,1,1161
"1092",9670,4403,1,1083
"1093",9670,4404,1,935
"1094",9670,4405,1,779
"1095",9670,4406,1,663
"1096",9670,4407,1,583
"1097",9670,4408,1,566
"1098",9670,4409,1,600
"1099",9670,4410,1,728
"1100",9670,4411,1,967
"1101",9670,4412,1,1298
"1102",9670,4413,1,1673
"1103",9670,4414,1,2004
"1104",9670,4415,1,2108
"1105",9670,4416,1,2102
"1106",9670,4417,1,2364
"1107",9670,4418,1,2852
"1108",9670,4419,1,3255
"1109",9670,4420,1,3551
"1110",9670,4421,1,3900
"1111",9670,4422,1,4171
"1112",9670,4423,1,4000
"1113",9670,4424,1,3774
"1114",9670,4425,1,3705
"1115",9670,4426,1,3899
"1116",9670,4427,1,4145
"1117",9670,4428,1,4281
"1118",9670,4429,1,4230
"1119",9670,4430,1,3937
"1120",9670,4431,1,3492
"1121",9670,4432,1,2946
"1122",9670,4433,1,2392
"1123",9670,4434,1,1858
"1124",9670,4435,1,1387
"1125",9670,4436,1,1052
"1126",9670,4437,1,796
"1127",9670,4438,1,597
"1128",9670,4439,1,449
"1129",9670,4440,1,338
"1130",9671,4395,1,320
"1131",9671,4396,1,361
"1132",9671,4397,1,457
"1133",9671,4398,1,586
"1134",9671,4399,1,717
"1135",9671,4400,1,826
"1136",9671,4401,1,956
"1137",9671,4402,1,1077
"1138",9671,4403,1,1118
"1139",9671,4404,1,1113
"1140",9671,4405,1,1027
"1141",9671,4406,1,919
"1142",9671,4407,1,839
"1143",9671,4408,1,808
"1144",9671,4409,1,800
"1145",9671,4410,1,861
"1146",9671,4411,1,1057
"1147",9671,4412,1,1364
"1148",9671,4413,1,1730
"1149",9671,4414,1,2053
"1150",9671,4415,1,2214
"1151",9671,4416,1,2364
"1152",9671,4417,1,2875
"1153",9671,4418,1,3359
"1154",9671,4419,1,3697
"1155",9671,4420,1,3900
"1156",9671,4421,1,4145
"1157",9671,4422,1,4333
"1158",9671,4423,1,4307
"1159",9671,4424,1,4243
"1160",9671,4425,1,4129
"1161",9671,4426,1,4209
"1162",9671,4427,1,4346
"1163",9671,4428,1,4329
"1164",9671,4429,1,4168
"1165",9671,4430,1,3880
"1166",9671,4431,1,3473
"1167",9671,4432,1,2976
"1168",9671,4433,1,2451
"1169",9671,4434,1,1949
"1170",9671,4435,1,1553
"1171",9671,4436,1,1226
"1172",9671,4437,1,952
"1173",9671,4438,1,742
"1174",9671,4439,1,589
"1175",9671,4440,1,458
"1176",9671,4441,1,344
"1177",9672,4397,1,330
"1178",9672,4398,1,429
"1179",9672,4399,1,537
"1180",9672,4400,1,661
"1181",9672,4401,1,834
"1182",9672,4402,1,1047
"1183",9672,4403,1,1244
"1184",9672,4404,1,1360
"1185",9672,4405,1,1317
"1186",9672,4406,1,1236
"1187",9672,4407,1,1164
"1188",9672,4408,1,1133
"1189",9672,4409,1,1096
"1190",9672,4410,1,1110
"1191",9672,4411,1,1249
"1192",9672,4412,1,1529
"1193",9672,4413,1,1898
"1194",9672,4414,1,2260
"1195",9672,4415,1,2450
"1196",9672,4416,1,2636
"1197",9672,4417,1,3194
"1198",9672,4418,1,3652
"1199",9672,4419,1,3853
"1200",9672,4420,1,3964
"1201",9672,4421,1,4165
"1202",9672,4422,1,4391
"1203",9672,4423,1,4574
"1204",9672,4424,1,4623
"1205",9672,4425,1,4500
"1206",9672,4426,1,4505
"1207",9672,4427,1,4335
"1208",9672,4428,1,4129
"1209",9672,4429,1,3991
"1210",9672,4430,1,3753
"1211",9672,4431,1,3499
"1212",9672,4432,1,3102
"1213",9672,4433,1,2630
"1214",9672,4434,1,2210
"1215",9672,4435,1,1838
"1216",9672,4436,1,1489
"1217",9672,4437,1,1184
"1218",9672,4438,1,978
"1219",9672,4439,1,804
"1220",9672,4440,1,636
"1221",9672,4441,1,486
"1222",9672,4442,1,358
"1223",9673,4398,1,302
"1224",9673,4399,1,402
"1225",9673,4400,1,554
"1226",9673,4401,1,770
"1227",9673,4402,1,1044
"1228",9673,4403,1,1340
"1229",9673,4404,1,1578
"1230",9673,4405,1,1571
"1231",9673,4406,1,1556
"1232",9673,4407,1,1526
"1233",9673,4408,1,1506
"1234",9673,4409,1,1461
"1235",9673,4410,1,1435
"1236",9673,4411,1,1522
"1237",9673,4412,1,1745
"1238",9673,4413,1,2081
"1239",9673,4414,1,2429
"1240",9673,4415,1,2646
"1241",9673,4416,1,2883
"1242",9673,4417,1,3402
"1243",9673,4418,1,3678
"1244",9673,4419,1,3749
"1245",9673,4420,1,3761
"1246",9673,4421,1,3932
"1247",9673,4422,1,4236
"1248",9673,4423,1,4602
"1249",9673,4424,1,4823
"1250",9673,4425,1,4669
"1251",9673,4426,1,4540
"1252",9673,4427,1,4229
"1253",9673,4428,1,3832
"1254",9673,4429,1,3625
"1255",9673,4430,1,3467
"1256",9673,4431,1,3387
"1257",9673,4432,1,3169
"1258",9673,4433,1,2832
"1259",9673,4434,1,2520
"1260",9673,4435,1,2150
"1261",9673,4436,1,1787
"1262",9673,4437,1,1508
"1263",9673,4438,1,1302
"1264",9673,4439,1,1093
"1265",9673,4440,1,877
"1266",9673,4441,1,678
"1267",9673,4442,1,506
"1268",9673,4443,1,374
"1269",9674,4399,1,309
"1270",9674,4400,1,472
"1271",9674,4401,1,695
"1272",9674,4402,1,978
"1273",9674,4403,1,1287
"1274",9674,4404,1,1553
"1275",9674,4405,1,1729
"1276",9674,4406,1,1773
"1277",9674,4407,1,1810
"1278",9674,4408,1,1835
"1279",9674,4409,1,1816
"1280",9674,4410,1,1784
"1281",9674,4411,1,1866
"1282",9674,4412,1,1997
"1283",9674,4413,1,2266
"1284",9674,4414,1,2585
"1285",9674,4415,1,2836
"1286",9674,4416,1,3182
"1287",9674,4417,1,3640
"1288",9674,4418,1,3802
"1289",9674,4419,1,3684
"1290",9674,4420,1,3591
"1291",9674,4421,1,3760
"1292",9674,4422,1,4185
"1293",9674,4423,1,4628
"1294",9674,4424,1,4868
"1295",9674,4425,1,4678
"1296",9674,4426,1,4351
"1297",9674,4427,1,3992
"1298",9674,4428,1,3590
"1299",9674,4429,1,3276
"1300",9674,4430,1,3156
"1301",9674,4431,1,3143
"1302",9674,4432,1,3121
"1303",9674,4433,1,2947
"1304",9674,4434,1,2733
"1305",9674,4435,1,2381
"1306",9674,4436,1,2063
"1307",9674,4437,1,1884
"1308",9674,4438,1,1686
"1309",9674,4439,1,1433
"1310",9674,4440,1,1170
"1311",9674,4441,1,915
"1312",9674,4442,1,702
"1313",9674,4443,1,545
"1314",9674,4444,1,425
"1315",9674,4445,1,323
"1316",9675,4400,1,399
"1317",9675,4401,1,606
"1318",9675,4402,1,872
"1319",9675,4403,1,1185
"1320",9675,4404,1,1504
"1321",9675,4405,1,1748
"1322",9675,4406,1,1763
"1323",9675,4407,1,1868
"1324",9675,4408,1,1984
"1325",9675,4409,1,2045
"1326",9675,4410,1,2095
"1327",9675,4411,1,2234
"1328",9675,4412,1,2320
"1329",9675,4413,1,2490
"1330",9675,4414,1,2752
"1331",9675,4415,1,3008
"1332",9675,4416,1,3265
"1333",9675,4417,1,3739
"1334",9675,4418,1,3913
"1335",9675,4419,1,3775
"1336",9675,4420,1,3651
"1337",9675,4421,1,3800
"1338",9675,4422,1,4193
"1339",9675,4423,1,4620
"1340",9675,4424,1,4840
"1341",9675,4425,1,4620
"1342",9675,4426,1,4332
"1343",9675,4427,1,3941
"1344",9675,4428,1,3523
"1345",9675,4429,1,3176
"1346",9675,4430,1,3021
"1347",9675,4431,1,3004
"1348",9675,4432,1,2995
"1349",9675,4433,1,2903
"1350",9675,4434,1,2742
"1351",9675,4435,1,2505
"1352",9675,4436,1,2355
"1353",9675,4437,1,2281
"1354",9675,4438,1,2082
"1355",9675,4439,1,1801
"1356",9675,4440,1,1486
"1357",9675,4441,1,1191
"1358",9675,4442,1,952
"1359",9675,4443,1,782
"1360",9675,4444,1,630
"1361",9675,4445,1,485
"1362",9675,4446,1,353
"1363",9676,4400,1,339
"1364",9676,4401,1,527
"1365",9676,4402,1,782
"1366",9676,4403,1,1090
"1367",9676,4404,1,1405
"1368",9676,4405,1,1625
"1369",9676,4406,1,1648
"1370",9676,4407,1,1719
"1371",9676,4408,1,1871
"1372",9676,4409,1,2021
"1373",9676,4410,1,2249
"1374",9676,4411,1,2528
"1375",9676,4412,1,2644
"1376",9676,4413,1,2794
"1377",9676,4414,1,2985
"1378",9676,4415,1,3158
"1379",9676,4416,1,3375
"1380",9676,4417,1,3824
"1381",9676,4418,1,4123
"1382",9676,4419,1,4001
"1383",9676,4420,1,3872
"1384",9676,4421,1,3984
"1385",9676,4422,1,4318
"1386",9676,4423,1,4689
"1387",9676,4424,1,4875
"1388",9676,4425,1,4652
"1389",9676,4426,1,4401
"1390",9676,4427,1,4031
"1391",9676,4428,1,3660
"1392",9676,4429,1,3389
"1393",9676,4430,1,3245
"1394",9676,4431,1,3150
"1395",9676,4432,1,3089
"1396",9676,4433,1,2987
"1397",9676,4434,1,2805
"1398",9676,4435,1,2642
"1399",9676,4436,1,2603
"1400",9676,4437,1,2598
"1401",9676,4438,1,2392
"1402",9676,4439,1,2114
"1403",9676,4440,1,1792
"1404",9676,4441,1,1489
"1405",9676,4442,1,1270
"1406",9676,4443,1,1089
"1407",9676,4444,1,896
"1408",9676,4445,1,700
"1409",9676,4446,1,524
"1410",9676,4447,1,394
"1411",9677,4400,1,303
"1412",9677,4401,1,481
"1413",9677,4402,1,726
"1414",9677,4403,1,1024
"1415",9677,4404,1,1330
"1416",9677,4405,1,1537
"1417",9677,4406,1,1528
"1418",9677,4407,1,1521
"1419",9677,4408,1,1662
"1420",9677,4409,1,1878
"1421",9677,4410,1,2209
"1422",9677,4411,1,2545
"1423",9677,4412,1,2820
"1424",9677,4413,1,3049
"1425",9677,4414,1,3149
"1426",9677,4415,1,3313
"1427",9677,4416,1,3552
"1428",9677,4417,1,3968
"1429",9677,4418,1,4311
"1430",9677,4419,1,4275
"1431",9677,4420,1,4209
"1432",9677,4421,1,4289
"1433",9677,4422,1,4565
"1434",9677,4423,1,4830
"1435",9677,4424,1,4953
"1436",9677,4425,1,4696
"1437",9677,4426,1,4478
"1438",9677,4427,1,4129
"1439",9677,4428,1,3902
"1440",9677,4429,1,3665
"1441",9677,4430,1,3524
"1442",9677,4431,1,3389
"1443",9677,4432,1,3238
"1444",9677,4433,1,3105
"1445",9677,4434,1,2944
"1446",9677,4435,1,2756
"1447",9677,4436,1,2749
"1448",9677,4437,1,2585
"1449",9677,4438,1,2460
"1450",9677,4439,1,2300
"1451",9677,4440,1,2038
"1452",9677,4441,1,1791
"1453",9677,4442,1,1636
"1454",9677,4443,1,1445
"1455",9677,4444,1,1204
"1456",9677,4445,1,959
"1457",9677,4446,1,750
"1458",9677,4447,1,577
"1459",9677,4448,1,424
"1460",9678,4401,1,455
"1461",9678,4402,1,681
"1462",9678,4403,1,956
"1463",9678,4404,1,1243
"1464",9678,4405,1,1452
"1465",9678,4406,1,1411
"1466",9678,4407,1,1375
"1467",9678,4408,1,1482
"1468",9678,4409,1,1782
"1469",9678,4410,1,2167
"1470",9678,4411,1,2612
"1471",9678,4412,1,2989
"1472",9678,4413,1,3170
"1473",9678,4414,1,3226
"1474",9678,4415,1,3491
"1475",9678,4416,1,3735
"1476",9678,4417,1,4039
"1477",9678,4418,1,4360
"1478",9678,4419,1,4559
"1479",9678,4420,1,4540
"1480",9678,4421,1,4592
"1481",9678,4422,1,4822
"1482",9678,4423,1,5007
"1483",9678,4424,1,4828
"1484",9678,4425,1,4579
"1485",9678,4426,1,4288
"1486",9678,4427,1,4015
"1487",9678,4428,1,3891
"1488",9678,4429,1,3689
"1489",9678,4430,1,3550
"1490",9678,4431,1,3390
"1491",9678,4432,1,3133
"1492",9678,4433,1,2944
"1493",9678,4434,1,2845
"1494",9678,4435,1,2661
"1495",9678,4436,1,2543
"1496",9678,4437,1,2413
"1497",9678,4438,1,2335
"1498",9678,4439,1,2301
"1499",9678,4440,1,2238
"1500",9678,4441,1,2101
"1501",9678,4442,1,2011
"1502",9678,4443,1,1800
"1503",9678,4444,1,1519
"1504",9678,4445,1,1253
"1505",9678,4446,1,1020
"1506",9678,4447,1,796
"1507",9678,4448,1,586
"1508",9678,4449,1,409
"1509",9679,4400,1,307
"1510",9679,4401,1,456
"1511",9679,4402,1,654
"1512",9679,4403,1,877
"1513",9679,4404,1,1097
"1514",9679,4405,1,1241
"1515",9679,4406,1,1250
"1516",9679,4407,1,1268
"1517",9679,4408,1,1416
"1518",9679,4409,1,1786
"1519",9679,4410,1,2236
"1520",9679,4411,1,2715
"1521",9679,4412,1,3123
"1522",9679,4413,1,3316
"1523",9679,4414,1,3384
"1524",9679,4415,1,3619
"1525",9679,4416,1,3903
"1526",9679,4417,1,4154
"1527",9679,4418,1,4515
"1528",9679,4419,1,4755
"1529",9679,4420,1,4774
"1530",9679,4421,1,4841
"1531",9679,4422,1,5000
"1532",9679,4423,1,4959
"1533",9679,4424,1,4669
"1534",9679,4425,1,4331
"1535",9679,4426,1,4009
"1536",9679,4427,1,3762
"1537",9679,4428,1,3618
"1538",9679,4429,1,3439
"1539",9679,4430,1,3317
"1540",9679,4431,1,3146
"1541",9679,4432,1,2861
"1542",9679,4433,1,2619
"1543",9679,4434,1,2499
"1544",9679,4435,1,2352
"1545",9679,4436,1,2221
"1546",9679,4437,1,2163
"1547",9679,4438,1,2176
"1548",9679,4439,1,2299
"1549",9679,4440,1,2420
"1550",9679,4441,1,2340
"1551",9679,4442,1,2286
"1552",9679,4443,1,2051
"1553",9679,4444,1,1814
"1554",9679,4445,1,1555
"1555",9679,4446,1,1302
"1556",9679,4447,1,1023
"1557",9679,4448,1,759
"1558",9679,4449,1,539
"1559",9679,4450,1,379
"1560",9680,4400,1,365
"1561",9680,4401,1,516
"1562",9680,4402,1,675
"1563",9680,4403,1,813
"1564",9680,4404,1,942
"1565",9680,4405,1,1022
"1566",9680,4406,1,1064
"1567",9680,4407,1,1187
"1568",9680,4408,1,1398
"1569",9680,4409,1,1819
"1570",9680,4410,1,2310
"1571",9680,4411,1,2822
"1572",9680,4412,1,3279
"1573",9680,4413,1,3523
"1574",9680,4414,1,3627
"1575",9680,4415,1,3830
"1576",9680,4416,1,4101
"1577",9680,4417,1,4380
"1578",9680,4418,1,4744
"1579",9680,4419,1,4949
"1580",9680,4420,1,4968
"1581",9680,4421,1,5059
"1582",9680,4422,1,5112
"1583",9680,4423,1,4860
"1584",9680,4424,1,4494
"1585",9680,4425,1,4099
"1586",9680,4426,1,3767
"1587",9680,4427,1,3496
"1588",9680,4428,1,3301
"1589",9680,4429,1,3106
"1590",9680,4430,1,2966
"1591",9680,4431,1,2780
"1592",9680,4432,1,2520
"1593",9680,4433,1,2298
"1594",9680,4434,1,2172
"1595",9680,4435,1,2046
"1596",9680,4436,1,1961
"1597",9680,4437,1,2005
"1598",9680,4438,1,2123
"1599",9680,4439,1,2260
"1600",9680,4440,1,2356
"1601",9680,4441,1,2300
"1602",9680,4442,1,2178
"1603",9680,4443,1,2078
"1604",9680,4444,1,1954
"1605",9680,4445,1,1775
"1606",9680,4446,1,1514
"1607",9680,4447,1,1207
"1608",9680,4448,1,924
"1609",9680,4449,1,701
"1610",9680,4450,1,521
"1611",9680,4451,1,378
"1612",9681,4400,1,442
"1613",9681,4401,1,622
"1614",9681,4402,1,781
"1615",9681,4403,1,859
"1616",9681,4404,1,863
"1617",9681,4405,1,847
"1618",9681,4406,1,858
"1619",9681,4408,1,1410
"1620",9681,4409,1,1799
"1621",9681,4410,1,2310
"1622",9681,4411,1,2834
"1623",9681,4412,1,3320
"1624",9681,4413,1,3703
"1625",9681,4414,1,3899
"1626",9681,4415,1,4089
"1627",9681,4416,1,4331
"1628",9681,4417,1,4598
"1629",9681,4418,1,4925
"1630",9681,4419,1,5176
"1631",9681,4420,1,5182
"1632",9681,4421,1,5200
"1633",9681,4422,1,5075
"1634",9681,4423,1,4761
"1635",9681,4424,1,4368
"1636",9681,4425,1,3962
"1637",9681,4426,1,3603
"1638",9681,4427,1,3302
"1639",9681,4428,1,3063
"1640",9681,4429,1,2833
"1641",9681,4430,1,2652
"1642",9681,4431,1,2452
"1643",9681,4432,1,2250
"1644",9681,4433,1,2054
"1645",9681,4434,1,1961
"1646",9681,4435,1,1894
"1647",9681,4436,1,1914
"1648",9681,4437,1,2042
"1649",9681,4438,1,2192
"1650",9681,4439,1,2263
"1651",9681,4440,1,2233
"1652",9681,4441,1,2071
"1653",9681,4442,1,1898
"1654",9681,4443,1,1845
"1655",9681,4444,1,1784
"1656",9681,4445,1,1733
"1657",9681,4446,1,1547
"1658",9681,4447,1,1311
"1659",9681,4448,1,1108
"1660",9681,4449,1,898
"1661",9681,4450,1,698
"1662",9681,4451,1,541
"1663",9681,4452,1,423
"1664",9681,4453,1,319
"1665",9682,4399,1,327
"1666",9682,4400,1,502
"1667",9682,4401,1,721
"1668",9682,4402,1,911
"1669",9682,4403,1,956
"1670",9682,4404,1,866
"1671",9682,4405,1,780
"1672",9682,4406,1,770
"1673",9682,4407,1,888
"1674",9682,4408,1,1242
"1675",9682,4409,1,1651
"1676",9682,4410,1,2262
"1677",9682,4411,1,2814
"1678",9682,4412,1,3249
"1679",9682,4413,1,3617
"1680",9682,4414,1,3963
"1681",9682,4415,1,4295
"1682",9682,4416,1,4566
"1683",9682,4417,1,4848
"1684",9682,4418,1,5155
"1685",9682,4419,1,5344
"1686",9682,4420,1,5383
"1687",9682,4421,1,5366
"1688",9682,4422,1,5087
"1689",9682,4423,1,4714
"1690",9682,4424,1,4320
"1691",9682,4425,1,3900
"1692",9682,4426,1,3534
"1693",9682,4427,1,3217
"1694",9682,4428,1,2943
"1695",9682,4429,1,2695
"1696",9682,4430,1,2486
"1697",9682,4431,1,2289
"1698",9682,4432,1,2122
"1699",9682,4433,1,2015
"1700",9682,4434,1,1956
"1701",9682,4435,1,1964
"1702",9682,4436,1,2054
"1703",9682,4437,1,2162
"1704",9682,4438,1,2192
"1705",9682,4439,1,2131
"1706",9682,4440,1,1975
"1707",9682,4441,1,1753
"1708",9682,4442,1,1557
"1709",9682,4443,1,1492
"1710",9682,4444,1,1467
"1711",9682,4445,1,1474
"1712",9682,4446,1,1429
"1713",9682,4447,1,1402
"1714",9682,4448,1,1301
"1715",9682,4449,1,1097
"1716",9682,4450,1,887
"1717",9682,4451,1,743
"1718",9682,4452,1,601
"1719",9682,4453,1,459
"1720",9682,4454,1,336
"1721",9683,4399,1,333
"1722",9683,4400,1,503
"1723",9683,4401,1,756
"1724",9683,4402,1,956
"1725",9683,4403,1,983
"1726",9683,4404,1,833
"1727",9683,4405,1,714
"1728",9683,4406,1,687
"1729",9683,4407,1,783
"1730",9683,4408,1,1038
"1731",9683,4409,1,1294
"1732",9683,4411,1,2903
"1733",9683,4412,1,3169
"1734",9683,4413,1,3488
"1735",9683,4414,1,3844
"1736",9683,4415,1,4238
"1737",9683,4416,1,4670
"1738",9683,4417,1,5033
"1739",9683,4418,1,5341
"1740",9683,4419,1,5520
"1741",9683,4420,1,5556
"1742",9683,4421,1,5465
"1743",9683,4422,1,5166
"1744",9683,4423,1,4768
"1745",9683,4424,1,4368
"1746",9683,4425,1,3969
"1747",9683,4426,1,3595
"1748",9683,4427,1,3267
"1749",9683,4428,1,2978
"1750",9683,4429,1,2730
"1751",9683,4430,1,2535
"1752",9683,4431,1,2378
"1753",9683,4432,1,2252
"1754",9683,4433,1,2182
"1755",9683,4434,1,2168
"1756",9683,4435,1,2180
"1757",9683,4436,1,2241
"1758",9683,4437,1,2280
"1759",9683,4438,1,2091
"1760",9683,4439,1,1869
"1761",9683,4440,1,1635
"1762",9683,4441,1,1405
"1763",9683,4442,1,1213
"1764",9683,4443,1,1130
"1765",9683,4444,1,1126
"1766",9683,4445,1,1185
"1767",9683,4446,1,1301
"1768",9683,4447,1,1433
"1769",9683,4448,1,1407
"1770",9683,4449,1,1226
"1771",9683,4450,1,1083
"1772",9683,4451,1,966
"1773",9683,4452,1,797
"1774",9683,4453,1,617
"1775",9683,4454,1,464
"1776",9683,4455,1,351
"1777",9684,4399,1,310
"1778",9684,4400,1,407
"1779",9684,4404,1,718
"1780",9684,4405,1,609
"1781",9684,4406,1,586
"1782",9684,4407,1,653
"1783",9684,4408,1,815
"1784",9684,4409,1,1091
"1785",9684,4413,1,3394
"1786",9684,4414,1,3727
"1787",9684,4415,1,4190
"1788",9684,4416,1,4703
"1789",9684,4417,1,5116
"1790",9684,4418,1,5469
"1791",9684,4419,1,5655
"1792",9684,4420,1,5726
"1793",9684,4421,1,5622
"1794",9684,4422,1,5297
"1795",9684,4423,1,4914
"1796",9684,4424,1,4510
"1797",9684,4425,1,4117
"1798",9684,4426,1,3755
"1799",9684,4427,1,3451
"1800",9684,4428,1,3180
"1801",9684,4429,1,2946
"1802",9684,4430,1,2769
"1803",9684,4431,1,2631
"1804",9684,4432,1,2508
"1805",9684,4433,1,2474
"1806",9684,4434,1,2447
"1807",9684,4435,1,2396
"1808",9684,4436,1,2361
"1809",9684,4437,1,2144
"1810",9684,4438,1,1872
"1811",9684,4439,1,1572
"1812",9684,4440,1,1297
"1813",9684,4441,1,1070
"1814",9684,4442,1,896
"1815",9684,4443,1,808
"1816",9684,4444,1,822
"1817",9684,4445,1,932
"1818",9684,4446,1,1101
"1819",9684,4447,1,1254
"1820",9684,4448,1,1278
"1821",9684,4449,1,1200
"1822",9684,4450,1,1209
"1823",9684,4451,1,1143
"1824",9684,4452,1,958
"1825",9684,4453,1,767
"1826",9684,4454,1,625
"1827",9684,4455,1,491
"1828",9684,4456,1,358
"1829",9685,4405,1,477
"1830",9685,4406,1,491
"1831",9685,4407,1,541
"1832",9685,4408,1,604
"1833",9685,4412,1,2942
"1834",9685,4413,1,3238
"1835",9685,4414,1,3632
"1836",9685,4415,1,4121
"1837",9685,4416,1,4635
"1838",9685,4417,1,5085
"1839",9685,4418,1,5521
"1840",9685,4419,1,5772
"1841",9685,4420,1,5848
"1842",9685,4421,1,5716
"1843",9685,4422,1,5386
"1844",9685,4423,1,4985
"1845",9685,4424,1,4589
"1846",9685,4425,1,4254
"1847",9685,4426,1,3963
"1848",9685,4427,1,3713
"1849",9685,4428,1,3478
"1850",9685,4429,1,3262
"1851",9685,4430,1,3106
"1852",9685,4431,1,2977
"1853",9685,4432,1,2807
"1854",9685,4433,1,2713
"1855",9685,4434,1,2575
"1856",9685,4435,1,2376
"1857",9685,4436,1,2159
"1858",9685,4437,1,1894
"1859",9685,4438,1,1577
"1860",9685,4439,1,1271
"1861",9685,4440,1,998
"1862",9685,4441,1,783
"1863",9685,4442,1,634
"1864",9685,4443,1,556
"1865",9685,4444,1,587
"1866",9685,4445,1,700
"1867",9685,4446,1,850
"1868",9685,4447,1,977
"1869",9685,4448,1,1035
"1870",9685,4449,1,1076
"1871",9685,4450,1,1165
"1872",9685,4451,1,1150
"1873",9685,4452,1,1019
"1874",9685,4453,1,908
"1875",9685,4454,1,801
"1876",9685,4455,1,640
"1877",9685,4456,1,464
"1878",9685,4457,1,311
"1879",9686,4404,1,341
"1880",9686,4405,1,395
"1881",9686,4406,1,445
"1882",9686,4407,1,500
"1883",9686,4408,1,536
"1884",9686,4412,1,2930
"1885",9686,4413,1,3205
"1886",9686,4414,1,3609
"1887",9686,4415,1,4092
"1888",9686,4416,1,4596
"1889",9686,4417,1,5074
"1890",9686,4418,1,5468
"1891",9686,4419,1,5792
"1892",9686,4420,1,5891
"1893",9686,4421,1,5722
"1894",9686,4422,1,5313
"1895",9686,4423,1,4791
"1896",9686,4424,1,4450
"1897",9686,4425,1,4295
"1898",9686,4426,1,4148
"1899",9686,4427,1,3983
"1900",9686,4428,1,3788
"1901",9686,4429,1,3570
"1902",9686,4430,1,3418
"1903",9686,4431,1,3249
"1904",9686,4432,1,2982
"1905",9686,4433,1,2763
"1906",9686,4434,1,2457
"1907",9686,4435,1,2136
"1908",9686,4436,1,1834
"1909",9686,4437,1,1558
"1910",9686,4438,1,1268
"1911",9686,4439,1,986
"1912",9686,4440,1,746
"1913",9686,4441,1,560
"1914",9686,4442,1,435
"1915",9686,4443,1,376
"1916",9686,4444,1,406
"1917",9686,4445,1,494
"1918",9686,4446,1,604
"1919",9686,4447,1,698
"1920",9686,4448,1,760
"1921",9686,4449,1,855
"1922",9686,4450,1,954
"1923",9686,4451,1,985
"1924",9686,4452,1,971
"1925",9686,4453,1,1000
"1926",9686,4454,1,937
"1927",9686,4455,1,747
"1928",9686,4456,1,537
"1929",9686,4457,1,361
"1930",9687,4404,1,332
"1931",9687,4405,1,379
"1932",9687,4406,1,449
"1933",9687,4407,1,507
"1934",9687,4408,1,517
"1935",9687,4411,1,2594
"1936",9687,4412,1,2846
"1937",9687,4413,1,3176
"1938",9687,4414,1,3572
"1939",9687,4415,1,4019
"1940",9687,4416,1,4488
"1941",9687,4417,1,4960
"1942",9687,4418,1,5375
"1943",9687,4419,1,5714
"1944",9687,4420,1,5829
"1945",9687,4421,1,5602
"1946",9687,4422,1,4976
"1947",9687,4423,1,4138
"1948",9687,4424,1,3853
"1949",9687,4425,1,4130
"1950",9687,4426,1,4237
"1951",9687,4427,1,4161
"1952",9687,4428,1,3990
"1953",9687,4429,1,3751
"1954",9687,4430,1,3496
"1955",9687,4431,1,3191
"1956",9687,4432,1,2874
"1957",9687,4433,1,2581
"1958",9687,4434,1,2217
"1959",9687,4435,1,1836
"1960",9687,4436,1,1498
"1961",9687,4437,1,1216
"1962",9687,4438,1,966
"1963",9687,4439,1,736
"1964",9687,4440,1,540
"1965",9687,4441,1,391
"1966",9687,4445,1,328
"1967",9687,4446,1,400
"1968",9687,4447,1,467
"1969",9687,4448,1,531
"1970",9687,4449,1,621
"1971",9687,4450,1,709
"1972",9687,4451,1,769
"1973",9687,4452,1,857
"1974",9687,4453,1,951
"1975",9687,4454,1,919
"1976",9687,4455,1,745
"1977",9687,4456,1,547
"1978",9687,4457,1,382
"1979",9688,4404,1,338
"1980",9688,4405,1,389
"1981",9688,4406,1,472
"1982",9688,4407,1,529
"1983",9688,4408,1,581
"1984",9688,4410,1,2229
"1985",9688,4411,1,2499
"1986",9688,4412,1,2797
"1987",9688,4413,1,3137
"1988",9688,4414,1,3516
"1989",9688,4415,1,3928
"1990",9688,4416,1,4369
"1991",9688,4417,1,4817
"1992",9688,4418,1,5227
"1993",9688,4419,1,5559
"1994",9688,4420,1,5673
"1995",9688,4421,1,5397
"1996",9688,4422,1,4513
"1997",9688,4423,1,3827
"1998",9688,4424,1,3620
"1999",9688,4425,1,4014
"2000",9688,4426,1,4218
"2001",9688,4427,1,4163
"2002",9688,4428,1,3969
"2003",9688,4429,1,3712
"2004",9688,4430,1,3358
"2005",9688,4431,1,2993
"2006",9688,4432,1,2618
"2007",9688,4433,1,2279
"2008",9688,4434,1,1911
"2009",9688,4435,1,1533
"2010",9688,4436,1,1187
"2011",9688,4437,1,916
"2012",9688,4438,1,703
"2013",9688,4439,1,526
"2014",9688,4440,1,379
"2015",9688,4448,1,349
"2016",9688,4449,1,420
"2017",9688,4450,1,493
"2018",9688,4451,1,571
"2019",9688,4452,1,675
"2020",9688,4453,1,760
"2021",9688,4454,1,748
"2022",9688,4455,1,637
"2023",9688,4456,1,499
"2024",9688,4457,1,387
"2025",9688,4458,1,325
"2026",9689,4404,1,344
"2027",9689,4405,1,387
"2028",9689,4406,1,481
"2029",9689,4407,1,601
"2030",9689,4408,1,724
"2031",9689,4411,1,2501
"2032",9689,4412,1,2749
"2033",9689,4413,1,3068
"2034",9689,4414,1,3419
"2035",9689,4415,1,3808
"2036",9689,4416,1,4225
"2037",9689,4417,1,4641
"2038",9689,4418,1,5028
"2039",9689,4419,1,5334
"2040",9689,4420,1,5460
"2041",9689,4421,1,5294
"2042",9689,4422,1,4716
"2043",9689,4423,1,3929
"2044",9689,4424,1,3684
"2045",9689,4425,1,4028
"2046",9689,4426,1,4180
"2047",9689,4427,1,4034
"2048",9689,4428,1,3781
"2049",9689,4429,1,3491
"2050",9689,4430,1,3122
"2051",9689,4431,1,2713
"2052",9689,4432,1,2307
"2053",9689,4433,1,1945
"2054",9689,4434,1,1590
"2055",9689,4435,1,1245
"2056",9689,4436,1,934
"2057",9689,4437,1,680
"2058",9689,4438,1,499
"2059",9689,4439,1,363
"2060",9689,4450,1,323
"2061",9689,4451,1,398
"2062",9689,4452,1,483
"2063",9689,4453,1,545
"2064",9689,4454,1,549
"2065",9689,4455,1,499
"2066",9689,4456,1,441
"2067",9689,4457,1,423
"2068",9689,4458,1,424
"2069",9689,4459,1,397
"2070",9689,4460,1,331
"2071",9690,4405,1,420
"2072",9690,4406,1,518
"2073",9690,4407,1,699
"2074",9690,4408,1,1028
"2075",9690,4409,1,1417
"2076",9690,4410,1,1783
"2077",9690,4411,1,2240
"2078",9690,4412,1,2577
"2079",9690,4413,1,2903
"2080",9690,4414,1,3257
"2081",9690,4415,1,3662
"2082",9690,4416,1,4059
"2083",9690,4417,1,4428
"2084",9690,4418,1,4758
"2085",9690,4419,1,5024
"2086",9690,4420,1,5164
"2087",9690,4421,1,5108
"2088",9690,4422,1,4820
"2089",9690,4423,1,4366
"2090",9690,4424,1,4078
"2091",9690,4425,1,4053
"2092",9690,4426,1,3993
"2093",9690,4427,1,3791
"2094",9690,4428,1,3496
"2095",9690,4429,1,3181
"2096",9690,4430,1,2816
"2097",9690,4431,1,2412
"2098",9690,4432,1,1999
"2099",9690,4433,1,1630
"2100",9690,4434,1,1296
"2101",9690,4435,1,991
"2102",9690,4436,1,725
"2103",9690,4437,1,511
"2104",9690,4438,1,354
"2105",9690,4452,1,320
"2106",9690,4453,1,365
"2107",9690,4454,1,384
"2108",9690,4455,1,388
"2109",9690,4456,1,424
"2110",9690,4457,1,494
"2111",9690,4458,1,556
"2112",9690,4459,1,543
"2113",9690,4460,1,447
"2114",9690,4461,1,325
"2115",9691,4408,1,1168
"2116",9691,4409,1,1426
"2117",9691,4410,1,1714
"2118",9691,4411,1,2025
"2119",9691,4412,1,2315
"2120",9691,4413,1,2625
"2121",9691,4414,1,2996
"2122",9691,4415,1,3471
"2123",9691,4416,1,3865
"2124",9691,4417,1,4190
"2125",9691,4418,1,4467
"2126",9691,4419,1,4697
"2127",9691,4420,1,4842
"2128",9691,4421,1,4842
"2129",9691,4422,1,4688
"2130",9691,4423,1,4353
"2131",9691,4424,1,4027
"2132",9691,4425,1,3828
"2133",9691,4426,1,3660
"2134",9691,4427,1,3446
"2135",9691,4428,1,3169
"2136",9691,4429,1,2847
"2137",9691,4430,1,2500
"2138",9691,4431,1,2121
"2139",9691,4432,1,1727
"2140",9691,4433,1,1366
"2141",9691,4434,1,1054
"2142",9691,4435,1,786
"2143",9691,4436,1,564
"2144",9691,4437,1,388
"2145",9691,4455,1,327
"2146",9691,4456,1,426
"2147",9691,4457,1,557
"2148",9691,4458,1,672
"2149",9691,4459,1,666
"2150",9691,4460,1,535
"2151",9691,4461,1,379
"2152",9692,4408,1,1201
"2153",9692,4409,1,1357
"2154",9692,4410,1,1654
"2155",9692,4411,1,1885
"2156",9692,4412,1,2115
"2157",9692,4413,1,2391
"2158",9692,4414,1,2696
"2159",9692,4415,1,3283
"2160",9692,4416,1,3671
"2161",9692,4417,1,3944
"2162",9692,4418,1,4168
"2163",9692,4419,1,4361
"2164",9692,4420,1,4495
"2165",9692,4421,1,4493
"2166",9692,4422,1,4352
"2167",9692,4423,1,4084
"2168",9692,4424,1,3761
"2169",9692,4425,1,3484
"2170",9692,4426,1,3265
"2171",9692,4427,1,3048
"2172",9692,4428,1,2796
"2173",9692,4429,1,2503
"2174",9692,4430,1,2193
"2175",9692,4431,1,1856
"2176",9692,4432,1,1502
"2177",9692,4433,1,1161
"2178",9692,4434,1,874
"2179",9692,4435,1,638
"2180",9692,4436,1,451
"2181",9692,4437,1,306
"2182",9692,4456,1,403
"2183",9692,4457,1,546
"2184",9692,4458,1,667
"2185",9692,4459,1,664
"2186",9692,4460,1,534
"2187",9692,4461,1,379
"2188",9693,4411,1,1756
"2189",9693,4412,1,1899
"2190",9693,4413,1,2137
"2191",9693,4414,1,2505
"2192",9693,4415,1,3147
"2193",9693,4416,1,3526
"2194",9693,4417,1,3738
"2195",9693,4418,1,3899
"2196",9693,4419,1,4032
"2197",9693,4420,1,4116
"2198",9693,4421,1,4094
"2199",9693,4422,1,3952
"2200",9693,4423,1,3727
"2201",9693,4424,1,3427
"2202",9693,4425,1,3126
"2203",9693,4426,1,2875
"2204",9693,4427,1,2646
"2205",9693,4428,1,2409
"2206",9693,4429,1,2160
"2207",9693,4430,1,1888
"2208",9693,4431,1,1603
"2209",9693,4432,1,1299
"2210",9693,4433,1,999
"2211",9693,4434,1,743
"2212",9693,4435,1,536
"2213",9693,4436,1,375
"2214",9693,4456,1,350
"2215",9693,4457,1,457
"2216",9693,4458,1,539
"2217",9693,4459,1,535
"2218",9693,4460,1,445
"2219",9693,4461,1,324
"2220",9694,4417,1,3650
"2221",9694,4418,1,3725
"2222",9694,4419,1,3759
"2223",9694,4420,1,3781
"2224",9694,4421,1,3728
"2225",9694,4422,1,3608
"2226",9694,4423,1,3406
"2227",9694,4424,1,3124
"2228",9694,4425,1,2829
"2229",9694,4426,1,2552
"2230",9694,4427,1,2292
"2231",9694,4428,1,2023
"2232",9694,4429,1,1797
"2233",9694,4430,1,1577
"2234",9694,4431,1,1352
"2235",9694,4432,1,1104
"2236",9694,4433,1,857
"2237",9694,4434,1,634
"2238",9694,4435,1,456
"2239",9694,4436,1,315
"2240",9694,4457,1,346
"2241",9694,4458,1,387
"2242",9694,4459,1,381
"2243",9694,4460,1,325
"2244",9695,4419,1,3587
"2245",9695,4420,1,3566
"2246",9695,4421,1,3455
"2247",9695,4422,1,3387
"2248",9695,4423,1,3198
"2249",9695,4424,1,2891
"2250",9695,4425,1,2630
"2251",9695,4426,1,2369
"2252",9695,4427,1,2053
"2253",9695,4428,1,1651
"2254",9695,4429,1,1440
"2255",9695,4430,1,1278
"2256",9695,4431,1,1116
"2257",9695,4432,1,914
"2258",9695,4433,1,712
"2259",9695,4434,1,523
"2260",9695,4435,1,373
"2261",9696,4421,1,3259
"2262",9696,4424,1,2679
"2263",9696,4425,1,2535
"2264",9696,4426,1,2388
"2265",9696,4428,1,1196
"2266",9696,4429,1,1100
"2267",9696,4430,1,1012
"2268",9696,4431,1,939
"2269",9696,4432,1,728
"2270",9696,4433,1,562
"2271",9696,4434,1,389
"2272",9697,4428,1,957
"2273",9697,4429,1,854
"2274",9697,4430,1,804
"2275",9697,4432,1,506
"2276",9697,4433,1,418
"2277",9698,4429,1,688
"2278",9698,4430,1,670
