xv,yv,rho
490,148,148
491,148,145
492,148,139
493,148,127
494,148,136
495,148,230
496,148,269
497,148,363
498,148,374
499,148,333
500,148,298
501,148,262
502,148,204
503,148,212
504,148,224
505,148,224
506,148,214
507,148,206
508,148,206
509,148,185
510,148,145
511,148,182
512,148,235
513,148,370
514,148,370
515,148,370
516,148,370
517,148,370
518,148,370
519,148,300
520,148,269
521,148,269
522,148,196
523,148,84
524,148,39
525,148,39
526,148,39
527,148,39
528,148,66
529,148,193
530,148,222
531,148,214
532,148,193
533,148,219
534,148,219
535,148,217
536,148,214
537,148,169
538,148,169
539,148,201
540,148,232
541,148,224
542,148,242
543,148,255
544,148,262
545,148,264
546,148,250
547,148,232
548,148,227
549,148,222
550,148,222
551,148,222
552,148,284
553,148,242
554,148,462
555,148,492
556,148,492
557,148,492
558,148,492
559,148,480
560,148,296
561,148,293
562,148,293
563,148,293
564,148,303
565,148,460
566,148,464
567,148,462
568,148,349
569,148,342
570,148,340
571,148,305
572,148,279
573,148,281
490,149,230
491,149,204
492,149,190
493,149,184
494,149,199
495,149,251
496,149,316
497,149,419
498,149,522
499,149,579
500,149,534
501,149,417
502,149,304
503,149,251
504,149,236
505,149,229
506,149,221
507,149,214
508,149,207
509,149,194
510,149,186
511,149,207
512,149,250
513,149,312
514,149,337
515,149,348
516,149,352
517,149,348
518,149,335
519,149,300
520,149,274
521,149,261
522,149,250
523,149,263
524,149,307
525,149,328
526,149,299
527,149,245
528,149,205
529,149,211
530,149,216
531,149,215
532,149,210
533,149,216
534,149,216
535,149,211
536,149,204
537,149,192
538,149,197
539,149,214
540,149,229
541,149,235
542,149,247
543,149,260
544,149,268
545,149,267
546,149,257
547,149,247
548,149,245
549,149,250
550,149,267
551,149,296
552,149,337
553,149,359
554,149,423
555,149,439
556,149,435
557,149,431
558,149,423
559,149,394
560,149,326
561,149,305
562,149,303
563,149,316
564,149,345
565,149,403
566,149,414
567,149,400
568,149,359
569,149,343
570,149,334
571,149,323
572,149,320
573,149,338
490,150,284
491,150,248
492,150,231
493,150,224
494,150,232
495,150,263
496,150,319
497,150,411
498,150,523
499,150,596
500,150,555
501,150,433
502,150,320
503,150,263
504,150,245
505,150,236
506,150,228
507,150,220
508,150,212
509,150,203
510,150,200
511,150,215
512,150,245
513,150,283
514,150,309
515,150,324
516,150,328
517,150,324
518,150,310
519,150,288
520,150,267
521,150,260
522,150,279
523,150,343
524,150,426
525,150,454
526,150,407
527,150,325
528,150,255
529,150,225
530,150,218
531,150,216
532,150,215
533,150,216
534,150,214
535,150,209
536,150,203
537,150,202
538,150,211
539,150,223
540,150,232
541,150,238
542,150,249
543,150,263
544,150,272
545,150,271
546,150,262
547,150,255
548,150,257
549,150,271
550,150,300
551,150,344
552,150,387
553,150,410
554,150,423
555,150,411
556,150,391
557,150,380
558,150,370
559,150,348
560,150,316
561,150,302
562,150,305
563,150,322
564,150,351
565,150,380
566,150,385
567,150,371
568,150,352
569,150,342
570,150,337
571,150,339
572,150,347
573,150,347
490,151,284
491,151,265
492,151,252
493,151,245
494,151,246
495,151,262
496,151,298
497,151,359
498,151,434
499,151,480
500,151,451
501,151,369
502,151,296
503,151,261
504,151,250
505,151,242
506,151,233
507,151,225
508,151,216
509,151,207
510,151,205
511,151,215
512,151,236
513,151,262
514,151,283
515,151,295
516,151,299
517,151,295
518,151,284
519,151,267
520,151,252
521,151,247
522,151,268
523,151,329
524,151,401
525,151,417
526,151,369
527,151,299
528,151,244
529,151,221
530,151,216
531,151,215
532,151,214
533,151,214
534,151,212
535,151,207
536,151,204
537,151,207
538,151,217
539,151,226
540,151,230
541,151,235
542,151,245
543,151,261
544,151,272
545,151,272
546,151,263
547,151,258
548,151,264
549,151,283
550,151,321
551,151,374
552,151,418
553,151,436
554,151,426
555,151,393
556,151,359
557,151,340
558,151,328
559,151,313
560,151,297
561,151,292
562,151,299
563,151,317
564,151,342
565,151,363
566,151,370
567,151,365
568,151,356
569,151,350
570,151,349
571,151,363
572,151,395
573,151,432
490,152,284
491,152,266
492,152,253
493,152,246
494,152,245
495,152,253
496,152,274
497,152,308
498,152,346
499,152,367
500,152,349
501,152,308
502,152,274
503,152,260
504,152,255
505,152,247
506,152,237
507,152,229
508,152,219
509,152,210
510,152,207
511,152,213
512,152,229
513,152,248
514,152,263
515,152,273
516,152,277
517,152,273
518,152,262
519,152,247
520,152,232
521,152,225
522,152,235
523,152,269
524,152,307
525,152,312
526,152,282
527,152,246
528,152,223
529,152,216
530,152,214
531,152,211
532,152,210
533,152,210
534,152,209
535,152,206
536,152,204
537,152,209
538,152,218
539,152,223
540,152,224
541,152,226
542,152,238
543,152,256
544,152,269
545,152,270
546,152,262
547,152,259
548,152,267
549,152,289
550,152,331
551,152,388
552,152,433
553,152,445
554,152,424
555,152,382
556,152,341
557,152,316
558,152,303
559,152,292
560,152,284
561,152,283
562,152,290
563,152,305
564,152,325
565,152,347
566,152,366
567,152,378
568,152,379
569,152,372
570,152,371
571,152,398
572,152,458
573,152,501
490,153,284
491,153,254
492,153,237
493,153,231
494,153,232
495,153,238
496,153,251
497,153,269
498,153,287
499,153,294
500,153,287
501,153,272
502,153,263
503,153,260
504,153,258
505,153,252
506,153,242
507,153,232
508,153,222
509,153,212
510,153,209
511,153,214
512,153,227
513,153,242
514,153,255
515,153,266
516,153,272
517,153,270
518,153,256
519,153,236
520,153,218
521,153,207
522,153,205
523,153,213
524,153,224
525,153,226
526,153,220
527,153,216
528,153,216
529,153,217
530,153,211
531,153,204
532,153,202
533,153,203
534,153,204
535,153,203
536,153,203
537,153,207
538,153,213
539,153,215
540,153,212
541,153,213
542,153,226
543,153,249
544,153,265
545,153,267
546,153,260
547,153,258
548,153,267
549,153,290
550,153,334
551,153,392
552,153,435
553,153,444
554,153,418
555,153,372
556,153,331
557,153,308
558,153,297
559,153,288
560,153,280
561,153,278
562,153,282
563,153,292
564,153,309
565,153,336
566,153,370
567,153,401
568,153,411
569,153,401
570,153,400
571,153,450
572,153,572
573,153,681
490,154,281
491,154,229
492,154,212
493,154,209
494,154,213
495,154,223
496,154,234
497,154,245
498,154,253
499,154,257
500,154,256
501,154,255
502,154,257
503,154,260
504,154,259
505,154,254
506,154,245
507,154,234
508,154,223
509,154,214
510,154,211
511,154,217
512,154,228
513,154,242
514,154,257
515,154,273
516,154,285
517,154,285
518,154,268
519,154,242
520,154,219
521,154,203
522,154,192
523,154,186
524,154,182
525,154,186
526,154,196
527,154,209
528,154,218
529,154,217
530,154,207
531,154,197
532,154,194
533,154,197
534,154,199
535,154,198
536,154,197
537,154,198
538,154,202
539,154,200
540,154,195
541,154,197
542,154,214
543,154,239
544,154,257
545,154,261
546,154,257
547,154,256
548,154,266
549,154,288
550,154,330
551,154,387
552,154,428
553,154,434
554,154,406
555,154,361
556,154,325
557,154,307
558,154,299
559,154,291
560,154,282
561,154,277
562,154,276
563,154,282
564,154,299
565,154,332
566,154,381
567,154,425
568,154,438
569,154,424
570,154,423
571,154,505
572,154,758
573,154,1329
490,155,142
491,155,173
492,155,184
493,155,191
494,155,202
495,155,214
496,155,225
497,155,233
498,155,238
499,155,240
500,155,243
501,155,247
502,155,252
503,155,256
504,155,256
505,155,251
506,155,243
507,155,233
508,155,224
509,155,218
510,155,216
511,155,221
512,155,231
513,155,245
514,155,263
515,155,286
516,155,303
517,155,304
518,155,286
519,155,261
520,155,238
521,155,219
522,155,202
523,155,186
524,155,176
525,155,179
526,155,194
527,155,210
528,155,218
529,155,215
530,155,202
531,155,192
532,155,191
533,155,194
534,155,196
535,155,193
536,155,187
537,155,184
538,155,184
539,155,182
540,155,179
541,155,184
542,155,201
543,155,226
544,155,245
545,155,252
546,155,252
547,155,254
548,155,262
549,155,281
550,155,318
551,155,369
552,155,406
553,155,412
554,155,385
555,155,346
556,155,316
557,155,304
558,155,300
559,155,294
560,155,285
561,155,276
562,155,271
563,155,274
564,155,292
565,155,331
566,155,388
567,155,438
568,155,450
569,155,429
570,155,418
571,155,479
572,155,695
573,155,1207
490,156,100
491,156,143
492,156,169
493,156,187
494,156,202
495,156,215
496,156,224
497,156,229
498,156,232
499,156,234
500,156,237
501,156,241
502,156,245
503,156,247
504,156,246
505,156,241
506,156,235
507,156,229
508,156,226
509,156,224
510,156,223
511,156,226
512,156,234
513,156,248
514,156,269
515,156,295
516,156,313
517,156,314
518,156,301
519,156,287
520,156,275
521,156,258
522,156,234
523,156,207
524,156,190
525,156,188
526,156,198
527,156,209
528,156,214
529,156,209
530,156,198
531,156,190
532,156,191
533,156,196
534,156,198
535,156,192
536,156,180
537,156,170
538,156,166
539,156,164
540,156,165
541,156,172
542,156,189
543,156,210
544,156,228
545,156,239
546,156,245
547,156,251
548,156,257
549,156,270
550,156,298
551,156,338
552,156,370
553,156,375
554,156,354
555,156,323
556,156,303
557,156,297
558,156,297
559,156,293
560,156,284
561,156,274
562,156,267
563,156,268
564,156,284
565,156,323
566,156,379
567,156,427
568,156,438
569,156,414
570,156,385
571,156,383
572,156,406
573,156,291
490,157,53
491,157,125
492,157,168
493,157,193
494,157,210
495,157,222
496,157,228
497,157,230
498,157,231
499,157,232
500,157,233
501,157,235
502,157,236
503,157,235
504,157,231
505,157,227
506,157,224
507,157,224
508,157,227
509,157,230
510,157,231
511,157,232
512,157,235
513,157,248
514,157,270
515,157,297
516,157,313
517,157,314
518,157,313
519,157,320
520,157,327
521,157,315
522,157,282
523,157,242
524,157,212
525,157,201
526,157,203
527,157,207
528,157,209
529,157,205
530,157,197
531,157,192
532,157,194
533,157,201
534,157,205
535,157,198
536,157,181
537,157,163
538,157,154
539,157,152
540,157,156
541,157,165
542,157,178
543,157,194
544,157,211
545,157,226
546,157,239
547,157,247
548,157,251
549,157,257
550,157,274
551,157,301
552,157,323
553,157,328
554,157,314
555,157,294
556,157,284
557,157,284
558,157,286
559,157,285
560,157,279
561,157,270
562,157,263
563,157,261
564,157,272
565,157,302
566,157,347
567,157,386
568,157,397
569,157,380
570,157,351
571,157,326
572,157,307
573,157,252
490,158,39
491,158,127
492,158,177
493,158,204
494,158,221
495,158,230
496,158,232
497,158,231
498,158,231
499,158,232
500,158,233
501,158,234
502,158,232
503,158,227
504,158,221
505,158,217
506,158,216
507,158,220
508,158,229
509,158,235
510,158,237
511,158,235
512,158,236
513,158,245
514,158,265
515,158,289
516,158,303
517,158,310
518,158,326
519,158,355
520,158,379
521,158,373
522,158,334
523,158,280
524,158,237
525,158,215
526,158,209
527,158,210
528,158,213
529,158,213
530,158,207
531,158,201
532,158,201
533,158,209
534,158,217
535,158,213
536,158,192
537,158,166
538,158,151
539,158,149
540,158,154
541,158,163
542,158,174
543,158,187
544,158,201
545,158,218
546,158,234
547,158,243
548,158,245
549,158,246
550,158,253
551,158,267
552,158,280
553,158,283
554,158,275
555,158,266
556,158,264
557,158,269
558,158,273
559,158,272
560,158,268
561,158,262
562,158,257
563,158,253
564,158,258
565,158,276
566,158,304
567,158,330
568,158,342
569,158,338
570,158,321
571,158,298
572,158,280
573,158,262
490,159,60
491,159,147
492,159,194
493,159,217
494,159,229
495,159,233
496,159,233
497,159,231
498,159,231
499,159,233
500,159,237
501,159,241
502,159,240
503,159,234
504,159,227
505,159,221
506,159,221
507,159,226
508,159,236
509,159,242
510,159,244
511,159,242
512,159,243
513,159,250
514,159,266
515,159,283
516,159,294
517,159,308
518,159,341
519,159,387
520,159,419
521,159,416
522,159,374
523,159,314
524,159,263
525,159,234
526,159,224
527,159,227
528,159,236
529,159,240
530,159,234
531,159,224
532,159,218
533,159,224
534,159,237
535,159,238
536,159,213
537,159,179
538,159,158
539,159,153
540,159,160
541,159,170
542,159,181
543,159,190
544,159,200
545,159,215
546,159,230
547,159,239
548,159,239
549,159,236
550,159,237
551,159,242
552,159,248
553,159,250
554,159,246
555,159,244
556,159,247
557,159,253
558,159,257
559,159,256
560,159,253
561,159,249
562,159,246
563,159,244
564,159,245
565,159,254
566,159,268
567,159,284
568,159,296
569,159,302
570,159,297
571,159,282
572,159,267
573,159,257
490,160,133
491,160,190
492,160,219
493,160,231
494,160,235
495,160,234
496,160,230
497,160,229
498,160,230
499,160,236
500,160,246
501,160,258
502,160,263
503,160,260
504,160,252
505,160,246
506,160,244
507,160,246
508,160,251
509,160,254
510,160,255
511,160,257
512,160,265
513,160,279
514,160,295
515,160,302
516,160,302
517,160,315
518,160,355
519,160,408
520,160,442
521,160,438
522,160,396
523,160,337
524,160,290
525,160,264
526,160,256
527,160,261
528,160,275
529,160,284
530,160,281
531,160,268
532,160,255
533,160,255
534,160,270
535,160,275
536,160,245
537,160,201
538,160,173
539,160,167
540,160,174
541,160,186
542,160,197
543,160,203
544,160,207
545,160,215
546,160,227
547,160,234
548,160,233
549,160,227
550,160,224
551,160,224
552,160,228
553,160,230
554,160,229
555,160,229
556,160,232
557,160,236
558,160,237
559,160,235
560,160,232
561,160,231
562,160,232
563,160,233
564,160,234
565,160,239
566,160,247
567,160,257
568,160,267
569,160,275
570,160,275
571,160,265
572,160,255
573,160,259
490,161,264
491,161,248
492,161,249
493,161,248
494,161,243
495,161,235
496,161,229
497,161,227
498,161,231
499,161,241
500,161,259
501,161,279
502,161,292
503,161,294
504,161,289
505,161,283
506,161,280
507,161,278
508,161,274
509,161,270
510,161,270
511,161,280
512,161,303
513,161,335
514,161,362
515,161,364
516,161,343
517,161,335
518,161,364
519,161,413
520,161,443
521,161,436
522,161,397
523,161,348
524,161,317
525,161,305
526,161,303
527,161,307
528,161,318
529,161,331
530,161,341
531,161,340
532,161,325
533,161,315
534,161,319
535,161,315
536,161,275
537,161,223
538,161,192
539,161,186
540,161,196
541,161,210
542,161,220
543,161,224
544,161,222
545,161,222
546,161,228
547,161,231
548,161,228
549,161,221
550,161,214
551,161,212
552,161,216
553,161,222
554,161,225
555,161,223
556,161,221
557,161,220
558,161,218
559,161,215
560,161,213
561,161,214
562,161,217
563,161,220
564,161,224
565,161,228
566,161,234
567,161,242
568,161,249
569,161,255
570,161,254
571,161,246
572,161,230
573,161,196
490,162,296
491,162,277
492,162,270
493,162,264
494,162,253
495,162,240
496,162,231
497,162,230
498,162,238
499,162,253
500,162,276
501,162,300
502,162,318
503,162,324
504,162,323
505,162,322
506,162,322
507,162,316
508,162,303
509,162,290
510,162,288
511,162,306
512,162,346
513,162,399
514,162,445
515,162,450
516,162,409
517,162,368
518,162,370
519,162,404
520,162,427
521,162,417
522,162,381
523,162,350
524,162,343
525,162,349
526,162,353
527,162,351
528,162,354
529,162,373
530,162,406
531,162,431
532,162,424
533,162,400
534,162,377
535,162,344
536,162,288
537,162,234
538,162,206
539,162,207
540,162,221
541,162,239
542,162,251
543,162,253
544,162,246
545,162,238
546,162,235
547,162,233
548,162,226
549,162,216
550,162,206
551,162,204
552,162,212
553,162,225
554,162,231
555,162,227
556,162,219
557,162,211
558,162,207
559,162,203
560,162,202
561,162,202
562,162,206
563,162,210
564,162,214
565,162,218
566,162,225
567,162,232
568,162,238
569,162,242
570,162,244
571,162,244
572,162,235
573,162,180
490,163,296
491,163,281
492,163,278
493,163,273
494,163,261
495,163,247
496,163,239
497,163,242
498,163,255
499,163,274
500,163,297
501,163,320
502,163,336
503,163,343
504,163,347
505,163,352
506,163,356
507,163,350
508,163,330
509,163,309
510,163,303
511,163,323
512,163,373
513,163,444
514,163,509
515,163,525
516,163,477
517,163,411
518,163,385
519,163,396
520,163,404
521,163,389
522,163,361
523,163,349
524,163,363
525,163,382
526,163,390
527,163,384
528,163,381
529,163,409
530,163,468
531,163,523
532,163,533
533,163,500
534,163,443
535,163,373
536,163,295
537,163,239
538,163,219
539,163,227
540,163,249
541,163,273
542,163,287
543,163,286
544,163,274
545,163,259
546,163,247
547,163,238
548,163,227
549,163,213
550,163,200
551,163,199
552,163,212
553,163,232
554,163,242
555,163,237
556,163,224
557,163,212
558,163,205
559,163,201
560,163,198
561,163,197
562,163,200
563,163,204
564,163,208
565,163,211
566,163,215
567,163,222
568,163,230
569,163,239
570,163,257
571,163,288
572,163,314
573,163,255
490,164,257
491,164,266
492,164,274
493,164,275
494,164,267
495,164,256
496,164,254
497,164,264
498,164,283
499,164,303
500,164,322
501,164,337
502,164,347
503,164,353
504,164,358
505,164,366
506,164,375
507,164,372
508,164,351
509,164,325
510,164,313
511,164,331
512,164,384
513,164,465
514,164,545
515,164,578
516,164,538
517,164,469
518,164,428
519,164,412
520,164,397
521,164,371
522,164,350
523,164,353
524,164,378
525,164,403
526,164,415
527,164,411
528,164,411
529,164,449
530,164,525
531,164,600
532,164,627
533,164,598
534,164,524
535,164,424
536,164,323
537,164,257
538,164,238
539,164,253
540,164,284
541,164,316
542,164,330
543,164,321
544,164,299
545,164,276
546,164,258
547,164,245
548,164,234
549,164,218
550,164,203
551,164,202
552,164,218
553,164,241
554,164,253
555,164,248
556,164,233
557,164,219
558,164,209
559,164,203
560,164,199
561,164,197
562,164,198
563,164,202
564,164,204
565,164,205
566,164,208
567,164,213
568,164,225
569,164,249
570,164,300
571,164,394
572,164,519
573,164,619
490,165,206
491,165,246
492,165,268
493,165,277
494,165,275
495,165,272
496,165,278
497,165,297
498,165,318
499,165,335
500,165,345
501,165,350
502,165,353
503,165,356
504,165,361
505,165,369
506,165,380
507,165,383
508,165,368
509,165,342
510,165,326
511,165,339
512,165,390
513,165,475
514,165,566
515,165,615
516,165,596
517,165,547
518,165,508
519,165,472
520,165,430
521,165,387
522,165,364
523,165,371
524,165,396
525,165,422
526,165,441
527,165,450
528,165,461
529,165,506
530,165,584
531,165,662
532,165,696
533,165,674
534,165,600
535,165,487
536,165,369
537,165,291
538,165,268
539,165,286
540,165,327
541,165,366
542,165,379
543,165,358
544,165,322
545,165,289
546,165,268
547,165,257
548,165,250
549,165,238
550,165,225
551,165,222
552,165,234
553,165,252
554,165,260
555,165,254
556,165,240
557,165,225
558,165,214
559,165,206
560,165,202
561,165,199
562,165,201
563,165,204
564,165,205
565,165,204
566,165,204
567,165,209
568,165,226
569,165,268
570,165,361
571,165,528
572,165,783
573,165,1211
490,166,206
491,166,241
492,166,267
493,166,281
494,166,287
495,166,292
496,166,308
497,166,331
498,166,351
499,166,362
500,166,362
501,166,359
502,166,356
503,166,358
504,166,362
505,166,368
506,166,378
507,166,388
508,166,384
509,166,367
510,166,351
511,166,358
512,166,404
513,166,486
514,166,578
515,166,639
516,166,649
517,166,632
518,166,612
519,166,574
520,166,515
521,166,454
522,166,416
523,166,409
524,166,424
525,166,451
526,166,486
527,166,518
528,166,547
529,166,593
530,166,660
531,166,723
532,166,751
533,166,728
534,166,651
535,166,534
536,166,411
537,166,328
538,166,304
539,166,326
540,166,374
541,166,418
542,166,429
543,166,399
544,166,350
545,166,307
546,166,283
547,166,275
548,166,274
549,166,270
550,166,259
551,166,253
552,166,255
553,166,261
554,166,261
555,166,254
556,166,242
557,166,229
558,166,217
559,166,209
560,166,205
561,166,205
562,166,209
563,166,212
564,166,213
565,166,210
566,166,208
567,166,213
568,166,233
569,166,289
570,166,410
571,166,611
572,166,880
573,166,1211
490,167,206
491,167,243
492,167,270
493,167,286
494,167,296
495,167,309
496,167,331
497,167,356
498,167,374
499,167,379
500,167,374
501,167,364
502,167,360
503,167,363
504,167,369
505,167,370
506,167,375
507,167,388
508,167,399
509,167,396
510,167,387
511,167,393
512,167,433
513,167,504
514,167,587
515,167,652
516,167,684
517,167,699
518,167,704
519,167,681
520,167,625
521,167,556
522,167,498
523,167,469
524,167,470
525,167,501
526,167,557
527,167,616
528,167,663
529,167,709
530,167,764
531,167,818
532,167,835
533,167,790
534,167,685
535,167,552
536,167,433
537,167,361
538,167,346
539,167,374
540,167,423
541,167,464
542,167,472
543,167,438
544,167,383
545,167,332
546,167,302
547,167,294
548,167,296
549,167,296
550,167,288
551,167,277
552,167,269
553,167,265
554,167,260
555,167,252
556,167,242
557,167,232
558,167,221
559,167,214
560,167,212
561,167,217
562,167,226
563,167,234
564,167,236
565,167,231
566,167,224
567,167,225
568,167,246
569,167,308
570,167,439
571,167,645
572,167,898
573,167,1155
490,168,217
491,168,247
492,168,272
493,168,287
494,168,298
495,168,314
496,168,338
497,168,365
498,168,384
499,168,388
500,168,381
501,168,372
502,168,371
503,168,382
504,168,390
505,168,383
506,168,375
507,168,383
508,168,404
509,168,419
510,168,424
511,168,437
512,168,476
513,168,536
514,168,602
515,168,657
516,168,694
517,168,723
518,168,746
519,168,744
520,168,707
521,168,643
522,168,574
523,168,531
524,168,526
525,168,565
526,168,641
527,168,720
528,168,784
529,168,846
530,168,933
531,168,1027
532,168,1052
533,168,953
534,168,764
535,168,579
536,168,455
537,168,403
538,168,406
539,168,437
540,168,476
541,168,502
542,168,500
543,168,465
544,168,411
545,168,357
546,168,321
547,168,307
548,168,308
549,168,312
550,168,307
551,168,294
552,168,280
553,168,269
554,168,261
555,168,253
556,168,245
557,168,236
558,168,229
559,168,224
560,168,227
561,168,240
562,168,262
563,168,283
564,168,291
565,168,276
566,168,254
567,168,243
568,168,258
569,168,318
570,168,444
571,168,637
572,168,891
573,168,1277
490,169,212
491,169,244
492,169,268
493,169,284
494,169,295
495,169,312
496,169,336
497,169,364
498,169,384
499,169,391
500,169,388
501,169,386
502,169,398
503,169,420
504,169,430
505,169,411
506,169,381
507,169,374
508,169,395
509,169,422
510,169,445
511,169,473
512,169,520
513,169,577
514,169,627
515,169,659
516,169,677
517,169,697
518,169,723
519,169,738
520,169,723
521,169,677
522,169,616
523,169,575
524,169,578
525,169,631
526,169,724
527,169,822
528,169,918
529,169,1053
530,169,1272
531,169,1511
532,169,1579
533,169,1373
534,169,1010
535,169,702
536,169,538
537,169,491
538,169,503
539,169,524
540,169,534
541,169,529
542,169,508
543,169,474
544,169,427
545,169,378
546,169,341
547,169,320
548,169,318
549,169,327
550,169,328
551,169,317
552,169,300
553,169,285
554,169,272
555,169,261
556,169,251
557,169,243
558,169,238
559,169,238
560,169,248
561,169,276
562,169,323
563,169,376
564,169,400
565,169,368
566,169,308
567,169,266
568,169,262
569,169,305
570,169,402
571,169,546
572,169,714
573,169,910
490,170,206
491,170,239
492,170,267
493,170,290
494,170,307
495,170,322
496,170,341
497,170,363
498,170,381
499,170,391
500,170,395
501,170,405
502,170,431
503,170,464
504,170,472
505,170,439
506,170,390
507,170,366
508,170,379
509,170,410
510,170,445
511,170,489
512,170,551
513,170,616
514,170,659
515,170,666
516,170,651
517,170,644
518,170,658
519,170,676
520,170,685
521,170,670
522,170,638
523,170,621
524,170,643
525,170,715
526,170,828
527,170,957
528,170,1128
529,170,1426
530,170,1907
531,170,2405
532,170,2529
533,170,2134
534,170,1497
535,170,988
536,170,729
537,170,649
538,170,642
539,170,630
540,170,590
541,170,540
542,170,497
543,170,464
544,170,432
545,170,396
546,170,363
547,170,340
548,170,337
549,170,351
550,170,363
551,170,358
552,170,341
553,170,321
554,170,301
555,170,282
556,170,264
557,170,253
558,170,248
559,170,253
560,170,274
561,170,325
562,170,416
563,170,530
564,170,592
565,170,532
566,170,405
567,170,304
568,170,263
569,170,277
570,170,333
571,170,414
572,170,479
573,170,456
490,171,206
491,171,243
492,171,286
493,171,331
494,171,362
495,171,373
496,171,373
497,171,375
498,171,380
499,171,387
500,171,395
501,171,416
502,171,453
503,171,486
504,171,484
505,171,442
506,171,390
507,171,362
508,171,370
509,171,399
510,171,439
511,171,498
512,171,581
513,171,666
514,171,716
515,171,713
516,171,673
517,171,640
518,171,628
519,171,631
520,171,649
521,171,672
522,171,688
523,171,714
524,171,770
525,171,865
526,171,1001
527,171,1181
528,171,1476
529,171,2011
530,171,2810
531,171,3556
532,171,3661
533,171,3018
534,171,2098
535,171,1384
536,171,1003
537,171,853
538,171,792
539,171,725
540,171,629
541,171,536
542,171,475
543,171,446
544,171,428
545,171,407
546,171,384
547,171,365
548,171,364
549,171,385
550,171,410
551,171,418
552,171,407
553,171,385
554,171,355
555,171,320
556,171,288
557,171,268
558,171,262
559,171,273
560,171,308
561,171,388
562,171,541
563,171,743
564,171,864
565,171,774
566,171,553
567,171,366
568,171,274
569,171,254
570,171,274
571,171,309
572,171,331
573,171,307
490,172,206
491,172,261
492,172,333
493,172,418
494,172,476
495,172,484
496,172,456
497,172,420
498,172,394
499,172,384
500,172,391
501,172,417
502,172,455
503,172,478
504,172,460
505,172,417
506,172,376
507,172,359
508,172,370
509,172,400
510,172,448
511,172,527
512,172,637
513,172,747
514,172,819
515,172,831
516,172,806
517,172,777
518,172,744
519,172,703
520,172,697
521,172,736
522,172,798
523,172,876
524,172,974
525,172,1094
526,172,1255
527,172,1503
528,172,1964
529,172,2754
530,172,3782
531,172,4574
532,172,4509
533,172,3645
534,172,2581
535,172,1771
536,172,1303
537,172,1067
538,172,928
539,172,795
540,172,651
541,172,530
542,172,462
543,172,438
544,172,429
545,172,418
546,172,405
547,172,394
548,172,397
549,172,422
550,172,457
551,172,481
552,172,483
553,172,466
554,172,428
555,172,375
556,172,323
557,172,289
558,172,282
559,172,300
560,172,347
561,172,454
562,172,664
563,172,945
564,172,1122
565,172,1009
566,172,705
567,172,435
568,172,291
569,172,243
570,172,239
571,172,246
572,172,241
573,172,199
490,173,206
491,173,288
492,173,394
493,173,524
494,173,623
495,173,646
496,173,599
497,173,518
498,173,444
499,173,399
500,173,389
501,173,409
502,173,438
503,173,446
504,173,420
505,173,383
506,173,359
507,173,356
508,173,375
509,173,412
510,173,475
511,173,577
512,173,708
513,173,837
514,173,932
515,173,991
516,173,1032
517,173,1057
518,173,1017
519,173,914
520,173,847
521,173,862
522,173,941
523,173,1065
524,173,1212
525,173,1369
526,173,1567
527,173,1907
528,173,2567
529,173,3616
530,173,4783
531,173,5447
532,173,5109
533,173,4072
534,173,2987
535,173,2186
536,173,1676
537,173,1351
538,173,1109
539,173,896
540,173,705
541,173,564
542,173,491
543,173,463
544,173,448
545,173,436
546,173,425
547,173,419
548,173,425
549,173,450
550,173,487
551,173,522
552,173,540
553,173,532
554,173,492
555,173,424
556,173,352
557,173,308
558,173,301
559,173,324
560,173,377
561,173,491
562,173,713
563,173,1015
564,173,1209
565,173,1095
566,173,769
567,173,467
568,173,298
569,173,235
570,173,220
571,173,214
572,173,197
573,173,157
490,174,206
491,174,316
492,174,441
493,174,601
494,174,743
495,174,805
496,174,770
497,174,663
498,174,538
499,174,443
500,174,401
501,174,401
502,174,412
503,174,406
504,174,380
505,174,357
506,174,347
507,174,355
508,174,379
509,174,424
510,174,500
511,174,612
512,174,746
513,174,875
514,174,992
515,174,1115
516,174,1257
517,174,1364
518,174,1332
519,174,1171
520,174,1035
521,174,1003
522,174,1077
523,174,1240
524,174,1461
525,174,1708
526,174,2004
527,174,2466
528,174,3311
529,174,4584
530,174,5878
531,174,6437
532,174,5874
533,174,4675
534,174,3559
535,174,2783
536,174,2262
537,174,1857
538,174,1493
539,174,1170
540,174,899
541,174,707
542,174,605
543,174,550
544,174,502
545,174,464
546,174,442
547,174,433
548,174,439
549,174,459
550,174,493
551,174,530
552,174,557
553,174,559
554,174,520
555,174,442
556,174,360
557,174,311
558,174,307
559,174,334
560,174,382
561,174,473
562,174,644
563,174,881
564,174,1035
565,174,947
566,174,680
567,174,424
568,174,275
569,174,219
570,174,204
571,174,195
572,174,179
573,174,151
490,175,317
491,175,356
492,175,460
493,175,626
494,175,803
495,175,918
496,175,921
497,175,811
498,175,646
499,175,503
500,175,424
501,175,398
502,175,389
503,175,374
504,175,356
505,175,347
506,175,348
507,175,359
508,175,384
509,175,431
510,175,506
511,175,609
512,175,723
513,175,840
514,175,975
515,175,1160
516,175,1389
517,175,1565
518,175,1553
519,175,1378
520,175,1214
521,175,1151
522,175,1224
523,175,1450
524,175,1814
525,175,2284
526,175,2831
527,175,3485
528,175,4459
529,175,5841
530,175,7239
531,175,7847
532,175,7230
533,175,5865
534,175,4583
535,175,3726
536,175,3185
537,175,2734
538,175,2254
539,175,1785
540,175,1369
541,175,1057
542,175,879
543,175,756
544,175,628
545,175,522
546,175,461
547,175,435
548,175,432
549,175,446
550,175,474
551,175,507
552,175,536
553,175,546
554,175,511
555,175,433
556,175,349
557,175,302
558,175,301
559,175,329
560,175,369
561,175,420
562,175,503
563,175,623
564,175,703
565,175,645
566,175,480
567,175,319
568,175,225
569,175,192
570,175,184
571,175,178
572,175,167
573,175,151
490,176,328
491,176,359
492,176,443
493,176,602
494,176,806
495,176,971
496,176,1010
497,176,901
498,176,711
499,176,539
500,176,436
501,176,394
502,176,372
503,176,356
504,176,349
505,176,354
506,176,363
507,176,375
508,176,394
509,176,433
510,176,496
511,176,576
512,176,663
513,176,763
514,176,909
515,176,1131
516,176,1405
517,176,1610
518,176,1627
519,176,1500
520,176,1374
521,176,1328
522,176,1437
523,176,1777
524,176,2396
525,176,3303
526,176,4394
527,176,5489
528,176,6672
529,176,8102
530,176,9613
531,176,10521
532,176,10082
533,176,8472
534,176,6661
535,176,5323
536,176,4537
537,176,3987
538,176,3395
539,176,2760
540,176,2144
541,176,1653
542,176,1360
543,176,1129
544,176,864
545,176,636
546,176,498
547,176,433
548,176,410
549,176,412
550,176,430
551,176,457
552,176,485
553,176,500
554,176,474
555,176,405
556,176,330
557,176,287
558,176,288
559,176,319
560,176,356
561,176,378
562,176,390
563,176,411
564,176,422
565,176,384
566,176,302
567,176,223
568,176,178
569,176,164
570,176,164
571,176,163
572,176,159
573,176,151
490,177,328
491,177,341
492,177,401
493,177,544
494,177,757
495,177,951
496,177,1004
497,177,891
498,177,698
499,177,527
500,177,427
501,177,380
502,177,357
503,177,346
504,177,356
505,177,380
506,177,400
507,177,409
508,177,415
509,177,437
510,177,477
511,177,530
512,177,592
513,177,679
514,177,829
515,177,1066
516,177,1341
517,177,1536
518,177,1575
519,177,1522
520,177,1484
521,177,1518
522,177,1721
523,177,2231
524,177,3195
525,177,4730
526,177,6725
527,177,8766
528,177,10615
529,177,12347
530,177,14186
531,177,15788
532,177,15806
533,177,13754
534,177,10742
535,177,8082
536,177,6399
537,177,5409
538,177,4589
539,177,3766
540,177,2958
541,177,2321
542,177,1945
543,177,1615
544,177,1192
545,177,809
546,177,565
547,177,441
548,177,386
549,177,369
550,177,372
551,177,387
552,177,408
553,177,424
554,177,410
555,177,359
556,177,302
557,177,270
558,177,275
559,177,308
560,177,346
561,177,358
562,177,335
563,177,302
564,177,275
565,177,244
566,177,204
567,177,169
568,177,150
569,177,146
570,177,150
571,177,153
572,177,153
573,177,151
490,178,328
491,178,319
492,178,354
493,178,468
494,178,657
495,178,834
496,178,879
497,178,777
498,178,617
499,178,483
500,178,403
501,178,364
502,178,344
503,178,346
504,178,378
505,178,429
506,178,465
507,178,470
508,178,458
509,178,453
510,178,463
511,178,486
512,178,524
513,178,597
514,178,740
515,178,971
516,178,1223
517,178,1385
518,178,1427
519,178,1431
520,178,1488
521,178,1655
522,178,2019
523,178,2741
524,178,4064
525,178,6261
526,178,9380
527,178,12923
528,178,16188
529,178,18901
530,178,21575
531,178,24356
532,178,25091
533,178,22390
534,178,17436
535,178,12396
536,178,8844
537,178,6764
538,178,5414
539,178,4330
540,178,3389
541,178,2718
542,178,2360
543,178,2017
544,178,1511
545,178,1005
546,178,656
547,178,464
548,178,373
549,178,334
550,178,320
551,178,318
552,178,325
553,178,335
554,178,330
555,178,303
556,178,271
557,178,254
558,178,261
559,178,291
560,178,328
561,178,338
562,178,309
563,178,264
564,178,225
565,178,195
566,178,170
567,178,150
568,178,140
569,178,139
570,178,143
571,178,147
572,178,149
573,178,151
490,179,319
491,179,301
492,179,317
493,179,392
494,179,525
495,179,651
496,179,683
497,179,615
498,179,515
499,179,432
500,179,379
501,179,350
502,179,337
503,179,354
504,179,414
505,179,495
506,179,549
507,179,552
508,179,521
509,179,490
510,179,469
511,179,459
512,179,472
513,179,526
514,179,650
515,179,857
516,179,1075
517,179,1206
518,179,1240
519,179,1265
520,179,1393
521,179,1702
522,179,2266
523,179,3245
524,179,4945
525,179,7805
526,179,12108
527,179,17374
528,179,22502
529,179,26815
530,179,30890
531,179,35291
532,179,36959
533,179,33533
534,179,26175
535,179,17982
536,179,11768
537,179,7996
538,179,5781
539,179,4327
540,179,3287
541,179,2658
542,179,2382
543,179,2131
544,179,1688
545,179,1165
546,179,751
547,179,502
548,179,375
549,179,317
550,179,288
551,179,270
552,179,262
553,179,263
554,179,263
555,179,257
556,179,247
557,179,242
558,179,249
559,179,269
560,179,297
561,179,308
562,179,289
563,179,254
564,179,219
565,179,190
566,179,166
567,179,149
568,179,140
569,179,138
570,179,140
571,179,144
572,179,147
573,179,151
490,180,300
491,180,290
492,180,295
493,180,337
494,180,414
495,180,488
496,180,509
497,180,477
498,180,428
499,180,387
500,180,358
501,180,339
502,180,335
503,180,369
504,180,454
505,180,561
506,180,630
507,180,633
508,180,586
509,180,532
510,180,485
511,180,447
512,180,434
513,180,468
514,180,575
515,180,755
516,180,942
517,180,1048
518,180,1071
519,180,1099
520,180,1267
521,180,1685
522,180,2437
523,180,3689
524,180,5798
525,180,9336
526,180,14729
527,180,21338
528,180,27767
529,180,33348
530,180,38935
531,180,45297
532,180,48280
533,180,44384
534,180,34670
535,180,23306
536,180,14397
537,180,8874
538,180,5736
539,180,3908
540,180,2801
541,180,2221
542,180,2016
543,180,1900
544,180,1636
545,180,1219
546,180,814
547,180,537
548,180,387
549,180,315
550,180,277
551,180,251
552,180,232
553,180,224
554,180,226
555,180,231
556,180,235
557,180,237
558,180,241
559,180,252
560,180,269
561,180,279
562,180,273
563,180,254
564,180,229
565,180,201
566,180,175
567,180,156
568,180,145
569,180,140
570,180,140
571,180,141
572,180,142
573,180,142
490,181,307
491,181,291
492,181,288
493,181,309
494,181,350
495,181,390
496,181,404
497,181,391
498,181,371
499,181,355
500,181,341
501,181,331
502,181,336
503,181,383
504,181,485
505,181,607
506,181,684
507,181,684
508,181,626
509,181,553
510,181,487
511,181,430
512,181,397
513,181,415
514,181,503
515,181,655
516,181,808
517,181,894
518,181,911
519,181,941
520,181,1125
521,181,1594
522,181,2464
523,181,3941
524,181,6425
525,181,10523
526,181,16522
527,181,23292
528,181,29285
529,181,34554
530,181,40827
531,181,48744
532,181,53066
533,181,49262
534,181,38369
535,181,25418
536,181,15182
537,181,8787
538,181,5208
539,181,3263
540,181,2210
541,181,1691
542,181,1508
543,181,1467
544,181,1367
545,181,1106
546,181,787
547,181,539
548,181,392
549,181,318
550,181,279
551,181,251
552,181,230
553,181,217
554,181,216
555,181,223
556,181,232
557,181,238
558,181,241
559,181,246
560,181,255
561,181,263
562,181,263
563,181,255
564,181,238
565,181,214
566,181,188
567,181,166
568,181,152
569,181,143
570,181,140
571,181,139
572,181,138
573,181,133
490,182,324
491,182,299
492,182,287
493,182,296
494,182,320
495,182,345
496,182,355
497,182,349
498,182,340
499,182,335
500,182,329
501,182,325
502,182,335
503,182,390
504,182,498
505,182,623
506,182,700
507,182,695
508,182,625
509,182,535
510,182,454
511,182,390
512,182,351
513,182,356
514,182,419
515,182,530
516,182,641
517,182,708
518,182,725
519,182,756
520,182,922
521,182,1353
522,182,2199
523,182,3721
524,182,6355
525,182,10630
526,182,16481
527,182,22277
528,182,26539
529,182,30004
530,182,35014
531,182,42143
532,182,46545
533,182,43768
534,182,34457
535,182,23052
536,182,13735
537,182,7725
538,182,4348
539,182,2596
540,182,1713
541,182,1269
542,182,1075
543,182,1028
544,182,995
545,182,863
546,182,667
547,182,496
548,182,384
549,182,320
550,182,285
551,182,261
552,182,242
553,182,227
554,182,223
555,182,227
556,182,234
557,182,238
558,182,241
559,182,244
560,182,249
561,182,254
562,182,256
563,182,252
564,182,241
565,182,221
566,182,197
567,182,176
568,182,158
569,182,146
570,182,140
571,182,138
572,182,138
573,182,136
490,183,363
491,183,313
492,183,290
493,183,291
494,183,307
495,183,325
496,183,333
497,183,329
498,183,323
499,183,321
500,183,319
501,183,318
502,183,331
503,183,384
504,183,487
505,183,605
506,183,675
507,183,663
508,183,582
509,183,478
510,183,391
511,183,332
512,183,300
513,183,301
514,183,337
515,183,402
516,183,470
517,183,516
518,183,534
519,183,561
520,183,677
521,183,981
522,183,1624
523,183,2884
524,183,5189
525,183,8954
526,183,13911
527,183,18428
528,183,21163
529,183,22707
530,183,25174
531,183,29413
532,183,32493
533,183,31169
534,183,25338
535,183,17654
536,183,10878
537,183,6190
538,183,3458
539,183,2061
540,183,1373
541,183,1001
542,183,798
543,183,722
544,183,698
545,183,641
546,183,544
547,183,446
548,183,369
549,183,320
550,183,291
551,183,273
552,183,257
553,183,243
554,183,236
555,183,235
556,183,237
557,183,235
558,183,235
559,183,238
560,183,241
561,183,243
562,183,244
563,183,242
564,183,235
565,183,220
566,183,201
567,183,180
568,183,161
569,183,148
570,183,142
571,183,141
572,183,142
573,183,136
490,184,374
491,184,320
492,184,292
493,184,288
494,184,298
495,184,312
496,184,318
497,184,313
498,184,306
499,184,305
500,184,305
501,184,307
502,184,320
503,184,365
504,184,452
505,184,551
506,184,606
507,184,585
508,184,502
509,184,402
510,184,325
511,184,283
512,184,267
513,184,270
514,184,290
515,184,323
516,184,359
517,184,387
518,184,403
519,184,422
520,184,487
521,184,658
522,184,1051
523,184,1893
524,184,3533
525,184,6300
526,184,10029
527,184,13539
528,184,15533
529,184,15906
530,184,16182
531,184,17514
532,184,18827
533,184,18317
534,184,15505
535,184,11444
536,184,7498
537,184,4502
538,184,2636
539,184,1648
540,184,1142
541,184,835
542,184,643
543,184,558
544,184,536
545,184,514
546,184,470
547,184,413
548,184,358
549,184,320
550,184,297
551,184,283
552,184,270
553,184,259
554,184,250
555,184,244
556,184,238
557,184,229
558,184,223
559,184,223
560,184,224
561,184,224
562,184,223
563,184,223
564,184,220
565,184,210
566,184,196
567,184,179
568,184,162
569,184,150
570,184,146
571,184,148
572,184,152
573,184,157
490,185,354
491,185,320
492,185,295
493,185,287
494,185,291
495,185,297
496,185,297
497,185,290
498,185,284
499,185,283
500,185,287
501,185,294
502,185,306
503,185,339
504,185,403
505,185,474
506,185,506
507,185,477
508,185,404
509,185,327
510,185,276
511,185,256
512,185,257
513,185,267
514,185,281
515,185,299
516,185,318
517,185,333
518,185,343
519,185,352
520,185,383
521,185,470
522,185,689
523,185,1201
524,185,2271
525,185,4188
526,185,6948
527,185,9759
528,185,11317
529,185,11094
530,185,10236
531,185,9937
532,185,10065
533,185,9778
534,185,8602
535,185,6761
536,185,4773
537,185,3097
538,185,1959
539,185,1317
540,185,959
541,185,720
542,185,560
543,185,487
544,185,470
545,185,462
546,185,438
547,185,398
548,185,355
549,185,324
550,185,307
551,185,295
552,185,284
553,185,273
554,185,263
555,185,253
556,185,239
557,185,222
558,185,210
559,185,205
560,185,203
561,185,202
562,185,200
563,185,200
564,185,199
565,185,193
566,185,184
567,185,173
568,185,160
569,185,152
570,185,150
571,185,153
572,185,157
573,185,157
490,186,338
491,186,332
492,186,308
493,186,294
494,186,289
495,186,284
496,186,275
497,186,266
498,186,262
499,186,264
500,186,272
501,186,282
502,186,293
503,186,314
504,186,352
505,186,391
506,186,401
507,186,370
508,186,318
509,186,271
510,186,247
511,186,247
512,186,262
513,186,278
514,186,292
515,186,304
516,186,314
517,186,321
518,186,322
519,186,322
520,186,335
521,186,380
522,186,505
523,186,825
524,186,1550
525,186,2938
526,186,5041
527,186,7237
528,186,8326
529,186,7825
530,186,6700
531,186,5925
532,186,5624
533,186,5396
534,186,4873
535,186,4004
536,186,2993
537,186,2082
538,186,1430
539,186,1041
540,186,805
541,186,635
542,186,519
543,186,467
544,186,455
545,186,448
546,186,429
547,186,395
548,186,361
549,186,339
550,186,326
551,186,314
552,186,301
553,186,288
554,186,275
555,186,261
556,186,242
557,186,219
558,186,201
559,186,191
560,186,186
561,186,184
562,186,182
563,186,182
564,186,179
565,186,174
566,186,169
567,186,164
568,186,157
569,186,152
570,186,152
571,186,157
572,186,166
573,186,182
490,187,449
491,187,380
492,187,338
493,187,312
494,187,297
495,187,281
496,187,264
497,187,253
498,187,252
499,187,257
500,187,265
501,187,275
502,187,284
503,187,294
504,187,311
505,187,325
506,187,321
507,187,295
508,187,263
509,187,240
510,187,236
511,187,248
512,187,269
513,187,288
514,187,303
515,187,314
516,187,321
517,187,323
518,187,318
519,187,311
520,187,313
521,187,339
522,187,415
523,187,619
524,187,1107
525,187,2078
526,187,3568
527,187,5088
528,187,5737
529,187,5244
530,187,4342
531,187,3682
532,187,3388
533,187,3231
534,187,2943
535,187,2447
536,187,1881
537,187,1390
538,187,1049
539,187,839
540,187,696
541,187,585
542,187,507
543,187,469
544,187,457
545,187,448
546,187,430
547,187,401
548,187,376
549,187,363
550,187,355
551,187,343
552,187,325
553,187,305
554,187,288
555,187,270
556,187,247
557,187,220
558,187,197
559,187,184
560,187,177
561,187,174
562,187,173
563,187,173
564,187,168
565,187,162
566,187,160
567,187,160
568,187,158
569,187,155
570,187,154
571,187,158
572,187,169
573,187,185
490,188,449
491,188,406
492,188,365
493,188,333
494,188,310
495,188,288
496,188,267
497,188,255
498,188,255
499,188,260
500,188,267
501,188,275
502,188,281
503,188,285
504,188,288
505,188,288
506,188,278
507,188,258
508,188,238
509,188,230
510,188,236
511,188,254
512,188,276
513,188,295
514,188,310
515,188,323
516,188,333
517,188,334
518,188,325
519,188,311
520,188,307
521,188,323
522,188,371
523,188,498
524,188,797
525,188,1387
526,188,2287
527,188,3195
528,188,3565
529,188,3250
530,188,2695
531,188,2284
532,188,2099
533,188,2007
534,188,1831
535,188,1530
536,188,1212
537,188,968
538,188,814
539,188,717
540,188,638
541,188,566
542,188,510
543,188,476
544,188,461
545,188,449
546,188,431
547,188,406
548,188,389
549,188,384
550,188,382
551,188,372
552,188,352
553,188,327
554,188,303
555,188,281
556,188,256
557,188,228
558,188,201
559,188,183
560,188,174
561,188,171
562,188,172
563,188,173
564,188,167
565,188,160
566,188,161
567,188,167
568,188,169
569,188,166
570,188,162
571,188,163
572,188,171
573,188,185
490,189,454
491,189,429
492,189,383
493,189,346
494,189,320
495,189,296
496,189,274
497,189,263
498,189,263
499,189,267
500,189,273
501,189,279
502,189,285
503,189,287
504,189,283
505,189,277
506,189,265
507,189,249
508,189,237
509,189,235
510,189,245
511,189,264
512,189,284
513,189,301
514,189,317
515,189,335
516,189,350
517,189,354
518,189,342
519,189,322
520,189,312
521,189,322
522,189,356
523,189,440
524,189,617
525,189,945
526,189,1443
527,189,1971
528,189,2225
529,189,2069
530,189,1747
531,189,1498
532,189,1383
533,189,1321
534,189,1211
535,189,1034
536,189,862
537,189,747
538,189,688
539,189,654
540,189,616
541,189,569
542,189,519
543,189,481
544,189,459
545,189,443
546,189,423
547,189,401
548,189,387
549,189,388
550,189,392
551,189,389
552,189,373
553,189,349
554,189,323
555,189,300
556,189,275
557,189,246
558,189,216
559,189,192
560,189,178
561,189,175
562,189,178
563,189,181
564,189,175
565,189,169
566,189,176
567,189,190
568,189,196
569,189,191
570,189,181
571,189,174
572,189,178
573,189,188
490,190,596
491,190,471
492,190,392
493,190,346
494,190,318
495,190,296
496,190,275
497,190,267
498,190,269
499,190,274
500,190,280
501,190,288
502,190,296
503,190,297
504,190,291
505,190,282
506,190,273
507,190,261
508,190,253
509,190,254
510,190,265
511,190,282
512,190,297
513,190,312
514,190,330
515,190,352
516,190,373
517,190,377
518,190,361
519,190,336
520,190,322
521,190,326
522,190,353
523,190,415
524,190,530
525,190,723
526,190,1012
527,190,1349
528,190,1552
529,190,1481
530,190,1279
531,190,1117
532,190,1036
533,190,989
534,190,916
535,190,806
536,190,700
537,190,637
538,190,619
539,190,619
540,190,608
541,190,574
542,190,523
543,190,476
544,190,445
545,190,424
546,190,402
547,190,378
548,190,365
549,190,368
550,190,378
551,190,383
552,190,380
553,190,367
554,190,348
555,190,328
556,190,307
557,190,279
558,190,244
559,190,210
560,190,190
561,190,184
562,190,188
563,190,192
564,190,189
565,190,188
566,190,203
567,190,225
568,190,236
569,190,229
570,190,210
571,190,193
572,190,190
573,190,201
490,191,650
491,191,482
492,191,382
493,191,332
494,191,308
495,191,287
496,191,269
497,191,264
498,191,271
499,191,279
500,191,287
501,191,298
502,191,308
503,191,311
504,191,305
505,191,299
506,191,294
507,191,288
508,191,284
509,191,286
510,191,296
511,191,307
512,191,317
513,191,328
514,191,345
515,191,369
516,191,390
517,191,389
518,191,367
519,191,340
520,191,326
521,191,330
522,191,352
523,191,398
524,191,476
525,191,592
526,191,756
527,191,960
528,191,1109
529,191,1097
530,191,997
531,191,911
532,191,866
533,191,833
534,191,781
535,191,697
536,191,611
537,191,561
538,191,557
539,191,576
540,191,583
541,191,555
542,191,502
543,191,450
544,191,414
545,191,391
546,191,368
547,191,344
548,191,329
549,191,328
550,191,339
551,191,354
552,191,368
553,191,376
554,191,373
555,191,364
556,191,348
557,191,322
558,191,281
559,191,237
560,191,209
561,191,200
562,191,203
563,191,207
564,191,207
565,191,213
566,191,235
567,191,265
568,191,279
569,191,269
570,191,239
571,191,210
572,191,198
573,191,201
490,192,604
491,192,455
492,192,359
493,192,315
494,192,295
495,192,279
496,192,264
497,192,264
498,192,274
499,192,284
500,192,294
501,192,307
502,192,320
503,192,325
504,192,323
505,192,322
506,192,322
507,192,321
508,192,321
509,192,324
510,192,331
511,192,337
512,192,341
513,192,347
514,192,360
515,192,379
516,192,391
517,192,382
518,192,356
519,192,331
520,192,324
521,192,335
522,192,359
523,192,394
524,192,443
525,192,505
526,192,582
527,192,684
528,192,782
529,192,815
530,192,802
531,192,781
532,192,766
533,192,746
534,192,704
535,192,630
536,192,544
537,192,489
538,192,485
539,192,510
540,192,523
541,192,500
542,192,452
543,192,405
544,192,374
545,192,354
546,192,334
547,192,311
548,192,292
549,192,285
550,192,291
551,192,310
552,192,339
553,192,368
554,192,387
555,192,392
556,192,384
557,192,357
558,192,311
559,192,261
560,192,228
561,192,216
562,192,216
563,192,220
564,192,225
565,192,238
566,192,265
567,192,296
568,192,309
569,192,293
570,192,256
571,192,219
572,192,196
573,192,185
490,193,569
491,193,419
492,193,336
493,193,303
494,193,290
495,193,281
496,193,274
497,193,277
498,193,286
499,193,293
500,193,301
501,193,315
502,193,329
503,193,338
504,193,340
505,193,342
506,193,344
507,193,347
508,193,349
509,193,352
510,193,357
511,193,360
512,193,361
513,193,363
514,193,368
515,193,375
516,193,376
517,193,359
518,193,333
519,193,316
520,193,322
521,193,348
522,193,385
523,193,420
524,193,450
525,193,473
526,193,493
527,193,531
528,193,595
529,193,653
530,193,688
531,193,702
532,193,703
533,193,691
534,193,655
535,193,586
536,193,497
537,193,430
538,193,413
539,193,430
540,193,441
541,193,425
542,193,390
543,193,359
544,193,338
545,193,325
546,193,309
547,193,289
548,193,268
549,193,255
550,193,255
551,193,272
552,193,305
553,193,346
554,193,381
555,193,400
556,193,400
557,193,374
558,193,327
559,193,276
560,193,243
561,193,229
562,193,226
563,193,229
564,193,237
565,193,255
566,193,283
567,193,309
568,193,317
569,193,296
570,193,255
571,193,216
572,193,189
573,193,169
490,194,425
491,194,357
492,194,316
493,194,301
494,194,298
495,194,298
496,194,299
497,194,304
498,194,307
499,194,306
500,194,309
501,194,320
502,194,335
503,194,345
504,194,350
505,194,354
506,194,357
507,194,361
508,194,364
509,194,367
510,194,371
511,194,372
512,194,371
513,194,367
514,194,362
515,194,355
516,194,344
517,194,325
518,194,305
519,194,299
520,194,318
521,194,363
522,194,423
523,194,473
524,194,500
525,194,501
526,194,485
527,194,487
528,194,529
529,194,587
530,194,632
531,194,653
532,194,657
533,194,646
534,194,614
535,194,551
536,194,465
537,194,393
538,194,361
539,194,362
540,194,368
541,194,358
542,194,340
543,194,325
544,194,315
545,194,307
546,194,295
547,194,278
548,194,259
549,194,243
550,194,237
551,194,247
552,194,274
553,194,315
554,194,357
555,194,387
556,194,396
557,194,377
558,194,334
559,194,286
560,194,253
561,194,237
562,194,231
563,194,231
564,194,239
565,194,256
566,194,280
567,194,301
568,194,303
569,194,280
570,194,242
571,194,207
572,194,183
573,194,163
490,195,272
491,195,302
492,195,307
493,195,314
494,195,320
495,195,326
496,195,332
497,195,336
498,195,331
499,195,321
500,195,317
501,195,322
502,195,335
503,195,347
504,195,354
505,195,359
506,195,363
507,195,366
508,195,370
509,195,373
510,195,375
511,195,375
512,195,371
513,195,360
514,195,342
515,195,324
516,195,307
517,195,290
518,195,277
519,195,278
520,195,304
521,195,360
522,195,438
523,195,510
524,195,552
525,195,553
526,195,523
527,195,507
528,195,529
529,195,570
530,195,600
531,195,611
532,195,611
533,195,600
534,195,573
535,195,522
536,195,449
537,195,381
538,195,341
539,195,328
540,195,325
541,195,319
542,195,310
543,195,305
544,195,301
545,195,296
546,195,286
547,195,272
548,195,255
549,195,239
550,195,229
551,195,231
552,195,248
553,195,280
554,195,319
555,195,354
556,195,372
557,195,363
558,195,330
559,195,288
560,195,258
561,195,240
562,195,231
563,195,228
564,195,233
565,195,245
566,195,262
567,195,276
568,195,277
569,195,256
570,195,225
571,195,197
572,195,179
573,195,166
490,196,264
491,196,291
492,196,313
493,196,333
494,196,347
495,196,355
496,196,361
497,196,360
498,196,350
499,196,334
500,196,323
501,196,323
502,196,331
503,196,343
504,196,353
505,196,360
506,196,365
507,196,368
508,196,371
509,196,374
510,196,375
511,196,372
512,196,362
513,196,343
514,196,317
515,196,293
516,196,275
517,196,262
518,196,255
519,196,258
520,196,279
521,196,328
522,196,404
523,196,486
524,196,547
525,196,566
526,196,548
527,196,531
528,196,539
529,196,559
530,196,570
531,196,571
532,196,566
533,196,558
534,196,539
535,196,502
536,196,447
537,196,388
538,196,346
539,196,324
540,196,313
541,196,305
542,196,299
543,196,295
544,196,292
545,196,288
546,196,279
547,196,266
548,196,250
549,196,235
550,196,224
551,196,222
552,196,229
553,196,249
554,196,277
555,196,308
556,196,329
557,196,329
558,196,307
559,196,277
560,196,254
561,196,239
562,196,230
563,196,227
564,196,229
565,196,236
566,196,246
567,196,253
568,196,251
569,196,236
570,196,212
571,196,191
572,196,176
573,196,166
490,197,272
491,197,293
492,197,319
493,197,346
494,197,363
495,197,370
496,197,372
497,197,369
498,197,358
499,197,341
500,197,327
501,197,322
502,197,326
503,197,336
504,197,347
505,197,357
506,197,363
507,197,366
508,197,369
509,197,372
510,197,372
511,197,365
512,197,348
513,197,322
514,197,293
515,197,270
516,197,255
517,197,247
518,197,242
519,197,243
520,197,256
521,197,288
522,197,346
523,197,418
524,197,484
525,197,521
526,197,527
527,197,524
528,197,530
529,197,538
530,197,540
531,197,537
532,197,533
533,197,527
534,197,515
535,197,491
536,197,449
537,197,399
538,197,357
539,197,331
540,197,316
541,197,307
542,197,299
543,197,294
544,197,289
545,197,283
546,197,274
547,197,260
548,197,243
549,197,228
550,197,218
551,197,215
552,197,218
553,197,227
554,197,244
555,197,265
556,197,281
557,197,285
558,197,274
559,197,258
560,197,246
561,197,238
562,197,234
563,197,234
564,197,235
565,197,238
566,197,241
567,197,242
568,197,238
569,197,225
570,197,207
571,197,189
572,197,177
573,197,166
490,198,272
491,198,293
492,198,319
493,198,345
494,198,361
495,198,364
496,198,362
497,198,359
498,198,353
499,198,341
500,198,327
501,198,319
502,198,319
503,198,327
504,198,339
505,198,350
506,198,356
507,198,359
508,198,362
509,198,365
510,198,365
511,198,355
512,198,333
513,198,303
514,198,274
515,198,255
516,198,245
517,198,240
518,198,237
519,198,236
520,198,242
521,198,260
522,198,298
523,198,350
524,198,404
525,198,446
526,198,471
527,198,488
528,198,501
529,198,508
530,198,510
531,198,510
532,198,509
533,198,506
534,198,498
535,198,480
536,198,447
537,198,402
538,198,363
539,198,338
540,198,323
541,198,313
542,198,305
543,198,298
544,198,291
545,198,282
546,198,270
547,198,254
548,198,235
549,198,220
550,198,213
551,198,211
552,198,213
553,198,218
554,198,227
555,198,238
556,198,249
557,198,253
558,198,250
559,198,245
560,198,243
561,198,244
562,198,246
563,198,249
564,198,251
565,198,251
566,198,248
567,198,243
568,198,238
569,198,227
570,198,211
571,198,196
572,198,183
573,198,169
490,199,274
491,199,293
492,199,315
493,199,337
494,199,348
495,199,346
496,199,341
497,199,341
498,199,340
499,199,334
500,199,323
501,199,313
502,199,311
503,199,319
504,199,332
505,199,342
506,199,346
507,199,348
508,199,350
509,199,354
510,199,354
511,199,343
512,199,319
513,199,288
514,199,262
515,199,248
516,199,241
517,199,239
518,199,237
519,199,235
520,199,236
521,199,246
522,199,272
523,199,306
524,199,342
525,199,377
526,199,410
527,199,438
528,199,456
529,199,465
530,199,472
531,199,479
532,199,484
533,199,484
534,199,479
535,199,464
536,199,436
537,199,398
538,199,363
539,199,340
540,199,329
541,199,321
542,199,314
543,199,307
544,199,298
545,199,286
546,199,271
547,199,252
548,199,232
549,199,217
550,199,211
551,199,211
552,199,213
553,199,218
554,199,225
555,199,233
556,199,239
557,199,242
558,199,243
559,199,244
560,199,249
561,199,256
562,199,263
563,199,268
564,199,269
565,199,265
566,199,259
567,199,254
568,199,250
569,199,244
570,199,231
571,199,215
572,199,201
573,199,193
490,200,284
491,200,296
492,200,313
493,200,330
494,200,337
495,200,334
496,200,330
497,200,330
498,200,331
499,200,325
500,200,314
501,200,305
502,200,304
503,200,314
504,200,328
505,200,337
506,200,339
507,200,338
508,200,338
509,200,341
510,200,340
511,200,328
512,200,303
513,200,276
514,200,255
515,200,245
516,200,242
517,200,242
518,200,240
519,200,237
520,200,234
521,200,241
522,200,260
523,200,283
524,200,305
525,200,328
526,200,354
527,200,378
528,200,394
529,200,405
530,200,420
531,200,439
532,200,454
533,200,459
534,200,456
535,200,445
536,200,421
537,200,389
538,200,359
539,200,340
540,200,331
541,200,327
542,200,324
543,200,319
544,200,310
545,200,296
546,200,278
547,200,257
548,200,235
549,200,219
550,200,213
551,200,213
552,200,218
553,200,226
554,200,238
555,200,248
556,200,249
557,200,247
558,200,247
559,200,250
560,200,257
561,200,267
562,200,275
563,200,279
564,200,278
565,200,275
566,200,273
567,200,275
568,200,282
569,200,285
570,200,273
571,200,252
572,200,228
573,200,193
490,201,284
491,201,298
492,201,315
493,201,329
494,201,335
495,201,333
496,201,330
497,201,330
498,201,328
499,201,318
500,201,304
501,201,294
502,201,297
503,201,311
504,201,327
505,201,335
506,201,335
507,201,331
508,201,328
509,201,326
510,201,320
511,201,307
512,201,286
513,201,265
514,201,253
515,201,248
516,201,249
517,201,249
518,201,246
519,201,238
520,201,232
521,201,235
522,201,251
523,201,267
524,201,279
525,201,290
526,201,303
527,201,316
528,201,325
529,201,339
530,201,365
531,201,399
532,201,426
533,201,438
534,201,439
535,201,430
536,201,410
537,201,381
538,201,354
539,201,337
540,201,331
541,201,329
542,201,330
543,201,328
544,201,322
545,201,309
546,201,290
547,201,267
548,201,244
549,201,227
550,201,218
551,201,218
552,201,225
553,201,242
554,201,265
555,201,279
556,201,273
557,201,261
558,201,254
559,201,254
560,201,260
561,201,269
562,201,276
563,201,279
564,201,281
565,201,286
566,201,296
567,201,314
568,201,339
569,201,359
570,201,349
571,201,317
572,201,286
573,201,257
490,202,284
491,202,301
492,202,318
493,202,331
494,202,336
495,202,336
496,202,335
497,202,333
498,202,327
499,202,313
500,202,296
501,202,286
502,202,291
503,202,309
504,202,329
505,202,338
506,202,336
507,202,329
508,202,320
509,202,310
510,202,298
511,202,284
512,202,271
513,202,264
514,202,263
515,202,264
516,202,266
517,202,263
518,202,253
519,202,238
520,202,227
521,202,227
522,202,239
523,202,251
524,202,258
525,202,261
526,202,264
527,202,268
528,202,274
529,202,291
530,202,327
531,202,374
532,202,410
533,202,427
534,202,431
535,202,423
536,202,404
537,202,375
538,202,348
539,202,330
540,202,324
541,202,325
542,202,329
543,202,332
544,202,330
545,202,319
546,202,301
547,202,279
548,202,255
549,202,236
550,202,226
551,202,225
552,202,235
553,202,261
554,202,297
555,202,316
556,202,301
557,202,275
558,202,258
559,202,253
560,202,255
561,202,262
562,202,267
563,202,272
564,202,281
565,202,300
566,202,330
567,202,367
568,202,413
569,202,453
570,202,448
571,202,405
572,202,363
573,202,360
490,203,284
491,203,303
492,203,320
493,203,331
494,203,336
495,203,337
496,203,337
497,203,336
498,203,329
499,203,315
500,203,297
501,203,286
502,203,292
503,203,313
504,203,337
505,203,348
506,203,344
507,203,331
508,203,315
509,203,297
510,203,280
511,203,270
512,203,272
513,203,287
514,203,305
515,203,307
516,203,299
517,203,286
518,203,265
519,203,241
520,203,225
521,203,222
522,203,230
523,203,238
524,203,242
525,203,243
526,203,243
527,203,244
528,203,251
529,203,272
530,203,313
531,203,364
532,203,405
533,203,426
534,203,432
535,203,425
536,203,405
537,203,371
538,203,337
539,203,316
540,203,309
541,203,312
542,203,320
543,203,327
544,203,329
545,203,322
546,203,306
547,203,284
548,203,263
549,203,245
550,203,234
551,203,231
552,203,241
553,203,270
554,203,311
555,203,332
556,203,312
557,203,278
558,203,255
559,203,246
560,203,246
561,203,250
562,203,256
563,203,264
564,203,280
565,203,311
566,203,357
567,203,410
568,203,472
569,203,534
570,203,543
571,203,488
572,203,415
573,203,360
490,204,303
491,204,308
492,204,320
493,204,330
494,204,333
495,204,333
496,204,335
497,204,337
498,204,333
499,204,322
500,204,306
501,204,297
502,204,303
503,204,328
504,204,356
505,204,368
506,204,360
507,204,340
508,204,315
509,204,290
510,204,272
511,204,272
512,204,301
513,204,358
514,204,405
515,204,394
516,204,356
517,204,319
518,204,285
519,204,255
520,204,234
521,204,227
522,204,229
523,204,233
524,204,236
525,204,238
526,204,240
527,204,242
528,204,249
529,204,269
530,204,310
531,204,362
532,204,408
533,204,434
534,204,442
535,204,436
536,204,412
537,204,369
538,204,324
539,204,295
540,204,285
541,204,288
542,204,297
543,204,307
544,204,313
545,204,310
546,204,298
547,204,281
548,204,265
549,204,252
550,204,241
551,204,236
552,204,240
553,204,262
554,204,296
555,204,313
556,204,295
557,204,267
558,204,247
559,204,238
560,204,236
561,204,239
562,204,244
563,204,253
564,204,270
565,204,303
566,204,352
567,204,411
568,204,487
569,204,574
570,204,608
571,204,554
572,204,453
573,204,342
490,205,303
491,205,306
492,205,317
493,205,325
494,205,327
495,205,326
496,205,331
497,205,337
498,205,338
499,205,331
500,205,319
501,205,314
502,205,326
503,205,354
504,205,384
505,205,396
506,205,385
507,205,358
508,205,323
509,205,291
510,205,275
511,205,291
512,205,361
513,205,477
514,205,561
515,205,525
516,205,434
517,205,361
518,205,314
519,205,281
520,205,259
521,205,246
522,205,239
523,205,239
524,205,240
525,205,243
526,205,246
527,205,248
528,205,254
529,205,270
530,205,305
531,205,357
532,205,409
533,205,444
534,205,458
535,205,452
536,205,424
537,205,371
538,205,313
539,205,274
540,205,259
541,205,259
542,205,266
543,205,275
544,205,284
545,205,286
546,205,281
547,205,273
548,205,266
549,205,257
550,205,247
551,205,239
552,205,238
553,205,250
554,205,270
555,205,281
556,205,270
557,205,253
558,205,240
559,205,233
560,205,231
561,205,232
562,205,234
563,205,240
564,205,254
565,205,280
566,205,320
567,205,376
568,205,460
569,205,568
570,205,628
571,205,589
572,205,484
573,205,358
490,206,284
491,206,298
492,206,313
493,206,322
494,206,321
495,206,320
496,206,326
497,206,337
498,206,345
499,206,343
500,206,334
501,206,334
502,206,353
503,206,384
504,206,413
505,206,425
506,206,413
507,206,382
508,206,341
509,206,302
510,206,285
511,206,314
512,206,413
513,206,573
514,206,683
515,206,622
516,206,487
517,206,387
518,206,336
519,206,308
520,206,288
521,206,270
522,206,256
523,206,250
524,206,249
525,206,251
526,206,254
527,206,255
528,206,257
529,206,266
530,206,292
531,206,340
532,206,396
533,206,440
534,206,459
535,206,454
536,206,424
537,206,366
538,206,302
539,206,260
540,206,242
541,206,237
542,206,237
543,206,241
544,206,249
545,206,258
546,206,264
547,206,270
548,206,272
549,206,266
550,206,253
551,206,242
552,206,237
553,206,242
554,206,252
555,206,257
556,206,251
557,206,243
558,206,236
559,206,232
560,206,229
561,206,227
562,206,225
563,206,227
564,206,237
565,206,255
566,206,286
567,206,337
568,206,423
569,206,537
570,206,611
571,206,588
572,206,506
573,206,427
490,207,267
491,207,291
492,207,310
493,207,320
494,207,318
495,207,316
496,207,323
497,207,340
498,207,354
499,207,355
500,207,347
501,207,348
502,207,368
503,207,399
504,207,427
505,207,440
506,207,433
507,207,405
508,207,362
509,207,320
510,207,299
511,207,320
512,207,406
513,207,548
514,207,643
515,207,580
516,207,454
517,207,368
518,207,332
519,207,317
520,207,304
521,207,287
522,207,270
523,207,260
524,207,257
525,207,257
526,207,259
527,207,258
528,207,257
529,207,259
530,207,274
531,207,310
532,207,363
533,207,409
534,207,429
535,207,423
536,207,393
537,207,341
538,207,285
539,207,250
540,207,234
541,207,227
542,207,221
543,207,218
544,207,224
545,207,238
546,207,257
547,207,277
548,207,288
549,207,281
550,207,263
551,207,246
552,207,238
553,207,237
554,207,239
555,207,241
556,207,238
557,207,234
558,207,231
559,207,228
560,207,225
561,207,221
562,207,217
563,207,216
564,207,222
565,207,236
566,207,262
567,207,309
568,207,389
569,207,492
570,207,561
571,207,551
572,207,496
573,207,445
490,208,264
491,208,289
492,208,311
493,208,320
494,208,317
495,208,314
496,208,324
497,208,345
498,208,362
499,208,364
500,208,353
501,208,348
502,208,361
503,208,387
504,208,416
505,208,434
506,208,435
507,208,415
508,208,378
509,208,339
510,208,314
511,208,317
512,208,359
513,208,437
514,208,487
515,208,440
516,208,359
517,208,312
518,208,302
519,208,304
520,208,302
521,208,290
522,208,275
523,208,265
524,208,261
525,208,260
526,208,261
527,208,261
528,208,259
529,208,258
530,208,265
531,208,290
532,208,335
533,208,377
534,208,393
535,208,381
536,208,351
537,208,310
538,208,270
539,208,247
540,208,236
541,208,227
542,208,217
543,208,210
544,208,215
545,208,233
546,208,262
547,208,294
548,208,310
549,208,301
550,208,277
551,208,254
552,208,240
553,208,232
554,208,227
555,208,226
556,208,225
557,208,223
558,208,220
559,208,217
560,208,214
561,208,211
562,208,208
563,208,208
564,208,212
565,208,224
566,208,246
567,208,286
568,208,350
569,208,431
570,208,487
571,208,488
572,208,460
573,208,445
490,209,250
491,209,287
492,209,313
493,209,321
494,209,317
495,209,314
496,209,326
497,209,349
498,209,366
499,209,364
500,209,347
501,209,331
502,209,333
503,209,353
504,209,381
505,209,405
506,209,414
507,209,404
508,209,378
509,209,349
510,209,328
511,209,317
512,209,322
513,209,341
514,209,350
515,209,316
516,209,275
517,209,257
518,209,264
519,209,277
520,209,284
521,209,281
522,209,272
523,209,264
524,209,261
525,209,260
526,209,262
527,209,266
528,209,271
529,209,277
530,209,288
531,209,315
532,209,356
533,209,388
534,209,390
535,209,365
536,209,333
537,209,301
538,209,274
539,209,258
540,209,248
541,209,236
542,209,222
543,209,214
544,209,218
545,209,238
546,209,273
547,209,312
548,209,331
549,209,322
550,209,293
551,209,264
552,209,243
553,209,228
554,209,217
555,209,213
556,209,212
557,209,210
558,209,207
559,209,203
560,209,201
561,209,202
562,209,203
563,209,204
564,209,208
565,209,218
566,209,236
567,209,267
568,209,313
569,209,370
570,209,411
571,209,417
572,209,400
573,209,379
490,210,235
491,210,285
492,210,316
493,210,324
494,210,318
495,210,315
496,210,325
497,210,345
498,210,358
499,210,351
500,210,329
501,210,306
502,210,299
503,210,310
504,210,334
505,210,358
506,210,372
507,210,371
508,210,360
509,210,346
510,210,334
511,210,322
512,210,310
513,210,300
514,210,285
515,210,257
516,210,234
517,210,227
518,210,236
519,210,252
520,210,264
521,210,267
522,210,264
523,210,259
524,210,257
525,210,257
526,210,263
527,210,278
528,210,304
529,210,332
530,210,363
531,210,410
532,210,454
533,210,463
534,210,434
535,210,386
536,210,349
537,210,322
538,210,299
539,210,283
540,210,267
541,210,251
542,210,234
543,210,224
544,210,227
545,210,248
546,210,283
547,210,323
548,210,343
549,210,333
550,210,303
551,210,271
552,210,246
553,210,227
554,210,213
555,210,205
556,210,202
557,210,201
558,210,198
559,210,196
560,210,196
561,210,200
562,210,203
563,210,206
564,210,209
565,210,218
566,210,233
567,210,255
568,210,286
569,210,321
570,210,348
571,210,353
572,210,337
573,210,293
490,211,204
491,211,287
492,211,323
493,211,330
494,211,321
495,211,313
496,211,318
497,211,331
498,211,337
499,211,330
500,211,310
501,211,287
502,211,274
503,211,276
504,211,290
505,211,307
506,211,320
507,211,327
508,211,332
509,211,335
510,211,333
511,211,326
512,211,313
513,211,296
514,211,275
515,211,251
516,211,232
517,211,224
518,211,224
519,211,233
520,211,246
521,211,255
522,211,256
523,211,250
524,211,247
525,211,248
526,211,261
527,211,297
528,211,371
529,211,434
530,211,485
531,211,552
532,211,595
533,211,577
534,211,503
535,211,421
536,211,380
537,211,356
538,211,329
539,211,309
540,211,287
541,211,265
542,211,247
543,211,235
544,211,239
545,211,258
546,211,290
547,211,323
548,211,340
549,211,332
550,211,305
551,211,272
552,211,247
553,211,228
554,211,214
555,211,204
556,211,199
557,211,197
558,211,195
559,211,195
560,211,197
561,211,202
562,211,207
563,211,211
564,211,215
565,211,226
566,211,239
567,211,252
568,211,270
569,211,289
570,211,304
571,211,308
572,211,298
573,211,269
490,212,269
491,212,317
492,212,338
493,212,339
494,212,325
495,212,308
496,212,306
497,212,311
498,212,306
499,212,305
500,212,295
501,212,276
502,212,262
503,212,256
504,212,260
505,212,268
506,212,276
507,212,286
508,212,310
509,212,331
510,212,330
511,212,326
512,212,319
513,212,307
514,212,291
515,212,268
516,212,254
517,212,244
518,212,224
519,212,214
520,212,228
521,212,247
522,212,249
523,212,234
524,212,225
525,212,227
526,212,245
527,212,301
528,212,478
529,212,569
530,212,573
531,212,614
532,212,611
533,212,625
534,212,545
535,212,436
536,212,416
537,212,406
538,212,356
539,212,337
540,212,304
541,212,275
542,212,256
543,212,239
544,212,244
545,212,269
546,212,293
547,212,314
548,212,325
549,212,320
550,212,301
551,212,267
552,212,240
553,212,226
554,212,215
555,212,205
556,212,200
557,212,198
558,212,193
559,212,194
560,212,197
561,212,202
562,212,207
563,212,214
564,212,219
565,212,247
566,212,259
567,212,255
568,212,261
569,212,269
570,212,277
571,212,282
572,212,278
573,212,269
490,213,358
491,213,363
492,213,358
493,213,354
494,213,331
495,213,291
496,213,291
497,213,293
498,213,259
499,213,281
500,213,291
501,213,269
502,213,255
503,213,240
504,213,240
505,213,242
506,213,242
507,213,242
508,213,303
509,213,354
510,213,328
511,213,324
512,213,324
513,213,324
514,213,317
515,213,288
516,213,288
517,213,288
518,213,222
519,213,174
520,213,199
521,213,250
522,213,255
523,213,206
524,213,185
525,213,188
526,213,196
527,213,196
528,213,677
529,213,766
530,213,524
531,213,499
532,213,303
533,213,552
534,213,539
535,213,363
536,213,458
537,213,503
538,213,356
539,213,381
540,213,314
541,213,274
542,213,264
543,213,224
544,213,235
545,213,286
546,213,296
547,213,296
548,213,300
549,213,305
550,213,305
551,213,255
552,213,219
553,213,217
554,213,214
555,213,204
556,213,204
557,213,204
558,213,188
559,213,190
560,213,196
561,213,196
562,213,201
563,213,219
564,213,206
565,213,293
566,213,305
567,213,255
568,213,255
569,213,255
570,213,257
571,213,269
572,213,264
573,213,247
