xv,yv,rho
490,148,319
491,148,449
492,148,590
493,148,432
494,148,308
495,148,333
496,148,341
497,148,183
498,148,184
499,148,166
500,148,155
501,148,365
502,148,336
503,148,421
504,148,586
505,148,879
506,148,1396
507,148,863
508,148,568
509,148,392
510,148,329
511,148,373
512,148,360
513,148,452
514,148,508
515,148,513
516,148,575
517,148,701
518,148,946
519,148,1350
520,148,1329
521,148,858
522,148,526
523,148,264
524,148,194
525,148,299
526,148,448
527,148,581
528,148,608
529,148,603
530,148,496
531,148,393
532,148,313
533,148,313
534,148,263
535,148,280
536,148,359
537,148,353
538,148,400
539,148,461
540,148,486
541,148,459
542,148,491
543,148,494
544,148,469
545,148,429
546,148,322
547,148,346
548,148,346
549,148,357
550,148,372
551,148,463
552,148,699
553,148,972
554,148,1443
555,148,1177
556,148,900
557,148,746
558,148,668
559,148,653
560,148,421
561,148,449
562,148,448
563,148,414
564,148,383
565,148,505
566,148,496
567,148,369
568,148,282
569,148,272
570,148,167
571,148,151
572,148,138
573,148,139
490,149,400
491,149,462
492,149,524
493,149,448
494,149,374
495,149,358
496,149,348
497,149,222
498,149,208
499,149,198
500,149,206
501,149,358
502,149,387
503,149,450
504,149,563
505,149,725
506,149,867
507,149,715
508,149,554
509,149,474
510,149,483
511,149,514
512,149,497
513,149,490
514,149,491
515,149,499
516,149,554
517,149,656
518,149,811
519,149,978
520,149,960
521,149,752
522,149,557
523,149,430
524,149,429
525,149,544
526,149,720
527,149,894
528,149,908
529,149,770
530,149,601
531,149,465
532,149,374
533,149,334
534,149,320
535,149,351
536,149,424
537,149,504
538,149,607
539,149,686
540,149,696
541,149,672
542,149,687
543,149,678
544,149,606
545,149,513
546,149,434
547,149,419
548,149,444
549,149,489
550,149,537
551,149,589
552,149,707
553,149,850
554,149,994
555,149,922
556,149,787
557,149,680
558,149,615
559,149,596
560,149,558
561,149,587
562,149,576
563,149,514
564,149,465
565,149,482
566,149,457
567,149,382
568,149,318
569,149,285
570,149,182
571,149,166
572,149,161
573,149,164
490,150,418
491,150,429
492,150,443
493,150,415
494,150,382
495,150,375
496,150,380
497,150,374
498,150,348
499,150,242
500,150,241
501,150,365
502,150,396
503,150,434
504,150,495
505,150,569
506,150,612
507,150,563
508,150,503
509,150,528
510,150,617
511,150,691
512,150,624
513,150,540
514,150,493
515,150,483
516,150,515
517,150,578
518,150,661
519,150,729
520,150,719
521,150,635
522,150,552
523,150,535
524,150,606
525,150,731
526,150,919
527,150,1148
528,150,1149
529,150,908
530,150,691
531,150,526
532,150,418
533,150,366
534,150,361
535,150,407
536,150,508
537,150,658
538,150,845
539,150,982
540,150,974
541,150,945
542,150,931
543,150,936
544,150,781
545,150,613
546,150,516
547,150,499
548,150,560
549,150,648
550,150,726
551,150,759
552,150,760
553,150,765
554,150,783
555,150,742
556,150,667
557,150,598
558,150,565
559,150,576
560,150,624
561,150,718
562,150,709
563,150,592
564,150,524
565,150,515
566,150,473
567,150,403
568,150,338
569,150,304
570,150,282
571,150,185
572,150,178
573,150,168
490,151,381
491,151,383
492,151,385
493,151,378
494,151,373
495,151,384
496,151,410
497,151,433
498,151,436
499,151,422
500,151,395
501,151,266
502,151,372
503,151,399
504,151,427
505,151,456
506,151,469
507,151,457
508,151,466
509,151,544
510,151,695
511,151,880
512,151,706
513,151,569
514,151,499
515,151,483
516,151,503
517,151,526
518,151,559
519,151,585
520,151,588
521,151,568
522,151,558
523,151,614
524,151,744
525,151,910
526,151,1011
527,151,1114
528,151,1124
529,151,966
530,151,784
531,151,607
532,151,478
533,151,407
534,151,401
535,151,456
536,151,581
537,151,791
538,151,1063
539,151,1325
540,151,1276
541,151,1252
542,151,1135
543,151,1242
544,151,911
545,151,680
546,151,578
547,151,597
548,151,705
549,151,850
550,151,976
551,151,988
552,151,890
553,151,780
554,151,695
555,151,636
556,151,577
557,151,527
558,151,515
559,151,542
560,151,614
561,151,719
562,151,714
563,151,599
564,151,566
565,151,585
566,151,504
567,151,414
568,151,348
569,151,318
570,151,306
571,151,205
572,151,205
573,151,206
490,152,356
491,152,341
492,152,345
493,152,351
494,152,366
495,152,401
496,152,446
497,152,484
498,152,496
499,152,479
500,152,442
501,152,388
502,152,254
503,152,352
504,152,370
505,152,380
506,152,384
507,152,386
508,152,420
509,152,495
510,152,607
511,152,692
512,152,632
513,152,547
514,152,509
515,152,531
516,152,556
517,152,556
518,152,543
519,152,553
520,152,586
521,152,618
522,152,638
523,152,675
524,152,817
525,152,1032
526,152,1109
527,152,1082
528,152,1224
529,152,1165
530,152,934
531,152,709
532,152,550
533,152,467
534,152,460
535,152,502
536,152,618
537,152,836
538,152,1107
539,152,1385
540,152,1479
541,152,1452
542,152,1114
543,152,1026
544,152,835
545,152,668
546,152,610
547,152,700
548,152,885
549,152,1080
550,152,1267
551,152,1253
552,152,1032
553,152,833
554,152,691
555,152,594
556,152,524
557,152,481
558,152,470
559,152,493
560,152,546
561,152,601
562,152,598
563,152,536
564,152,547
565,152,572
566,152,490
567,152,399
568,152,347
569,152,330
570,152,329
571,152,230
572,152,239
573,152,237
490,153,149
491,153,277
492,153,313
493,153,337
494,153,374
495,153,428
496,153,495
497,153,551
498,153,563
499,153,528
500,153,473
501,153,416
502,153,359
503,153,235
504,153,318
505,153,320
506,153,326
507,153,338
508,153,367
509,153,417
510,153,483
511,153,530
512,153,526
513,153,517
514,153,566
515,153,645
516,153,690
517,153,668
518,153,614
519,153,612
520,153,684
521,153,764
522,153,783
523,153,754
524,153,794
525,153,933
526,153,1020
527,153,1115
528,153,1390
529,153,1348
530,153,1050
531,153,806
532,153,643
533,153,577
534,153,574
535,153,586
536,153,632
537,153,758
538,153,940
539,153,1156
540,153,1242
541,153,1224
542,153,1002
543,153,826
544,153,700
545,153,613
546,153,618
547,153,776
548,153,1036
549,153,1334
550,153,1430
551,153,1378
552,153,1101
553,153,869
554,153,701
555,153,585
556,153,504
557,153,454
558,153,440
559,153,454
560,153,485
561,153,512
562,153,511
563,153,486
564,153,488
565,153,481
566,153,434
567,153,375
568,153,344
569,153,340
570,153,347
571,153,261
572,153,297
573,153,316
490,154,144
491,154,173
492,154,295
493,154,343
494,154,394
495,154,465
496,154,556
497,154,643
498,154,653
499,154,584
500,154,506
501,154,442
502,154,390
503,154,335
504,154,209
505,154,190
506,154,275
507,154,297
508,154,320
509,154,352
510,154,392
511,154,428
512,154,461
513,154,534
514,154,667
515,154,827
516,154,918
517,154,852
518,154,736
519,154,712
520,154,831
521,154,993
522,154,1002
523,154,862
524,154,755
525,154,830
526,154,936
527,154,1125
528,154,1378
529,154,1199
530,154,1065
531,154,925
532,154,799
533,154,753
534,154,776
535,154,763
536,154,710
537,154,700
538,154,781
539,154,892
540,154,945
541,154,930
542,154,807
543,154,670
544,154,595
545,154,563
546,154,618
547,154,793
548,154,1060
549,154,1354
550,154,1415
551,154,1277
552,154,1083
553,154,886
554,154,725
555,154,602
556,154,511
557,154,450
558,154,433
559,154,443
560,154,463
561,154,477
562,154,473
563,154,460
564,154,451
565,154,430
566,154,389
567,154,354
568,154,340
569,154,342
570,154,251
571,154,287
572,154,382
573,154,597
490,155,84
491,155,225
492,155,302
493,155,368
494,155,435
495,155,507
496,155,604
497,155,720
498,155,728
499,155,629
500,155,547
501,155,487
502,155,429
503,155,372
504,155,312
505,155,187
506,155,174
507,155,263
508,155,289
509,155,311
510,155,340
511,155,378
512,155,447
513,155,571
514,155,764
515,155,1016
516,155,1204
517,155,1049
518,155,864
519,155,821
520,155,943
521,155,1182
522,155,1181
523,155,933
524,155,777
525,155,872
526,155,996
527,155,1027
528,155,1125
529,155,1109
530,155,1182
531,155,1143
532,155,1002
533,155,990
534,155,1074
535,155,1045
536,155,892
537,155,759
538,155,738
539,155,786
540,155,804
541,155,770
542,155,685
543,155,606
544,155,564
545,155,558
546,155,620
547,155,774
548,155,996
549,155,1201
550,155,1258
551,155,1179
552,155,1114
553,155,976
554,155,804
555,155,653
556,155,540
557,155,471
558,155,455
559,155,473
560,155,499
561,155,512
562,155,501
563,155,471
564,155,446
565,155,417
566,155,377
567,155,349
568,155,344
569,155,348
570,155,253
571,155,286
572,155,359
573,155,545
490,156,165
491,156,236
492,156,321
493,156,414
494,156,506
495,156,577
496,156,617
497,156,674
498,156,683
499,156,645
500,156,625
501,156,567
502,156,487
503,156,412
504,156,350
505,156,292
506,156,174
507,156,181
508,156,274
509,156,286
510,156,310
511,156,358
512,156,445
513,156,579
514,156,780
515,156,1039
516,156,1235
517,156,1100
518,156,1001
519,156,1009
520,156,961
521,156,1042
522,156,1024
523,156,872
524,156,781
525,156,921
526,156,1135
527,156,998
528,156,950
529,156,1087
530,156,1322
531,156,1338
532,156,1166
533,156,1228
534,156,1425
535,156,1379
536,156,1102
537,156,911
538,156,956
539,156,1036
540,156,1024
541,156,905
542,156,766
543,156,710
544,156,707
545,156,695
546,156,689
547,156,825
548,156,1052
549,156,1272
550,156,1338
551,156,1306
552,156,1329
553,156,1154
554,156,920
555,156,714
556,156,570
557,156,488
558,156,491
559,156,535
560,156,588
561,156,614
562,156,588
563,156,532
564,156,477
565,156,430
566,156,391
567,156,361
568,156,359
569,156,368
570,156,375
571,156,380
572,156,250
573,156,148
490,157,114
491,157,230
492,157,343
493,157,468
494,157,603
495,157,696
496,157,673
497,157,633
498,157,647
499,157,718
500,157,763
501,157,679
502,157,556
503,157,453
504,157,381
505,157,326
506,157,205
507,157,290
508,157,295
509,157,202
510,157,214
511,157,357
512,157,439
513,157,556
514,157,721
515,157,909
516,157,1035
517,157,1028
518,157,1154
519,157,1275
520,157,1090
521,157,901
522,157,834
523,157,758
524,157,731
525,157,831
526,157,920
527,157,872
528,157,843
529,157,999
530,157,1197
531,157,1263
532,157,1227
533,157,1427
534,157,1634
535,157,1502
536,157,1229
537,157,1089
538,157,1280
539,157,1462
540,157,1431
541,157,1187
542,157,963
543,157,946
544,157,974
545,157,926
546,157,858
547,157,915
548,157,1174
549,157,1496
550,157,1556
551,157,1433
552,157,1614
553,157,1333
554,157,1006
555,157,747
556,157,583
557,157,502
558,157,528
559,157,611
560,157,715
561,157,771
562,157,716
563,157,612
564,157,521
565,157,456
566,157,410
567,157,378
568,157,374
569,157,378
570,157,379
571,157,369
572,157,327
573,157,256
490,158,98
491,158,232
492,158,359
493,158,502
494,158,669
495,158,835
496,158,724
497,158,645
498,158,672
499,158,795
500,158,939
501,158,775
502,158,612
503,158,490
504,158,413
505,158,373
506,158,356
507,158,359
508,158,355
509,158,342
510,158,346
511,158,381
512,158,440
513,158,535
514,158,668
515,158,824
516,158,961
517,158,1043
518,158,1204
519,158,1311
520,158,1096
521,158,878
522,158,745
523,158,699
524,158,698
525,158,744
526,158,769
527,158,754
528,158,781
529,158,952
530,158,1150
531,158,1321
532,158,1393
533,158,1504
534,158,1662
535,158,1495
536,158,1326
537,158,1370
538,158,1642
539,158,1970
540,158,1916
541,158,1486
542,158,1204
543,158,1300
544,158,1389
545,158,1253
546,158,1043
547,158,956
548,158,1166
549,158,1466
550,158,1505
551,158,1300
552,158,1368
553,158,1250
554,158,954
555,158,712
556,158,561
557,158,498
558,158,547
559,158,667
560,158,834
561,158,958
562,158,842
563,158,685
564,158,567
565,158,485
566,158,425
567,158,391
568,158,391
569,158,399
570,158,397
571,158,376
572,158,335
573,158,275
490,159,126
491,159,252
492,159,366
493,159,490
494,159,619
495,159,705
496,159,673
497,159,630
498,159,675
499,159,793
500,159,873
501,159,784
502,159,640
503,159,522
504,159,454
505,159,437
506,159,443
507,159,448
508,159,439
509,159,421
510,159,410
511,159,421
512,159,463
513,159,549
514,159,688
515,159,883
516,159,1103
517,159,1243
518,159,1169
519,159,1126
520,159,987
521,159,847
522,159,773
523,159,772
524,159,802
525,159,802
526,159,763
527,159,740
528,159,847
529,159,1153
530,159,1512
531,159,1829
532,159,1835
533,159,1565
534,159,1497
535,159,1467
536,159,1578
537,159,1738
538,159,1916
539,159,2112
540,159,2009
541,159,1607
542,159,1529
543,159,1707
544,159,1913
545,159,1579
546,159,1186
547,159,928
548,159,1008
549,159,1159
550,159,1181
551,159,1065
552,159,1051
553,159,965
554,159,788
555,159,621
556,159,511
557,159,472
558,159,530
559,159,654
560,159,825
561,159,955
562,159,856
563,159,740
564,159,628
565,159,517
566,159,439
567,159,408
568,159,427
569,159,457
570,159,458
571,159,421
572,159,366
573,159,287
490,160,218
491,160,302
492,160,396
493,160,490
494,160,561
495,160,612
496,160,623
497,160,634
498,160,720
499,160,878
500,160,1000
501,160,878
502,160,710
503,160,587
504,160,533
505,160,532
506,160,564
507,160,582
508,160,564
509,160,526
510,160,498
511,160,496
512,160,518
513,160,596
514,160,739
515,160,955
516,160,1236
517,160,1523
518,160,1265
519,160,1041
520,160,924
521,160,865
522,160,903
523,160,968
524,160,1037
525,160,1015
526,160,908
527,160,855
528,160,1030
529,160,1385
530,160,1841
531,160,2314
532,160,2252
533,160,1811
534,160,1550
535,160,1645
536,160,1914
537,160,2198
538,160,2351
539,160,1958
540,160,1750
541,160,1579
542,160,1813
543,160,2128
544,160,2012
545,160,1616
546,160,1193
547,160,917
548,160,847
549,160,908
550,160,926
551,160,864
552,160,821
553,160,743
554,160,632
555,160,525
556,160,452
557,160,430
558,160,478
559,160,572
560,160,687
561,160,767
562,160,796
563,160,827
564,160,687
565,160,541
566,160,450
567,160,433
568,160,486
569,160,563
570,160,571
571,160,502
572,160,431
573,160,392
490,161,265
491,161,355
492,161,451
493,161,555
494,161,614
495,161,640
496,161,701
497,161,703
498,161,745
499,161,886
500,161,1001
501,161,897
502,161,775
503,161,693
504,161,643
505,161,665
506,161,738
507,161,780
508,161,743
509,161,675
510,161,635
511,161,616
512,161,617
513,161,668
514,161,788
515,161,971
516,161,1186
517,161,1320
518,161,1206
519,161,1031
520,161,935
521,161,1003
522,161,1139
523,161,1255
524,161,1349
525,161,1301
526,161,1088
527,161,980
528,161,1155
529,161,1550
530,161,2101
531,161,2707
532,161,2260
533,161,1909
534,161,1819
535,161,1991
536,161,2111
537,161,2274
538,161,2078
539,161,1869
540,161,1621
541,161,1611
542,161,1846
543,161,2101
544,161,1802
545,161,1385
546,161,1079
547,161,831
548,161,762
549,161,820
550,161,872
551,161,852
552,161,767
553,161,651
554,161,548
555,161,462
556,161,405
557,161,385
558,161,415
559,161,473
560,161,543
561,161,614
562,161,708
563,161,776
564,161,657
565,161,524
566,161,449
567,161,456
568,161,539
569,161,667
570,161,681
571,161,574
572,161,474
573,161,348
490,162,383
491,162,414
492,162,503
493,162,636
494,162,697
495,162,742
496,162,848
497,162,798
498,162,758
499,162,812
500,162,861
501,162,884
502,162,907
503,162,840
504,162,787
505,162,825
506,162,950
507,162,1043
508,162,964
509,162,861
510,162,831
511,162,795
512,162,768
513,162,807
514,162,895
515,162,1047
516,162,1218
517,162,1312
518,162,1234
519,162,1096
520,162,1052
521,162,1196
522,162,1415
523,162,1602
524,162,1540
525,162,1452
526,162,1214
527,162,1081
528,162,1227
529,162,1589
530,162,2052
531,162,2374
532,162,2250
533,162,2035
534,162,2134
535,162,2448
536,162,2466
537,162,2152
538,162,2075
539,162,2173
540,162,2003
541,162,1972
542,162,1888
543,162,1711
544,162,1514
545,162,1160
546,162,1008
547,162,869
548,162,825
549,162,950
550,162,1067
551,162,1056
552,162,909
553,162,722
554,162,564
555,162,452
556,162,379
557,162,343
558,162,358
559,162,391
560,162,435
561,162,495
562,162,559
563,162,589
564,162,541
565,162,473
566,162,437
567,162,465
568,162,547
569,162,642
570,162,671
571,162,632
572,162,570
573,162,430
490,163,390
491,163,435
492,163,516
493,163,616
494,163,677
495,163,766
496,163,879
497,163,842
498,163,816
499,163,797
500,163,819
501,163,934
502,163,1126
503,163,1005
504,163,960
505,163,983
506,163,1122
507,163,1323
508,163,1142
509,163,1068
510,163,1086
511,163,1024
512,163,963
513,163,1024
514,163,1124
515,163,1314
516,163,1582
517,163,1768
518,163,1600
519,163,1345
520,163,1198
521,163,1348
522,163,1657
523,163,1773
524,163,1725
525,163,1583
526,163,1370
527,163,1228
528,163,1410
529,163,1814
530,163,2337
531,163,2715
532,163,2652
533,163,2439
534,163,2432
535,163,2716
536,163,2692
537,163,2382
538,163,2615
539,163,2883
540,163,2663
541,163,2596
542,163,2338
543,163,1817
544,163,1572
545,163,1303
546,163,1189
547,163,1012
548,163,953
549,163,1159
550,163,1390
551,163,1380
552,163,1116
553,163,833
554,163,615
555,163,469
556,163,373
557,163,223
558,163,304
559,163,331
560,163,364
561,163,402
562,163,438
563,163,455
564,163,445
565,163,430
566,163,440
567,163,490
568,163,569
569,163,644
570,163,699
571,163,771
572,163,800
573,163,672
490,164,362
491,164,445
492,164,541
493,164,633
494,164,683
495,164,735
496,164,797
497,164,861
498,164,937
499,164,859
500,164,804
501,164,927
502,164,1095
503,164,1116
504,164,1223
505,164,1171
506,164,1137
507,164,1179
508,164,1138
509,164,1233
510,164,1363
511,164,1244
512,164,1156
513,164,1292
514,164,1431
515,164,1506
516,164,1883
517,164,2317
518,164,1928
519,164,1586
520,164,1397
521,164,1403
522,164,1620
523,164,1849
524,164,2272
525,164,2251
526,164,1878
527,164,1577
528,164,1634
529,164,2082
530,164,2751
531,164,3475
532,164,3273
533,164,3059
534,164,2781
535,164,2740
536,164,2640
537,164,2548
538,164,3063
539,164,3751
540,164,3350
541,164,2997
542,164,2562
543,164,1884
544,164,1909
545,164,1547
546,164,1383
547,164,1112
548,164,1028
549,164,1280
550,164,1635
551,164,1626
552,164,1233
553,164,890
554,164,643
555,164,483
556,164,383
557,164,310
558,164,196
559,164,287
560,164,320
561,164,347
562,164,370
563,164,385
564,164,396
565,164,421
566,164,492
567,164,596
568,164,704
569,164,775
570,164,834
571,164,991
572,164,1162
573,164,1196
490,165,341
491,165,482
492,165,637
493,165,786
494,165,826
495,165,779
496,165,774
497,165,865
498,165,945
499,165,860
500,165,782
501,165,862
502,165,1008
503,165,1237
504,165,1524
505,165,1327
506,165,1141
507,165,1064
508,165,1079
509,165,1232
510,165,1388
511,165,1300
512,165,1276
513,165,1543
514,165,1794
515,165,1761
516,165,1930
517,165,2142
518,165,2075
519,165,1940
520,165,1639
521,165,1481
522,165,1620
523,165,2115
524,165,2687
525,165,2688
526,165,2147
527,165,1793
528,165,1831
529,165,2272
530,165,2904
531,165,3730
532,165,4127
533,165,3759
534,165,3603
535,165,3240
536,165,2903
537,165,2886
538,165,3210
539,165,3667
540,165,4280
541,165,3303
542,165,2447
543,165,1894
544,165,1964
545,165,1863
546,165,1311
547,165,1063
548,165,980
549,165,1174
550,165,1398
551,165,1386
552,165,1123
553,165,840
554,165,623
555,165,479
556,165,388
557,165,323
558,165,194
559,165,196
560,165,304
561,165,332
562,165,353
563,165,371
564,165,395
565,165,455
566,165,562
567,165,720
568,165,892
569,165,969
570,165,987
571,165,1145
572,165,1416
573,165,1732
490,166,352
491,166,502
492,166,692
493,166,907
494,166,950
495,166,842
496,166,791
497,166,828
498,166,843
499,166,791
500,166,740
501,166,796
502,166,953
503,166,1193
504,166,1444
505,166,1422
506,166,1192
507,166,1024
508,166,1000
509,166,1096
510,166,1186
511,166,1202
512,166,1318
513,166,1615
514,166,1901
515,166,1903
516,166,2011
517,166,2284
518,166,2306
519,166,2198
520,166,1874
521,166,1760
522,166,1772
523,166,2075
524,166,2429
525,166,2444
526,166,2124
527,166,1898
528,166,2109
529,166,2591
530,166,3109
531,166,3828
532,166,4041
533,166,4557
534,166,4325
535,166,4089
536,166,3769
537,166,3637
538,166,3674
539,166,4147
540,166,4101
541,166,3157
542,166,2359
543,166,1764
544,166,1629
545,166,1596
546,166,1170
547,166,959
548,166,873
549,166,970
550,166,1073
551,166,1057
552,166,909
553,166,725
554,166,571
555,166,464
556,166,396
557,166,354
558,166,328
559,166,324
560,166,344
561,166,369
562,166,395
563,166,417
564,166,440
565,166,499
566,166,613
567,166,797
568,166,1033
569,166,1109
570,166,1065
571,166,1169
572,166,1454
573,166,1781
490,167,320
491,167,465
492,167,635
493,167,823
494,167,883
495,167,864
496,167,893
497,167,898
498,167,827
499,167,750
500,167,706
501,167,754
502,167,904
503,167,1134
504,167,1376
505,167,1379
506,167,1165
507,167,1002
508,167,956
509,167,1015
510,167,1076
511,167,1128
512,167,1288
513,167,1563
514,167,1837
515,167,2063
516,167,2181
517,167,2469
518,167,2676
519,167,2763
520,167,2198
521,167,2182
522,167,2058
523,167,2042
524,167,2355
525,167,2463
526,167,2269
527,167,2097
528,167,2357
529,167,2962
530,167,3531
531,167,3663
532,167,4071
533,167,4468
534,167,4700
535,167,5038
536,167,4560
537,167,4557
538,167,4187
539,167,3923
540,167,3691
541,167,3008
542,167,2135
543,167,1861
544,167,1827
545,167,1551
546,167,1199
547,167,941
548,167,821
549,167,817
550,167,840
551,167,812
552,167,725
553,167,618
554,167,526
555,167,462
556,167,427
557,167,407
558,167,402
559,167,404
560,167,418
561,167,455
562,167,496
563,167,525
564,167,536
565,167,555
566,167,631
567,167,766
568,167,925
569,167,997
570,167,1012
571,167,1136
572,167,1420
573,167,1730
490,168,331
491,168,459
492,168,614
493,168,762
494,168,815
495,168,934
496,168,1074
497,168,1083
498,168,944
499,168,798
500,168,710
501,168,721
502,168,826
503,168,986
504,168,1128
505,168,1145
506,168,1056
507,168,995
508,168,1050
509,168,1138
510,168,1187
511,168,1214
512,168,1353
513,168,1665
514,168,2062
515,168,2414
516,168,2461
517,168,2414
518,168,2644
519,168,2412
520,168,2408
521,168,2706
522,168,2427
523,168,2374
524,168,2665
525,168,2919
526,168,2567
527,168,2287
528,168,2472
529,168,3053
530,168,3586
531,168,3667
532,168,3995
533,168,4726
534,168,4916
535,168,4996
536,168,5444
537,168,5631
538,168,4671
539,168,3832
540,168,3579
541,168,2997
542,168,2198
543,168,1952
544,168,1912
545,168,1620
546,168,1275
547,168,1030
548,168,897
549,168,833
550,168,780
551,168,709
552,168,626
553,168,566
554,168,527
555,168,514
556,168,508
557,168,503
558,168,513
559,168,522
560,168,534
561,168,593
562,168,665
563,168,708
564,168,697
565,168,659
566,168,648
567,168,697
568,168,771
569,168,826
570,168,878
571,168,1012
572,168,1270
573,168,1669
490,169,317
491,169,442
492,169,589
493,169,734
494,169,813
495,169,1008
496,169,1249
497,169,1271
498,169,1054
499,169,855
500,169,728
501,169,691
502,169,741
503,169,832
504,169,914
505,169,951
506,169,969
507,169,1076
508,169,1264
509,169,1441
510,169,1493
511,169,1448
512,169,1497
513,169,1803
514,169,2262
515,169,2759
516,169,2502
517,169,2255
518,169,2279
519,169,2273
520,169,2489
521,169,2777
522,169,2898
523,169,2792
524,169,2843
525,169,3038
526,169,2703
527,169,2482
528,169,2566
529,169,2969
530,169,3373
531,169,3629
532,169,4089
533,169,4992
534,169,5370
535,169,5679
536,169,5401
537,169,5823
538,169,5072
539,169,4077
540,169,4130
541,169,3294
542,169,2624
543,169,2123
544,169,1949
545,169,1730
546,169,1449
547,169,1255
548,169,1191
549,169,1077
550,169,919
551,169,747
552,169,644
553,169,600
554,169,612
555,169,641
556,169,661
557,169,667
558,169,696
559,169,707
560,169,704
561,169,786
562,169,905
563,169,977
564,169,931
565,169,819
566,169,712
567,169,658
568,169,658
569,169,679
570,169,725
571,169,824
572,169,983
573,169,1184
490,170,294
491,170,414
492,170,542
493,170,668
494,170,793
495,170,1018
496,170,1232
497,170,1312
498,170,1148
499,170,926
500,170,761
501,170,679
502,170,676
503,170,718
504,170,772
505,170,835
506,170,963
507,170,1198
508,170,1531
509,170,1858
510,170,1925
511,170,1761
512,170,1695
513,170,1906
514,170,2246
515,170,2515
516,170,2333
517,170,2089
518,170,2043
519,170,2236
520,170,3023
521,170,3754
522,170,3802
523,170,3241
524,170,2904
525,170,2814
526,170,3062
527,170,3059
528,170,2995
529,170,3201
530,170,3604
531,170,4050
532,170,4524
533,170,5138
534,170,5545
535,170,5910
536,170,5872
537,170,5788
538,170,5112
539,170,4105
540,170,3848
541,170,3479
542,170,3086
543,170,2801
544,170,2543
545,170,2363
546,170,2023
547,170,1758
548,170,1681
549,170,1489
550,170,1191
551,170,934
552,170,756
553,170,720
554,170,775
555,170,857
556,170,911
557,170,921
558,170,974
559,170,983
560,170,954
561,170,1009
562,170,1189
563,170,1319
564,170,1206
565,170,999
566,170,807
567,170,668
568,170,594
569,170,571
570,170,595
571,170,643
572,170,686
573,170,636
490,171,255
491,171,394
492,171,521
493,171,655
494,171,817
495,171,1082
496,171,1348
497,171,1553
498,171,1263
499,171,984
500,171,786
501,171,674
502,171,632
503,171,645
504,171,690
505,171,786
506,171,967
507,171,1271
508,171,1706
509,171,2210
510,171,2330
511,171,2083
512,171,1973
513,171,2196
514,171,2378
515,171,2500
516,171,2340
517,171,2073
518,171,1960
519,171,2386
520,171,3080
521,171,3825
522,171,3900
523,171,3280
524,171,3079
525,171,2985
526,171,3524
527,171,3612
528,171,3528
529,171,3912
530,171,4255
531,171,4581
532,171,4877
533,171,5084
534,171,5745
535,171,6589
536,171,6065
537,171,5413
538,171,4888
539,171,4459
540,171,4359
541,171,3944
542,171,3689
543,171,3460
544,171,3183
545,171,3026
546,171,2566
547,171,2365
548,171,2253
549,171,1937
550,171,1507
551,171,1153
552,171,923
553,171,906
554,171,1008
555,171,1162
556,171,1266
557,171,1255
558,171,1345
559,171,1339
560,171,1221
561,171,1190
562,171,1399
563,171,1666
564,171,1404
565,171,1126
566,171,883
567,171,693
568,171,570
569,171,522
570,171,523
571,171,540
572,171,535
573,171,486
490,172,294
491,172,404
492,172,538
493,172,694
494,172,932
495,172,1203
496,172,1471
497,172,1497
498,172,1241
499,172,983
500,172,786
501,172,666
502,172,607
503,172,589
504,172,643
505,172,751
506,172,937
507,172,1240
508,172,1670
509,172,2173
510,172,2627
511,172,2304
512,172,2213
513,172,2544
514,172,2712
515,172,2895
516,172,2589
517,172,2204
518,172,1972
519,172,2147
520,172,2770
521,172,3282
522,172,3546
523,172,3411
524,172,3478
525,172,3207
526,172,3320
527,172,3592
528,172,4136
529,172,5185
530,172,5513
531,172,5421
532,172,5396
533,172,5503
534,172,5761
535,172,6279
536,172,5720
537,172,5282
538,172,5284
539,172,5208
540,172,5212
541,172,4279
542,172,3813
543,172,3607
544,172,3355
545,172,3248
546,172,2939
547,172,3055
548,172,2906
549,172,2347
550,172,1792
551,172,1367
552,172,1132
553,172,1145
554,172,1302
555,172,1510
556,172,1684
557,172,1573
558,172,1725
559,172,1699
560,172,1427
561,172,1263
562,172,1383
563,172,1497
564,172,1377
565,172,1146
566,172,908
567,172,695
568,172,561
569,172,496
570,172,495
571,172,514
572,172,474
573,172,337
490,173,150
491,173,409
492,173,583
493,173,771
494,173,991
495,173,1236
496,173,1487
497,173,1476
498,173,1223
499,173,969
500,173,778
501,173,656
502,173,582
503,173,396
504,173,614
505,173,717
506,173,874
507,173,1120
508,173,1461
509,173,1876
510,173,2190
511,173,2280
512,173,2362
513,173,2741
514,173,2888
515,173,3012
516,173,2692
517,173,2339
518,173,2151
519,173,2245
520,173,2486
521,173,2879
522,173,3956
523,173,4751
524,173,4799
525,173,3976
526,173,3963
527,173,4246
528,173,5014
529,173,6289
530,173,6694
531,173,6656
532,173,6443
533,173,6230
534,173,6156
535,173,6261
536,173,5949
537,173,5739
538,173,5564
539,173,5823
540,173,4770
541,173,4113
542,173,3593
543,173,3470
544,173,3381
545,173,3328
546,173,3408
547,173,3627
548,173,3436
549,173,2646
550,173,1986
551,173,1539
552,173,1436
553,173,1467
554,173,1614
555,173,1829
556,173,1819
557,173,1644
558,173,1758
559,173,1719
560,173,1447
561,173,1291
562,173,1326
563,173,1390
564,173,1311
565,173,1123
566,173,900
567,173,686
568,173,550
569,173,482
570,173,490
571,173,579
572,173,534
573,173,355
490,174,223
491,174,434
492,174,624
493,174,828
494,174,1059
495,174,1294
496,174,1388
497,174,1301
498,174,1137
499,174,933
500,174,768
501,174,661
502,174,604
503,174,589
504,174,645
505,174,713
506,174,822
507,174,988
508,174,1239
509,174,1486
510,174,1848
511,174,2224
512,174,2577
513,174,3268
514,174,3293
515,174,2907
516,174,2657
517,174,2510
518,174,2520
519,174,2637
520,174,2763
521,174,3029
522,174,3937
523,174,4711
524,174,4990
525,174,5570
526,174,5058
527,174,5258
528,174,6259
529,174,7034
530,174,7434
531,174,7884
532,174,7947
533,174,7460
534,174,6956
535,174,6645
536,174,6365
537,174,6117
538,174,5814
539,174,5264
540,174,4405
541,174,4039
542,174,3723
543,174,3921
544,174,3895
545,174,4057
546,174,4233
547,174,3829
548,174,3236
549,174,2569
550,174,2000
551,174,1820
552,174,1812
553,174,1926
554,174,2097
555,174,1992
556,174,1749
557,174,1491
558,174,1459
559,174,1410
560,174,1292
561,174,1272
562,174,1425
563,174,1529
564,174,1420
565,174,1181
566,174,919
567,174,672
568,174,524
569,174,442
570,174,416
571,174,418
572,174,378
573,174,295
490,175,293
491,175,479
492,175,659
493,175,860
494,175,1085
495,175,1304
496,175,1369
497,175,1251
498,175,1077
499,175,909
500,175,778
501,175,693
502,175,655
503,175,668
504,175,736
505,175,800
506,175,858
507,175,926
508,175,1096
509,175,1379
510,175,1799
511,175,2334
512,175,3111
513,175,3780
514,175,3336
515,175,2921
516,175,2727
517,175,2993
518,175,3371
519,175,3246
520,175,3280
521,175,3496
522,175,4299
523,175,4952
524,175,5250
525,175,6148
526,175,6048
527,175,6422
528,175,7137
529,175,7477
530,175,5895
531,175,9274
532,175,9585
533,175,9170
534,175,8518
535,175,7985
536,175,7541
537,175,7106
538,175,6205
539,175,5417
540,175,4671
541,175,4330
542,175,4179
543,175,4782
544,175,4461
545,175,4724
546,175,4322
547,175,3814
548,175,3123
549,175,2451
550,175,2202
551,175,2211
552,175,2174
553,175,2383
554,175,2468
555,175,2368
556,175,1829
557,175,1368
558,175,1180
559,175,1117
560,175,1106
561,175,1263
562,175,1549
563,175,1766
564,175,1547
565,175,1213
566,175,907
567,175,660
568,175,481
569,175,386
570,175,333
571,175,302
572,175,270
573,175,225
490,176,434
491,176,532
492,176,682
493,176,872
494,176,1085
495,176,1277
496,176,1381
497,176,1303
498,176,1136
499,176,969
500,176,853
501,176,785
502,176,758
503,176,799
504,176,917
505,176,1008
506,176,1050
507,176,1083
508,176,1233
509,176,1526
510,176,1871
511,176,2447
512,176,3430
513,176,3659
514,176,3297
515,176,2968
516,176,2945
517,176,3316
518,176,3937
519,176,4738
520,176,4327
521,176,4600
522,176,4848
523,176,5313
524,176,5798
525,176,6695
526,176,7317
527,176,7324
528,176,5358
529,176,5991
530,176,9776
531,176,10923
532,176,11142
533,176,10748
534,176,10253
535,176,9482
536,176,8562
537,176,7637
538,176,6924
539,176,6127
540,176,5510
541,176,4876
542,176,5027
543,176,5831
544,176,4886
545,176,4273
546,176,3787
547,176,3270
548,176,2776
549,176,2574
550,176,2437
551,176,2658
552,176,2256
553,176,2345
554,176,2150
555,176,2028
556,176,1632
557,176,1239
558,176,962
559,176,895
560,176,958
561,176,1170
562,176,1475
563,176,1698
564,176,1468
565,176,1130
566,176,830
567,176,598
568,176,424
569,176,330
570,176,270
571,176,234
572,176,209
573,176,183
490,177,436
491,177,545
492,177,690
493,177,884
494,177,1123
495,177,1381
496,177,1556
497,177,1442
498,177,1265
499,177,1099
500,177,1004
501,177,950
502,177,930
503,177,1014
504,177,1207
505,177,1355
506,177,1391
507,177,1355
508,177,1489
509,177,1839
510,177,2323
511,177,2792
512,177,3584
513,177,3776
514,177,3488
515,177,3189
516,177,3150
517,177,3485
518,177,4000
519,177,4451
520,177,5008
521,177,5275
522,177,5531
523,177,5742
524,177,6852
525,177,7734
526,177,8371
527,177,6137
528,177,6239
529,177,6960
530,177,7903
531,177,8460
532,177,8552
533,177,8414
534,177,11571
535,177,10657
536,177,9703
537,177,8611
538,177,7843
539,177,6815
540,177,6177
541,177,5183
542,177,4903
543,177,4974
544,177,4895
545,177,4555
546,177,3671
547,177,3046
548,177,2954
549,177,2868
550,177,2679
551,177,2388
552,177,2031
553,177,1855
554,177,1689
555,177,1542
556,177,1298
557,177,1029
558,177,808
559,177,741
560,177,811
561,177,980
562,177,1183
563,177,1285
564,177,1166
565,177,931
566,177,698
567,177,510
568,177,363
569,177,281
570,177,227
571,177,195
572,177,176
573,177,162
490,178,443
491,178,544
492,178,675
493,178,855
494,178,1089
495,178,1357
496,178,1563
497,178,1525
498,178,1440
499,178,1302
500,178,1231
501,178,1190
502,178,1169
503,178,1328
504,178,1583
505,178,1822
506,178,1855
507,178,1728
508,178,1801
509,178,2192
510,178,2812
511,178,3093
512,178,3732
513,178,4221
514,178,3833
515,178,3644
516,178,3647
517,178,3806
518,178,4034
519,178,4411
520,178,4903
521,178,5294
522,178,5754
523,178,6377
524,178,7586
525,178,8899
526,178,10058
527,178,10537
528,178,7829
529,178,8580
530,178,9488
531,178,10063
532,178,10095
533,178,9592
534,178,8897
535,178,8026
536,178,10649
537,178,9480
538,178,8242
539,178,7076
540,178,5914
541,178,5205
542,178,4562
543,178,4305
544,178,4274
545,178,3956
546,178,3212
547,178,3177
548,178,3390
549,178,3150
550,178,2496
551,178,1963
552,178,1632
553,178,1397
554,178,1267
555,178,1120
556,178,1024
557,178,895
558,178,758
559,178,675
560,178,683
561,178,778
562,178,884
563,178,925
564,178,854
565,178,710
566,178,553
567,178,419
568,178,316
569,178,237
570,178,191
571,178,166
572,178,153
573,178,151
490,179,460
491,179,557
492,179,661
493,179,796
494,179,980
495,179,1197
496,179,1393
497,179,1612
498,179,1634
499,179,1544
500,179,1483
501,179,1457
502,179,1417
503,179,1687
504,179,1924
505,179,2310
506,179,2339
507,179,2088
508,179,2223
509,179,2572
510,179,2873
511,179,3534
512,179,4173
513,179,4492
514,179,4244
515,179,4413
516,179,4313
517,179,4485
518,179,4578
519,179,4650
520,179,5078
521,179,5599
522,179,6317
523,179,7040
524,179,8287
525,179,9821
526,179,10863
527,179,8267
528,179,8978
529,179,10180
530,179,11295
531,179,11981
532,179,11996
533,179,11283
534,179,10042
535,179,8814
536,179,11439
537,179,10213
538,179,8465
539,179,7010
540,179,5829
541,179,5085
542,179,4344
543,179,3843
544,179,3693
545,179,3452
546,179,3066
547,179,3026
548,179,2779
549,179,2518
550,179,2103
551,179,1634
552,179,1281
553,179,1107
554,179,1033
555,179,1045
556,179,1061
557,179,979
558,179,810
559,179,677
560,179,618
561,179,629
562,179,665
563,179,670
564,179,621
565,179,532
566,179,431
567,179,340
568,179,263
569,179,136
570,179,108
571,179,96
572,179,89
573,179,83
490,180,493
491,180,606
492,180,699
493,180,779
494,180,871
495,180,1045
496,180,1282
497,180,1548
498,180,1692
499,180,1677
500,180,1546
501,180,1554
502,180,1600
503,180,2022
504,180,2200
505,180,2407
506,180,2435
507,180,2248
508,180,2548
509,180,3138
510,180,3219
511,180,3651
512,180,4215
513,180,4484
514,180,4614
515,180,5240
516,180,4754
517,180,5150
518,180,5286
519,180,5188
520,180,5852
521,180,6376
522,180,6788
523,180,7568
524,180,8885
525,180,10294
526,180,8058
527,180,8595
528,180,9873
529,180,11316
530,180,12597
531,180,13385
532,180,13409
533,180,12572
534,180,11052
535,180,9292
536,180,8083
537,180,10188
538,180,8457
539,180,6883
540,180,5749
541,180,4972
542,180,4244
543,180,3853
544,180,3911
545,180,3729
546,180,3120
547,180,2595
548,180,2228
549,180,1923
550,180,1622
551,180,1305
552,180,1051
553,180,1030
554,180,1068
555,180,1162
556,180,1292
557,180,1212
558,180,931
559,180,731
560,180,620
561,180,560
562,180,543
563,180,519
564,180,475
565,180,413
566,180,344
567,180,277
568,180,220
569,180,116
570,180,95
571,180,86
572,180,81
573,180,77
490,181,587
491,181,715
492,181,812
493,181,846
494,181,842
495,181,896
496,181,1070
497,181,1254
498,181,1417
499,181,1454
500,181,1469
501,181,1600
502,181,1646
503,181,2008
504,181,2132
505,181,2094
506,181,2188
507,181,2228
508,181,2539
509,181,2979
510,181,3673
511,181,3459
512,181,3822
513,181,4341
514,181,4460
515,181,4555
516,181,4539
517,181,5179
518,181,5369
519,181,5568
520,181,6476
521,181,7269
522,181,7135
523,181,8126
524,181,9296
525,181,10856
526,181,11809
527,181,9024
528,181,10171
529,181,11636
530,181,12937
531,181,13747
532,181,13783
533,181,12926
534,181,11335
535,181,9443
536,181,7923
537,181,10104
538,181,8372
539,181,6827
540,181,5724
541,181,4776
542,181,4193
543,181,3929
544,181,3983
545,181,3807
546,181,3124
547,181,2364
548,181,1861
549,181,1501
550,181,1253
551,181,1070
552,181,1020
553,181,1152
554,181,1313
555,181,1330
556,181,1392
557,181,1283
558,181,1003
559,181,809
560,181,683
561,181,595
562,181,519
563,181,453
564,181,400
565,181,347
566,181,286
567,181,164
568,181,133
569,181,106
570,181,94
571,181,86
572,181,80
573,181,72
490,182,758
491,182,870
492,182,984
493,182,971
494,182,845
495,182,791
496,182,855
497,182,972
498,182,1087
499,182,1186
500,182,1415
501,182,1750
502,182,1593
503,182,1662
504,182,1768
505,182,1843
506,182,2094
507,182,2386
508,182,2540
509,182,2730
510,182,3002
511,182,3059
512,182,3681
513,182,3918
514,182,3788
515,182,3938
516,182,4103
517,182,4515
518,182,4821
519,182,5430
520,182,6351
521,182,6823
522,182,7141
523,182,8200
524,182,9085
525,182,10413
526,182,8101
527,182,8572
528,182,9744
529,182,11050
530,182,12208
531,182,12931
532,182,12962
533,182,12185
534,182,10746
535,182,9052
536,182,7808
537,182,9761
538,182,8162
539,182,6860
540,182,5658
541,182,4775
542,182,4533
543,182,4291
544,182,3929
545,182,3857
546,182,3213
547,182,2431
548,182,1787
549,182,1300
550,182,1046
551,182,964
552,182,1055
553,182,1312
554,182,1632
555,182,1636
556,182,1336
557,182,1170
558,182,1028
559,182,956
560,182,848
561,182,698
562,182,560
563,182,454
564,182,378
565,182,329
566,182,284
567,182,241
568,182,205
569,182,122
570,182,107
571,182,98
572,182,86
573,182,75
490,183,1105
491,183,1032
492,183,1036
493,183,971
494,183,804
495,183,700
496,183,681
497,183,748
498,183,825
499,183,962
500,183,1159
501,183,1329
502,183,1308
503,183,1302
504,183,1445
505,183,1728
506,183,2150
507,183,2549
508,183,2617
509,183,2377
510,183,2392
511,183,2610
512,183,3014
513,183,3261
514,183,3413
515,183,3908
516,183,4071
517,183,4035
518,183,4396
519,183,5115
520,183,6108
521,183,6529
522,183,6834
523,183,7459
524,183,8537
525,183,10028
526,183,11067
527,183,8354
528,183,8897
529,183,9862
530,183,10743
531,183,11290
532,183,11292
533,183,10660
534,183,9549
535,183,8591
536,183,10772
537,183,9392
538,183,7898
539,183,6893
540,183,5781
541,183,4930
542,183,4928
543,183,4948
544,183,4150
545,183,3823
546,183,3145
547,183,2379
548,183,1762
549,183,1326
550,183,1097
551,183,1029
552,183,1085
553,183,1326
554,183,1636
555,183,1633
556,183,1324
557,183,1104
558,183,1164
559,183,1234
560,183,1065
561,183,820
562,183,614
563,183,474
564,183,394
565,183,350
566,183,311
567,183,275
568,183,244
569,183,218
570,183,199
571,183,177
572,183,104
573,183,78
490,184,1430
491,184,1161
492,184,933
493,184,829
494,184,705
495,184,614
496,184,577
497,184,605
498,184,649
499,184,753
500,184,866
501,184,962
502,184,991
503,184,1033
504,184,1222
505,184,1562
506,184,2004
507,184,2369
508,184,2271
509,184,2135
510,184,1936
511,184,2037
512,184,2317
513,184,2615
514,184,3096
515,184,3729
516,184,3936
517,184,3861
518,184,4011
519,184,4617
520,184,5466
521,184,6281
522,184,6405
523,184,6906
524,184,7846
525,184,9205
526,184,10574
527,184,11287
528,184,8296
529,184,8771
530,184,9351
531,184,9697
532,184,9647
533,184,9150
534,184,8504
535,184,11151
536,184,10050
537,184,8642
538,184,7802
539,184,6630
540,184,5881
541,184,5034
542,184,4907
543,184,4575
544,184,3971
545,184,3337
546,184,2755
547,184,2180
548,184,1745
549,184,1542
550,184,1314
551,184,1231
552,184,1222
553,184,1230
554,184,1322
555,184,1302
556,184,1145
557,184,1075
558,184,1263
559,184,1543
560,184,1197
561,184,875
562,184,636
563,184,485
564,184,434
565,184,405
566,184,367
567,184,326
568,184,292
569,184,273
570,184,251
571,184,223
572,184,185
573,184,91
490,185,1098
491,185,988
492,185,826
493,185,702
494,185,612
495,185,552
496,185,546
497,185,578
498,185,608
499,185,617
500,185,628
501,185,702
502,185,744
503,185,813
504,185,1007
505,185,1290
506,185,1611
507,185,1853
508,185,2120
509,185,2051
510,185,1689
511,185,1555
512,185,1805
513,185,2179
514,185,2733
515,185,3279
516,185,3776
517,185,4179
518,185,3939
519,185,3937
520,185,4691
521,185,5202
522,185,5915
523,185,6160
524,185,7190
525,185,8326
526,185,9428
527,185,10413
528,185,11045
529,185,11722
530,185,12251
531,185,12513
532,185,12348
533,185,11719
534,185,10786
535,185,9890
536,185,8711
537,185,7716
538,185,7317
539,185,6365
540,185,6459
541,185,5317
542,185,5566
543,185,5129
544,185,4098
545,185,3178
546,185,2435
547,185,2022
548,185,1963
549,185,1953
550,185,1739
551,185,1530
552,185,1499
553,185,1281
554,185,1102
555,185,1003
556,185,917
557,185,934
558,185,1089
559,185,1199
560,185,1041
561,185,797
562,185,601
563,185,508
564,185,505
565,185,508
566,185,464
567,185,406
568,185,371
569,185,352
570,185,317
571,185,276
572,185,239
573,185,215
490,186,771
491,186,784
492,186,705
493,186,618
494,186,562
495,186,542
496,186,567
497,186,627
498,186,674
499,186,620
500,186,557
501,186,538
502,186,564
503,186,640
504,186,799
505,186,997
506,186,1206
507,186,1448
508,186,1657
509,186,1625
510,186,1402
511,186,1319
512,186,1588
513,186,2092
514,186,2689
515,186,3192
516,186,3715
517,186,4175
518,186,3846
519,186,3635
520,186,3853
521,186,4345
522,186,4909
523,186,5423
524,186,6305
525,186,7208
526,186,8035
527,186,8915
528,186,9659
529,186,10061
530,186,10233
531,186,10324
532,186,10147
533,186,9635
534,186,9036
535,186,8337
536,186,7623
537,186,7056
538,186,6728
539,186,5837
540,186,5505
541,186,4879
542,186,4709
543,186,4841
544,186,3880
545,186,2994
546,186,2332
547,186,2087
548,186,2266
549,186,2493
550,186,2150
551,186,1768
552,186,1649
553,186,1319
554,186,1022
555,186,832
556,186,724
557,186,750
558,186,833
559,186,873
560,186,793
561,186,650
562,186,528
563,186,530
564,186,608
565,186,675
566,186,597
567,186,506
568,186,490
569,186,471
570,186,408
571,186,336
572,186,282
573,186,252
490,187,711
491,187,680
492,187,631
493,187,588
494,187,575
495,187,581
496,187,619
497,187,699
498,187,820
499,187,652
500,187,532
501,187,473
502,187,468
503,187,511
504,187,628
505,187,753
506,187,903
507,187,1062
508,187,1179
509,187,1180
510,187,1116
511,187,1172
512,187,1586
513,187,2213
514,187,2967
515,187,3574
516,187,3596
517,187,4037
518,187,3761
519,187,3849
520,187,3885
521,187,3748
522,187,4110
523,187,5063
524,187,6142
525,187,6556
526,187,6854
527,187,7568
528,187,8232
529,187,8284
530,187,8210
531,187,8108
532,187,8046
533,187,7782
534,187,7694
535,187,7322
536,187,6916
537,187,6428
538,187,5718
539,187,5319
540,187,5004
541,187,4414
542,187,4122
543,187,4012
544,187,3485
545,187,2810
546,187,2253
547,187,2152
548,187,2351
549,187,2583
550,187,2303
551,187,2083
552,187,1735
553,187,1322
554,187,997
555,187,766
556,187,626
557,187,605
558,187,627
559,187,633
560,187,587
561,187,512
562,187,473
563,187,529
564,187,676
565,187,880
566,187,697
567,187,585
568,187,642
569,187,626
570,187,510
571,187,394
572,187,314
573,187,264
490,188,626
491,188,625
492,188,610
493,188,622
494,188,657
495,188,689
496,188,687
497,188,704
498,188,704
499,188,606
500,188,504
501,188,441
502,188,423
503,188,445
504,188,513
505,188,591
506,188,682
507,188,771
508,188,841
509,188,875
510,188,919
511,188,1085
512,188,1580
513,188,2233
514,188,2991
515,188,3567
516,188,3356
517,188,3361
518,188,3505
519,188,4120
520,188,4126
521,188,3526
522,188,3500
523,188,4471
524,188,5324
525,188,5719
526,188,6058
527,188,6660
528,188,7335
529,188,7145
530,188,6893
531,188,6569
532,188,6562
533,188,6603
534,188,6796
535,188,6976
536,188,6184
537,188,5452
538,188,5335
539,188,5319
540,188,5156
541,188,4228
542,188,4044
543,188,3674
544,188,3250
545,188,2816
546,188,2454
547,188,2419
548,188,2312
549,188,2302
550,188,2294
551,188,2514
552,188,1936
553,188,1427
554,188,1039
555,188,763
556,188,610
557,188,534
558,188,507
559,188,488
560,188,454
561,188,411
562,188,415
563,188,474
564,188,585
565,188,676
566,188,633
567,188,621
568,188,754
569,188,744
570,188,569
571,188,426
572,188,330
573,188,268
490,189,592
491,189,627
492,189,643
493,189,694
494,189,784
495,189,867
496,189,855
497,189,756
498,189,658
499,189,564
500,189,485
501,189,439
502,189,425
503,189,439
504,189,465
505,189,493
506,189,547
507,189,594
508,189,652
509,189,723
510,189,852
511,189,1113
512,189,1568
513,189,2162
514,189,2869
515,189,3586
516,189,3052
517,189,2746
518,189,3035
519,189,3468
520,189,3466
521,189,3052
522,189,2948
523,189,3651
524,189,4518
525,189,5433
526,189,5735
527,189,5923
528,189,6280
529,189,6453
530,189,6358
531,189,5799
532,189,5676
533,189,6170
534,189,7014
535,189,6460
536,189,5556
537,189,4728
538,189,4495
539,189,4557
540,189,4460
541,189,4080
542,189,4419
543,189,3730
544,189,3563
545,189,3081
546,189,2745
547,189,2888
548,189,2559
549,189,2255
550,189,2241
551,189,2140
552,189,1821
553,189,1438
554,189,1103
555,189,850
556,189,669
557,189,548
558,189,477
559,189,437
560,189,399
561,189,367
562,189,368
563,189,402
564,189,461
565,189,508
566,189,517
567,189,560
568,189,652
569,189,646
570,189,530
571,189,412
572,189,327
573,189,267
490,190,757
491,190,700
492,190,693
493,190,762
494,190,911
495,190,1072
496,190,1060
497,190,907
498,190,724
499,190,578
500,190,487
501,190,458
502,190,467
503,190,487
504,190,497
505,190,494
506,190,492
507,190,508
508,190,583
509,190,712
510,190,930
511,190,1254
512,190,1657
513,190,2054
514,190,2537
515,190,2796
516,190,2549
517,190,2258
518,190,2398
519,190,2619
520,190,2614
521,190,2407
522,190,2387
523,190,3025
524,190,3908
525,190,4720
526,190,5077
527,190,5237
528,190,5284
529,190,5588
530,190,5504
531,190,5055
532,190,4969
533,190,5485
534,190,5904
535,190,5774
536,190,4919
537,190,4034
538,190,3648
539,190,3591
540,190,3502
541,190,3437
542,190,3560
543,190,3209
544,190,3400
545,190,2989
546,190,2703
547,190,2873
548,190,2562
549,190,2451
550,190,2252
551,190,1965
552,190,1712
553,190,1559
554,190,1295
555,190,1003
556,190,781
557,190,623
558,190,537
559,190,478
560,190,422
561,190,374
562,190,347
563,190,351
564,190,376
565,190,402
566,190,422
567,190,468
568,190,517
569,190,513
570,190,451
571,190,375
572,190,313
573,190,268
490,191,837
491,191,759
492,191,744
493,191,809
494,191,968
495,191,1115
496,191,1113
497,191,1005
498,191,766
499,191,600
500,191,516
501,191,504
502,191,542
503,191,580
504,191,585
505,191,556
506,191,524
507,191,523
508,191,605
509,191,775
510,191,1057
511,191,1458
512,191,1933
513,191,2289
514,191,2264
515,191,2188
516,191,1982
517,191,1775
518,191,1817
519,191,1916
520,191,1906
521,191,1814
522,191,1880
523,191,2494
524,191,3236
525,191,4113
526,191,4961
527,191,5131
528,191,4791
529,191,4678
530,191,4484
531,191,4072
532,191,4115
533,191,4636
534,191,5481
535,191,5455
536,191,4515
537,191,3599
538,191,2948
539,191,2719
540,191,2489
541,191,2592
542,191,2875
543,191,2823
544,191,2588
545,191,2471
546,191,2355
547,191,2380
548,191,2234
549,191,2367
550,191,2282
551,191,1950
552,191,1856
553,191,1863
554,191,1523
555,191,1156
556,191,924
557,191,759
558,191,664
559,191,590
560,191,510
561,191,428
562,191,365
563,191,335
564,191,334
565,191,345
566,191,360
567,191,394
568,191,420
569,191,418
570,191,387
571,191,340
572,191,301
573,191,274
490,192,815
491,192,786
492,192,776
493,192,788
494,192,932
495,192,1054
496,192,969
497,192,880
498,192,717
499,192,591
500,192,534
501,192,559
502,192,637
503,192,713
504,192,721
505,192,659
506,192,593
507,192,572
508,192,640
509,192,835
510,192,1160
511,192,1598
512,192,2146
513,192,2729
514,192,2247
515,192,1838
516,192,1539
517,192,1413
518,192,1436
519,192,1479
520,192,1442
521,192,1384
522,192,1485
523,192,2000
524,192,2704
525,192,3582
526,192,4449
527,192,4713
528,192,4612
529,192,4038
530,192,3551
531,192,3389
532,192,3655
533,192,4185
534,192,4579
535,192,4745
536,192,4061
537,192,3212
538,192,2502
539,192,2023
540,192,1902
541,192,2007
542,192,2205
543,192,2192
544,192,2013
545,192,2068
546,192,2359
547,192,2411
548,192,2170
549,192,2043
550,192,1933
551,192,1797
552,192,1974
553,192,1906
554,192,1549
555,192,1194
556,192,998
557,192,919
558,192,847
559,192,778
560,192,649
561,192,514
562,192,411
563,192,347
564,192,319
565,192,313
566,192,318
567,192,346
568,192,360
569,192,371
570,192,369
571,192,349
572,192,305
573,192,238
490,193,730
491,193,771
492,193,772
493,193,732
494,193,788
495,193,841
496,193,798
497,193,731
498,193,642
499,193,570
500,193,546
501,193,605
502,193,723
503,193,861
504,193,878
505,193,773
506,193,679
507,193,642
508,193,712
509,193,941
510,193,1246
511,193,1586
512,193,1985
513,193,2178
514,193,1938
515,193,1588
516,193,1357
517,193,1373
518,193,1526
519,193,1622
520,193,1535
521,193,1394
522,193,1423
523,193,1891
524,193,2598
525,193,3440
526,193,4137
527,193,4405
528,193,4298
529,193,3527
530,193,3286
531,193,3061
532,193,3278
533,193,3815
534,193,4139
535,193,4229
536,193,3649
537,193,2874
538,193,2218
539,193,1730
540,193,1518
541,193,1529
542,193,1609
543,193,1609
544,193,1561
545,193,1806
546,193,2235
547,193,2388
548,193,2253
549,193,2013
550,193,1714
551,193,1598
552,193,1692
553,193,1632
554,193,1355
555,193,1114
556,193,1044
557,193,1108
558,193,1095
559,193,1019
560,193,807
561,193,604
562,193,457
563,193,370
564,193,319
565,193,287
566,193,204
567,193,312
568,193,341
569,193,369
570,193,396
571,193,398
572,193,340
573,193,255
490,194,567
491,194,614
492,194,638
493,194,629
494,194,644
495,194,679
496,194,671
497,194,646
498,194,608
499,194,577
500,194,567
501,194,624
502,194,743
503,194,893
504,194,936
505,194,876
506,194,771
507,194,716
508,194,788
509,194,1061
510,194,1417
511,194,1776
512,194,1896
513,194,1744
514,194,1563
515,194,1337
516,194,1269
517,194,1480
518,194,1826
519,194,2058
520,194,1859
521,194,1576
522,194,1526
523,194,1821
524,194,2441
525,194,3204
526,194,3814
527,194,3907
528,194,3815
529,194,3247
530,194,3349
531,194,2944
532,194,2897
533,194,3444
534,194,4343
535,194,4424
536,194,3723
537,194,3002
538,194,2276
539,194,1719
540,194,1338
541,194,1261
542,194,1279
543,194,1278
544,194,1303
545,194,1521
546,194,1841
547,194,2146
548,194,2639
549,194,2098
550,194,1647
551,194,1412
552,194,1411
553,194,1342
554,194,1167
555,194,1013
556,194,1068
557,194,1264
558,194,1275
559,194,1190
560,194,895
561,194,649
562,194,487
563,194,388
564,194,323
565,194,271
566,194,277
567,194,302
568,194,329
569,194,371
570,194,433
571,194,477
572,194,388
573,194,280
490,195,275
491,195,431
492,195,500
493,195,531
494,195,555
495,195,592
496,195,629
497,195,669
498,195,682
499,195,650
500,195,610
501,195,622
502,195,703
503,195,824
504,195,965
505,195,960
506,195,833
507,195,773
508,195,843
509,195,1127
510,195,1517
511,195,1963
512,195,1998
513,195,1625
514,195,1306
515,195,1120
516,195,1211
517,195,1546
518,195,2056
519,195,2620
520,195,2142
521,195,1871
522,195,1691
523,195,1699
524,195,2093
525,195,2595
526,195,2945
527,195,3001
528,195,3213
529,195,2763
530,195,2746
531,195,2730
532,195,2815
533,195,2955
534,195,3758
535,195,4071
536,195,3955
537,195,3231
538,195,2501
539,195,1838
540,195,1338
541,195,1255
542,195,1288
543,195,1278
544,195,1220
545,195,1301
546,195,1487
547,195,1825
548,195,2069
549,195,1856
550,195,1474
551,195,1412
552,195,1437
553,195,1319
554,195,1119
555,195,972
556,195,998
557,195,1106
558,195,1105
559,195,1036
560,195,825
561,195,636
562,195,495
563,195,400
564,195,332
565,195,276
566,195,274
567,195,289
568,195,313
569,195,355
570,195,418
571,195,466
572,195,382
573,195,282
490,196,241
491,196,341
492,196,414
493,196,466
494,196,510
495,196,573
496,196,658
497,196,758
498,196,820
499,196,755
500,196,678
501,196,639
502,196,664
503,196,760
504,196,864
505,196,885
506,196,840
507,196,833
508,196,888
509,196,1102
510,196,1408
511,196,1690
512,196,1686
513,196,1406
514,196,1124
515,196,980
516,196,1110
517,196,1451
518,196,1903
519,196,2227
520,196,2160
521,196,2237
522,196,1928
523,196,1686
524,196,1683
525,196,1907
526,196,2163
527,196,2401
528,196,2507
529,196,2286
530,196,2213
531,196,2470
532,196,2570
533,196,2570
534,196,3034
535,196,3488
536,196,3681
537,196,3431
538,196,2611
539,196,1911
540,196,1440
541,196,1455
542,196,1591
543,196,1574
544,196,1378
545,196,1213
546,196,1233
547,196,1463
548,196,1725
549,196,1688
550,196,1444
551,196,1523
552,196,1694
553,196,1484
554,196,1201
555,196,1038
556,196,918
557,196,923
558,196,897
559,196,825
560,196,715
561,196,607
562,196,493
563,196,417
564,196,358
565,196,306
566,196,265
567,196,277
568,196,293
569,196,319
570,196,351
571,196,362
572,196,317
573,196,250
490,197,235
491,197,314
492,197,376
493,197,437
494,197,496
495,197,573
496,197,680
497,197,822
498,197,972
499,197,834
500,197,760
501,197,681
502,197,662
503,197,728
504,197,794
505,197,825
506,197,897
507,197,961
508,197,975
509,197,1036
510,197,1249
511,197,1382
512,197,1336
513,197,1140
514,197,936
515,197,844
516,197,974
517,197,1296
518,197,1746
519,197,2214
520,197,2259
521,197,2333
522,197,2094
523,197,1812
524,197,1570
525,197,1560
526,197,1854
527,197,2243
528,197,2256
529,197,1915
530,197,1797
531,197,1947
532,197,2049
533,197,2147
534,197,2496
535,197,2883
536,197,3161
537,197,2966
538,197,2382
539,197,1816
540,197,1495
541,197,1649
542,197,1965
543,197,1948
544,197,1568
545,197,1243
546,197,1124
547,197,1277
548,197,1520
549,197,1523
550,197,1335
551,197,1464
552,197,1677
553,197,1528
554,197,1415
555,197,1199
556,197,969
557,197,964
558,197,909
559,197,763
560,197,660
561,197,608
562,197,536
563,197,461
564,197,395
565,197,336
566,197,277
567,197,268
568,197,276
569,197,286
570,197,295
571,197,291
572,197,262
573,197,216
490,198,307
491,198,346
492,198,394
493,198,443
494,198,494
495,198,561
496,198,651
497,198,758
498,198,831
499,198,860
500,198,821
501,198,731
502,198,734
503,198,801
504,198,886
505,198,902
506,198,1013
507,198,1152
508,198,1108
509,198,1106
510,198,1292
511,198,1318
512,198,1163
513,198,944
514,198,775
515,198,735
516,198,878
517,198,1192
518,198,1594
519,198,1942
520,198,1982
521,198,2148
522,198,2507
523,198,1918
524,198,1488
525,198,1327
526,198,1558
527,198,1845
528,198,1855
529,198,1608
530,198,1469
531,198,1512
532,198,1603
533,198,1894
534,198,2382
535,198,2909
536,198,2961
537,198,2493
538,198,2017
539,198,1600
540,198,1431
541,198,1646
542,198,1988
543,198,1978
544,198,1588
545,198,1209
546,198,1014
547,198,1059
548,198,1181
549,198,1200
550,198,1116
551,198,1195
552,198,1328
553,198,1427
554,198,1667
555,198,1295
556,198,968
557,198,932
558,198,864
559,198,732
560,198,684
561,198,697
562,198,628
563,198,529
564,198,443
565,198,373
566,198,310
567,198,188
568,198,258
569,198,267
570,198,266
571,198,256
572,198,232
573,198,196
490,199,329
491,199,390
492,199,440
493,199,476
494,199,504
495,199,547
496,199,601
497,199,657
498,199,705
499,199,747
500,199,758
501,199,791
502,199,871
503,199,895
504,199,1051
505,199,968
506,199,1048
507,199,1201
508,199,1182
509,199,1275
510,199,1496
511,199,1483
512,199,1192
513,199,883
514,199,716
515,199,679
516,199,849
517,199,1149
518,199,1525
519,199,1799
520,199,1724
521,199,1812
522,199,1900
523,199,1619
524,199,1284
525,199,1132
526,199,1356
527,199,1676
528,199,1690
529,199,1421
530,199,1422
531,199,1437
532,199,1446
533,199,1706
534,199,2208
535,199,2735
536,199,2747
537,199,2232
538,199,1719
539,199,1355
540,199,1278
541,199,1468
542,199,1703
543,199,1690
544,199,1468
545,199,1161
546,199,942
547,199,924
548,199,1036
549,199,1128
550,199,1027
551,199,945
552,199,1009
553,199,1173
554,199,1282
555,199,1118
556,199,853
557,199,774
558,199,720
559,199,663
560,199,746
561,199,827
562,199,730
563,199,597
564,199,489
565,199,409
566,199,341
567,199,194
568,199,177
569,199,253
570,199,252
571,199,240
572,199,220
573,199,205
490,200,369
491,200,451
492,200,512
493,200,535
494,200,543
495,200,563
496,200,574
497,200,588
498,200,611
499,200,642
500,200,701
501,200,844
502,200,1035
503,200,909
504,200,921
505,200,932
506,200,1013
507,200,1140
508,200,1220
509,200,1307
510,200,1490
511,200,1469
512,200,1160
513,200,903
514,200,722
515,200,671
516,200,838
517,200,1139
518,200,1544
519,200,1961
520,200,1623
521,200,1368
522,200,1371
523,200,1207
524,200,1016
525,200,967
526,200,1196
527,200,1516
528,200,1541
529,200,1313
530,200,1468
531,200,1467
532,200,1327
533,200,1440
534,200,1826
535,200,2127
536,200,2137
537,200,1821
538,200,1435
539,200,1126
540,200,1139
541,200,1342
542,200,1655
543,200,1840
544,200,1566
545,200,1197
546,200,961
547,200,896
548,200,1041
549,200,1292
550,200,1019
551,200,834
552,200,795
553,200,885
554,200,939
555,200,866
556,200,729
557,200,639
558,200,612
559,200,640
560,200,758
561,200,856
562,200,770
563,200,640
564,200,529
565,200,446
566,200,383
567,200,315
568,200,191
569,200,179
570,200,168
571,200,159
572,200,141
573,200,104
490,201,408
491,201,526
492,201,613
493,201,617
494,201,611
495,201,630
496,201,612
497,201,577
498,201,560
499,201,576
500,201,650
501,201,765
502,201,860
503,201,834
504,201,838
505,201,942
506,201,1117
507,201,1331
508,201,1387
509,201,1277
510,201,1216
511,201,1280
512,201,1174
513,201,914
514,201,730
515,201,672
516,201,809
517,201,1058
518,201,1356
519,201,1540
520,201,1394
521,201,1228
522,201,1033
523,201,856
524,201,775
525,201,786
526,201,953
527,201,1154
528,201,1216
529,201,1150
530,201,1218
531,201,1205
532,201,1126
533,201,1214
534,201,1480
535,201,1642
536,201,1596
537,201,1401
538,201,1151
539,201,993
540,201,1081
541,201,1343
542,201,1642
543,201,1807
544,201,1552
545,201,1179
546,201,908
547,201,817
548,201,885
549,201,958
550,201,845
551,201,707
552,201,646
553,201,659
554,201,686
555,201,653
556,201,585
557,201,546
558,201,545
559,201,613
560,201,719
561,201,792
562,201,770
563,201,694
564,201,589
565,201,499
566,201,433
567,201,378
568,201,325
569,201,297
570,201,192
571,201,178
572,201,162
573,201,131
490,202,458
491,202,586
492,202,726
493,202,685
494,202,699
495,202,739
496,202,686
497,202,607
498,202,552
499,202,550
500,202,598
501,202,670
502,202,731
503,202,762
504,202,838
505,202,1026
506,202,1277
507,202,1401
508,202,1575
509,202,1299
510,202,1088
511,202,1076
512,202,1006
513,202,848
514,202,720
515,202,684
516,202,788
517,202,979
518,202,1175
519,202,1329
520,202,1425
521,202,1291
522,202,965
523,202,738
524,202,619
525,202,634
526,202,742
527,202,944
528,202,1143
529,202,1146
530,202,1003
531,202,970
532,202,928
533,202,1001
534,202,1168
535,202,1263
536,202,1225
537,202,1098
538,202,955
539,202,905
540,202,1004
541,202,1249
542,202,1513
543,202,1597
544,202,1505
545,202,1162
546,202,865
547,202,715
548,202,699
549,202,698
550,202,650
551,202,588
552,202,569
553,202,632
554,202,675
555,202,639
556,202,567
557,202,521
558,202,550
559,202,647
560,202,781
561,202,883
562,202,927
563,202,815
564,202,664
565,202,547
566,202,486
567,202,433
568,202,383
569,202,359
570,202,244
571,202,234
572,202,220
573,202,181
490,203,471
491,203,557
492,203,640
493,203,664
494,203,745
495,203,860
496,203,744
497,203,637
498,203,568
499,203,548
500,203,586
501,203,643
502,203,701
503,203,770
504,203,867
505,203,1053
506,203,1304
507,203,1385
508,203,1351
509,203,1183
510,203,984
511,203,892
512,203,841
513,203,776
514,203,733
515,203,768
516,203,875
517,203,1068
518,203,1253
519,203,1305
520,203,1390
521,203,1242
522,203,900
523,203,665
524,203,548
525,203,553
526,203,687
527,203,926
528,203,1233
529,203,1257
530,203,1004
531,203,834
532,203,796
533,203,829
534,203,905
535,203,990
536,203,1033
537,203,1022
538,203,978
539,203,906
540,203,914
541,203,1054
542,203,1235
543,203,1418
544,203,1375
545,203,1074
546,203,813
547,203,680
548,203,587
549,203,542
550,203,516
551,203,494
552,203,560
553,203,672
554,203,759
555,203,685
556,203,585
557,203,532
558,203,575
559,203,702
560,203,888
561,203,1058
562,203,1135
563,203,903
564,203,708
565,203,596
566,203,539
567,203,485
568,203,442
569,203,444
570,203,459
571,203,465
572,203,454
573,203,471
490,204,420
491,204,491
492,204,553
493,204,603
494,204,691
495,204,755
496,204,719
497,204,649
498,204,601
499,204,609
500,204,663
501,204,744
502,204,819
503,204,894
504,204,977
505,204,1030
506,204,1166
507,204,1238
508,204,1320
509,204,1137
510,204,921
511,204,791
512,204,767
513,204,790
514,204,851
515,204,926
516,204,1015
517,204,1221
518,204,1487
519,204,1480
520,204,1217
521,204,1034
522,204,790
523,204,601
524,204,502
525,204,505
526,204,617
527,204,807
528,204,1011
529,204,1034
530,204,883
531,204,757
532,204,711
533,204,745
534,204,840
535,204,962
536,204,1082
537,204,1179
538,204,1172
539,204,1041
540,204,888
541,204,933
542,204,1058
543,204,1138
544,204,1068
545,204,892
546,204,827
547,204,726
548,204,577
549,204,484
550,204,444
551,204,459
552,204,541
553,204,658
554,204,745
555,204,673
556,204,579
557,204,536
558,204,587
559,204,719
560,204,897
561,204,1036
562,204,1013
563,204,833
564,204,678
565,204,636
566,204,594
567,204,530
568,204,501
569,204,527
570,204,561
571,204,570
572,204,541
573,204,477
490,205,358
491,205,431
492,205,490
493,205,552
494,205,626
495,205,686
496,205,712
497,205,703
498,205,682
499,205,714
500,205,791
501,205,909
502,205,1014
503,205,1053
504,205,1152
505,205,1079
506,205,1037
507,205,1148
508,205,1237
509,205,1067
510,205,873
511,205,775
512,205,811
513,205,913
514,205,1036
515,205,1151
516,205,1194
517,205,1260
518,205,1484
519,205,1457
520,205,1147
521,205,871
522,205,685
523,205,540
524,205,461
525,205,457
526,205,527
527,205,641
528,205,749
529,205,774
530,205,721
531,205,672
532,205,674
533,205,758
534,205,889
535,205,1068
536,205,1286
537,205,1490
538,205,1454
539,205,1219
540,205,989
541,205,954
542,205,995
543,205,957
544,205,860
545,205,814
546,205,864
547,205,789
548,205,575
549,205,457
550,205,416
551,205,427
552,205,493
553,205,571
554,205,615
555,205,586
556,205,538
557,205,543
558,205,624
559,205,741
560,205,862
561,205,960
562,205,859
563,205,719
564,205,634
565,205,656
566,205,632
567,205,547
568,205,548
569,205,590
570,205,641
571,205,663
572,205,631
573,205,544
490,206,320
491,206,396
492,206,457
493,206,529
494,206,617
495,206,714
496,206,803
497,206,821
498,206,800
499,206,858
500,206,955
501,206,1071
502,206,1216
503,206,1100
504,206,1170
505,206,1071
506,206,971
507,206,1002
508,206,1003
509,206,904
510,206,794
511,206,769
512,206,891
513,206,1080
514,206,1239
515,206,1369
516,206,1315
517,206,1169
518,206,1204
519,206,1161
520,206,970
521,206,755
522,206,590
523,206,475
524,206,425
525,206,412
526,206,451
527,206,513
528,206,573
529,206,600
530,206,601
531,206,615
532,206,696
533,206,846
534,206,1039
535,206,1236
536,206,1509
537,206,1765
538,206,1744
539,206,1390
540,206,1150
541,206,1155
542,206,1184
543,206,1041
544,206,843
545,206,743
546,206,725
547,206,657
548,206,523
549,206,422
550,206,394
551,206,402
552,206,449
553,206,498
554,206,520
555,206,506
556,206,491
557,206,543
558,206,660
559,206,813
560,206,862
561,206,883
562,206,758
563,206,618
564,206,550
565,206,557
566,206,554
567,206,537
568,206,565
569,206,627
570,206,707
571,206,760
572,206,748
573,206,694
490,207,329
491,207,392
492,207,457
493,207,535
494,207,640
495,207,773
496,207,895
497,207,923
498,207,909
499,207,1004
500,207,1058
501,207,1088
502,207,1079
503,207,1006
504,207,1066
505,207,1053
506,207,987
507,207,957
508,207,856
509,207,757
510,207,711
511,207,756
512,207,925
513,207,1180
514,207,1461
515,207,1300
516,207,1171
517,207,1008
518,207,916
519,207,879
520,207,772
521,207,637
522,207,534
523,207,480
524,207,443
525,207,418
526,207,415
527,207,446
528,207,486
529,207,519
530,207,547
531,207,609
532,207,744
533,207,956
534,207,1230
535,207,1472
536,207,1587
537,207,1785
538,207,1667
539,207,1432
540,207,1261
541,207,1398
542,207,1479
543,207,1171
544,207,891
545,207,695
546,207,612
547,207,542
548,207,464
549,207,404
550,207,386
551,207,409
552,207,460
553,207,504
554,207,512
555,207,486
556,207,466
557,207,518
558,207,632
559,207,774
560,207,792
561,207,701
562,207,610
563,207,514
564,207,458
565,207,452
566,207,461
567,207,490
568,207,546
569,207,635
570,207,743
571,207,840
572,207,846
573,207,793
490,208,341
491,208,408
492,208,476
493,208,544
494,208,641
495,208,764
496,208,872
497,208,854
498,208,887
499,208,971
500,208,937
501,208,932
502,208,889
503,208,878
504,208,965
505,208,990
506,208,1009
507,208,979
508,208,817
509,208,693
510,208,642
511,208,708
512,208,861
513,208,1063
514,208,1232
515,208,1187
516,208,984
517,208,827
518,208,827
519,208,843
520,208,734
521,208,604
522,208,542
523,208,533
524,208,506
525,208,464
526,208,438
527,208,446
528,208,488
529,208,535
530,208,579
531,208,641
532,208,792
533,208,1030
534,208,1360
535,208,1737
536,208,1579
537,208,1633
538,208,1851
539,208,1476
540,208,1203
541,208,1227
542,208,1324
543,208,1216
544,208,914
545,208,683
546,208,550
547,208,479
548,208,425
549,208,389
550,208,386
551,208,432
552,208,508
553,208,580
554,208,582
555,208,518
556,208,460
557,208,466
558,208,535
559,208,610
560,208,616
561,208,551
562,208,481
563,208,420
564,208,378
565,208,368
566,208,377
567,208,430
568,208,503
569,208,602
570,208,713
571,208,815
572,208,829
573,208,793
490,209,346
491,209,435
492,209,522
493,209,587
494,209,625
495,209,684
496,209,729
497,209,729
498,209,754
499,209,787
500,209,765
501,209,742
502,209,707
503,209,720
504,209,773
505,209,809
506,209,855
507,209,838
508,209,730
509,209,632
510,209,591
511,209,642
512,209,753
513,209,886
514,209,982
515,209,947
516,209,815
517,209,727
518,209,784
519,209,921
520,209,726
521,209,595
522,209,590
523,209,643
524,209,625
525,209,538
526,209,492
527,209,512
528,209,586
529,209,655
530,209,699
531,209,736
532,209,846
533,209,1053
534,209,1293
535,209,1450
536,209,1390
537,209,1399
538,209,1460
539,209,1285
540,209,1105
541,209,1178
542,209,1187
543,209,1056
544,209,832
545,209,638
546,209,509
547,209,440
548,209,397
549,209,373
550,209,393
551,209,453
552,209,557
553,209,683
554,209,682
555,209,555
556,209,453
557,209,408
558,209,432
559,209,465
560,209,465
561,209,430
562,209,383
563,209,344
564,209,313
565,209,302
566,209,314
567,209,365
568,209,447
569,209,536
570,209,621
571,209,683
572,209,686
573,209,644
490,210,352
491,210,468
492,210,587
493,210,669
494,210,654
495,210,618
496,210,611
497,210,603
498,210,613
499,210,624
500,210,608
501,210,585
502,210,564
503,210,576
504,210,607
505,210,635
506,210,673
507,210,667
508,210,614
509,210,562
510,210,543
511,210,591
512,210,684
513,210,789
514,210,841
515,210,787
516,210,677
517,210,627
518,210,653
519,210,689
520,210,625
521,210,616
522,210,678
523,210,748
524,210,735
525,210,592
526,210,544
527,210,617
528,210,756
529,210,861
530,210,908
531,210,896
532,210,930
533,210,1134
534,210,1385
535,210,1414
536,210,1231
537,210,1155
538,210,1153
539,210,1024
540,210,997
541,210,1095
542,210,1192
543,210,950
544,210,728
545,210,568
546,210,467
547,210,406
548,210,364
549,210,362
550,210,387
551,210,444
552,210,545
553,210,667
554,210,663
555,210,531
556,210,423
557,210,364
558,210,352
559,210,360
560,210,359
561,210,341
562,210,313
563,210,284
564,210,257
565,210,249
566,210,258
567,210,212
568,210,379
569,210,454
570,210,514
571,210,548
572,210,538
573,210,473
490,211,330
491,211,485
492,211,632
493,211,769
494,211,673
495,211,584
496,211,528
497,211,503
498,211,495
499,211,498
500,211,482
501,211,462
502,211,448
503,211,457
504,211,479
505,211,501
506,211,524
507,211,526
508,211,512
509,211,499
510,211,512
511,211,578
512,211,694
513,211,840
514,211,926
515,211,824
516,211,664
517,211,553
518,211,523
519,211,518
520,211,524
521,211,647
522,211,833
523,211,681
524,211,637
525,211,560
526,211,562
527,211,724
528,211,974
529,211,1150
530,211,1198
531,211,1095
532,211,1037
533,211,1203
534,211,1344
535,211,1302
536,211,1132
537,211,1035
538,211,1062
539,211,1009
540,211,891
541,211,893
542,211,908
543,211,784
544,211,628
545,211,510
546,211,431
547,211,370
548,211,228
549,211,336
550,211,366
551,211,405
552,211,465
553,211,524
554,211,518
555,211,445
556,211,369
557,211,319
558,211,294
559,211,290
560,211,286
561,211,275
562,211,253
563,211,229
564,211,148
565,211,146
566,211,155
567,211,175
568,211,312
569,211,367
570,211,413
571,211,436
572,211,430
573,211,396
490,212,386
491,212,494
492,212,595
493,212,655
494,212,606
495,212,521
496,212,462
497,212,423
498,212,380
499,212,400
500,212,371
501,212,347
502,212,337
503,212,349
504,212,378
505,212,395
506,212,409
507,212,417
508,212,433
509,212,452
510,212,483
511,212,560
512,212,698
513,212,906
514,212,1108
515,212,884
516,212,662
517,212,512
518,212,428
519,212,405
520,212,464
521,212,620
522,212,816
523,212,641
524,212,507
525,212,475
526,212,536
527,212,760
528,212,1169
529,212,1494
530,212,1384
531,212,1250
532,212,1099
533,212,1329
534,212,1583
535,212,1297
536,212,1072
537,212,1021
538,212,1111
539,212,1075
540,212,857
541,212,725
542,212,681
543,212,600
544,212,515
545,212,448
546,212,397
547,212,343
548,212,201
549,212,306
550,212,343
551,212,356
552,212,377
553,212,399
554,212,393
555,212,355
556,212,312
557,212,278
558,212,249
559,212,229
560,212,225
561,212,214
562,212,139
563,212,131
564,212,125
565,212,137
566,212,144
567,212,149
568,212,169
569,212,192
570,212,307
571,212,330
572,212,338
573,212,368
490,213,455
491,213,499
492,213,544
493,213,566
494,213,519
495,213,430
496,213,389
497,213,366
498,213,139
499,213,345
500,213,246
501,213,143
502,213,136
503,213,228
504,213,302
505,213,310
506,213,314
507,213,313
508,213,372
509,213,431
510,213,439
511,213,503
512,213,629
513,213,866
514,213,1008
515,213,834
516,213,598
517,213,469
518,213,332
519,213,309
520,213,367
521,213,533
522,213,634
523,213,549
524,213,406
525,213,345
526,213,423
527,213,599
528,213,1300
529,213,1531
530,213,1520
531,213,1514
532,213,952
533,213,1323
534,213,1516
535,213,1175
536,213,955
537,213,952
538,213,1034
539,213,1055
540,213,775
541,213,555
542,213,505
543,213,430
544,213,402
545,213,390
546,213,374
547,213,327
548,213,153
549,213,189
550,213,342
551,213,310
552,213,295
553,213,306
554,213,304
555,213,281
556,213,263
557,213,247
558,213,202
559,213,103
560,213,106
561,213,105
562,213,106
563,213,114
564,213,107
565,213,145
566,213,151
567,213,129
568,213,131
569,213,132
570,213,135
571,213,142
572,213,139
573,213,131
