xv,yv,rho
490,148,332
491,148,455
492,148,589
493,148,436
494,148,319
495,148,359
496,148,373
497,148,291
498,148,293
499,148,264
500,148,245
501,148,400
502,148,363
503,148,446
504,148,610
505,148,897
506,148,1413
507,148,880
508,148,589
509,148,414
510,148,342
511,148,388
512,148,377
513,148,487
514,148,555
515,148,561
516,148,622
517,148,744
518,148,987
519,148,1381
520,148,1356
521,148,886
522,148,547
523,148,273
524,148,198
525,148,300
526,148,447
527,148,579
528,148,609
529,148,622
530,148,522
531,148,420
532,148,339
533,148,343
534,148,286
535,148,302
536,148,384
537,148,370
538,148,415
539,148,480
540,148,512
541,148,484
542,148,510
543,148,508
544,148,485
545,148,450
546,148,341
547,148,374
548,148,376
549,148,385
550,148,401
551,148,489
552,148,730
553,148,994
554,148,1493
555,148,1231
556,148,958
557,148,808
558,148,732
559,148,712
560,148,446
561,148,471
562,148,470
563,148,439
564,148,412
565,148,550
566,148,541
567,148,402
568,148,308
569,148,299
570,148,266
571,148,240
572,148,221
573,148,222
490,149,422
491,149,471
492,149,518
493,149,455
494,149,393
495,149,386
496,149,385
497,149,340
498,149,326
499,149,315
500,149,322
501,149,397
502,149,421
503,149,481
504,149,590
505,149,745
506,149,885
507,149,733
508,149,578
509,149,497
510,149,493
511,149,520
512,149,509
513,149,517
514,149,529
515,149,544
516,149,599
517,149,698
518,149,846
519,149,1002
520,149,981
521,149,779
522,149,586
523,149,460
524,149,456
525,149,563
526,149,725
527,149,878
528,149,894
529,149,782
530,149,627
531,149,494
532,149,404
533,149,364
534,149,346
535,149,374
536,149,444
537,149,521
538,149,620
539,149,701
540,149,720
541,149,700
542,149,696
543,149,672
544,149,604
545,149,523
546,149,454
547,149,450
548,149,477
549,149,522
550,149,571
551,149,633
552,149,750
553,149,891
554,149,1042
555,149,973
556,149,842
557,149,736
558,149,671
559,149,641
560,149,583
561,149,598
562,149,587
563,149,534
564,149,494
565,149,511
566,149,486
567,149,410
568,149,344
569,149,314
570,149,279
571,149,264
572,149,257
573,149,262
490,150,448
491,150,451
492,150,460
493,150,435
494,150,409
495,150,407
496,150,418
497,150,416
498,150,389
499,150,371
500,150,370
501,150,410
502,150,433
503,150,469
504,150,526
505,150,596
506,150,637
507,150,589
508,150,532
509,150,543
510,150,611
511,150,669
512,150,621
513,150,558
514,150,525
515,150,524
516,150,559
517,150,620
518,150,698
519,150,762
520,150,751
521,150,669
522,150,590
523,150,571
524,150,638
525,150,765
526,150,934
527,150,1109
528,150,1110
529,150,922
530,150,721
531,150,559
532,150,451
533,150,397
534,150,387
535,150,428
536,150,522
537,150,666
538,150,844
539,150,977
540,150,990
541,150,961
542,150,921
543,150,887
544,150,749
545,150,611
546,150,535
547,150,534
548,150,595
549,150,682
550,150,759
551,150,796
552,150,806
553,150,818
554,150,836
555,150,794
556,150,720
557,150,651
558,150,613
559,150,612
560,150,641
561,150,703
562,150,693
563,150,604
564,150,541
565,150,522
566,150,484
567,150,423
568,150,362
569,150,331
570,150,315
571,150,289
572,150,284
573,150,269
490,151,413
491,151,412
492,151,412
493,151,405
494,151,404
495,151,421
496,151,450
497,151,475
498,151,479
499,151,469
500,151,444
501,151,397
502,151,416
503,151,434
504,151,460
505,151,488
506,151,500
507,151,487
508,151,492
509,151,553
510,151,673
511,151,791
512,151,687
513,151,583
514,151,529
515,151,522
516,151,543
517,151,569
518,151,599
519,151,623
520,151,626
521,151,608
522,151,601
523,151,651
524,151,771
525,151,927
526,151,1039
527,151,1132
528,151,1142
529,151,1002
530,151,815
531,151,638
532,151,509
533,151,439
534,151,428
535,151,475
536,151,587
537,151,780
538,151,1041
539,151,1263
540,151,1271
541,151,1235
542,151,1116
543,151,1099
544,151,857
545,151,674
546,151,600
547,151,632
548,151,742
549,151,882
550,151,997
551,151,1011
552,151,927
553,151,830
554,151,753
555,151,690
556,151,629
557,151,577
558,151,557
559,151,574
560,151,629
561,151,704
562,151,698
563,151,610
564,151,562
565,151,550
566,151,494
567,151,426
568,151,369
569,151,344
570,151,339
571,151,320
572,151,327
573,151,330
490,152,390
491,152,372
492,152,375
493,152,382
494,152,400
495,152,437
496,152,484
497,152,525
498,152,539
499,152,522
500,152,484
501,152,434
502,152,378
503,152,392
504,152,404
505,152,412
506,152,415
507,152,417
508,152,443
509,152,506
510,152,601
511,152,671
512,152,628
513,152,564
514,152,541
515,152,564
516,152,588
517,152,591
518,152,581
519,152,589
520,152,616
521,152,645
522,152,667
523,152,712
524,152,840
525,152,1019
526,152,1108
527,152,1134
528,152,1233
529,152,1164
530,152,952
531,152,737
532,152,583
533,152,502
534,152,489
535,152,523
536,152,621
537,152,806
538,152,1072
539,152,1326
540,152,1420
541,152,1379
542,152,1126
543,152,992
544,152,811
545,152,673
546,152,639
547,152,733
548,152,912
549,152,1107
550,152,1259
551,152,1243
552,152,1062
553,152,880
554,152,743
555,152,646
556,152,574
557,152,526
558,152,510
559,152,526
560,152,569
561,152,614
562,152,611
563,152,560
564,152,542
565,152,535
566,152,478
567,152,409
568,152,369
569,152,357
570,152,365
571,152,360
572,152,382
573,152,379
490,153,235
491,153,310
492,153,343
493,153,370
494,153,408
495,153,463
496,153,530
497,153,586
498,153,599
499,153,567
500,153,513
501,153,456
502,153,402
503,153,348
504,153,356
505,153,353
506,153,356
507,153,366
508,153,390
509,153,434
510,153,493
511,153,537
512,153,540
513,153,544
514,153,593
515,153,668
516,153,712
517,153,692
518,153,645
519,153,641
520,153,700
521,153,771
522,153,792
523,153,779
524,153,825
525,153,950
526,153,1049
527,153,1157
528,153,1351
529,153,1303
530,153,1063
531,153,839
532,153,681
533,153,612
534,153,604
535,153,612
536,153,648
537,153,756
538,153,937
539,153,1137
540,153,1229
541,153,1202
542,153,1011
543,153,839
544,153,710
545,153,634
546,153,655
547,153,807
548,153,1051
549,153,1311
550,153,1415
551,153,1359
552,153,1132
553,153,916
554,153,752
555,153,636
556,153,552
557,153,498
558,153,480
559,153,490
560,153,517
561,153,540
562,153,538
563,153,514
564,153,500
565,153,483
566,153,441
567,153,391
568,153,368
569,153,370
570,153,391
571,153,410
572,153,474
573,153,505
490,154,228
491,154,261
492,154,326
493,154,374
494,154,428
495,154,498
496,154,585
497,154,664
498,154,675
499,154,617
500,154,544
501,154,480
502,154,426
503,154,374
504,154,314
505,154,290
506,154,307
507,154,324
508,154,345
509,154,374
510,154,412
511,154,449
512,154,488
513,154,561
514,154,686
515,154,832
516,154,914
517,154,860
518,154,761
519,154,738
520,154,832
521,154,961
522,154,971
523,154,866
524,154,798
525,154,872
526,154,985
527,154,1144
528,154,1326
529,154,1227
530,154,1099
531,154,959
532,154,834
533,154,787
534,154,800
535,154,786
536,154,737
537,154,725
538,154,800
539,154,907
540,154,964
541,154,945
542,154,829
543,154,701
544,154,623
545,154,596
546,154,656
547,154,825
548,154,1078
549,154,1334
550,154,1406
551,154,1304
552,154,1128
553,154,941
554,154,778
555,154,652
556,154,556
557,154,493
558,154,474
559,154,482
560,154,501
561,154,514
562,154,510
563,154,494
564,154,478
565,154,452
566,154,410
567,154,377
568,154,369
569,154,378
570,154,386
571,154,456
572,154,611
573,154,955
490,155,133
491,155,249
492,155,328
493,155,397
494,155,467
495,155,542
496,155,631
497,155,722
498,155,731
499,155,658
500,155,586
501,155,524
502,155,464
503,155,406
504,155,348
505,155,284
506,155,266
507,155,293
508,155,314
509,155,336
510,155,365
511,155,406
512,155,475
513,155,594
514,155,775
515,155,995
516,155,1139
517,155,1033
518,155,884
519,155,844
520,155,936
521,155,1103
522,155,1101
523,155,926
524,155,816
525,155,896
526,155,1013
527,155,1064
528,155,1144
529,155,1150
530,155,1193
531,155,1147
532,155,1033
533,155,1021
534,155,1084
535,155,1050
536,155,910
537,155,791
538,155,777
539,155,823
540,155,841
541,155,803
542,155,718
543,155,642
544,155,602
545,155,600
546,155,662
547,155,815
548,155,1035
549,155,1238
550,155,1304
551,155,1244
552,155,1167
553,155,1024
554,155,850
555,155,697
556,155,582
557,155,512
558,155,496
559,155,513
560,155,538
561,155,551
562,155,540
563,155,512
564,155,484
565,155,451
566,155,407
567,155,379
568,155,376
569,155,387
570,155,390
571,155,449
572,155,573
573,155,872
490,156,181
491,156,256
492,156,346
493,156,440
494,156,533
495,156,607
496,156,652
497,156,697
498,156,707
499,156,683
500,156,658
501,156,599
502,156,520
503,156,445
504,156,382
505,156,326
506,156,270
507,156,272
508,156,303
509,156,316
510,156,341
511,156,390
512,156,473
513,156,603
514,156,793
515,156,1021
516,156,1175
517,156,1090
518,156,998
519,156,982
520,156,961
521,156,1017
522,156,996
523,156,877
524,156,815
525,156,927
526,156,1077
527,156,1015
528,156,1000
529,156,1112
530,156,1286
531,156,1305
532,156,1201
533,156,1258
534,156,1398
535,156,1344
536,156,1114
537,156,948
538,156,970
539,156,1035
540,156,1022
541,156,911
542,156,785
543,156,731
544,156,723
545,156,716
546,156,731
547,156,862
548,156,1085
549,156,1299
550,156,1374
551,156,1351
552,156,1345
553,156,1179
554,156,952
555,156,751
556,156,609
557,156,532
558,156,531
559,156,572
560,156,623
561,156,647
562,156,623
563,156,569
564,156,516
565,156,470
566,156,428
567,156,396
568,156,395
569,156,405
570,156,417
571,156,428
572,156,385
573,156,234
490,157,123
491,157,247
492,157,365
493,157,491
494,157,620
495,157,708
496,157,699
497,157,673
498,157,688
499,157,745
500,157,777
501,157,702
502,157,587
503,157,487
504,157,414
505,157,360
506,157,307
507,157,324
508,157,326
509,157,304
510,157,320
511,157,391
512,157,470
513,157,585
514,157,745
515,157,925
516,157,1048
517,157,1055
518,157,1111
519,157,1158
520,157,1034
521,157,911
522,157,848
523,157,783
524,157,767
525,157,851
526,157,927
527,157,896
528,157,891
529,157,1029
530,157,1208
531,157,1284
532,157,1283
533,157,1436
534,157,1591
535,157,1486
536,157,1259
537,157,1145
538,157,1279
539,157,1423
540,157,1386
541,157,1168
542,157,974
543,157,948
544,157,968
545,157,928
546,157,880
547,157,949
548,157,1185
549,157,1458
550,157,1531
551,157,1461
552,157,1529
553,157,1309
554,157,1017
555,157,775
556,157,618
557,157,545
558,157,566
559,157,644
560,157,740
561,157,790
562,157,740
563,157,645
564,157,559
565,157,495
566,157,448
567,157,415
568,157,408
569,157,411
570,157,413
571,157,403
572,157,363
573,157,281
490,158,105
491,158,249
492,158,381
493,158,523
494,158,677
495,158,800
496,158,739
497,158,682
498,158,709
499,158,814
500,158,907
501,158,791
502,158,643
503,158,524
504,158,448
505,158,408
506,158,391
507,158,392
508,158,387
509,158,377
510,158,382
511,158,416
512,158,475
513,158,571
514,158,706
515,158,866
516,158,1008
517,158,1087
518,158,1171
519,158,1202
520,158,1042
521,158,879
522,158,780
523,158,741
524,158,743
525,158,782
526,158,803
527,158,793
528,158,834
529,158,1003
530,158,1207
531,158,1370
532,158,1438
533,158,1524
534,158,1626
535,158,1514
536,158,1388
537,158,1420
538,158,1636
539,158,1861
540,158,1793
541,158,1450
542,158,1222
543,158,1274
544,158,1337
545,158,1221
546,158,1048
547,158,993
548,158,1175
549,158,1421
550,158,1469
551,158,1342
552,158,1349
553,158,1215
554,158,957
555,158,734
556,158,594
557,158,539
558,158,583
559,158,695
560,158,841
561,158,934
562,158,849
563,158,714
564,158,601
565,158,519
566,158,459
567,158,425
568,158,420
569,158,426
570,158,424
571,158,404
572,158,363
573,158,300
490,159,135
491,159,270
492,159,391
493,159,515
494,159,638
495,159,718
496,159,698
497,159,670
498,159,717
499,159,828
500,159,900
501,159,819
502,159,679
503,159,562
504,159,494
505,159,474
506,159,477
507,159,483
508,159,474
509,159,456
510,159,447
511,159,460
512,159,503
513,159,591
514,159,731
515,159,923
516,159,1130
517,159,1255
518,159,1198
519,159,1119
520,159,986
521,159,870
522,159,816
523,159,818
524,159,842
525,159,842
526,159,807
527,159,794
528,159,903
529,159,1182
530,159,1517
531,159,1790
532,159,1799
533,159,1614
534,159,1548
535,159,1534
536,159,1626
537,159,1769
538,159,1936
539,159,2037
540,159,1909
541,159,1589
542,159,1509
543,159,1647
544,159,1756
545,159,1500
546,159,1173
547,159,972
548,159,1033
549,159,1168
550,159,1194
551,159,1105
552,159,1067
553,159,969
554,159,801
555,159,644
556,159,542
557,159,510
558,159,563
559,159,680
560,159,830
561,159,930
562,159,863
563,159,758
564,159,646
565,159,542
566,159,468
567,159,437
568,159,449
569,159,474
570,159,475
571,159,443
572,159,391
573,159,310
490,160,234
491,160,321
492,160,416
493,160,512
494,160,591
495,160,645
496,160,661
497,160,675
498,160,754
499,160,894
500,160,988
501,160,894
502,160,743
503,160,626
504,160,570
505,160,571
506,160,600
507,160,618
508,160,600
509,160,564
510,160,539
511,160,537
512,160,563
513,160,642
514,160,784
515,160,994
516,160,1248
517,160,1448
518,160,1281
519,160,1087
520,160,965
521,160,918
522,160,953
523,160,1014
524,160,1067
525,160,1042
526,160,947
527,160,909
528,160,1072
529,160,1415
530,160,1851
531,160,2234
532,160,2167
533,160,1829
534,160,1639
535,160,1720
536,160,1940
537,160,2165
538,160,2245
539,160,1984
540,160,1760
541,160,1595
542,160,1734
543,160,1955
544,160,1876
545,160,1545
546,160,1181
547,160,939
548,160,885
549,160,941
550,160,962
551,160,910
552,160,854
553,160,768
554,160,656
555,160,552
556,160,483
557,160,465
558,160,510
559,160,600
560,160,707
561,160,783
562,160,802
563,160,796
564,160,680
565,160,555
566,160,476
567,160,458
568,160,500
569,160,561
570,160,569
571,160,517
572,160,456
573,160,425
490,161,284
491,161,374
492,161,463
493,161,557
494,161,623
495,161,667
496,161,719
497,161,732
498,161,782
499,161,902
500,161,989
501,161,913
502,161,802
503,161,719
504,161,680
505,161,705
506,161,773
507,161,812
508,161,779
509,161,717
510,161,678
511,161,660
512,161,666
513,161,722
514,161,842
515,161,1021
516,161,1223
517,161,1343
518,161,1246
519,161,1087
520,161,1002
521,161,1057
522,161,1182
523,161,1295
524,161,1356
525,161,1299
526,161,1124
527,161,1039
528,161,1204
529,161,1585
530,161,2093
531,161,2538
532,161,2280
533,161,1977
534,161,1897
535,161,2043
536,161,2170
537,161,2261
538,161,2130
539,161,1932
540,161,1700
541,161,1631
542,161,1771
543,161,1926
544,161,1719
545,161,1373
546,161,1089
547,161,874
548,161,811
549,161,864
550,161,914
551,161,892
552,161,807
553,161,691
554,161,582
555,161,494
556,161,437
557,161,419
558,161,447
559,161,503
560,161,571
561,161,637
562,161,704
563,161,737
564,161,645
565,161,537
566,161,474
567,161,479
568,161,548
569,161,643
570,161,660
571,161,588
572,161,500
573,161,374
490,162,415
491,162,437
492,162,512
493,162,618
494,162,687
495,162,748
496,162,830
497,162,813
498,162,801
499,162,849
500,162,891
501,162,896
502,162,896
503,162,849
504,162,824
505,162,869
506,162,978
507,162,1056
508,162,994
509,162,909
510,162,875
511,162,840
512,162,822
513,162,865
514,162,958
515,162,1105
516,162,1270
517,162,1360
518,162,1287
519,162,1157
520,162,1115
521,162,1241
522,162,1443
523,162,1599
524,162,1576
525,162,1476
526,162,1266
527,162,1151
528,162,1291
529,162,1647
530,162,2100
531,162,2417
532,162,2335
533,162,2155
534,162,2210
535,162,2436
536,162,2457
537,162,2253
538,162,2186
539,162,2212
540,162,2042
541,162,1913
542,162,1804
543,162,1671
544,162,1492
545,162,1213
546,162,1050
547,162,912
548,162,874
549,162,981
550,162,1089
551,162,1076
552,162,935
553,162,754
554,162,597
555,162,485
556,162,413
557,162,378
558,162,388
559,162,420
560,162,464
561,162,516
562,162,567
563,162,588
564,162,547
565,162,491
566,162,465
567,162,493
568,162,566
569,162,648
570,162,682
571,162,661
572,162,603
573,162,451
490,163,423
491,163,463
492,163,536
493,163,626
494,163,693
495,163,776
496,163,866
497,163,862
498,163,852
499,163,840
500,163,852
501,163,926
502,163,1043
503,163,1008
504,163,1005
505,163,1037
506,163,1146
507,163,1273
508,163,1169
509,163,1114
510,163,1118
511,163,1065
512,163,1023
513,163,1082
514,163,1186
515,163,1346
516,163,1570
517,163,1721
518,163,1589
519,163,1380
520,163,1269
521,163,1392
522,163,1648
523,163,1793
524,163,1802
525,163,1679
526,163,1461
527,163,1319
528,163,1461
529,163,1842
530,163,2342
531,163,2720
532,163,2715
533,163,2558
534,163,2536
535,163,2693
536,163,2657
537,163,2469
538,163,2646
539,163,2861
540,163,2682
541,163,2457
542,163,2126
543,163,1728
544,163,1535
545,163,1326
546,163,1202
547,163,1046
548,163,1003
549,163,1176
550,163,1372
551,163,1361
552,163,1127
553,163,859
554,163,646
555,163,502
556,163,407
557,163,330
558,163,338
559,163,360
560,163,391
561,163,425
562,163,456
563,163,471
564,163,463
565,163,455
566,163,472
567,163,526
568,163,604
569,163,680
570,163,741
571,163,810
572,163,833
573,163,699
490,164,393
491,164,477
492,164,573
493,164,665
494,164,720
495,164,768
496,164,828
497,164,888
498,164,939
499,164,886
500,164,845
501,164,930
502,164,1070
503,164,1143
504,164,1241
505,164,1213
506,164,1188
507,164,1212
508,164,1189
509,164,1259
510,164,1347
511,164,1273
512,164,1224
513,164,1345
514,164,1481
515,164,1580
516,164,1862
517,164,2144
518,164,1911
519,164,1638
520,164,1463
521,164,1473
522,164,1676
523,164,1935
524,164,2256
525,164,2229
526,164,1905
527,164,1643
528,164,1704
529,164,2125
530,164,2748
531,164,3358
532,164,3350
533,164,3175
534,164,2960
535,164,2853
536,164,2733
537,164,2691
538,164,3094
539,164,3592
540,164,3386
541,164,2951
542,164,2413
543,164,1858
544,164,1776
545,164,1537
546,164,1361
547,164,1143
548,164,1080
549,164,1288
550,164,1558
551,164,1547
552,164,1233
553,164,915
554,164,674
555,164,516
556,164,415
557,164,345
558,164,294
559,164,319
560,164,347
561,164,373
562,164,395
563,164,410
564,164,424
565,164,453
566,164,522
567,164,624
568,164,732
569,164,812
570,164,886
571,164,1034
572,164,1196
573,164,1267
490,165,364
491,165,507
492,165,656
493,165,792
494,165,838
495,165,814
496,165,820
497,165,893
498,165,949
499,165,888
500,165,830
501,165,894
502,165,1043
503,165,1257
504,165,1472
505,165,1362
506,165,1206
507,165,1129
508,165,1137
509,165,1258
510,165,1377
511,165,1336
512,165,1352
513,165,1578
514,165,1794
515,165,1826
516,165,1980
517,165,2165
518,165,2115
519,165,1961
520,165,1704
521,165,1586
522,165,1727
523,165,2141
524,165,2588
525,165,2591
526,165,2177
527,165,1877
528,165,1938
529,165,2375
530,165,3009
531,165,3735
532,165,4067
533,165,3893
534,165,3709
535,165,3398
536,165,3112
537,165,3069
538,165,3353
539,165,3783
540,165,4063
541,165,3299
542,165,2480
543,165,1922
544,165,1852
545,165,1721
546,165,1335
547,165,1104
548,165,1034
549,165,1193
550,165,1382
551,165,1369
552,165,1135
553,165,867
554,165,655
555,165,512
556,165,420
557,165,357
558,165,295
559,165,294
560,165,335
561,165,362
562,165,383
563,165,402
564,165,429
565,165,486
566,165,590
567,165,741
568,165,901
569,165,989
570,165,1042
571,165,1209
572,165,1489
573,165,1877
490,166,374
491,166,525
492,166,705
493,166,886
494,166,935
495,166,874
496,166,846
497,166,876
498,166,885
499,166,835
500,166,793
501,166,848
502,166,1005
503,166,1238
504,166,1455
505,166,1431
506,166,1239
507,166,1089
508,166,1063
509,166,1145
510,166,1231
511,166,1265
512,166,1387
513,166,1661
514,166,1923
515,166,1993
516,166,2115
517,166,2335
518,166,2374
519,166,2260
520,166,1972
521,166,1852
522,166,1877
523,166,2137
524,166,2444
525,166,2460
526,166,2189
527,166,2006
528,166,2205
529,166,2690
530,166,3256
531,166,3886
532,166,4201
533,166,4541
534,166,4431
535,166,4227
536,166,3934
537,166,3805
538,166,3838
539,166,4129
540,166,4046
541,166,3239
542,166,2429
543,166,1866
544,166,1691
545,166,1577
546,166,1230
547,166,1014
548,166,928
549,166,1005
550,166,1097
551,166,1079
552,166,937
553,166,758
554,166,606
555,166,499
556,166,431
557,166,388
558,166,361
559,166,357
560,166,375
561,166,401
562,166,428
563,166,451
564,166,477
565,166,534
566,166,643
567,166,814
568,166,1013
569,166,1102
570,166,1119
571,166,1258
572,166,1554
573,166,1925
490,167,346
491,167,497
492,167,665
493,167,834
494,167,902
495,167,908
496,167,938
497,167,944
498,167,884
499,167,808
500,167,765
501,167,811
502,167,956
503,167,1174
504,167,1378
505,167,1381
506,167,1209
507,167,1064
508,167,1029
509,167,1084
510,167,1147
511,167,1209
512,167,1371
513,167,1651
514,167,1945
515,167,2170
516,167,2306
517,167,2526
518,167,2684
519,167,2673
520,167,2307
521,167,2247
522,167,2149
523,167,2162
524,167,2382
525,167,2451
526,167,2281
527,167,2174
528,167,2446
529,167,3019
530,167,3571
531,167,3852
532,167,4245
533,167,4655
534,167,4885
535,167,5051
536,167,4778
537,167,4694
538,167,4352
539,167,4071
540,167,3779
541,167,3096
542,167,2295
543,167,1940
544,167,1829
545,167,1581
546,167,1250
547,167,998
548,167,867
549,167,864
550,167,881
551,167,850
552,167,762
553,167,655
554,167,564
555,167,501
556,167,463
557,167,442
558,167,435
559,167,437
560,167,453
561,167,489
562,167,532
563,167,562
564,167,575
565,167,597
566,167,667
567,167,793
568,167,939
569,167,1022
570,167,1071
571,167,1222
572,167,1516
573,167,1867
490,168,356
491,168,485
492,168,636
493,168,779
494,168,860
495,168,974
496,168,1097
497,168,1106
498,168,987
499,168,851
500,168,768
501,168,779
502,168,880
503,168,1034
504,168,1168
505,168,1187
506,168,1111
507,168,1065
508,168,1116
509,168,1204
510,168,1258
511,168,1299
512,168,1445
513,168,1757
514,168,2148
515,168,2474
516,168,2534
517,168,2515
518,168,2654
519,168,2530
520,168,2515
521,168,2689
522,168,2531
523,168,2464
524,168,2621
525,168,2747
526,168,2503
527,168,2343
528,168,2579
529,168,3136
530,168,3649
531,168,3869
532,168,4254
533,168,4889
534,168,5172
535,168,5315
536,168,5552
537,168,5600
538,168,4846
539,168,4090
540,168,3727
541,168,3105
542,168,2366
543,168,2045
544,168,1931
545,168,1664
546,168,1336
547,168,1076
548,168,928
549,168,858
550,168,807
551,168,742
552,168,671
553,168,609
554,168,569
555,168,552
556,168,544
557,168,539
558,168,548
559,168,557
560,168,574
561,168,631
562,168,703
563,168,747
564,168,740
565,168,705
566,168,695
567,168,737
568,168,808
569,168,870
570,168,941
571,168,1095
572,168,1375
573,168,1825
490,169,339
491,169,466
492,169,609
493,169,749
494,169,857
495,169,1044
496,169,1244
497,169,1269
498,169,1096
499,169,910
500,169,786
501,169,751
502,169,798
503,169,887
504,169,969
505,169,1009
506,169,1037
507,169,1141
508,169,1323
509,169,1496
510,169,1556
511,169,1530
512,169,1600
513,169,1898
514,169,2331
515,169,2714
516,169,2580
517,169,2382
518,169,2383
519,169,2412
520,169,2644
521,169,2936
522,169,3007
523,169,2875
524,169,2843
525,169,2897
526,169,2659
527,169,2525
528,169,2693
529,169,3143
530,169,3587
531,169,3917
532,169,4408
533,169,5170
534,169,5590
535,169,5858
536,169,5762
537,169,5896
538,169,5207
539,169,4327
540,169,4090
541,169,3379
542,169,2709
543,169,2273
544,169,2066
545,169,1835
546,169,1547
547,169,1308
548,169,1189
549,169,1064
550,169,924
551,169,778
552,169,683
553,169,647
554,169,652
555,169,677
556,169,696
557,169,706
558,169,731
559,169,744
560,169,753
561,169,829
562,169,944
563,169,1015
564,169,974
565,169,868
566,169,764
567,169,709
568,169,704
569,169,728
570,169,784
571,169,897
572,169,1072
573,169,1297
490,170,317
491,170,441
492,170,573
493,170,707
494,170,851
495,170,1069
496,170,1276
497,170,1344
498,170,1188
499,170,976
500,170,816
501,170,737
502,170,734
503,170,776
504,170,832
505,170,901
506,170,1027
507,170,1258
508,170,1580
509,170,1884
510,170,1964
511,170,1844
512,170,1808
513,170,2019
514,170,2342
515,170,2560
516,170,2445
517,170,2228
518,170,2185
519,170,2405
520,170,3057
521,170,3665
522,170,3731
523,170,3308
524,170,3002
525,170,2877
526,170,2925
527,170,2944
528,170,3066
529,170,3451
530,170,3901
531,170,4344
532,170,4821
533,170,5393
534,170,5842
535,170,6186
536,170,6126
537,170,5934
538,170,5271
539,170,4409
540,170,4057
541,170,3567
542,170,3160
543,170,2873
544,170,2622
545,170,2410
546,170,2085
547,170,1812
548,170,1650
549,170,1436
550,170,1186
551,170,958
552,170,800
553,170,770
554,170,816
555,170,890
556,170,943
557,170,962
558,170,1007
559,170,1017
560,170,1001
561,170,1060
562,170,1222
563,170,1338
564,170,1244
565,170,1052
566,170,863
567,170,723
568,170,644
569,170,620
570,170,644
571,170,697
572,170,745
573,170,693
490,171,276
491,171,426
492,171,563
493,171,709
494,171,888
495,171,1142
496,171,1387
497,171,1514
498,171,1290
499,171,1032
500,171,840
501,171,731
502,171,692
503,171,704
504,171,752
505,171,849
506,171,1029
507,171,1331
508,171,1752
509,171,2195
510,171,2338
511,171,2163
512,171,2085
513,171,2287
514,171,2499
515,171,2621
516,171,2472
517,171,2215
518,171,2122
519,171,2473
520,171,3125
521,171,3767
522,171,3876
523,171,3446
524,171,3219
525,171,3092
526,171,3319
527,171,3454
528,171,3665
529,171,4228
530,171,4646
531,171,4970
532,171,5256
533,171,5532
534,171,6077
535,171,6644
536,171,6282
537,171,5714
538,171,5183
539,171,4737
540,171,4518
541,171,4046
542,171,3711
543,171,3475
544,171,3217
545,171,3020
546,171,2652
547,171,2451
548,171,2262
549,171,1921
550,171,1525
551,171,1191
552,171,981
553,171,961
554,171,1052
555,171,1188
556,171,1282
557,171,1292
558,171,1361
559,171,1355
560,171,1263
561,171,1254
562,171,1430
563,171,1613
564,171,1440
565,171,1188
566,171,946
567,171,750
568,171,620
569,171,558
570,171,550
571,171,564
572,171,561
573,171,511
490,172,323
491,172,442
492,172,588
493,172,759
494,172,990
495,172,1254
496,172,1491
497,172,1518
498,172,1293
499,172,1040
500,172,844
501,172,723
502,172,665
503,172,652
504,172,704
505,172,810
506,172,997
507,172,1301
508,172,1724
509,172,2195
510,172,2536
511,172,2373
512,172,2339
513,172,2618
514,172,2816
515,172,2943
516,172,2692
517,172,2341
518,172,2143
519,172,2323
520,172,2864
521,172,3380
522,172,3698
523,172,3672
524,172,3664
525,172,3445
526,172,3517
527,172,3811
528,172,4437
529,172,5425
530,172,5867
531,172,5919
532,172,5919
533,172,5992
534,172,6218
535,172,6534
536,172,6105
537,172,5649
538,172,5499
539,172,5364
540,172,5157
541,172,4411
542,172,3921
543,172,3667
544,172,3435
545,172,3306
546,172,3092
547,172,3107
548,172,2919
549,172,2404
550,172,1851
551,172,1432
552,172,1213
553,172,1213
554,172,1348
555,172,1526
556,172,1647
557,172,1598
558,172,1691
559,172,1660
560,172,1458
561,172,1344
562,172,1446
563,172,1547
564,172,1442
565,172,1222
566,172,978
567,172,759
568,172,606
569,172,520
570,172,497
571,172,499
572,172,457
573,172,320
490,173,238
491,173,449
492,173,633
493,173,831
494,173,1060
495,173,1304
496,173,1512
497,173,1498
498,173,1276
499,173,1030
500,173,838
501,173,715
502,173,644
503,173,588
504,173,676
505,173,776
506,173,934
507,173,1182
508,173,1525
509,173,1923
510,173,2238
511,173,2339
512,173,2502
513,173,2883
514,173,3052
515,173,3094
516,173,2818
517,173,2497
518,173,2325
519,173,2408
520,173,2675
521,173,3123
522,173,4004
523,173,4651
524,173,4746
525,173,4304
526,173,4282
527,173,4627
528,173,5458
529,173,6603
530,173,7124
531,173,7213
532,173,7060
533,173,6827
534,173,6691
535,173,6672
536,173,6350
537,173,6054
538,173,5841
539,173,5793
540,173,5000
541,173,4323
542,173,3816
543,173,3620
544,173,3470
545,173,3472
546,173,3558
547,173,3632
548,173,3374
549,173,2690
550,173,2059
551,173,1642
552,173,1513
553,173,1545
554,173,1679
555,173,1826
556,173,1808
557,173,1680
558,173,1731
559,173,1685
560,173,1481
561,173,1367
562,173,1418
563,173,1483
564,173,1406
565,173,1213
566,173,978
567,173,753
568,173,593
569,173,498
570,173,473
571,173,503
572,173,456
573,173,320
490,174,244
491,174,473
492,174,677
493,174,888
494,174,1119
495,174,1341
496,174,1445
497,174,1378
498,174,1206
499,174,1000
500,174,832
501,174,721
502,174,663
503,174,651
504,174,701
505,174,774
506,174,884
507,174,1053
508,174,1302
509,174,1584
510,174,1950
511,174,2337
512,174,2773
513,174,3347
514,174,3385
515,174,3097
516,174,2846
517,174,2712
518,174,2719
519,174,2805
520,174,2946
521,174,3285
522,174,4123
523,174,4866
524,174,5227
525,174,5623
526,174,5447
527,174,5771
528,174,6713
529,174,7588
530,174,8163
531,174,8628
532,174,8653
533,174,8191
534,174,7655
535,174,7261
536,174,6889
537,174,6542
538,174,6135
539,174,5575
540,174,4780
541,174,4307
542,174,3996
543,174,4075
544,174,4005
545,174,4125
546,174,4182
547,174,3835
548,174,3290
549,174,2652
550,174,2127
551,174,1912
552,174,1879
553,174,1979
554,174,2103
555,174,2032
556,174,1803
557,174,1560
558,174,1493
559,174,1437
560,174,1344
561,174,1347
562,174,1488
563,174,1586
564,174,1486
565,174,1252
566,174,985
567,174,737
568,174,565
569,174,459
570,174,407
571,174,389
572,174,347
573,174,272
490,175,321
491,175,523
492,175,715
493,175,924
494,175,1149
495,175,1354
496,175,1428
497,175,1335
498,175,1165
499,175,987
500,175,846
501,175,756
502,175,714
503,175,727
504,175,792
505,175,859
506,175,923
507,175,1005
508,175,1181
509,175,1474
510,175,1913
511,175,2487
512,175,3226
513,175,3767
514,175,3500
515,175,3130
516,175,2958
517,175,3149
518,175,3454
519,175,3488
520,175,3537
521,175,3805
522,175,4520
523,175,5189
524,175,5656
525,175,6418
526,175,6594
527,175,7039
528,175,7796
529,175,8460
530,175,8836
531,175,10292
532,175,10539
533,175,10082
534,175,9362
535,175,8689
536,175,8085
537,175,7487
538,175,6645
539,175,5835
540,175,5085
541,175,4660
542,175,4519
543,175,4868
544,175,4627
545,175,4636
546,175,4301
547,175,3787
548,175,3145
549,175,2572
550,175,2300
551,175,2258
552,175,2222
553,175,2358
554,175,2407
555,175,2279
556,175,1842
557,175,1434
558,175,1238
559,175,1168
560,175,1170
561,175,1317
562,175,1568
563,175,1736
564,175,1568
565,175,1264
566,175,961
567,175,707
568,175,521
569,175,407
570,175,337
571,175,298
572,175,262
573,175,219
490,176,478
491,176,583
492,176,744
493,176,944
494,176,1166
495,176,1364
496,176,1463
497,176,1388
498,176,1219
499,176,1045
500,176,922
501,176,847
502,176,820
503,176,864
504,176,974
505,176,1067
506,176,1113
507,176,1147
508,176,1283
509,176,1578
510,176,2014
511,176,2653
512,176,3504
513,176,3791
514,176,3510
515,176,3198
516,176,3157
517,176,3493
518,176,4044
519,176,4605
520,176,4525
521,176,4775
522,176,5130
523,176,5658
524,176,6311
525,176,7243
526,176,7934
527,176,8259
528,176,8289
529,176,9266
530,176,11181
531,176,12289
532,176,12512
533,176,12052
534,176,11349
535,176,10382
536,176,9332
537,176,8310
538,176,7438
539,176,6571
540,176,5864
541,176,5262
542,176,5246
543,176,5636
544,176,5000
545,176,4429
546,176,3907
547,176,3387
548,176,2922
549,176,2671
550,176,2522
551,176,2566
552,176,2308
553,176,2312
554,176,2175
555,176,2015
556,176,1650
557,176,1278
558,176,1025
559,176,952
560,176,1013
561,176,1210
562,176,1480
563,176,1649
564,176,1473
565,176,1167
566,176,873
567,176,637
568,176,461
569,176,354
570,176,283
571,176,241
572,176,213
573,176,187
490,177,481
491,177,597
492,177,751
493,177,953
494,177,1196
495,177,1442
496,177,1592
497,177,1512
498,177,1340
499,177,1176
500,177,1072
501,177,1011
502,177,997
503,177,1086
504,177,1266
505,177,1413
506,177,1453
507,177,1429
508,177,1533
509,177,1856
510,177,2369
511,177,2965
512,177,3692
513,177,3927
514,177,3687
515,177,3425
516,177,3394
517,177,3696
518,177,4161
519,177,4650
520,177,5123
521,177,5446
522,177,5789
523,177,6243
524,177,7338
525,177,8440
526,177,9343
527,177,9358
528,177,9943
529,177,11107
530,177,12470
531,177,13345
532,177,13483
533,177,13076
534,177,13139
535,177,11934
536,177,10701
537,177,9417
538,177,8372
539,177,7286
540,177,6462
541,177,5580
542,177,5213
543,177,5161
544,177,4918
545,177,4462
546,177,3724
547,177,3213
548,177,3053
549,177,2912
550,177,2680
551,177,2395
552,177,2071
553,177,1895
554,177,1735
555,177,1574
556,177,1331
557,177,1068
558,177,863
559,177,795
560,177,858
561,177,1019
562,177,1207
563,177,1299
564,177,1188
565,177,964
566,177,733
567,177,542
568,177,397
569,177,305
570,177,243
571,177,206
572,177,186
573,177,172
490,178,486
491,178,595
492,178,733
493,178,920
494,178,1157
495,178,1413
496,178,1599
497,178,1590
498,178,1500
499,178,1376
500,178,1291
501,178,1243
502,178,1241
503,178,1400
504,178,1644
505,178,1868
506,178,1905
507,178,1806
508,178,1870
509,178,2212
510,178,2765
511,178,3269
512,178,3902
513,178,4280
514,178,4045
515,178,3899
516,178,3891
517,178,4069
518,178,4318
519,178,4705
520,178,5193
521,178,5640
522,178,6173
523,178,6931
524,178,8253
525,178,9776
526,178,11173
527,178,12086
528,178,12345
529,178,13728
530,178,15193
531,178,16118
532,178,16168
533,178,15350
534,178,14035
535,178,12465
536,178,11937
537,178,10438
538,178,8945
539,178,7595
540,178,6403
541,178,5562
542,178,4904
543,178,4568
544,178,4375
545,178,3989
546,178,3386
547,178,3252
548,178,3295
549,178,3056
550,178,2525
551,178,2031
552,178,1682
553,178,1456
554,178,1319
555,178,1186
556,178,1066
557,178,922
558,178,784
559,178,710
560,178,726
561,178,817
562,178,919
563,178,957
564,178,885
565,178,741
566,178,583
567,178,447
568,178,341
569,178,261
570,178,210
571,178,181
572,178,167
573,178,163
490,179,500
491,179,602
492,179,714
493,179,858
494,179,1047
495,179,1268
496,179,1473
497,179,1647
498,179,1669
499,179,1590
500,179,1517
501,179,1487
502,179,1498
503,179,1745
504,179,2002
505,179,2305
506,179,2340
507,179,2172
508,179,2279
509,179,2621
510,179,3014
511,179,3650
512,179,4262
513,179,4578
514,179,4489
515,179,4610
516,179,4558
517,179,4734
518,179,4879
519,179,5032
520,179,5484
521,179,6043
522,179,6756
523,179,7651
524,179,9095
525,179,10861
526,179,12345
527,179,12873
528,179,14371
529,179,16317
530,179,18119
531,179,19230
532,179,19254
533,179,18100
534,179,16086
535,179,13908
536,179,12993
537,179,11256
538,179,9287
539,179,7622
540,179,6320
541,179,5427
542,179,4658
543,179,4149
544,179,3921
545,179,3628
546,179,3229
547,179,3071
548,179,2843
549,179,2554
550,179,2131
551,179,1680
552,179,1340
553,179,1166
554,179,1090
555,179,1071
556,179,1048
557,179,952
558,179,803
559,179,694
560,179,653
561,179,670
562,179,703
563,179,705
564,179,654
565,179,562
566,179,459
567,179,366
568,179,287
569,179,206
570,179,167
571,179,147
572,179,138
573,179,131
490,180,529
491,180,643
492,180,738
493,180,828
494,180,937
495,180,1112
496,180,1338
497,180,1569
498,180,1690
499,180,1673
500,180,1585
501,180,1596
502,180,1678
503,180,2022
504,180,2238
505,180,2425
506,180,2460
507,180,2359
508,180,2598
509,180,3082
510,180,3360
511,180,3795
512,180,4325
513,180,4649
514,180,4825
515,180,5216
516,180,5031
517,180,5353
518,180,5508
519,180,5591
520,180,6205
521,180,6793
522,180,7324
523,180,8266
524,180,9776
525,180,11539
526,180,12340
527,180,13744
528,180,15820
529,180,18156
530,180,20228
531,180,21506
532,180,21550
533,180,20196
534,180,17732
535,180,14873
536,180,12562
537,180,11421
538,180,9347
539,180,7546
540,180,6228
541,180,5298
542,180,4545
543,180,4118
544,180,4034
545,180,3791
546,180,3235
547,180,2724
548,180,2328
549,180,1992
550,180,1666
551,180,1349
552,180,1121
553,180,1082
554,180,1112
555,180,1163
556,180,1209
557,180,1114
558,180,897
559,180,739
560,180,650
561,180,603
562,180,583
563,180,555
564,180,508
565,180,443
566,180,371
567,180,302
568,180,243
569,180,179
570,180,150
571,180,136
572,180,128
573,180,123
490,181,623
491,181,744
492,181,829
493,181,868
494,181,885
495,181,959
496,181,1124
497,181,1302
498,181,1442
499,181,1482
500,181,1509
501,181,1621
502,181,1709
503,181,2004
504,181,2158
505,181,2200
506,181,2295
507,181,2372
508,181,2648
509,181,3071
510,181,3586
511,181,3637
512,181,4020
513,181,4458
514,181,4628
515,181,4781
516,181,4852
517,181,5342
518,181,5606
519,181,5931
520,181,6756
521,181,7483
522,181,7738
523,181,8772
524,181,10208
525,181,12052
526,181,13556
527,181,14251
528,181,16301
529,181,18672
530,181,20778
531,181,22092
532,181,22157
533,181,20774
534,181,18196
535,181,15125
536,181,12492
537,181,11336
538,181,9252
539,181,7470
540,181,6163
541,181,5154
542,181,4521
543,181,4202
544,181,4120
545,181,3880
546,181,3237
547,181,2512
548,181,1972
549,181,1581
550,181,1309
551,181,1123
552,181,1071
553,181,1183
554,181,1323
555,181,1345
556,181,1328
557,181,1199
558,181,981
559,181,826
560,181,718
561,181,632
562,181,556
563,181,491
564,181,433
565,181,377
566,181,315
567,181,245
568,181,203
569,181,168
570,181,148
571,181,136
572,181,127
573,181,116
490,182,797
491,182,896
492,182,967
493,182,952
494,182,867
495,182,840
496,182,908
497,182,1021
498,182,1130
499,182,1227
500,182,1405
501,182,1639
502,182,1611
503,182,1712
504,182,1839
505,182,1961
506,182,2206
507,182,2469
508,182,2647
509,182,2837
510,182,3083
511,182,3216
512,182,3702
513,182,3989
514,182,4025
515,182,4210
516,182,4402
517,182,4768
518,182,5118
519,182,5763
520,182,6641
521,182,7242
522,182,7713
523,182,8767
524,182,10009
525,182,11675
526,182,12403
527,182,13704
528,182,15606
529,182,17719
530,182,19592
531,182,20766
532,182,20823
533,182,19570
534,182,17238
535,182,14486
536,182,12137
537,182,10942
538,182,8995
539,182,7413
540,182,6102
541,182,5162
542,182,4786
543,182,4510
544,182,4164
545,182,3928
546,182,3288
547,182,2516
548,182,1867
549,182,1391
550,182,1126
551,182,1025
552,182,1097
553,182,1323
554,182,1578
555,182,1582
556,182,1352
557,182,1174
558,182,1050
559,182,982
560,182,873
561,182,729
562,182,593
563,182,487
564,182,411
565,182,357
566,182,308
567,182,264
568,182,227
569,182,184
570,182,165
571,182,151
572,182,135
573,182,120
490,183,1148
491,183,1063
492,183,1027
493,183,953
494,183,820
495,183,739
496,183,734
497,183,795
498,183,871
499,183,988
500,183,1153
501,183,1305
502,183,1325
503,183,1371
504,183,1531
505,183,1810
506,183,2201
507,183,2550
508,183,2627
509,183,2495
510,183,2505
511,183,2682
512,183,3049
513,183,3341
514,183,3584
515,183,4016
516,183,4219
517,183,4279
518,183,4605
519,183,5353
520,183,6317
521,183,6901
522,183,7347
523,183,8128
524,183,9394
525,183,11101
526,183,12566
527,183,12990
528,183,14226
529,183,15786
530,183,17209
531,183,18097
532,183,18105
533,183,17086
534,183,15286
535,183,13382
536,183,12234
537,183,10398
538,183,8670
539,183,7375
540,183,6195
541,183,5315
542,183,5119
543,183,4963
544,183,4325
545,183,3878
546,183,3200
547,183,2452
548,183,1838
549,183,1410
550,183,1168
551,183,1074
552,183,1127
553,183,1338
554,183,1583
555,183,1579
556,183,1337
557,183,1156
558,183,1181
559,183,1223
560,183,1070
561,183,843
562,183,644
563,183,505
564,183,423
565,183,374
566,183,332
567,183,294
568,183,263
569,183,238
570,183,218
571,183,196
572,183,157
573,183,123
490,184,1478
491,184,1171
492,184,969
493,184,849
494,184,731
495,184,650
496,184,623
497,184,649
498,184,695
499,184,779
500,184,879
501,184,973
502,184,1021
503,184,1093
504,184,1290
505,184,1619
506,184,2028
507,184,2347
508,184,2331
509,184,2193
510,184,2026
511,184,2096
512,184,2372
513,184,2718
514,184,3207
515,184,3782
516,184,4048
517,184,4084
518,184,4230
519,184,4833
520,184,5691
521,184,6453
522,184,6827
523,184,7460
524,184,8585
525,184,10146
526,184,11726
527,184,12822
528,184,12887
529,184,13821
530,184,14747
531,184,15303
532,184,15227
533,184,14437
534,184,13231
535,184,12673
536,184,11142
537,184,9510
538,184,8329
539,184,7129
540,184,6261
541,184,5432
542,184,5189
543,184,4834
544,184,4186
545,184,3509
546,184,2863
547,184,2273
548,184,1847
549,184,1607
550,184,1385
551,184,1251
552,184,1214
553,184,1248
554,184,1334
555,184,1312
556,184,1176
557,184,1117
558,184,1256
559,184,1421
560,184,1180
561,184,892
562,184,663
563,184,518
564,184,456
565,184,420
566,184,382
567,184,343
568,184,313
569,184,292
570,184,269
571,184,241
572,184,205
573,184,143
490,185,1140
491,185,1016
492,185,864
493,185,741
494,185,649
495,185,591
496,185,580
497,185,603
498,185,629
499,185,645
500,185,667
501,185,728
502,185,780
503,185,867
504,185,1060
505,185,1339
506,185,1651
507,185,1899
508,185,2073
509,185,1988
510,185,1714
511,185,1633
512,185,1878
513,185,2289
514,185,2857
515,185,3427
516,185,3900
517,185,4210
518,185,4105
519,185,4216
520,185,4875
521,185,5471
522,185,6132
523,185,6644
524,185,7735
525,185,9040
526,185,10364
527,185,11541
528,185,12394
529,185,13175
530,185,13778
531,185,14076
532,185,13895
533,185,13177
534,185,12101
535,185,10951
536,185,9611
537,185,8446
538,185,7735
539,185,6813
540,185,6490
541,185,5623
542,185,5559
543,185,5144
544,185,4227
545,185,3319
546,185,2582
547,185,2150
548,185,2032
549,185,1982
550,185,1769
551,185,1529
552,185,1403
553,185,1240
554,185,1122
555,185,1037
556,185,958
557,185,970
558,185,1096
559,185,1183
560,185,1041
561,185,817
562,185,628
563,185,531
564,185,513
565,185,507
566,185,466
567,185,418
568,185,389
569,185,368
570,185,334
571,185,294
572,185,258
573,185,235
490,186,812
491,186,826
492,186,749
493,186,664
494,186,606
495,186,580
496,186,591
497,186,628
498,186,658
499,186,620
500,186,579
501,186,575
502,186,608
503,186,689
504,186,845
505,186,1043
506,186,1256
507,186,1471
508,186,1628
509,186,1589
510,186,1413
511,186,1379
512,186,1664
513,186,2178
514,186,2797
515,186,3349
516,186,3828
517,186,4186
518,186,3987
519,186,3874
520,186,4113
521,186,4562
522,186,5149
523,186,5817
524,186,6798
525,186,7814
526,186,8797
527,186,9807
528,186,10631
529,186,11110
530,186,11337
531,186,11409
532,186,11207
533,186,10665
534,186,9969
535,186,9154
536,186,8299
537,186,7579
538,186,7044
539,186,6241
540,186,5794
541,186,5183
542,186,4954
543,186,4833
544,186,3997
545,186,3124
546,186,2461
547,186,2196
548,186,2295
549,186,2421
550,186,2154
551,186,1806
552,186,1581
553,186,1284
554,186,1033
555,186,867
556,186,772
557,186,785
558,186,856
559,186,890
560,186,812
561,186,674
562,186,558
563,186,540
564,186,591
565,186,639
566,186,580
567,186,513
568,186,500
569,186,480
570,186,420
571,186,353
572,186,302
573,186,275
490,187,768
491,187,732
492,187,682
493,187,638
494,187,621
495,187,622
496,187,642
497,187,687
498,187,741
499,187,634
500,187,544
501,187,502
502,187,506
503,187,558
504,187,670
505,187,798
506,187,941
507,187,1083
508,187,1181
509,187,1182
510,187,1142
511,187,1235
512,187,1644
513,187,2271
514,187,3000
515,187,3577
516,187,3735
517,187,4024
518,187,3889
519,187,3949
520,187,3990
521,187,3960
522,187,4352
523,187,5285
524,187,6322
525,187,6951
526,187,7482
527,187,8263
528,187,8942
529,187,9091
530,187,9033
531,187,8912
532,187,8794
533,187,8536
534,187,8337
535,187,7923
536,187,7377
537,187,6786
538,187,6156
539,187,5687
540,187,5292
541,187,4705
542,187,4380
543,187,4160
544,187,3609
545,187,2938
546,187,2406
547,187,2271
548,187,2398
549,187,2539
550,187,2340
551,187,2110
552,187,1755
553,187,1355
554,187,1031
555,187,805
556,187,672
557,187,642
558,187,657
559,187,659
560,187,612
561,187,539
562,187,495
563,187,530
564,187,640
565,187,766
566,187,665
567,187,595
568,187,632
569,187,615
570,187,515
571,187,410
572,187,334
573,187,286
490,188,685
491,188,682
492,188,665
493,188,671
494,188,700
495,188,727
496,188,724
497,188,716
498,188,692
499,188,605
500,188,520
501,188,469
502,188,458
503,188,486
504,188,553
505,188,631
506,188,716
507,188,798
508,188,861
509,188,899
510,188,960
511,188,1159
512,188,1639
513,188,2296
514,188,3033
515,188,3565
516,188,3485
517,188,3490
518,188,3619
519,188,4023
520,188,4024
521,188,3638
522,188,3699
523,188,4603
524,188,5538
525,188,6089
526,188,6549
527,188,7173
528,188,7766
529,188,7728
530,188,7499
531,188,7191
532,188,7128
533,188,7184
534,188,7344
535,188,7292
536,188,6575
537,188,5856
538,188,5546
539,188,5434
540,188,5187
541,188,4479
542,188,4206
543,188,3831
544,188,3401
545,188,2936
546,188,2573
547,188,2497
548,188,2418
549,188,2394
550,188,2361
551,188,2389
552,188,1935
553,188,1463
554,188,1084
555,188,814
556,188,650
557,188,570
558,188,540
559,188,519
560,188,483
561,188,441
562,188,434
563,188,477
564,188,565
565,188,641
566,188,620
567,188,625
568,188,717
569,188,705
570,188,569
571,188,440
572,188,350
573,188,290
490,189,651
491,189,687
492,189,697
493,189,742
494,189,823
495,189,894
496,189,879
497,189,787
498,189,684
499,189,587
500,189,512
501,189,471
502,189,463
503,189,479
504,189,508
505,189,538
506,189,583
507,189,628
508,189,685
509,189,762
510,189,904
511,189,1179
512,189,1639
513,189,2237
514,189,2910
515,189,3444
516,189,3136
517,189,2909
518,189,3108
519,189,3445
520,189,3440
521,189,3122
522,189,3095
523,189,3804
524,189,4715
525,189,5569
526,189,6003
527,189,6324
528,189,6679
529,189,6822
530,189,6681
531,189,6234
532,189,6139
533,189,6548
534,189,7110
535,189,6735
536,189,5883
537,189,5064
538,189,4715
539,189,4688
540,189,4555
541,189,4225
542,189,4281
543,189,3796
544,189,3550
545,189,3125
546,189,2823
547,189,2842
548,189,2602
549,189,2377
550,189,2306
551,189,2179
552,189,1862
553,189,1494
554,189,1158
555,189,892
556,189,698
557,189,575
558,189,507
559,189,467
560,189,429
561,189,396
562,189,389
563,189,413
564,189,463
565,189,508
566,189,526
567,189,570
568,189,645
569,189,638
570,189,538
571,189,430
572,189,348
573,189,289
490,190,828
491,190,760
492,190,750
493,190,813
494,190,943
495,190,1068
496,190,1053
497,190,914
498,190,743
499,190,607
500,190,525
501,190,498
502,190,507
503,190,527
504,190,538
505,190,536
506,190,535
507,190,555
508,190,626
509,190,756
510,190,976
511,190,1305
512,190,1726
513,190,2161
514,190,2597
515,190,2820
516,190,2609
517,190,2369
518,190,2463
519,190,2648
520,190,2641
521,190,2469
522,190,2505
523,190,3151
524,190,4029
525,190,4868
526,190,5351
527,190,5588
528,190,5695
529,190,5877
530,190,5758
531,190,5379
532,190,5330
533,190,5794
534,190,6220
535,190,6045
536,190,5215
537,190,4334
538,190,3863
539,190,3737
540,190,3627
541,190,3538
542,190,3581
543,190,3324
544,190,3327
545,190,3007
546,190,2770
547,190,2822
548,190,2603
549,190,2477
550,190,2303
551,190,2047
552,190,1801
553,190,1604
554,190,1326
555,190,1031
556,190,794
557,190,639
558,190,559
559,190,505
560,190,451
561,190,402
562,190,372
563,190,371
564,190,391
565,190,418
566,190,443
567,190,487
568,190,532
569,190,527
570,190,469
571,190,396
572,190,337
573,190,293
490,191,907
491,191,809
492,191,790
493,191,855
494,191,996
495,191,1117
496,191,1101
497,191,979
498,191,777
499,191,628
500,191,553
501,191,545
502,191,581
503,191,618
504,191,624
505,191,597
506,191,567
507,191,570
508,191,649
509,191,819
510,191,1101
511,191,1498
512,191,1960
513,191,2316
514,191,2350
515,191,2266
516,191,2053
517,191,1861
518,191,1882
519,191,1965
520,191,1952
521,191,1876
522,191,1982
523,191,2577
524,191,3371
525,191,4271
526,191,5052
527,191,5290
528,191,5109
529,191,4963
530,191,4727
531,191,4395
532,191,4461
533,191,4978
534,191,5631
535,191,5574
536,191,4731
537,191,3809
538,191,3145
539,191,2853
540,191,2659
541,191,2697
542,191,2859
543,191,2798
544,191,2644
545,191,2518
546,191,2429
547,191,2440
548,191,2336
549,191,2371
550,191,2268
551,191,2013
552,191,1903
553,191,1830
554,191,1523
555,191,1169
556,191,903
557,191,758
558,191,682
559,191,617
560,191,536
561,191,454
562,191,392
563,191,361
564,191,357
565,191,368
566,191,387
567,191,420
568,191,445
569,191,443
570,191,411
571,191,366
572,191,325
573,191,297
490,192,866
491,192,806
492,192,794
493,192,831
494,192,954
495,192,1049
496,192,989
497,192,886
498,192,735
499,192,622
500,192,574
501,192,600
502,192,673
503,192,743
504,192,752
505,192,698
506,192,638
507,192,621
508,192,695
509,192,891
510,192,1211
511,192,1639
512,192,2142
513,192,2553
514,192,2265
515,192,1914
516,192,1633
517,192,1505
518,192,1525
519,192,1567
520,192,1531
521,192,1478
522,192,1602
523,192,2120
524,192,2868
525,192,3767
526,192,4588
527,192,4888
528,192,4770
529,192,4278
530,192,3836
531,192,3644
532,192,3868
533,192,4399
534,192,4844
535,192,4908
536,192,4241
537,192,3375
538,192,2649
539,192,2181
540,192,2009
541,192,2051
542,192,2175
543,192,2161
544,192,2051
545,192,2090
546,192,2284
547,192,2352
548,192,2220
549,192,2116
550,192,1992
551,192,1868
552,192,1942
553,192,1864
554,192,1553
555,192,1213
556,192,988
557,192,919
558,192,869
559,192,796
560,192,670
561,192,538
562,192,437
563,192,376
564,192,347
565,192,341
566,192,350
567,192,375
568,192,391
569,192,398
570,192,391
571,192,367
572,192,320
573,192,251
490,193,760
491,193,753
492,193,753
493,193,759
494,193,822
495,193,870
496,193,833
497,193,762
498,193,674
499,193,608
500,193,590
501,193,646
502,193,754
503,193,870
504,193,890
505,193,810
506,193,724
507,193,693
508,193,769
509,193,992
510,193,1305
511,193,1663
512,193,2024
513,193,2182
514,193,1968
515,193,1647
516,193,1436
517,193,1443
518,193,1582
519,193,1672
520,193,1591
521,193,1466
522,193,1523
523,193,1980
524,193,2702
525,193,3549
526,193,4249
527,193,4519
528,193,4379
529,193,3758
530,193,3441
531,193,3232
532,193,3428
533,193,3958
534,193,4378
535,193,4432
536,193,3856
537,193,3061
538,193,2359
539,193,1850
540,193,1601
541,193,1569
542,193,1615
543,193,1613
544,193,1597
545,193,1786
546,193,2122
547,193,2304
548,193,2269
549,193,2060
550,193,1792
551,193,1665
552,193,1708
553,193,1638
554,193,1392
555,193,1155
556,193,1064
557,193,1103
558,193,1091
559,193,1009
560,193,817
561,193,626
562,193,486
563,193,399
564,193,348
565,193,318
566,193,302
567,193,344
568,193,368
569,193,389
570,193,406
571,193,399
572,193,343
573,193,261
490,194,586
491,194,610
492,194,637
493,194,655
494,194,687
495,194,721
496,194,715
497,194,690
498,194,654
499,194,622
500,194,614
501,194,667
502,194,777
503,194,906
504,194,954
505,194,904
506,194,811
507,194,768
508,194,849
509,194,1106
510,194,1453
511,194,1795
512,194,1935
513,194,1824
514,194,1620
515,194,1400
516,194,1341
517,194,1530
518,194,1846
519,194,2050
520,194,1884
521,194,1634
522,194,1589
523,194,1899
524,194,2517
525,194,3256
526,194,3829
527,194,3966
528,194,3849
529,194,3378
530,194,3294
531,194,3033
532,194,3082
533,194,3603
534,194,4335
535,194,4446
536,194,3878
537,194,3134
538,194,2390
539,194,1805
540,194,1425
541,194,1318
542,194,1320
543,194,1319
544,194,1342
545,194,1523
546,194,1824
547,194,2139
548,194,2445
549,194,2090
550,194,1698
551,194,1491
552,194,1469
553,194,1391
554,194,1218
555,194,1070
556,194,1087
557,194,1215
558,194,1230
559,194,1141
560,194,898
561,194,675
562,194,516
563,194,417
564,194,352
565,194,296
566,194,307
567,194,328
568,194,352
569,194,384
570,194,427
571,194,447
572,194,376
573,194,281
490,195,278
491,195,441
492,195,517
493,195,562
494,195,599
495,195,639
496,195,676
497,195,711
498,195,721
499,195,690
500,195,656
501,195,669
502,195,746
503,195,860
504,195,968
505,195,963
506,195,871
507,195,828
508,195,908
509,195,1171
510,195,1538
511,195,1905
512,195,1948
513,195,1663
514,195,1370
515,195,1196
516,195,1270
517,195,1586
518,195,2048
519,195,2444
520,195,2147
521,195,1860
522,195,1696
523,195,1770
524,195,2163
525,195,2661
526,195,3024
527,195,3128
528,195,3196
529,195,2857
530,195,2790
531,195,2782
532,195,2890
533,195,3151
534,195,3829
535,195,4134
536,195,3972
537,195,3321
538,195,2572
539,195,1903
540,195,1435
541,195,1324
542,195,1346
543,195,1334
544,195,1284
545,195,1343
546,195,1529
547,195,1837
548,195,2053
549,195,1874
550,195,1552
551,195,1460
552,195,1465
553,195,1355
554,195,1170
555,195,1029
556,195,1025
557,195,1100
558,195,1102
559,195,1028
560,195,845
561,195,660
562,195,520
563,195,428
564,195,361
565,195,300
566,195,301
567,195,314
568,195,334
569,195,365
570,195,410
571,195,434
572,195,368
573,195,283
490,196,253
491,196,359
492,196,440
493,196,502
494,196,555
495,196,619
496,196,700
497,196,790
498,196,841
499,196,786
500,196,713
501,196,679
502,196,710
503,196,798
504,196,889
505,196,913
506,196,887
507,196,888
508,196,952
509,196,1152
510,196,1443
511,196,1692
512,196,1688
513,196,1439
514,196,1175
515,196,1044
516,196,1163
517,196,1497
518,196,1937
519,196,2252
520,196,2184
521,196,2092
522,196,1864
523,196,1719
524,196,1777
525,196,2012
526,196,2279
527,196,2487
528,196,2547
529,196,2351
530,196,2293
531,196,2468
532,196,2591
533,196,2714
534,196,3173
535,196,3590
536,196,3714
537,196,3390
538,196,2649
539,196,1968
540,196,1533
541,196,1512
542,196,1622
543,196,1602
544,196,1425
545,196,1278
546,196,1302
547,196,1510
548,196,1723
549,196,1681
550,196,1488
551,196,1525
552,196,1630
553,196,1481
554,196,1254
555,196,1083
556,196,968
557,196,953
558,196,923
559,196,855
560,196,739
561,196,620
562,196,516
563,196,444
564,196,387
565,196,334
566,196,289
567,196,301
568,196,314
569,196,333
570,196,355
571,196,359
572,196,317
573,196,256
490,197,253
491,197,338
492,197,408
493,197,476
494,197,541
495,197,618
496,197,720
497,197,844
498,197,943
499,197,853
500,197,770
501,197,708
502,197,707
503,197,765
504,197,832
505,197,875
506,197,940
507,197,999
508,197,1027
509,197,1112
510,197,1307
511,197,1432
512,197,1380
513,197,1183
514,197,984
515,197,901
516,197,1031
517,197,1355
518,197,1791
519,197,2184
520,197,2229
521,197,2201
522,197,2036
523,197,1789
524,197,1608
525,197,1636
526,197,1896
527,197,2194
528,197,2211
529,197,1963
530,197,1867
531,197,1988
532,197,2111
533,197,2273
534,197,2649
535,197,3046
536,197,3247
537,197,3005
538,197,2432
539,197,1878
540,197,1579
541,197,1689
542,197,1931
543,197,1911
544,197,1596
545,197,1297
546,197,1182
547,197,1299
548,197,1483
549,197,1486
550,197,1362
551,197,1455
552,197,1609
553,197,1531
554,197,1424
555,197,1216
556,197,1005
557,197,948
558,197,884
559,197,775
560,197,686
561,197,623
562,197,558
563,197,490
564,197,426
565,197,366
566,197,302
567,197,296
568,197,299
569,197,305
570,197,309
571,197,302
572,197,272
573,197,227
490,198,336
491,198,378
492,198,431
493,198,485
494,198,540
495,198,607
496,198,693
497,198,790
498,198,851
499,198,845
500,198,800
501,198,752
502,198,766
503,198,818
504,198,890
505,198,931
506,198,1037
507,198,1150
508,198,1145
509,198,1179
510,198,1334
511,198,1362
512,198,1217
513,198,1000
514,198,831
515,198,788
516,198,928
517,198,1236
518,198,1626
519,198,1947
520,198,2018
521,198,2101
522,198,2241
523,198,1831
524,198,1488
525,198,1381
526,198,1582
527,198,1829
528,198,1841
529,198,1639
530,198,1522
531,198,1571
532,198,1700
533,198,1992
534,198,2460
535,198,2923
536,198,2986
537,198,2587
538,198,2092
539,198,1672
540,198,1508
541,198,1686
542,198,1961
543,198,1949
544,198,1619
545,198,1271
546,198,1067
547,198,1087
548,198,1187
549,198,1207
550,198,1147
551,198,1212
552,198,1339
553,198,1436
554,198,1552
555,198,1285
556,198,1004
557,198,910
558,198,833
559,198,740
560,198,707
561,198,704
562,198,646
563,198,558
564,198,476
565,198,406
566,198,343
567,198,282
568,198,287
569,198,290
570,198,286
571,198,273
572,198,248
573,198,210
490,199,357
491,199,422
492,199,477
493,199,517
494,199,551
495,199,594
496,199,646
497,199,699
498,199,737
499,199,756
500,199,766
501,199,807
502,199,874
503,199,898
504,199,991
505,199,982
506,199,1076
507,199,1206
508,199,1228
509,199,1314
510,199,1480
511,199,1464
512,199,1219
513,199,940
514,199,768
515,199,732
516,199,889
517,199,1184
518,199,1543
519,199,1797
520,199,1767
521,199,1789
522,199,1808
523,199,1556
524,199,1275
525,199,1169
526,199,1357
527,199,1613
528,199,1630
529,199,1427
530,199,1369
531,199,1387
532,199,1479
533,199,1776
534,199,2253
535,199,2698
536,199,2713
537,199,2280
538,199,1790
539,199,1434
540,199,1352
541,199,1528
542,199,1753
543,199,1761
544,199,1532
545,199,1214
546,199,977
547,199,948
548,199,1036
549,199,1103
550,199,1026
551,199,979
552,199,1048
553,199,1186
554,199,1270
555,199,1125
556,199,896
557,199,788
558,199,727
559,199,697
560,199,762
561,199,819
562,199,745
563,199,628
564,199,525
565,199,445
566,199,377
567,199,295
568,199,270
569,199,283
570,199,278
571,199,264
572,199,242
573,199,224
490,200,396
491,200,480
492,200,544
493,200,573
494,200,588
495,200,609
496,200,623
497,200,635
498,200,649
499,200,673
500,200,729
501,200,845
502,200,973
503,200,916
504,200,929
505,200,965
506,200,1067
507,200,1198
508,200,1276
509,200,1349
510,200,1473
511,200,1448
512,200,1198
513,200,944
514,200,766
515,200,722
516,200,876
517,200,1167
518,200,1539
519,200,1839
520,200,1629
521,200,1415
522,200,1349
523,200,1186
524,200,1019
525,200,985
526,200,1172
527,200,1420
528,200,1451
529,200,1286
530,200,1304
531,200,1304
532,200,1309
533,200,1503
534,200,1877
535,200,2169
536,200,2168
537,200,1869
538,200,1493
539,200,1212
540,200,1208
541,200,1407
542,200,1686
543,200,1816
544,200,1584
545,200,1232
546,200,954
547,200,900
548,200,1004
549,200,1145
550,200,977
551,200,845
552,200,830
553,200,911
554,200,961
555,200,891
556,200,761
557,200,670
558,200,641
559,200,673
560,200,775
561,200,851
562,200,789
563,200,675
564,200,568
565,200,486
566,200,419
567,200,352
568,200,291
569,200,274
570,200,262
571,200,247
572,200,220
573,200,164
490,201,431
491,201,547
492,201,632
493,201,649
494,201,655
495,201,670
496,201,655
497,201,623
498,201,604
499,201,618
500,201,681
501,201,780
502,201,863
503,201,857
504,201,879
505,201,988
506,201,1160
507,201,1341
508,201,1403
509,201,1328
510,201,1280
511,201,1291
512,201,1169
513,201,942
514,201,771
515,201,723
516,201,849
517,201,1090
518,201,1370
519,201,1532
520,201,1402
521,201,1210
522,201,1033
523,201,879
524,201,791
525,201,801
526,201,944
527,201,1124
528,201,1192
529,201,1131
530,201,1124
531,201,1108
532,201,1109
533,201,1234
534,201,1467
535,201,1638
536,201,1636
537,201,1459
538,201,1219
539,201,1061
540,201,1127
541,201,1363
542,201,1639
543,201,1771
544,201,1565
545,201,1220
546,201,933
547,201,829
548,201,865
549,201,910
550,201,819
551,201,714
552,201,678
553,201,707
554,201,735
555,201,702
556,201,632
557,201,586
558,201,586
559,201,653
560,201,756
561,201,828
562,201,811
563,201,731
564,201,627
565,201,538
566,201,472
567,201,412
568,201,358
569,201,332
570,201,299
571,201,283
572,201,257
573,201,209
490,202,484
491,202,601
492,202,713
493,202,712
494,202,734
495,202,765
496,202,720
497,202,649
498,202,598
499,202,594
500,202,636
501,202,703
502,202,764
503,202,804
504,202,886
505,202,1060
506,202,1282
507,202,1421
508,202,1517
509,202,1323
510,202,1149
511,202,1105
512,202,1026
513,202,882
514,202,764
515,202,737
516,202,838
517,202,1027
518,202,1220
519,202,1330
520,202,1317
521,202,1152
522,202,903
523,202,728
524,202,638
525,202,655
526,202,763
527,202,947
528,202,1114
529,202,1118
530,202,1008
531,202,954
532,202,939
533,202,1005
534,202,1133
535,202,1236
536,202,1250
537,202,1164
538,202,1020
539,202,957
540,202,1039
541,202,1254
542,202,1492
543,202,1591
544,202,1486
545,202,1180
546,202,897
547,202,741
548,202,705
549,202,694
550,202,651
551,202,605
552,202,605
553,202,665
554,202,706
555,202,673
556,202,606
557,202,563
558,202,589
559,202,682
560,202,811
561,202,913
562,202,941
563,202,838
564,202,699
565,202,589
566,202,523
567,202,468
568,202,415
569,202,397
570,202,373
571,202,364
572,202,341
573,202,288
490,203,502
491,203,582
492,203,662
493,203,700
494,203,772
495,203,846
496,203,771
497,203,678
498,203,614
499,203,598
500,203,633
501,203,690
502,203,751
503,203,821
504,203,921
505,203,1089
506,203,1297
507,203,1392
508,203,1380
509,203,1221
510,203,1035
511,203,939
512,203,884
513,203,823
514,203,784
515,203,814
516,203,921
517,203,1106
518,203,1279
519,203,1317
520,203,1275
521,203,1092
522,203,827
523,203,645
524,203,560
525,203,577
526,203,696
527,203,906
528,203,1142
529,203,1168
530,203,994
531,203,860
532,203,820
533,203,847
534,203,919
535,203,1010
536,203,1074
537,203,1079
538,203,1016
539,203,940
540,203,953
541,203,1076
542,203,1236
543,203,1388
544,203,1334
545,203,1079
546,203,836
547,203,687
548,203,599
549,203,557
550,203,534
551,203,529
552,203,590
553,203,690
554,203,758
555,203,705
556,203,619
557,203,573
558,203,613
559,203,732
560,203,900
561,203,1046
562,203,1088
563,203,915
564,203,740
565,203,627
566,203,564
567,203,514
568,203,475
569,203,485
570,203,511
571,203,517
572,203,504
573,203,520
490,204,452
491,204,524
492,204,590
493,204,646
494,204,725
495,204,783
496,204,756
497,204,696
498,204,652
499,204,658
500,204,709
501,204,787
502,204,864
503,204,937
504,204,1018
505,204,1082
506,204,1195
507,204,1273
508,204,1315
509,204,1158
510,204,964
511,204,847
512,204,823
513,204,842
514,204,891
515,204,959
516,204,1057
517,204,1245
518,204,1457
519,204,1446
520,204,1214
521,204,988
522,204,758
523,204,595
524,204,518
525,204,528
526,204,627
527,204,795
528,204,966
529,204,995
530,204,884
531,204,784
532,204,750
533,204,785
534,204,879
535,204,1006
536,204,1141
537,204,1225
538,204,1189
539,204,1053
540,204,934
541,204,963
542,204,1055
543,204,1125
544,204,1074
545,204,913
546,204,793
547,204,676
548,204,560
549,204,492
550,204,469
551,204,492
552,204,570
553,204,674
554,204,742
555,204,691
556,204,612
557,204,578
558,204,628
559,204,751
560,204,909
561,204,1029
562,204,1010
563,204,857
564,204,711
565,204,640
566,204,592
567,204,547
568,204,536
569,204,576
570,204,617
571,204,626
572,204,593
573,204,523
490,205,389
491,205,467
492,205,531
493,205,596
494,205,670
495,205,732
496,205,758
497,205,748
498,205,732
499,205,763
500,205,838
501,205,946
502,205,1042
503,205,1085
504,205,1153
505,205,1115
506,205,1097
507,205,1172
508,205,1218
509,205,1079
510,205,911
511,205,827
512,205,863
513,205,961
514,205,1065
515,205,1154
516,205,1204
517,205,1288
518,205,1454
519,205,1421
520,205,1159
521,205,892
522,205,693
523,205,554
524,205,484
525,205,482
526,205,544
527,205,647
528,205,746
529,205,775
530,205,738
531,205,706
532,205,723
533,205,811
534,205,946
535,205,1124
536,205,1331
537,205,1501
538,205,1470
539,205,1250
540,205,1042
541,205,1003
542,205,1022
543,205,985
544,205,893
545,205,808
546,205,767
547,205,678
548,205,536
549,205,456
550,205,436
551,205,460
552,205,525
553,205,598
554,205,639
555,205,615
556,205,573
557,205,580
558,205,654
559,205,768
560,205,877
561,205,948
562,205,874
563,205,747
564,205,651
565,205,625
566,205,598
567,205,559
568,205,585
569,205,645
570,205,701
571,205,721
572,205,685
573,205,590
490,206,351
491,206,433
492,206,500
493,206,573
494,206,661
495,206,755
496,206,832
497,206,852
498,206,847
499,206,901
500,206,989
501,206,1092
502,206,1190
503,206,1138
504,206,1172
505,206,1104
506,206,1034
507,206,1046
508,206,1031
509,206,935
510,206,837
511,206,823
512,206,937
513,206,1113
514,206,1259
515,206,1320
516,206,1283
517,206,1202
518,206,1227
519,206,1178
520,206,997
521,206,788
522,206,622
523,206,510
524,206,456
525,206,443
526,206,475
527,206,532
528,206,589
529,206,621
530,206,630
531,206,656
532,206,741
533,206,889
534,206,1082
535,206,1290
536,206,1534
537,206,1742
538,206,1708
539,206,1421
540,206,1201
541,206,1182
542,206,1189
543,206,1059
544,206,876
545,206,745
546,206,675
547,206,597
548,206,495
549,206,425
550,206,414
551,206,436
552,206,484
553,206,531
554,206,553
555,206,541
556,206,529
557,206,574
558,206,679
559,206,807
560,206,860
561,206,861
562,206,760
563,206,640
564,206,567
565,206,550
566,206,546
567,206,554
568,206,606
569,206,684
570,206,765
571,206,813
572,206,799
573,206,748
490,207,362
491,207,430
492,207,499
493,207,577
494,207,679
495,207,801
496,207,906
497,207,937
498,207,943
499,207,1017
500,207,1069
501,207,1102
502,207,1101
503,207,1052
504,207,1084
505,207,1070
506,207,1026
507,207,992
508,207,903
509,207,807
510,207,760
511,207,806
512,207,967
513,207,1196
514,207,1401
515,207,1310
516,207,1178
517,207,1040
518,207,970
519,207,924
520,207,812
521,207,676
522,207,568
523,207,504
524,207,463
525,207,441
526,207,443
527,207,474
528,207,515
529,207,551
530,207,586
531,207,652
532,207,784
533,207,988
534,207,1246
535,207,1484
536,207,1622
537,207,1776
538,207,1707
539,207,1477
540,207,1303
541,207,1363
542,207,1399
543,207,1173
544,207,917
545,207,721
546,207,611
547,207,533
548,207,464
549,207,417
550,207,411
551,207,439
552,207,487
553,207,530
554,207,539
555,207,516
556,207,500
557,207,545
558,207,647
559,207,763
560,207,782
561,207,713
562,207,625
563,207,536
564,207,481
565,207,466
566,207,475
567,207,518
568,207,592
569,207,689
570,207,794
571,207,877
572,207,883
573,207,848
490,208,373
491,208,444
492,208,516
493,208,589
494,208,680
495,208,791
496,208,882
497,208,890
498,208,919
499,208,981
500,208,971
501,208,964
502,208,931
503,208,917
504,208,970
505,208,998
506,208,1015
507,208,981
508,208,851
509,208,739
510,208,696
511,208,756
512,208,904
513,208,1093
514,208,1235
515,208,1186
516,208,1013
517,208,871
518,208,842
519,208,834
520,208,737
521,208,624
522,208,560
523,208,535
524,208,506
525,208,473
526,208,461
527,208,480
528,208,525
529,208,573
530,208,619
531,208,689
532,208,833
533,208,1058
534,208,1354
535,208,1639
536,208,1606
537,208,1668
538,208,1762
539,208,1486
540,208,1258
541,208,1262
542,208,1311
543,208,1187
544,208,927
545,208,711
546,208,576
547,208,498
548,208,444
549,208,413
550,208,416
551,208,457
552,208,525
553,208,587
554,208,590
555,208,535
556,208,487
557,208,494
558,208,556
559,208,623
560,208,629
561,208,572
562,208,505
563,208,445
564,208,404
565,208,389
566,208,400
567,208,463
568,208,549
569,208,652
570,208,760
571,208,848
572,208,862
573,208,848
490,209,375
491,209,468
492,209,556
493,209,625
494,209,669
495,209,723
496,209,765
497,209,772
498,209,795
499,209,822
500,209,808
501,209,785
502,209,755
503,209,758
504,209,799
505,209,839
506,209,878
507,209,859
508,209,765
509,209,676
510,209,641
511,209,690
512,209,800
513,209,929
514,209,1013
515,209,973
516,209,847
517,209,753
518,209,765
519,209,823
520,209,699
521,209,603
522,209,588
523,209,609
524,209,590
525,209,532
526,209,510
527,209,545
528,209,621
529,209,689
530,209,733
531,209,779
532,209,891
533,209,1086
534,209,1310
535,209,1456
536,209,1427
537,209,1439
538,209,1468
539,209,1308
540,209,1153
541,209,1184
542,209,1190
543,209,1062
544,209,852
545,209,667
546,209,543
547,209,471
548,209,426
549,209,406
550,209,421
551,209,473
552,209,563
553,209,659
554,209,657
555,209,559
556,209,472
557,209,436
558,209,456
559,209,486
560,209,488
561,209,455
562,209,410
563,209,371
564,209,339
565,209,325
566,209,339
567,209,401
568,209,490
569,209,582
570,209,667
571,209,726
572,209,729
573,209,691
490,210,378
491,210,496
492,210,612
493,210,690
494,210,686
495,210,662
496,210,655
497,210,649
498,210,657
499,210,666
500,210,652
501,210,629
502,210,608
503,210,614
504,210,643
505,210,675
506,210,709
507,210,702
508,210,654
509,210,605
510,210,591
511,210,638
512,210,730
513,210,834
514,210,885
515,210,830
516,210,720
517,210,649
518,210,643
519,210,656
520,210,610
521,210,604
522,210,648
523,210,679
524,210,660
525,210,576
526,210,563
527,210,648
528,210,787
529,210,890
530,210,928
531,210,929
532,210,984
533,210,1161
534,210,1357
535,210,1390
536,210,1269
537,210,1210
538,210,1198
539,210,1090
540,210,1034
541,210,1087
542,210,1129
543,210,951
544,210,753
545,210,602
546,210,503
547,210,442
548,210,401
549,210,395
550,210,415
551,210,464
552,210,549
553,210,641
554,210,635
555,210,533
556,210,440
557,210,388
558,210,378
559,210,385
560,210,384
561,210,366
562,210,338
563,210,309
564,210,284
565,210,273
566,210,287
567,210,319
568,210,419
569,210,496
570,210,558
571,210,591
572,210,580
573,210,512
490,211,352
491,211,512
492,211,649
493,211,750
494,211,695
495,211,621
496,211,572
497,211,547
498,211,537
499,211,539
500,211,523
501,211,503
502,211,489
503,211,494
504,211,516
505,211,540
506,211,562
507,211,564
508,211,552
509,211,542
510,211,556
511,211,619
512,211,729
513,211,863
514,211,936
515,211,844
516,211,694
517,211,581
518,211,533
519,211,519
520,211,527
521,211,617
522,211,734
523,211,650
524,211,603
525,211,555
526,211,587
527,211,750
528,211,995
529,211,1163
530,211,1186
531,211,1119
532,211,1098
533,211,1247
534,211,1374
535,211,1323
536,211,1177
537,211,1097
538,211,1102
539,211,1042
540,211,935
541,211,913
542,211,904
543,211,791
544,211,650
545,211,541
546,211,466
547,211,408
548,211,343
549,211,370
550,211,394
551,211,427
552,211,477
553,211,526
554,211,518
555,211,454
556,211,387
557,211,341
558,211,319
559,211,314
560,211,311
561,211,299
562,211,278
563,211,255
564,211,226
565,211,226
566,211,240
567,211,272
568,211,350
569,211,406
570,211,452
571,211,475
572,211,469
573,211,432
490,212,416
491,212,526
492,212,621
493,212,675
494,212,633
495,212,556
496,212,500
497,212,464
498,212,418
499,212,437
500,212,407
501,212,383
502,212,372
503,212,381
504,212,412
505,212,430
506,212,444
507,212,452
508,212,472
509,212,495
510,212,524
511,212,597
512,212,727
513,212,913
514,212,1051
515,212,888
516,212,686
517,212,541
518,212,450
519,212,420
520,212,464
521,212,590
522,212,719
523,212,611
524,212,509
525,212,486
526,212,561
527,212,782
528,212,1188
529,212,1456
530,212,1399
531,212,1298
532,212,1163
533,212,1363
534,212,1538
535,212,1324
536,212,1128
537,212,1074
538,212,1119
539,212,1077
540,212,889
541,212,758
542,212,701
543,212,619
544,212,540
545,212,479
546,212,431
547,212,379
548,212,307
549,212,342
550,212,373
551,212,381
552,212,396
553,212,414
554,212,406
555,212,371
556,212,331
557,212,300
558,212,271
559,212,253
560,212,248
561,212,239
562,212,212
563,212,203
564,212,199
565,212,217
566,212,229
567,212,237
568,212,262
569,212,292
570,212,344
571,212,365
572,212,373
573,212,405
490,213,496
491,213,539
492,213,581
493,213,602
494,213,553
495,213,462
496,213,423
497,213,402
498,213,219
499,213,380
500,213,270
501,213,226
502,213,214
503,213,249
504,213,332
505,213,339
506,213,343
507,213,343
508,213,408
509,213,473
510,213,477
511,213,537
512,213,658
513,213,891
514,213,1027
515,213,855
516,213,622
517,213,499
518,213,357
519,213,321
520,213,364
521,213,517
522,213,606
523,213,533
524,213,407
525,213,361
526,213,440
527,213,609
528,213,1367
529,213,1606
530,213,1567
531,213,1561
532,213,985
533,213,1386
534,213,1578
535,213,1215
536,213,1009
537,213,1010
538,213,1072
539,213,1096
540,213,809
541,213,588
542,213,533
543,213,453
544,213,428
545,213,421
546,213,409
547,213,360
548,213,243
549,213,298
550,213,374
551,213,336
552,213,316
553,213,325
554,213,323
555,213,300
556,213,283
557,213,269
558,213,222
559,213,164
560,213,167
561,213,167
562,213,169
563,213,181
564,213,170
565,213,232
566,213,241
567,213,206
568,213,208
569,213,210
570,213,214
571,213,224
572,213,221
573,213,207
