xv,yv,rho
490,148,328
491,148,452
492,148,586
493,148,433
494,148,315
495,148,352
496,148,365
497,148,258
498,148,260
499,148,234
500,148,217
501,148,391
502,148,355
503,148,439
504,148,602
505,148,889
506,148,1403
507,148,872
508,148,582
509,148,408
510,148,338
511,148,383
512,148,372
513,148,477
514,148,542
515,148,548
516,148,609
517,148,732
518,148,974
519,148,1368
520,148,1345
521,148,876
522,148,540
523,148,270
524,148,196
525,148,299
526,148,445
527,148,577
528,148,606
529,148,615
530,148,514
531,148,412
532,148,332
533,148,335
534,148,280
535,148,296
536,148,377
537,148,365
538,148,410
539,148,474
540,148,504
541,148,476
542,148,503
543,148,503
544,148,479
545,148,444
546,148,335
547,148,367
548,148,368
549,148,377
550,148,393
551,148,482
552,148,721
553,148,985
554,148,1475
555,148,1214
556,148,941
557,148,791
558,148,715
559,148,696
560,148,439
561,148,464
562,148,463
563,148,431
564,148,404
565,148,538
566,148,529
567,148,393
568,148,301
569,148,292
570,148,236
571,148,213
572,148,196
573,148,197
490,149,415
491,149,467
492,149,518
493,149,452
494,149,387
495,149,379
496,149,376
497,149,302
498,149,289
499,149,280
500,149,286
501,149,388
502,149,412
503,149,472
504,149,581
505,149,738
506,149,877
507,149,726
508,149,570
509,149,489
510,149,488
511,149,517
512,149,504
513,149,508
514,149,518
515,149,532
516,149,586
517,149,685
518,149,835
519,149,993
520,149,973
521,149,770
522,149,577
523,149,451
524,149,448
525,149,556
526,149,722
527,149,879
528,149,895
529,149,777
530,149,619
531,149,486
532,149,396
533,149,356
534,149,338
535,149,367
536,149,437
537,149,515
538,149,615
539,149,695
540,149,712
541,149,691
542,149,691
543,149,671
544,149,602
545,149,519
546,149,448
547,149,441
548,149,468
549,149,512
550,149,561
551,149,620
552,149,737
553,149,878
554,149,1027
555,149,958
556,149,826
557,149,721
558,149,656
559,149,628
560,149,575
561,149,593
562,149,582
563,149,527
564,149,485
565,149,502
566,149,478
567,149,402
568,149,337
569,149,307
570,149,248
571,149,234
572,149,228
573,149,233
490,150,440
491,150,445
492,150,454
493,150,428
494,150,401
495,150,398
496,150,408
497,150,406
498,150,380
499,150,330
500,150,328
501,150,401
502,150,423
503,150,459
504,150,517
505,150,588
506,150,629
507,150,580
508,150,523
509,150,537
510,150,610
511,150,672
512,150,619
513,150,552
514,150,516
515,150,513
516,150,546
517,150,608
518,150,687
519,150,751
520,150,741
521,150,658
522,150,578
523,150,561
524,150,628
525,150,754
526,150,927
527,150,1116
528,150,1117
529,150,916
530,150,711
531,150,549
532,150,441
533,150,388
534,150,379
535,150,421
536,150,515
537,150,661
538,150,841
539,150,975
540,150,982
541,150,953
542,150,920
543,150,895
544,150,753
545,150,609
546,150,528
547,150,524
548,150,585
549,150,672
550,150,748
551,150,784
552,150,792
553,150,803
554,150,821
555,150,779
556,150,705
557,150,636
558,150,599
559,150,602
560,150,635
561,150,704
562,150,694
563,150,599
564,150,535
565,150,518
566,150,480
567,150,416
568,150,355
569,150,324
570,150,308
571,150,256
572,150,252
573,150,239
490,151,404
491,151,404
492,151,404
493,151,397
494,151,396
495,151,411
496,151,439
497,151,464
498,151,468
499,151,458
500,151,433
501,151,353
502,151,406
503,151,425
504,151,451
505,151,479
506,151,491
507,151,478
508,151,484
509,151,549
510,151,675
511,151,811
512,151,689
513,151,577
514,151,520
515,151,510
516,151,532
517,151,557
518,151,587
519,151,612
520,151,614
521,151,596
522,151,588
523,151,640
524,151,762
525,151,920
526,151,1029
527,151,1123
528,151,1133
529,151,989
530,151,805
531,151,628
532,151,499
533,151,430
534,151,419
535,151,466
536,151,580
537,151,776
538,151,1044
539,151,1274
540,151,1267
541,151,1234
542,151,1115
543,151,1131
544,151,866
545,151,672
546,151,592
547,151,621
548,151,730
549,151,871
550,151,989
551,151,1002
552,151,915
553,151,815
554,151,736
555,151,675
556,151,614
557,151,563
558,151,546
559,151,564
560,151,624
561,151,705
562,151,699
563,151,605
564,151,561
565,151,556
566,151,494
567,151,421
568,151,363
569,151,337
570,151,331
571,151,284
572,151,290
573,151,292
490,152,381
491,152,363
492,152,366
493,152,374
494,152,391
495,152,427
496,152,474
497,152,514
498,152,527
499,152,511
500,152,473
501,152,423
502,152,335
503,152,383
504,152,395
505,152,403
506,152,406
507,152,408
508,152,436
509,152,501
510,152,600
511,152,673
512,152,626
513,152,558
514,152,531
515,152,554
516,152,579
517,152,580
518,152,570
519,152,578
520,152,607
521,152,636
522,152,657
523,152,700
524,152,831
525,152,1019
526,152,1105
527,152,1117
528,152,1227
529,152,1160
530,152,944
531,152,727
532,152,572
533,152,492
534,152,480
535,152,514
536,152,613
537,152,801
538,152,1073
539,152,1336
540,152,1430
541,152,1393
542,152,1117
543,152,995
544,152,813
545,152,668
546,152,629
547,152,722
548,152,903
549,152,1096
550,152,1257
551,152,1242
552,152,1051
553,152,866
554,152,728
555,152,631
556,152,561
557,152,514
558,152,499
559,152,516
560,152,561
561,152,609
562,152,606
563,152,552
564,152,541
565,152,542
566,152,478
567,152,405
568,152,362
569,152,350
570,152,356
571,152,319
572,152,339
573,152,336
490,153,209
491,153,302
492,153,335
493,153,361
494,153,398
495,153,453
496,153,520
497,153,576
498,153,589
499,153,556
500,153,502
501,153,445
502,153,392
503,153,309
504,153,347
505,153,345
506,153,348
507,153,358
508,153,383
509,153,429
510,153,489
511,153,533
512,153,535
513,153,535
514,153,584
515,153,659
516,153,704
517,153,683
518,153,635
519,153,631
520,153,693
521,153,766
522,153,786
523,153,770
524,153,814
525,153,943
526,153,1038
527,153,1142
528,153,1357
529,153,1311
530,153,1056
531,153,827
532,153,669
533,153,601
534,153,594
535,153,603
536,153,637
537,153,748
538,153,932
539,153,1137
540,153,1227
541,153,1203
542,153,1005
543,153,832
544,153,704
545,153,626
546,153,643
547,153,797
548,153,1044
549,153,1313
550,153,1414
551,153,1360
552,153,1120
553,153,902
554,153,738
555,153,622
556,153,539
557,153,486
558,153,469
559,153,480
560,153,507
561,153,532
562,153,530
563,153,506
564,153,495
565,153,481
566,153,437
567,153,386
568,153,361
569,153,362
570,153,381
571,153,364
572,153,420
573,153,448
490,154,203
491,154,232
492,154,319
493,154,365
494,154,418
495,154,489
496,154,577
497,154,657
498,154,668
499,154,607
500,154,534
501,154,470
502,154,416
503,154,365
504,154,279
505,154,257
506,154,300
507,154,317
508,154,338
509,154,368
510,154,406
511,154,443
512,154,479
513,154,552
514,154,678
515,154,828
516,154,911
517,154,854
518,154,751
519,154,728
520,154,828
521,154,964
522,154,974
523,154,861
524,154,784
525,154,858
526,154,969
527,154,1136
528,154,1335
529,154,1215
530,154,1086
531,154,947
532,154,822
533,154,775
534,154,791
535,154,777
536,154,727
537,154,713
538,154,791
539,154,899
540,154,955
541,154,938
542,154,820
543,154,690
544,154,614
545,154,586
546,154,644
547,154,814
548,154,1070
549,154,1335
550,154,1404
551,154,1293
552,154,1113
553,154,924
554,154,763
555,154,638
556,154,544
557,154,481
558,154,462
559,154,471
560,154,490
561,154,503
562,154,500
563,154,484
564,154,470
565,154,445
566,154,403
567,154,370
568,154,361
569,154,369
570,154,343
571,154,405
572,154,542
573,154,848
490,155,118
491,155,244
492,155,321
493,155,389
494,155,457
495,155,531
496,155,622
497,155,720
498,155,729
499,155,649
500,155,575
501,155,514
502,155,454
503,155,396
504,155,340
505,155,253
506,155,236
507,155,287
508,155,307
509,155,329
510,155,358
511,155,398
512,155,467
513,155,586
514,155,770
515,155,996
516,155,1151
517,155,1033
518,155,875
519,155,834
520,155,933
521,155,1118
522,155,1117
523,155,924
524,155,803
525,155,887
526,155,1005
527,155,1050
528,155,1135
529,155,1136
530,155,1186
531,155,1142
532,155,1021
533,155,1010
534,155,1077
535,155,1045
536,155,902
537,155,780
538,155,763
539,155,810
540,155,828
541,155,791
542,155,707
543,155,630
544,155,590
545,155,587
546,155,649
547,155,802
548,155,1022
549,155,1224
550,155,1288
551,155,1223
552,155,1150
553,155,1009
554,155,836
555,155,684
556,155,570
557,155,501
558,155,485
559,155,502
560,155,527
561,155,540
562,155,529
563,155,500
564,155,473
565,155,442
566,155,399
567,155,370
568,155,367
569,155,377
570,155,346
571,155,398
572,155,508
573,155,774
490,156,176
491,156,250
492,156,339
493,156,432
494,156,525
495,156,598
496,156,641
497,156,689
498,156,699
499,156,671
500,156,648
501,156,589
502,156,510
503,156,436
504,156,373
505,156,318
506,156,240
507,156,242
508,156,295
509,156,308
510,156,333
511,156,381
512,156,465
513,156,595
514,156,787
515,156,1021
516,156,1186
517,156,1088
518,156,994
519,156,983
520,156,956
521,156,1018
522,156,999
523,156,872
524,156,804
525,156,922
526,156,1089
527,156,1007
528,156,983
529,156,1101
530,156,1291
531,156,1309
532,156,1187
533,156,1245
534,156,1400
535,156,1349
536,156,1107
537,156,935
538,156,962
539,156,1031
540,156,1017
541,156,905
542,156,777
543,156,722
544,156,716
545,156,708
546,156,717
547,156,850
548,156,1073
549,156,1287
550,156,1360
551,156,1335
552,156,1336
553,156,1169
554,156,941
555,156,739
556,156,598
557,156,520
558,156,520
559,156,561
560,156,613
561,156,637
562,156,612
563,156,559
564,156,505
565,156,459
566,156,418
567,156,387
568,156,386
569,156,395
570,156,407
571,156,417
572,156,342
573,156,208
490,157,120
491,157,242
492,157,359
493,157,484
494,157,614
495,157,703
496,157,690
497,157,661
498,157,675
499,157,736
500,157,771
501,157,694
502,157,578
503,157,477
504,157,405
505,157,352
506,157,273
507,157,316
508,157,318
509,157,270
510,157,284
511,157,382
512,157,461
513,157,576
514,157,736
515,157,918
516,157,1041
517,157,1043
518,157,1116
519,157,1181
520,157,1042
521,157,903
522,157,841
523,157,774
524,157,755
525,157,843
526,157,922
527,157,887
528,157,875
529,157,1018
530,157,1201
531,157,1273
532,157,1264
533,157,1428
534,157,1596
535,157,1485
536,157,1246
537,157,1125
538,157,1274
539,157,1426
540,157,1390
541,157,1167
542,157,966
543,157,943
544,157,964
545,157,923
546,157,871
547,157,937
548,157,1178
549,157,1463
550,157,1532
551,157,1449
552,157,1547
553,157,1311
554,157,1011
555,157,765
556,157,607
557,157,533
558,157,555
559,157,634
560,157,731
561,157,783
562,157,732
563,157,635
564,157,548
565,157,485
566,157,438
567,157,405
568,157,399
569,157,402
570,157,404
571,157,394
572,157,354
573,157,275
490,158,103
491,158,244
492,158,375
493,158,517
494,158,673
495,158,808
496,158,733
497,158,670
498,158,697
499,158,807
500,158,913
501,158,785
502,158,634
503,158,514
504,158,439
505,158,398
506,158,382
507,158,383
508,158,379
509,158,368
510,158,373
511,158,406
512,158,465
513,158,560
514,158,694
515,158,852
516,158,992
517,158,1072
518,158,1174
519,158,1223
520,158,1050
521,158,874
522,158,768
523,158,727
524,158,729
525,158,770
526,158,792
527,158,780
528,158,817
529,158,986
530,158,1187
531,158,1351
532,158,1420
533,158,1513
534,158,1630
535,158,1503
536,158,1367
537,158,1400
538,158,1631
539,158,1881
540,158,1816
541,158,1451
542,158,1210
543,158,1274
544,158,1343
545,158,1223
546,158,1042
547,158,979
548,158,1168
549,158,1428
550,158,1474
551,158,1326
552,158,1349
553,158,1220
554,158,952
555,158,726
556,158,584
557,158,527
558,158,572
559,158,686
560,158,837
561,158,937
562,158,845
563,158,704
564,158,590
565,158,509
566,158,450
567,158,415
568,158,412
569,158,418
570,158,416
571,158,396
572,158,355
573,158,293
490,159,133
491,159,265
492,159,384
493,159,508
494,159,632
495,159,713
496,159,690
497,159,658
498,159,704
499,159,817
500,159,891
501,159,808
502,159,667
503,159,550
504,159,482
505,159,463
506,159,468
507,159,473
508,159,464
509,159,446
510,159,436
511,159,449
512,159,492
513,159,578
514,159,718
515,159,910
516,159,1120
517,159,1248
518,159,1186
519,159,1116
520,159,981
521,159,861
522,159,802
523,159,804
524,159,829
525,159,829
526,159,793
527,159,777
528,159,885
529,159,1170
530,159,1509
531,159,1793
532,159,1801
533,159,1594
534,159,1529
535,159,1511
536,159,1608
537,159,1751
538,159,1922
539,159,2048
540,159,1926
541,159,1585
542,159,1506
543,159,1653
544,159,1788
545,159,1512
546,159,1171
547,159,956
548,159,1023
549,159,1161
550,159,1187
551,159,1090
552,159,1059
553,159,964
554,159,795
555,159,636
556,159,533
557,159,499
558,159,553
559,159,672
560,159,826
561,159,934
562,159,858
563,159,751
564,159,639
565,159,534
566,159,460
567,159,429
568,159,442
569,159,468
570,159,469
571,159,436
572,159,384
573,159,303
490,160,230
491,160,316
492,160,410
493,160,504
494,160,581
495,160,635
496,160,649
497,160,662
498,160,743
499,160,887
500,160,989
501,160,887
502,160,732
503,160,614
504,160,559
505,160,559
506,160,590
507,160,607
508,160,589
509,160,553
510,160,527
511,160,525
512,160,551
513,160,629
514,160,771
515,160,981
516,160,1241
517,160,1464
518,160,1273
519,160,1071
520,160,951
521,160,902
522,160,938
523,160,999
524,160,1056
525,160,1032
526,160,934
527,160,892
528,160,1057
529,160,1402
530,160,1841
531,160,2245
532,160,2181
533,160,1817
534,160,1609
535,160,1695
536,160,1927
537,160,2167
538,160,2266
539,160,1968
540,160,1749
541,160,1582
542,160,1744
543,160,1989
544,160,1901
545,160,1555
546,160,1178
547,160,929
548,160,872
549,160,929
550,160,949
551,160,895
552,160,842
553,160,759
554,160,647
555,160,543
556,160,474
557,160,455
558,160,501
559,160,591
560,160,700
561,160,776
562,160,797
563,160,801
564,160,679
565,160,550
566,160,468
567,160,450
568,160,494
569,160,559
570,160,567
571,160,511
572,160,448
573,160,416
490,161,279
491,161,368
492,161,458
493,161,555
494,161,618
495,161,658
496,161,712
497,161,722
498,161,770
499,161,895
500,161,989
501,161,906
502,161,792
503,161,710
504,161,668
505,161,693
506,161,762
507,161,802
508,161,768
509,161,705
510,161,666
511,161,648
512,161,652
513,161,707
514,161,826
515,161,1005
516,161,1210
517,161,1333
518,161,1232
519,161,1069
520,161,982
521,161,1040
522,161,1168
523,161,1280
524,161,1350
525,161,1295
526,161,1111
527,161,1021
528,161,1187
529,161,1570
530,161,2087
531,161,2574
532,161,2266
533,161,1952
534,161,1870
535,161,2023
536,161,2147
537,161,2257
538,161,2108
539,161,1908
540,161,1671
541,161,1616
542,161,1779
543,161,1961
544,161,1731
545,161,1369
546,161,1081
547,161,859
548,161,795
549,161,850
550,161,900
551,161,878
552,161,794
553,161,678
554,161,572
555,161,485
556,161,428
557,161,410
558,161,438
559,161,494
560,161,562
561,161,629
562,161,702
563,161,744
564,161,645
565,161,531
566,161,466
567,161,472
568,161,544
569,161,647
570,161,663
571,161,582
572,161,492
573,161,367
490,162,406
491,162,430
492,162,508
493,162,620
494,162,686
495,162,743
496,162,832
497,162,806
498,162,787
499,162,837
500,162,880
501,162,889
502,162,894
503,162,843
504,162,812
505,162,855
506,162,968
507,162,1049
508,162,984
509,162,894
510,162,861
511,162,827
512,162,806
513,162,848
514,162,939
515,162,1086
516,162,1251
517,162,1342
518,162,1268
519,162,1137
520,162,1095
521,162,1225
522,162,1431
523,162,1595
524,162,1562
525,162,1465
526,162,1249
527,162,1129
528,162,1269
529,162,1626
530,162,2079
531,162,2396
532,162,2304
533,162,2116
534,162,2183
535,162,2431
536,162,2451
537,162,2218
538,162,2148
539,162,2193
540,162,2022
541,162,1916
542,162,1813
543,162,1670
544,162,1490
545,162,1193
546,162,1034
547,162,898
548,162,858
549,162,969
550,162,1079
551,162,1067
552,162,925
553,162,743
554,162,587
555,162,475
556,162,403
557,162,369
558,162,380
559,162,412
560,162,455
561,162,509
562,162,562
563,162,585
564,162,543
565,162,485
566,162,457
567,162,484
568,162,559
569,162,644
570,162,677
571,162,651
572,162,593
573,162,445
490,163,414
491,163,455
492,163,530
493,163,621
494,163,686
495,163,770
496,163,867
497,163,854
498,163,840
499,163,826
500,163,840
501,163,923
502,163,1060
503,163,1002
504,163,990
505,163,1020
506,163,1137
507,163,1283
508,163,1159
509,163,1099
510,163,1106
511,163,1052
512,163,1005
513,163,1064
514,163,1166
515,163,1333
516,163,1567
517,163,1725
518,163,1585
519,163,1366
520,163,1246
521,163,1376
522,163,1646
523,163,1783
524,163,1776
525,163,1648
526,163,1432
527,163,1290
528,163,1442
529,163,1827
530,163,2331
531,163,2707
532,163,2689
533,163,2519
534,163,2501
535,163,2690
536,163,2657
537,163,2437
538,163,2628
539,163,2856
540,163,2665
541,163,2479
542,163,2166
543,163,1738
544,163,1535
545,163,1314
546,163,1194
547,163,1034
548,163,987
549,163,1167
550,163,1371
551,163,1360
552,163,1121
553,163,850
554,163,636
555,163,492
556,163,398
557,163,293
558,163,331
559,163,352
560,163,383
561,163,418
562,163,450
563,163,465
564,163,457
565,163,447
566,163,463
567,163,516
568,163,593
569,163,669
570,163,728
571,163,797
572,163,822
573,163,690
490,164,385
491,164,468
492,164,563
493,164,654
494,164,708
495,164,757
496,164,817
497,164,878
498,164,936
499,164,877
500,164,831
501,164,925
502,164,1072
503,164,1132
504,164,1233
505,164,1199
506,164,1171
507,164,1200
508,164,1173
509,164,1249
510,164,1348
511,164,1262
512,164,1203
513,164,1328
514,164,1464
515,164,1555
516,164,1859
517,164,2181
518,164,1907
519,164,1618
520,164,1441
521,164,1450
522,164,1656
523,164,1906
524,164,2253
525,164,2227
526,164,1892
527,164,1620
528,164,1679
529,164,2105
530,164,2737
531,164,3377
532,164,3318
533,164,3136
534,164,2904
535,164,2814
536,164,2699
537,164,2644
538,164,3074
539,164,3624
540,164,3362
541,164,2950
542,164,2438
543,164,1852
544,164,1802
545,164,1531
546,164,1362
547,164,1131
548,164,1063
549,164,1281
550,164,1573
551,164,1561
552,164,1229
553,164,906
554,164,664
555,164,506
556,164,406
557,164,337
558,164,261
559,164,312
560,164,339
561,164,365
562,164,387
563,164,403
564,164,416
565,164,444
566,164,513
567,164,615
568,164,723
569,164,800
570,164,870
571,164,1021
572,164,1185
573,164,1246
490,165,358
491,165,499
492,165,649
493,165,788
494,165,832
495,165,802
496,165,806
497,165,883
498,165,946
499,165,879
500,165,815
501,165,883
502,165,1031
503,165,1248
504,165,1482
505,165,1349
506,165,1186
507,165,1109
508,165,1119
509,165,1248
510,165,1376
511,165,1323
512,165,1329
513,165,1565
514,165,1790
515,165,1804
516,165,1960
517,165,2151
518,165,2098
519,165,1950
520,165,1682
521,165,1553
522,165,1693
523,165,2127
524,165,2605
525,165,2608
526,165,2162
527,165,1849
528,165,1904
529,165,2340
530,165,2972
531,165,3721
532,165,4073
533,165,3845
534,165,3672
535,165,3347
536,165,3048
537,165,3012
538,165,3305
539,165,3737
540,165,4109
541,165,3288
542,165,2461
543,165,1905
544,165,1872
545,165,1752
546,165,1323
547,165,1090
548,165,1017
549,165,1184
550,165,1381
551,165,1368
552,165,1128
553,165,857
554,165,645
555,165,502
556,165,411
557,165,348
558,165,262
559,165,261
560,165,327
561,165,354
562,165,375
563,165,394
564,165,419
565,165,477
566,165,581
567,165,733
568,165,896
569,165,981
570,165,1025
571,165,1190
572,165,1468
573,165,1837
490,166,368
491,166,518
492,166,699
493,166,889
494,166,936
495,166,863
496,166,829
497,166,862
498,166,872
499,166,822
500,166,778
501,166,832
502,166,989
503,166,1223
504,166,1447
505,166,1425
506,166,1223
507,166,1069
508,166,1044
509,166,1129
510,166,1216
511,166,1245
512,166,1365
513,166,1645
514,166,1913
515,166,1965
516,166,2082
517,166,2315
518,166,2349
519,166,2237
520,166,1941
521,166,1823
522,166,1844
523,166,2114
524,166,2431
525,166,2447
526,166,2164
527,166,1971
528,166,2173
529,166,2657
530,166,3207
531,166,3861
532,166,4146
533,166,4535
534,166,4391
535,166,4179
536,166,3881
537,166,3751
538,166,3783
539,166,4123
540,166,4047
541,166,3206
542,166,2403
543,166,1831
544,166,1667
545,166,1576
546,166,1210
547,166,996
548,166,911
549,166,993
550,166,1087
551,166,1070
552,166,927
553,166,747
554,166,595
555,166,489
556,166,421
557,166,378
558,166,353
559,166,349
560,166,366
561,166,392
562,166,419
563,166,441
564,166,466
565,166,523
566,166,634
567,166,807
568,166,1015
569,166,1101
570,166,1103
571,166,1233
572,166,1526
573,166,1885
490,167,339
491,167,488
492,167,655
493,167,829
494,167,894
495,167,894
496,167,924
497,167,929
498,167,867
499,167,791
500,167,748
501,167,794
502,167,941
503,167,1161
504,167,1374
505,167,1377
506,167,1194
507,167,1045
508,167,1007
509,167,1063
510,167,1126
511,167,1185
512,167,1346
513,167,1624
514,167,1912
515,167,2137
516,167,2268
517,167,2505
518,167,2674
519,167,2691
520,167,2271
521,167,2223
522,167,2119
523,167,2122
524,167,2364
525,167,2442
526,167,2267
527,167,2145
528,167,2415
529,167,2995
530,167,3552
531,167,3792
532,167,4190
533,167,4593
534,167,4829
535,167,5037
536,167,4707
537,167,4646
538,167,4298
539,167,4021
540,167,3745
541,167,3064
542,167,2245
543,167,1913
544,167,1822
545,167,1567
546,167,1233
547,167,980
548,167,849
549,167,849
550,167,868
551,167,838
552,167,750
553,167,644
554,167,553
555,167,490
556,167,453
557,167,432
558,167,425
559,167,427
560,167,443
561,167,479
562,167,521
563,167,551
564,167,564
565,167,585
566,167,656
567,167,784
568,167,933
569,167,1013
570,167,1054
571,167,1198
572,167,1489
573,167,1829
490,168,349
491,168,478
492,168,628
493,168,773
494,168,846
495,168,961
496,168,1088
497,168,1097
498,168,973
499,168,835
500,168,752
501,168,762
502,168,864
503,168,1019
504,168,1155
505,168,1173
506,168,1094
507,168,1044
508,168,1096
509,168,1184
510,168,1236
511,168,1273
512,168,1417
513,168,1729
514,168,2121
515,168,2452
516,168,2509
517,168,2476
518,168,2645
519,168,2491
520,168,2480
521,168,2687
522,168,2496
523,168,2432
524,168,2620
525,168,2778
526,168,2506
527,168,2318
528,168,2543
529,168,3106
530,168,3624
531,168,3807
532,168,4176
533,168,4836
534,168,5097
535,168,5217
536,168,5513
537,168,5596
538,168,4787
539,168,4011
540,168,3676
541,168,3068
542,168,2314
543,168,2015
544,168,1920
545,168,1647
546,168,1316
547,168,1056
548,168,908
549,168,839
550,168,791
551,168,728
552,168,657
553,168,596
554,168,557
555,168,541
556,168,533
557,168,529
558,168,537
559,168,546
560,168,563
561,168,620
562,168,691
563,168,735
564,168,727
565,168,692
566,168,681
567,168,725
568,168,797
569,168,857
570,168,923
571,168,1072
572,168,1347
573,168,1783
490,169,333
491,169,459
492,169,602
493,169,743
494,169,843
495,169,1032
496,169,1243
497,169,1266
498,169,1082
499,169,893
500,169,769
501,169,734
502,169,782
503,169,871
504,169,953
505,169,991
506,169,1017
507,169,1121
508,169,1304
509,169,1478
510,169,1535
511,169,1505
512,169,1569
513,169,1869
514,169,2307
515,169,2721
516,169,2553
517,169,2340
518,169,2350
519,169,2369
520,169,2596
521,169,2885
522,169,2970
523,169,2844
524,169,2831
525,169,2921
526,169,2655
527,169,2501
528,169,2650
529,169,3090
530,169,3523
531,169,3833
532,169,4317
533,169,5113
534,169,5520
535,169,5801
536,169,5652
537,169,5865
538,169,5160
539,169,4249
540,169,4090
541,169,3346
542,169,2670
543,169,2226
544,169,2028
545,169,1802
546,169,1516
547,169,1280
548,169,1171
549,169,1047
550,169,909
551,169,760
552,169,667
553,169,633
554,169,640
555,169,666
556,169,685
557,169,694
558,169,720
559,169,732
560,169,738
561,169,816
562,169,932
563,169,1002
564,169,961
565,169,853
566,169,749
567,169,694
568,169,691
569,169,714
570,169,768
571,169,877
572,169,1048
573,169,1267
490,170,311
491,170,433
492,170,564
493,170,695
494,170,833
495,170,1053
496,170,1261
497,170,1331
498,170,1175
499,170,960
500,170,800
501,170,721
502,170,718
503,170,760
504,170,815
505,170,882
506,170,1008
507,170,1239
508,170,1563
509,170,1872
510,170,1948
511,170,1817
512,170,1773
513,170,1983
514,170,2307
515,170,2527
516,170,2406
517,170,2186
518,170,2143
519,170,2354
520,170,3039
521,170,3678
522,170,3739
523,170,3281
524,170,2966
525,170,2847
526,170,2943
527,170,2956
528,170,3035
529,170,3378
530,170,3818
531,170,4262
532,170,4738
533,170,5317
534,170,5753
535,170,6099
536,170,6048
537,170,5883
538,170,5219
539,170,4317
540,170,3990
541,170,3508
542,170,3118
543,170,2845
544,170,2593
545,170,2390
546,170,2063
547,170,1784
548,170,1629
549,170,1418
550,170,1169
551,170,942
552,170,782
553,170,755
554,170,803
555,170,878
556,170,932
557,170,948
558,170,995
559,170,1005
560,170,986
561,170,1044
562,170,1210
563,170,1329
564,170,1231
565,170,1036
566,170,847
567,170,707
568,170,630
569,170,606
570,170,630
571,170,682
572,170,729
573,170,677
490,171,271
491,171,417
492,171,551
493,171,693
494,171,868
495,171,1124
496,171,1373
497,171,1521
498,171,1279
499,171,1017
500,171,824
501,171,715
502,171,676
503,171,688
504,171,735
505,171,831
506,171,1011
507,171,1312
508,171,1735
509,171,2193
510,171,2329
511,171,2136
512,171,2050
513,171,2257
514,171,2461
515,171,2581
516,171,2432
517,171,2173
518,171,2074
519,171,2444
520,171,3104
521,171,3771
522,171,3871
523,171,3393
524,171,3173
525,171,3051
526,171,3356
527,171,3478
528,171,3616
529,171,4139
530,171,4539
531,171,4864
532,171,5153
533,171,5407
534,171,5979
535,171,6618
536,171,6215
537,171,5623
538,171,5092
539,171,4652
540,171,4464
541,171,3995
542,171,3682
543,171,3460
544,171,3198
545,171,3012
546,171,2621
547,171,2421
548,171,2241
549,171,1901
550,171,1506
551,171,1173
552,171,960
553,171,944
554,171,1037
555,171,1177
556,171,1274
557,171,1277
558,171,1352
559,171,1346
560,171,1248
561,171,1234
562,171,1418
563,171,1624
564,171,1427
565,171,1170
566,171,928
567,171,734
568,171,606
569,171,547
570,171,541
571,171,556
572,171,552
573,171,503
490,172,315
491,172,431
492,172,574
493,172,741
494,172,973
495,172,1238
496,172,1482
497,172,1508
498,172,1276
499,172,1023
500,172,827
501,172,707
502,172,649
503,172,636
504,172,687
505,172,793
506,172,979
507,172,1282
508,172,1705
509,172,2183
510,172,2554
511,172,2348
512,172,2300
513,172,2593
514,172,2782
515,172,2925
516,172,2659
517,172,2300
518,172,2093
519,172,2270
520,172,2832
521,172,3345
522,172,3647
523,172,3591
524,172,3605
525,172,3373
526,172,3453
527,172,3742
528,172,4348
529,172,5355
530,172,5768
531,172,5783
532,172,5777
533,172,5858
534,172,6090
535,172,6454
536,172,5992
537,172,5533
538,172,5430
539,172,5306
540,172,5159
541,172,4363
542,172,3881
543,172,3640
544,172,3403
545,172,3281
546,172,3042
547,172,3084
548,172,2907
549,172,2386
550,172,1830
551,172,1410
552,172,1188
553,172,1192
554,172,1332
555,172,1516
556,172,1651
557,172,1585
558,172,1694
559,172,1665
560,172,1445
561,172,1320
562,172,1426
563,172,1531
564,172,1423
565,172,1200
566,172,959
567,172,741
568,172,593
569,172,512
570,172,494
571,172,500
572,172,458
573,172,322
490,173,211
491,173,439
492,173,620
493,173,814
494,173,1040
495,173,1283
496,173,1502
497,173,1489
498,173,1259
499,173,1012
500,173,821
501,173,699
502,173,629
503,173,522
504,173,660
505,173,759
506,173,916
507,173,1163
508,173,1504
509,173,1906
510,173,2219
511,173,2304
512,173,2452
513,173,2840
514,173,3002
515,173,3067
516,173,2780
517,173,2451
518,173,2275
519,173,2360
520,173,2618
521,173,3049
522,173,3981
523,173,4666
524,173,4749
525,173,4205
526,173,4190
527,173,4520
528,173,5333
529,173,6513
530,173,7004
531,173,7062
532,173,6893
533,173,6665
534,173,6544
535,173,6556
536,173,6238
537,173,5960
538,173,5753
539,173,5788
540,173,4925
541,173,4257
542,173,3746
543,173,3559
544,173,3406
545,173,3408
546,173,3508
547,173,3620
548,173,3381
549,173,2670
550,173,2034
551,173,1610
552,173,1488
553,173,1520
554,173,1656
555,173,1821
556,173,1805
557,173,1665
558,173,1733
559,173,1688
560,173,1468
561,173,1344
562,173,1391
563,173,1456
564,173,1379
565,173,1188
566,173,956
567,173,735
568,173,580
569,173,492
570,173,474
571,173,519
572,173,473
573,173,326
490,174,238
491,174,463
492,174,662
493,174,871
494,174,1101
495,174,1326
496,174,1427
497,174,1355
498,174,1186
499,174,981
500,174,814
501,174,705
502,174,646
503,174,635
504,174,686
505,174,757
506,174,866
507,174,1033
508,174,1282
509,174,1551
510,174,1914
511,174,2297
512,174,2712
513,174,3320
514,174,3355
515,174,3041
516,174,2792
517,174,2654
518,174,2660
519,174,2755
520,174,2891
521,174,3209
522,174,4064
523,174,4813
524,174,5151
525,174,5600
526,174,5335
527,174,5629
528,174,6589
529,174,7438
530,174,7989
531,174,8430
532,174,8465
533,174,7995
534,174,7465
535,174,7092
536,174,6742
537,174,6418
538,174,6040
539,174,5481
540,174,4671
541,174,4228
542,174,3915
543,174,4021
544,174,3951
545,174,4093
546,174,4182
547,174,3820
548,174,3264
549,174,2622
550,174,2087
551,174,1882
552,174,1856
553,174,1958
554,174,2095
555,174,2014
556,174,1783
557,174,1537
558,174,1479
559,174,1425
560,174,1327
561,174,1323
562,174,1468
563,174,1568
564,174,1466
565,174,1231
566,174,966
567,174,719
568,174,554
569,174,453
570,174,407
571,174,393
572,174,352
573,174,276
490,175,314
491,175,511
492,175,700
493,175,906
494,175,1131
495,175,1338
496,175,1410
497,175,1311
498,175,1140
499,175,965
500,175,827
501,175,738
502,175,698
503,175,710
504,175,776
505,175,842
506,175,904
507,175,982
508,175,1155
509,175,1445
510,175,1879
511,175,2441
512,175,3189
513,175,3764
514,175,3450
515,175,3070
516,175,2891
517,175,3101
518,175,3426
519,175,3414
520,175,3462
521,175,3715
522,175,4453
523,175,5117
524,175,5539
525,175,6338
526,175,6443
527,175,6874
528,175,7641
529,175,8244
530,175,7838
531,175,10049
532,175,10292
533,175,9843
534,175,9137
535,175,8498
536,175,7933
537,175,7377
538,175,6519
539,175,5716
540,175,4967
541,175,4566
542,175,4419
543,175,4832
544,175,4569
545,175,4645
546,175,4291
547,175,3781
548,175,3127
549,175,2531
550,175,2267
551,175,2238
552,175,2202
553,175,2357
554,175,2415
555,175,2295
556,175,1832
557,175,1412
558,175,1219
559,175,1151
560,175,1150
561,175,1299
562,175,1559
563,175,1740
564,175,1559
565,175,1248
566,175,945
567,175,694
568,175,510
569,175,401
570,175,335
571,175,297
572,175,263
573,175,219
490,176,466
491,176,569
492,176,727
493,176,924
494,176,1143
495,176,1339
496,176,1439
497,176,1363
498,176,1195
499,176,1023
500,176,902
501,176,829
502,176,802
503,176,845
504,176,957
505,176,1049
506,176,1094
507,176,1127
508,176,1264
509,176,1558
510,176,1971
511,176,2594
512,176,3478
513,176,3748
514,176,3447
515,176,3131
516,176,3094
517,176,3438
518,176,4005
519,176,4632
520,176,4460
521,176,4719
522,176,5045
523,176,5558
524,176,6167
525,176,7092
526,176,7770
527,176,8055
528,176,7353
529,176,8219
530,176,10894
531,176,11974
532,176,12196
533,176,11749
534,176,11065
535,176,10145
536,176,9124
537,176,8125
538,176,7294
539,176,6445
540,176,5763
541,176,5152
542,176,5178
543,176,5675
544,176,4954
545,176,4371
546,176,3861
547,176,3345
548,176,2873
549,176,2637
550,176,2491
551,176,2583
552,176,2285
553,176,2313
554,176,2161
555,176,2012
556,176,1640
557,176,1264
558,176,1006
559,176,935
560,176,995
561,176,1196
562,176,1474
563,176,1657
564,176,1468
565,176,1155
566,176,860
567,176,625
568,176,451
569,176,347
570,176,279
571,176,238
572,176,211
573,176,185
490,177,469
491,177,583
492,177,734
493,177,934
494,177,1176
495,177,1424
496,177,1580
497,177,1491
498,177,1315
499,177,1151
500,177,1052
501,177,993
502,177,977
503,177,1064
504,177,1247
505,177,1394
506,177,1433
507,177,1405
508,177,1515
509,177,1842
510,177,2347
511,177,2913
512,177,3657
513,177,3878
514,177,3627
515,177,3357
516,177,3320
517,177,3627
518,177,4097
519,177,4579
520,177,5083
521,177,5390
522,177,5711
523,177,6101
524,177,7205
525,177,8251
526,177,9111
527,177,8301
528,177,8820
529,177,9853
530,177,11061
531,177,11838
532,177,11960
533,177,11599
534,177,12805
535,177,11635
536,177,10440
537,177,9200
538,177,8226
539,177,7153
540,177,6380
541,177,5467
542,177,5123
543,177,5098
544,177,4897
545,177,4471
546,177,3696
547,177,3158
548,177,3017
549,177,2891
550,177,2671
551,177,2384
552,177,2053
553,177,1877
554,177,1717
555,177,1560
556,177,1318
557,177,1054
558,177,846
559,177,778
560,177,843
561,177,1006
562,177,1197
563,177,1291
564,177,1179
565,177,953
566,177,722
567,177,533
568,177,387
569,177,298
570,177,238
571,177,203
572,177,183
573,177,169
490,178,474
491,178,581
492,178,717
493,178,902
494,178,1137
495,178,1396
496,178,1587
497,178,1566
498,178,1478
499,178,1353
500,178,1272
501,178,1226
502,178,1219
503,178,1378
504,178,1624
505,178,1851
506,178,1887
507,178,1781
508,178,1844
509,178,2195
510,178,2766
511,178,3214
512,178,3848
513,178,4255
514,178,3980
515,178,3824
516,178,3816
517,178,3990
518,178,4226
519,178,4617
520,178,5107
521,178,5539
522,178,6053
523,178,6777
524,178,8073
525,178,9547
526,178,10890
527,178,11776
528,178,10950
529,178,12177
530,178,13477
531,178,14298
532,178,14341
533,178,13616
534,178,12449
535,178,11057
536,178,11636
537,178,10186
538,178,8754
539,178,7451
540,178,6266
541,178,5461
542,178,4805
543,178,4488
544,178,4336
545,178,3966
546,178,3327
547,178,3222
548,178,3310
549,178,3071
550,178,2509
551,178,2006
552,178,1663
553,178,1435
554,178,1301
555,178,1164
556,178,1051
557,178,911
558,178,774
559,178,699
560,178,713
561,178,805
562,178,907
563,178,946
564,178,875
565,178,731
566,178,574
567,178,439
568,178,334
569,178,255
570,178,205
571,178,177
572,178,164
573,178,160
490,179,489
491,179,590
492,179,699
493,179,840
494,179,1028
495,179,1247
496,179,1448
497,179,1634
498,179,1656
499,179,1574
500,179,1504
501,179,1475
502,179,1472
503,179,1725
504,179,1976
505,179,2301
506,179,2334
507,179,2144
508,179,2256
509,179,2598
510,179,2966
511,179,3612
512,179,4229
513,179,4545
514,179,4415
515,179,4549
516,179,4480
517,179,4657
518,179,4796
519,179,4926
520,179,5368
521,179,5917
522,179,6632
523,179,7484
524,179,8880
525,179,10593
526,179,12028
527,179,11419
528,179,12747
529,179,14474
530,179,16072
531,179,17057
532,179,17079
533,179,16055
534,179,14268
535,179,12337
536,179,12662
537,179,10988
538,179,9069
539,179,7455
540,179,6183
541,179,5329
542,179,4568
543,179,4060
544,179,3850
545,179,3570
546,179,3177
547,179,3051
548,179,2817
549,179,2536
550,179,2117
551,179,1662
552,179,1319
553,179,1146
554,179,1071
555,179,1059
556,179,1045
557,179,953
558,179,800
559,179,686
560,179,642
561,179,657
562,179,692
563,179,694
564,179,643
565,179,553
566,179,451
567,179,359
568,179,281
569,179,183
570,179,149
571,179,131
572,179,123
573,179,116
490,180,519
491,180,632
492,180,725
493,180,813
494,180,918
495,180,1092
496,180,1321
497,180,1560
498,180,1686
499,180,1670
500,180,1570
501,180,1580
502,180,1652
503,180,2017
504,180,2223
505,180,2414
506,180,2447
507,180,2323
508,180,2576
509,180,3089
510,180,3312
511,180,3749
512,180,4287
513,180,4595
514,180,4759
515,180,5215
516,180,4947
517,180,5297
518,180,5441
519,180,5476
520,180,6104
521,180,6674
522,180,7175
523,180,8076
524,180,9541
525,180,11248
526,180,10946
527,180,12191
528,180,14033
529,180,16105
530,180,17943
531,180,19077
532,180,19115
533,180,17915
534,180,15729
535,180,13193
536,180,11143
537,180,11135
538,180,9113
539,180,7367
540,180,6094
541,180,5205
542,180,4458
543,180,4040
544,180,3992
545,180,3765
546,180,3196
547,180,2682
548,180,2295
549,180,1968
550,180,1649
551,180,1333
552,180,1098
553,180,1064
554,180,1096
555,180,1157
556,180,1224
557,180,1132
558,180,900
559,180,733
560,180,640
561,180,591
562,180,571
563,180,545
564,180,498
565,180,435
566,180,363
567,180,296
568,180,238
569,180,159
570,180,133
571,180,121
572,180,114
573,180,109
490,181,613
491,181,734
492,181,822
493,181,859
494,181,872
495,181,940
496,181,1107
497,181,1286
498,181,1431
499,181,1470
500,181,1493
501,181,1609
502,181,1687
503,181,2000
504,181,2146
505,181,2167
506,181,2262
507,181,2328
508,181,2612
509,181,3037
510,181,3602
511,181,3581
512,181,3957
513,181,4418
514,181,4575
515,181,4712
516,181,4761
517,181,5290
518,181,5534
519,181,5826
520,181,6672
521,181,7419
522,181,7570
523,181,8596
524,181,9968
525,181,11749
526,181,13208
527,181,12641
528,181,14459
529,181,16562
530,181,18431
531,181,19596
532,181,19654
533,181,18427
534,181,16141
535,181,13416
536,181,11080
537,181,11050
538,181,9021
539,181,7295
540,181,6041
541,181,5046
542,181,4426
543,181,4121
544,181,4075
545,181,3850
546,181,3199
547,181,2466
548,181,1937
549,181,1555
550,181,1290
551,181,1105
552,181,1054
553,181,1171
554,181,1316
555,181,1335
556,181,1338
557,181,1214
558,181,981
559,181,818
560,181,706
561,181,621
562,181,545
563,181,480
564,181,424
565,181,368
566,181,307
567,181,217
568,181,180
569,181,149
570,181,131
571,181,121
572,181,112
573,181,103
490,182,785
491,182,886
492,182,968
493,182,953
494,182,858
495,182,825
496,182,892
497,182,1006
498,182,1115
499,182,1212
500,182,1402
501,182,1662
502,182,1600
503,182,1694
504,182,1815
505,182,1925
506,182,2171
507,182,2442
508,182,2612
509,182,2802
510,182,3053
511,182,3165
512,182,3687
513,182,3960
514,182,3953
515,182,4130
516,182,4314
517,182,4693
518,182,5026
519,182,5672
520,182,6554
521,182,7120
522,182,7554
523,182,8613
524,182,9765
525,182,11380
526,182,11002
527,182,12156
528,182,13843
529,182,15717
530,182,17378
531,182,18420
532,182,18470
533,182,17359
534,182,15291
535,182,12850
536,182,10766
537,182,10666
538,182,8774
539,182,7260
540,182,5977
541,182,5051
542,182,4710
543,182,4442
544,182,4092
545,182,3900
546,182,3259
547,182,2487
548,182,1841
549,182,1363
550,182,1101
551,182,1006
552,182,1082
553,182,1315
554,182,1587
555,182,1591
556,182,1342
557,182,1168
558,182,1039
559,182,971
560,182,864
561,182,719
562,182,583
563,182,478
564,182,402
565,182,349
566,182,302
567,182,258
568,182,222
569,182,164
570,182,147
571,182,134
572,182,120
573,182,106
490,183,1134
491,183,1052
492,183,1026
493,183,954
494,183,813
495,183,727
496,183,718
497,183,781
498,183,856
499,183,978
500,183,1149
501,183,1305
502,183,1316
503,183,1349
504,183,1504
505,183,1784
506,183,2182
507,183,2542
508,183,2618
509,183,2457
510,183,2468
511,183,2655
512,183,3029
513,183,3310
514,183,3529
515,183,3978
516,183,4171
517,183,4196
518,183,4517
519,183,5271
520,183,6251
521,183,6791
522,183,7203
523,183,7945
524,183,9166
525,183,10825
526,183,12245
527,183,11523
528,183,12619
529,183,14002
530,183,15265
531,183,16052
532,183,16059
533,183,15156
534,183,13559
535,183,11871
536,183,11922
537,183,10136
538,183,8461
539,183,7241
540,183,6077
541,183,5203
542,183,5058
543,183,4949
544,183,4268
545,183,3854
546,183,3177
547,183,2425
548,183,1812
549,183,1383
550,183,1146
551,183,1058
552,183,1111
553,183,1330
554,183,1591
555,183,1588
556,183,1329
557,183,1138
558,183,1172
559,183,1221
560,183,1065
561,183,834
562,183,635
563,183,496
564,183,415
565,183,367
566,183,326
567,183,289
568,183,258
569,183,233
570,183,213
571,183,192
572,183,140
573,183,109
490,184,1461
491,184,1165
492,184,956
493,184,841
494,184,722
495,184,639
496,184,610
497,184,636
498,184,681
499,184,770
500,184,873
501,184,966
502,184,1009
503,184,1074
504,184,1269
505,184,1600
506,184,2016
507,184,2347
508,184,2307
509,184,2170
510,184,1994
511,184,2073
512,184,2348
513,184,2682
514,184,3169
515,184,3759
516,184,4009
517,184,4014
518,184,4147
519,184,4764
520,184,5619
521,184,6398
522,184,6704
523,184,7306
524,184,8385
525,184,9899
526,184,11432
527,184,12493
528,184,11431
529,184,12260
530,184,13081
531,184,13574
532,184,13507
533,184,12806
534,184,11736
535,184,12349
536,184,10861
537,184,9279
538,184,8183
539,184,6988
540,184,6149
541,184,5317
542,184,5103
543,184,4753
544,184,4120
545,184,3455
546,184,2827
547,184,2242
548,184,1814
549,184,1585
550,184,1361
551,184,1240
552,184,1209
553,184,1237
554,184,1326
555,184,1304
556,184,1164
557,184,1102
558,184,1253
559,184,1449
560,184,1180
561,184,885
562,184,654
563,184,508
564,184,449
565,184,415
566,184,377
567,184,338
568,184,307
569,184,286
570,184,264
571,184,236
572,184,200
573,184,127
490,185,1126
491,185,1006
492,185,852
493,185,729
494,185,638
495,185,580
496,185,570
497,185,594
498,185,622
499,185,635
500,185,654
501,185,719
502,185,768
503,185,851
504,185,1044
505,185,1323
506,185,1636
507,185,1880
508,185,2078
509,185,1997
510,185,1700
511,185,1605
512,185,1851
513,185,2252
514,185,2816
515,185,3379
516,185,3856
517,185,4191
518,185,4051
519,185,4129
520,185,4816
521,185,5387
522,185,6065
523,185,6506
524,185,7584
525,185,8848
526,185,10119
527,185,11251
528,185,12079
529,185,12838
530,185,13425
531,185,13716
532,185,13539
533,185,12840
534,185,11794
535,185,10676
536,185,9372
537,185,8246
538,185,7615
539,185,6682
540,185,6471
541,185,5528
542,185,5550
543,185,5127
544,185,4182
545,185,3273
546,185,2535
547,185,2110
548,185,2007
549,185,1968
550,185,1755
551,185,1522
552,185,1419
553,185,1243
554,185,1111
555,185,1025
556,185,944
557,185,957
558,185,1091
559,185,1183
560,185,1038
561,185,809
562,185,619
563,185,523
564,185,509
565,185,505
566,185,464
567,185,413
568,185,383
569,185,363
570,185,329
571,185,289
572,185,253
573,185,230
490,186,799
491,186,814
492,186,736
493,186,651
494,186,593
495,186,569
496,186,583
497,186,625
498,186,659
499,186,617
500,186,571
501,186,564
502,186,595
503,186,675
504,186,831
505,186,1028
506,186,1239
507,186,1459
508,186,1629
509,186,1591
510,186,1404
511,186,1358
512,186,1638
513,186,2148
514,186,2761
515,186,3298
516,186,3788
517,186,4171
518,186,3938
519,186,3800
520,186,4032
521,186,4493
522,186,5074
523,186,5702
524,186,6658
525,186,7647
526,186,8592
527,186,9571
528,186,10377
529,186,10836
530,186,11049
531,186,11126
532,186,10930
533,186,10394
534,186,9721
535,186,8934
536,186,8114
537,186,7432
538,186,6951
539,186,6123
540,186,5706
541,186,5093
542,186,4876
543,186,4823
544,186,3955
545,186,3081
546,186,2420
547,186,2160
548,186,2280
549,186,2432
550,186,2145
551,186,1788
552,186,1590
553,186,1286
554,186,1025
555,186,854
556,186,757
557,186,773
558,186,847
559,186,883
560,186,804
561,186,665
562,186,548
563,186,535
564,186,592
565,186,644
566,186,581
567,186,509
568,186,496
569,186,476
570,186,416
571,186,348
572,186,297
573,186,269
490,187,752
491,187,717
492,187,668
493,187,624
494,187,608
495,187,610
496,187,634
497,187,687
498,187,758
499,187,635
500,187,539
501,187,493
502,187,495
503,187,545
504,187,657
505,187,784
506,187,928
507,187,1074
508,187,1175
509,187,1176
510,187,1130
511,187,1214
512,187,1623
513,187,2249
514,187,2983
515,187,3567
516,187,3687
517,187,4017
518,187,3843
519,187,3910
520,187,3950
521,187,3892
522,187,4275
523,187,5218
524,187,6263
525,187,6837
526,187,7309
527,187,8075
528,187,8751
529,187,8874
530,187,8811
531,187,8695
532,187,8591
533,187,8331
534,187,8161
535,187,7754
536,187,7246
537,187,6682
538,187,6029
539,187,5579
540,187,5205
541,187,4618
542,187,4301
543,187,4109
544,187,3566
545,187,2895
546,187,2358
547,187,2232
548,187,2378
549,187,2543
550,187,2322
551,187,2095
552,187,1743
553,187,1341
554,187,1019
555,187,792
556,187,658
557,187,631
558,187,648
559,187,650
560,187,604
561,187,530
562,187,487
563,187,528
564,187,645
565,187,792
566,187,669
567,187,590
568,187,632
569,187,616
570,187,512
571,187,404
572,187,328
573,187,280
490,188,669
491,188,666
492,188,650
493,188,657
494,188,687
495,188,715
496,188,712
497,188,710
498,188,692
499,188,603
500,188,514
501,188,460
502,188,448
503,188,474
504,188,541
505,188,619
506,188,705
507,188,788
508,188,852
509,188,889
510,188,946
511,188,1135
512,188,1618
513,188,2272
514,188,3013
515,188,3555
516,188,3441
517,188,3446
518,188,3577
519,188,4035
520,188,4037
521,188,3596
522,188,3625
523,188,4555
524,188,5482
525,188,5979
526,188,6410
527,188,7030
528,188,7646
529,188,7566
530,188,7332
531,188,7019
532,188,6971
533,188,7022
534,188,7187
535,188,7199
536,188,6461
537,188,5738
538,188,5478
539,188,5391
540,188,5167
541,188,4400
542,188,4151
543,188,3778
544,188,3350
545,188,2895
546,188,2534
547,188,2468
548,188,2382
549,188,2363
550,188,2336
551,188,2415
552,188,1929
553,188,1449
554,188,1069
555,188,798
556,188,637
557,188,558
558,188,530
559,188,509
560,188,474
561,188,432
562,188,428
563,188,474
564,188,567
565,188,646
566,188,621
567,188,621
568,188,724
569,188,713
570,188,567
571,188,435
572,188,344
573,188,284
490,189,635
491,189,671
492,189,682
493,189,728
494,189,811
495,189,884
496,189,871
497,189,776
498,189,675
499,189,579
500,189,504
501,189,462
502,189,452
503,189,468
504,189,496
505,189,526
506,189,572
507,189,617
508,189,674
509,189,749
510,189,887
511,189,1158
512,189,1615
513,189,2210
514,189,2890
515,189,3472
516,189,3105
517,189,2857
518,189,3079
519,189,3439
520,189,3434
521,189,3093
522,189,3039
523,189,3751
524,189,4650
525,189,5522
526,189,5922
527,189,6209
528,189,6565
529,189,6717
530,189,6588
531,189,6111
532,189,6007
533,189,6437
534,189,7075
535,189,6650
536,189,5787
537,189,4965
538,189,4645
539,189,4642
540,189,4517
541,189,4174
542,189,4305
543,189,3765
544,189,3542
545,189,3103
546,189,2793
547,189,2845
548,189,2582
549,189,2337
550,189,2282
551,189,2161
552,189,1846
553,189,1474
554,189,1140
555,189,878
556,189,686
557,189,563
558,189,495
559,189,457
560,189,420
561,189,387
562,189,382
563,189,409
564,189,460
565,189,505
566,189,521
567,189,566
568,189,645
569,189,638
570,189,534
571,189,424
572,189,342
573,189,283
490,190,809
491,190,743
492,190,734
493,190,798
494,190,932
495,190,1066
496,190,1052
497,190,909
498,190,736
499,190,598
500,190,514
501,190,487
502,190,496
503,190,515
504,190,526
505,190,524
506,190,523
507,190,541
508,190,613
509,190,742
510,190,960
511,190,1288
512,190,1703
513,190,2126
514,190,2574
515,190,2805
516,190,2585
517,190,2332
518,190,2437
519,190,2631
520,190,2624
521,190,2444
522,190,2462
523,190,3112
524,190,3986
525,190,4817
526,190,5267
527,190,5486
528,190,5577
529,190,5792
530,190,5683
531,190,5286
532,190,5226
533,190,5704
534,190,6124
535,190,5962
536,190,5127
537,190,4246
538,190,3797
539,190,3689
540,190,3584
541,190,3501
542,190,3562
543,190,3281
544,190,3335
545,190,2991
546,190,2743
547,190,2826
548,190,2584
549,190,2463
550,190,2282
551,190,2019
552,190,1772
553,190,1586
554,190,1314
555,190,1018
556,190,781
557,190,626
558,190,548
559,190,495
560,190,442
561,190,393
562,190,365
563,190,365
564,190,386
565,190,412
566,190,436
567,190,481
568,190,527
569,190,522
570,190,463
571,190,390
572,190,330
573,190,286
490,191,888
491,191,794
492,191,776
493,191,841
494,191,986
495,191,1113
496,191,1101
497,191,982
498,191,771
499,191,619
500,191,542
501,191,534
502,191,570
503,191,607
504,191,612
505,191,585
506,191,555
507,191,556
508,191,636
509,191,805
510,191,1086
511,191,1483
512,191,1947
513,191,2301
514,191,2320
515,191,2239
516,191,2028
517,191,1832
518,191,1858
519,191,1945
520,191,1932
521,191,1853
522,191,1946
523,191,2547
524,191,3326
525,191,4219
526,191,5018
527,191,5239
528,191,5016
529,191,4879
530,191,4656
531,191,4302
532,191,4361
533,191,4878
534,191,5583
535,191,5532
536,191,4664
537,191,3745
538,191,3085
539,191,2810
540,191,2606
541,191,2660
542,191,2851
543,191,2794
544,191,2618
545,191,2497
546,191,2399
547,191,2414
548,191,2300
549,191,2362
550,191,2265
551,191,1990
552,191,1884
553,191,1833
554,191,1518
555,191,1157
556,191,890
557,191,746
558,191,671
559,191,608
560,191,528
561,191,446
562,191,384
563,191,353
564,191,351
565,191,361
566,191,380
567,191,413
568,191,438
569,191,435
570,191,404
571,191,358
572,191,318
573,191,290
490,192,851
491,192,798
492,192,786
493,192,818
494,192,946
495,192,1048
496,192,981
497,192,881
498,192,728
499,192,612
500,192,562
501,192,588
502,192,662
503,192,734
504,192,742
505,192,686
506,192,625
507,192,607
508,192,679
509,192,874
510,192,1194
511,192,1624
512,192,2136
513,192,2592
514,192,2253
515,192,1888
516,192,1603
517,192,1476
518,192,1496
519,192,1538
520,192,1502
521,192,1447
522,192,1565
523,192,2081
524,192,2817
525,192,3709
526,192,4542
527,192,4831
528,192,4719
529,192,4207
530,192,3752
531,192,3568
532,192,3803
533,192,4334
534,192,4765
535,192,4855
536,192,4184
537,192,3324
538,192,2603
539,192,2133
540,192,1975
541,192,2031
542,192,2173
543,192,2159
544,192,2032
545,192,2074
546,192,2292
547,192,2356
548,192,2197
549,192,2089
550,192,1970
551,192,1843
552,192,1944
553,192,1868
554,192,1546
555,192,1200
556,192,972
557,192,908
558,192,860
559,192,789
560,192,662
561,192,530
562,192,429
563,192,368
564,192,340
565,192,333
566,192,342
567,192,367
568,192,382
569,192,390
570,192,385
571,192,361
572,192,315
573,192,247
490,193,750
491,193,754
492,193,755
493,193,749
494,193,811
495,193,861
496,193,821
497,193,752
498,193,664
499,193,597
500,193,578
501,193,634
502,193,744
503,193,865
504,193,885
505,193,798
506,193,711
507,193,679
508,193,752
509,193,976
510,193,1286
511,193,1637
512,193,2008
513,193,2174
514,193,1954
515,193,1627
516,193,1411
517,193,1420
518,193,1562
519,193,1653
520,193,1571
521,193,1442
522,193,1491
523,193,1951
524,193,2667
525,193,3512
526,193,4210
527,193,4479
528,193,4349
529,193,3687
530,193,3390
531,193,3177
532,193,3379
533,193,3911
534,193,4305
535,193,4369
536,193,3792
537,193,3004
538,193,2315
539,193,1813
540,193,1573
541,193,1551
542,193,1605
543,193,1604
544,193,1579
545,193,1781
546,193,2140
547,193,2315
548,193,2255
549,193,2040
550,193,1765
551,193,1642
552,193,1698
553,193,1631
554,193,1377
555,193,1139
556,193,1052
557,193,1100
558,193,1088
559,193,1008
560,193,811
561,193,618
562,193,478
563,193,391
564,193,340
565,193,310
566,193,268
567,193,336
568,193,361
569,193,383
570,193,402
571,193,397
572,193,341
573,193,259
490,194,579
491,194,609
492,194,634
493,194,646
494,194,675
495,194,708
496,194,702
497,194,677
498,194,641
499,194,609
500,194,600
501,194,655
502,194,766
503,194,901
504,194,947
505,194,895
506,194,799
507,194,753
508,194,831
509,194,1091
510,194,1440
511,194,1785
512,194,1919
513,194,1797
514,194,1600
515,194,1379
516,194,1317
517,194,1512
518,194,1835
519,194,2045
520,194,1871
521,194,1612
522,194,1566
523,194,1872
524,194,2491
525,194,3234
526,194,3817
527,194,3940
528,194,3829
529,194,3332
530,194,3298
531,194,2999
532,194,3023
533,194,3552
534,194,4328
535,194,4430
536,194,3827
537,194,3092
538,194,2353
539,194,1777
540,194,1397
541,194,1298
542,194,1303
543,194,1302
544,194,1325
545,194,1514
546,194,1819
547,194,2130
548,194,2487
549,194,2083
550,194,1679
551,194,1465
552,194,1448
553,194,1373
554,194,1201
555,194,1051
556,194,1078
557,194,1223
558,194,1237
559,194,1150
560,194,894
561,194,668
562,194,508
563,194,409
564,194,344
565,194,288
566,194,299
567,194,321
568,194,345
569,194,380
570,194,427
571,194,453
572,194,377
573,194,280
490,195,276
491,195,437
492,195,511
493,195,553
494,195,587
495,195,626
496,195,662
497,195,698
498,195,710
499,195,678
500,195,643
501,195,655
502,195,733
503,195,849
504,195,965
505,195,960
506,195,859
507,195,812
508,195,889
509,195,1157
510,195,1527
511,195,1915
512,195,1955
513,195,1648
514,195,1349
515,195,1172
516,195,1251
517,195,1571
518,195,2043
519,195,2484
520,195,2137
521,195,1853
522,195,1686
523,195,1744
524,195,2139
525,195,2637
526,195,2996
527,195,3084
528,195,3190
529,195,2821
530,195,2767
531,195,2758
532,195,2862
533,195,3091
534,195,3801
535,195,4106
536,195,3958
537,195,3287
538,195,2546
539,195,1880
540,195,1404
541,195,1302
542,195,1326
543,195,1314
544,195,1262
545,195,1326
546,195,1512
547,195,1827
548,195,2049
549,195,1862
550,195,1526
551,195,1442
552,195,1452
553,195,1341
554,195,1152
555,195,1011
556,195,1014
557,195,1097
558,195,1099
559,195,1026
560,195,839
561,195,652
562,195,511
563,195,419
564,195,352
565,195,293
566,195,294
567,195,307
568,195,328
569,195,361
570,195,410
571,195,440
572,195,370
573,195,282
490,196,249
491,196,353
492,196,432
493,196,492
494,196,543
495,196,606
496,196,687
497,196,780
498,196,833
499,196,776
500,196,702
501,196,667
502,196,697
503,196,786
504,196,880
505,196,904
506,196,873
507,196,872
508,196,933
509,196,1136
510,196,1429
511,196,1686
512,196,1682
513,196,1426
514,196,1158
515,196,1024
516,196,1146
517,196,1481
518,196,1922
519,196,2237
520,196,2168
521,196,2118
522,196,1869
523,196,1702
524,196,1746
525,196,1979
526,196,2241
527,196,2456
528,196,2526
529,196,2325
530,196,2263
531,196,2460
532,196,2577
533,196,2668
534,196,3129
535,196,3554
536,196,3695
537,196,3391
538,196,2630
539,196,1947
540,196,1503
541,196,1492
542,196,1609
543,196,1590
544,196,1408
545,196,1257
546,196,1279
547,196,1492
548,196,1717
549,196,1676
550,196,1471
551,196,1518
552,196,1641
553,196,1476
554,196,1235
555,196,1068
556,196,952
557,196,941
558,196,913
559,196,845
560,196,730
561,196,610
562,196,505
563,196,435
564,196,378
565,196,326
566,196,282
567,196,295
568,196,308
569,196,328
570,196,353
571,196,358
572,196,316
573,196,253
490,197,248
491,197,331
492,197,399
493,197,466
494,197,528
495,197,605
496,197,708
497,197,837
498,197,949
499,197,845
500,197,765
501,197,698
502,197,693
503,197,753
504,197,820
505,197,860
506,197,926
507,197,986
508,197,1011
509,197,1089
510,197,1288
511,197,1415
512,197,1364
513,197,1169
514,197,968
515,197,884
516,197,1013
517,197,1335
518,197,1774
519,197,2186
520,197,2229
521,197,2224
522,197,2039
523,197,1786
524,197,1591
525,197,1610
526,197,1878
527,197,2199
528,197,2214
529,197,1942
530,197,1841
531,197,1970
532,197,2088
533,197,2233
534,197,2601
535,197,2995
536,197,3216
537,197,2986
538,197,2411
539,197,1856
540,197,1552
541,197,1673
542,197,1934
543,197,1915
544,197,1584
545,197,1278
546,197,1163
547,197,1288
548,197,1487
549,197,1490
550,197,1349
551,197,1451
552,197,1620
553,197,1524
554,197,1416
555,197,1207
556,197,992
557,197,948
558,197,886
559,197,769
560,197,675
561,197,612
562,197,548
563,197,480
564,197,417
565,197,358
566,197,295
567,197,289
568,197,292
569,197,299
570,197,305
571,197,298
572,197,269
573,197,224
490,198,328
491,198,369
492,198,421
493,198,474
494,198,527
495,198,594
496,198,681
497,198,780
498,198,843
499,198,846
500,198,802
501,198,743
502,198,755
503,198,810
504,198,885
505,198,920
506,198,1027
507,198,1148
508,198,1132
509,198,1157
510,198,1319
511,198,1347
512,198,1199
513,198,982
514,198,814
515,198,771
516,198,910
517,198,1219
518,198,1608
519,198,1934
520,198,2002
521,198,2103
522,198,2301
523,198,1844
524,198,1481
525,198,1361
526,198,1569
527,198,1824
528,198,1836
529,198,1624
530,198,1501
531,198,1549
532,198,1669
533,198,1960
534,198,2432
535,198,2911
536,198,2970
537,198,2554
538,198,2066
539,198,1647
540,198,1483
541,198,1670
542,198,1962
543,198,1951
544,198,1606
545,198,1253
546,198,1049
547,198,1075
548,198,1180
549,198,1199
550,198,1134
551,198,1203
552,198,1331
553,198,1428
554,198,1577
555,198,1283
556,198,991
557,198,912
558,198,837
559,198,735
560,198,697
561,198,696
562,198,638
563,198,549
564,198,466
565,198,397
566,198,335
567,198,251
568,198,281
569,198,284
570,198,280
571,198,268
572,198,244
573,198,206
490,199,349
491,199,413
492,199,467
493,199,506
494,199,538
495,199,581
496,199,633
497,199,687
498,199,726
499,199,751
500,199,761
501,199,800
502,199,870
503,199,893
504,199,1003
505,199,975
506,199,1065
507,199,1202
508,199,1212
509,199,1300
510,199,1479
511,199,1465
512,199,1209
513,199,922
514,199,752
515,199,716
516,199,875
517,199,1169
518,199,1529
519,199,1783
520,199,1745
521,199,1787
522,199,1822
523,199,1564
524,199,1271
525,199,1154
526,199,1350
527,199,1621
528,199,1638
529,199,1418
530,199,1373
531,199,1391
532,199,1464
533,199,1752
534,199,2234
535,199,2700
536,199,2713
537,199,2260
538,199,1766
539,199,1408
540,199,1328
541,199,1507
542,199,1735
543,199,1737
544,199,1511
545,199,1195
546,199,958
547,199,935
548,199,1030
549,199,1103
550,199,1021
551,199,966
552,199,1034
553,199,1178
554,199,1268
555,199,1119
556,199,881
557,199,781
558,199,722
559,199,685
560,199,756
561,199,819
562,199,739
563,199,618
564,199,514
565,199,435
566,199,368
567,199,262
568,199,240
569,199,276
570,199,272
571,199,258
572,199,237
573,199,219
490,200,388
491,200,472
492,200,534
493,200,562
494,200,576
495,200,596
496,200,609
497,200,621
498,200,638
499,200,663
500,200,719
501,200,842
502,200,987
503,200,910
504,200,923
505,200,953
506,200,1050
507,200,1179
508,200,1258
509,200,1334
510,200,1473
511,200,1449
512,200,1184
513,200,931
514,200,752
515,200,707
516,200,863
517,200,1156
518,200,1535
519,200,1867
520,200,1622
521,200,1396
522,200,1348
523,200,1185
524,200,1013
525,200,975
526,200,1172
527,200,1437
528,200,1467
529,200,1284
530,200,1336
531,200,1336
532,200,1306
533,200,1478
534,200,1858
535,200,2155
536,200,2153
537,200,1851
538,200,1474
539,200,1185
540,200,1186
541,200,1385
542,200,1673
543,200,1817
544,200,1574
545,200,1217
546,200,936
547,200,891
548,200,1008
549,200,1177
550,200,982
551,200,838
552,200,818
553,200,901
554,200,952
555,200,882
556,200,751
557,200,660
558,200,631
559,200,663
560,200,768
561,200,850
562,200,782
563,200,664
564,200,557
565,200,475
566,200,409
567,200,343
568,200,258
569,200,243
570,200,233
571,200,219
572,200,195
573,200,146
490,201,424
491,201,541
492,201,626
493,201,639
494,201,642
495,201,659
496,201,642
497,201,610
498,201,591
499,201,606
500,201,671
501,201,774
502,201,859
503,201,848
504,201,866
505,201,973
506,201,1145
507,201,1335
508,201,1395
509,201,1310
510,201,1259
511,201,1285
512,201,1167
513,201,932
514,201,758
515,201,707
516,201,836
517,201,1078
518,201,1362
519,201,1529
520,201,1394
521,201,1208
522,201,1027
523,201,868
524,201,783
525,201,793
526,201,941
527,201,1125
528,201,1191
529,201,1129
530,201,1140
531,201,1124
532,201,1107
533,201,1216
534,201,1448
535,201,1619
536,201,1617
537,201,1440
538,201,1201
539,201,1040
540,201,1111
541,201,1353
542,201,1634
543,201,1775
544,201,1556
545,201,1206
546,201,917
547,201,820
548,201,865
549,201,917
550,201,821
551,201,709
552,201,667
553,201,692
554,201,720
555,201,687
556,201,618
557,201,574
558,201,574
559,201,641
560,201,744
561,201,816
562,201,798
563,201,720
564,201,616
565,201,527
566,201,461
567,201,403
568,201,350
569,201,324
570,201,265
571,201,251
572,201,228
573,201,186
490,202,476
491,202,596
492,202,715
493,202,703
494,202,723
495,202,757
496,202,710
497,202,637
498,202,585
499,202,581
500,202,624
501,202,693
502,202,753
503,202,790
504,202,871
505,202,1048
506,202,1277
507,202,1411
508,202,1528
509,202,1313
510,202,1129
511,202,1095
512,202,1018
513,202,870
514,202,750
515,202,721
516,202,822
517,202,1011
518,202,1204
519,202,1323
520,202,1337
521,202,1178
522,202,912
523,202,726
524,202,630
525,202,646
526,202,754
527,202,941
528,202,1115
529,202,1119
530,202,1000
531,202,953
532,202,931
533,202,989
534,202,1114
535,202,1217
536,202,1231
537,202,1145
538,202,997
539,202,939
540,202,1026
541,202,1248
542,202,1492
543,202,1586
544,202,1485
545,202,1171
546,202,886
547,202,731
548,202,700
549,202,691
550,202,647
551,202,598
552,202,594
553,202,654
554,202,696
555,202,662
556,202,594
557,202,551
558,202,578
559,202,671
560,202,801
561,202,902
562,202,934
563,202,829
564,202,688
565,202,577
566,202,512
567,202,458
568,202,406
569,202,388
570,202,331
571,202,323
572,202,303
573,202,256
490,203,493
491,203,575
492,203,655
493,203,689
494,203,763
495,203,849
496,203,762
497,203,666
498,203,601
499,203,584
500,203,619
501,203,676
502,203,736
503,203,805
504,203,904
505,203,1076
506,203,1295
507,203,1386
508,203,1368
509,203,1207
510,203,1019
511,203,924
512,203,870
513,203,808
514,203,768
515,203,799
516,203,906
517,203,1092
518,203,1268
519,203,1308
520,203,1297
521,203,1122
522,203,839
523,203,646
524,203,554
525,203,568
526,203,691
527,203,906
528,203,1160
529,203,1186
530,203,992
531,203,850
532,203,808
533,203,832
534,203,898
535,203,989
536,203,1053
537,203,1060
538,203,998
539,203,922
540,203,938
541,203,1065
542,203,1224
543,203,1391
544,203,1339
545,203,1073
546,203,827
547,203,682
548,203,593
549,203,550
550,203,527
551,203,518
552,203,581
553,203,683
554,203,756
555,203,698
556,203,609
557,203,561
558,203,602
559,203,722
560,203,894
561,203,1046
562,203,1097
563,203,909
564,203,729
565,203,617
566,203,556
567,203,505
568,203,465
569,203,474
570,203,498
571,203,505
572,203,492
573,203,507
490,204,443
491,204,514
492,204,579
493,204,634
494,204,715
495,204,774
496,204,744
497,204,682
498,204,637
499,204,644
500,204,696
501,204,774
502,204,850
503,204,923
504,204,1005
505,204,1065
506,204,1184
507,204,1259
508,204,1312
509,204,1149
510,204,950
511,204,830
512,204,806
513,204,826
514,204,878
515,204,947
516,204,1042
517,204,1235
518,204,1460
519,204,1450
520,204,1209
521,204,994
522,204,761
523,204,594
524,204,511
525,204,520
526,204,622
527,204,794
528,204,973
529,204,1000
530,204,880
531,204,774
532,204,736
533,204,768
534,204,860
535,204,988
536,204,1124
537,204,1210
538,204,1175
539,204,1039
540,204,914
541,204,947
542,204,1042
543,204,1117
544,204,1068
545,204,903
546,204,798
547,204,685
548,204,561
549,204,488
550,204,461
551,204,482
552,204,561
553,204,668
554,204,741
555,204,685
556,204,602
557,204,566
558,204,615
559,204,740
560,204,903
561,204,1027
562,204,1007
563,204,848
564,204,700
565,204,636
566,204,590
567,204,541
568,204,526
569,204,563
570,204,603
571,204,611
572,204,579
573,204,511
490,205,381
491,205,457
492,205,520
493,205,583
494,205,658
495,205,719
496,205,744
497,205,735
498,205,718
499,205,749
500,205,824
501,205,934
502,205,1032
503,205,1074
504,205,1150
505,205,1102
506,205,1078
507,205,1163
508,205,1220
509,205,1073
510,205,899
511,205,812
512,205,848
513,205,946
514,205,1053
515,205,1148
516,205,1197
517,205,1276
518,205,1457
519,205,1426
520,205,1152
521,205,882
522,205,688
523,205,548
524,205,476
525,205,474
526,205,538
527,205,643
528,205,743
529,205,771
530,205,730
531,205,695
532,205,709
533,205,795
534,205,929
535,205,1107
536,205,1315
537,205,1493
538,205,1464
539,205,1238
540,205,1023
541,205,987
542,205,1008
543,205,970
544,205,878
545,205,806
546,205,787
547,205,702
548,205,542
549,205,454
550,205,430
551,205,451
552,205,515
553,205,590
554,205,632
555,205,606
556,205,563
557,205,569
558,205,645
559,205,758
560,205,870
561,205,947
562,205,867
563,205,737
564,205,644
565,205,630
566,205,604
567,205,553
568,205,574
569,205,630
570,205,686
571,205,705
572,205,670
573,205,578
490,206,343
491,206,423
492,206,488
493,206,561
494,206,648
495,206,743
496,206,823
497,206,842
498,206,833
499,206,888
500,206,977
501,206,1083
502,206,1195
503,206,1125
504,206,1168
505,206,1092
506,206,1014
507,206,1031
508,206,1021
509,206,924
510,206,823
511,206,807
512,206,923
513,206,1102
514,206,1249
515,206,1322
516,206,1286
517,206,1189
518,206,1217
519,206,1170
520,206,987
521,206,777
522,206,612
523,206,499
524,206,447
525,206,434
526,206,468
527,206,525
528,206,583
529,206,613
530,206,620
531,206,644
532,206,727
533,206,876
534,206,1068
535,206,1272
536,206,1523
537,206,1742
538,206,1712
539,206,1408
540,206,1184
541,206,1170
542,206,1183
543,206,1051
544,206,864
545,206,741
546,206,684
547,206,608
548,206,499
549,206,422
550,206,408
551,206,426
552,206,474
553,206,521
554,206,543
555,206,531
556,206,518
557,206,564
558,206,672
559,206,806
560,206,857
561,206,863
562,206,757
563,206,632
564,206,560
565,206,549
566,206,545
567,206,548
568,206,594
569,206,669
570,206,750
571,206,798
572,206,785
573,206,733
490,207,353
491,207,420
492,207,487
493,207,566
494,207,667
495,207,792
496,207,901
497,207,931
498,207,932
499,207,1011
500,207,1063
501,207,1096
502,207,1092
503,207,1037
504,207,1076
505,207,1062
506,207,1013
507,207,980
508,207,888
509,207,792
510,207,745
511,207,792
512,207,954
513,207,1189
514,207,1414
515,207,1302
516,207,1172
517,207,1028
518,207,953
519,207,909
520,207,799
521,207,664
522,207,558
523,207,496
524,207,457
525,207,434
526,207,435
527,207,465
528,207,506
529,207,541
530,207,575
531,207,640
532,207,772
533,207,977
534,207,1238
535,207,1476
536,207,1607
537,207,1773
538,207,1690
539,207,1460
540,207,1288
541,207,1368
542,207,1415
543,207,1168
544,207,907
545,207,712
546,207,608
547,207,532
548,207,462
549,207,412
550,207,404
551,207,430
552,207,479
553,207,522
554,207,531
555,207,507
556,207,490
557,207,537
558,207,641
559,207,763
560,207,782
561,207,707
562,207,619
563,207,529
564,207,473
565,207,460
566,207,470
567,207,510
568,207,579
569,207,674
570,207,780
571,207,866
572,207,872
573,207,833
490,208,364
491,208,434
492,208,505
493,208,576
494,208,669
495,208,782
496,208,878
497,208,878
498,208,908
499,208,976
500,208,960
501,208,954
502,208,918
503,208,904
504,208,966
505,208,993
506,208,1010
507,208,978
508,208,840
509,208,726
510,208,680
511,208,742
512,208,891
513,208,1083
514,208,1230
515,208,1183
516,208,1002
517,208,856
518,208,835
519,208,833
520,208,733
521,208,617
522,208,553
523,208,532
524,208,504
525,208,469
526,208,453
527,208,470
528,208,514
529,208,561
530,208,607
531,208,674
532,208,820
533,208,1047
534,208,1350
535,208,1659
536,208,1593
537,208,1653
538,208,1780
539,208,1478
540,208,1239
541,208,1248
542,208,1309
543,208,1191
544,208,921
545,208,701
546,208,568
547,208,491
548,208,438
549,208,406
550,208,407
551,208,450
552,208,519
553,208,583
554,208,586
555,208,529
556,208,479
557,208,485
558,208,549
559,208,618
560,208,624
561,208,565
562,208,497
563,208,437
564,208,396
565,208,382
566,208,393
567,208,454
568,208,536
569,208,639
570,208,747
571,208,838
572,208,852
573,208,833
490,209,367
491,209,459
492,209,546
493,209,614
494,209,656
495,209,711
496,209,754
497,209,759
498,209,782
499,209,811
500,209,795
501,209,772
502,209,741
503,209,746
504,209,790
505,209,829
506,209,870
507,209,852
508,209,754
509,209,663
510,209,627
511,209,676
512,209,786
513,209,916
514,209,1002
515,209,964
516,209,836
517,209,743
518,209,766
519,209,845
520,209,702
521,209,598
522,209,585
523,209,614
524,209,595
525,209,531
526,209,503
527,209,535
528,209,611
529,209,678
530,209,722
531,209,765
532,209,877
533,209,1073
534,209,1300
535,209,1448
536,209,1412
537,209,1424
538,209,1460
539,209,1297
540,209,1136
541,209,1178
542,209,1184
543,209,1056
544,209,844
545,209,658
546,209,533
547,209,462
548,209,418
549,209,397
550,209,413
551,209,467
552,209,560
553,209,663
554,209,661
555,209,556
556,209,466
557,209,428
558,209,449
559,209,480
560,209,481
561,209,447
562,209,402
563,209,363
564,209,332
565,209,319
566,209,332
567,209,392
568,209,478
569,209,569
570,209,655
571,209,714
572,209,717
573,209,678
490,210,371
491,210,488
492,210,604
493,210,683
494,210,676
495,210,650
496,210,642
497,210,636
498,210,644
499,210,654
500,210,639
501,210,617
502,210,596
503,210,603
504,210,632
505,210,663
506,210,698
507,210,692
508,210,642
509,210,593
510,210,578
511,210,624
512,210,717
513,210,820
514,210,871
515,210,817
516,210,707
517,210,641
518,210,642
519,210,660
520,210,610
521,210,604
522,210,651
523,210,692
524,210,675
525,210,577
526,210,556
527,210,638
528,210,777
529,210,880
530,210,919
531,210,917
532,210,966
533,210,1149
534,210,1359
535,210,1390
536,210,1254
537,210,1192
538,210,1182
539,210,1069
540,210,1021
541,210,1085
542,210,1141
543,210,946
544,210,744
545,210,591
546,210,493
547,210,432
548,210,392
549,210,386
550,210,407
551,210,458
552,210,546
553,210,645
554,210,640
555,210,530
556,210,434
557,210,381
558,210,370
559,210,378
560,210,377
561,210,359
562,210,331
563,210,302
564,210,277
565,210,267
566,210,280
567,210,283
568,210,409
569,210,485
570,210,546
571,210,580
572,210,568
573,210,501
490,211,346
491,211,504
492,211,643
493,211,754
494,211,687
495,211,610
496,211,560
497,211,535
498,211,525
499,211,528
500,211,512
501,211,492
502,211,478
503,211,484
504,211,506
505,211,529
506,211,551
507,211,553
508,211,541
509,211,530
510,211,544
511,211,607
512,211,718
513,211,855
514,211,930
515,211,836
516,211,684
517,211,572
518,211,528
519,211,516
520,211,523
521,211,620
522,211,755
523,211,653
524,211,608
525,211,554
526,211,578
527,211,741
528,211,987
529,211,1156
530,211,1185
531,211,1109
532,211,1079
533,211,1232
534,211,1361
535,211,1312
536,211,1161
537,211,1078
538,211,1088
539,211,1030
540,211,920
541,211,904
542,211,902
543,211,786
544,211,643
545,211,532
546,211,456
547,211,399
548,211,305
549,211,362
550,211,387
551,211,420
552,211,473
553,211,524
554,211,516
555,211,450
556,211,381
557,211,335
558,211,312
559,211,307
560,211,304
561,211,293
562,211,272
563,211,249
564,211,201
565,211,201
566,211,214
567,211,242
568,211,341
569,211,396
570,211,442
571,211,465
572,211,459
573,211,423
490,212,408
491,212,517
492,212,613
493,212,668
494,212,625
495,212,546
496,212,490
497,212,453
498,212,408
499,212,427
500,212,397
501,212,374
502,212,363
503,212,373
504,212,403
505,212,421
506,212,434
507,212,443
508,212,462
509,212,483
510,212,513
511,212,586
512,212,718
513,212,908
514,212,1063
515,212,884
516,212,678
517,212,532
518,212,443
519,212,415
520,212,461
521,212,594
522,212,740
523,212,615
524,212,506
525,212,481
526,212,552
527,212,774
528,212,1179
529,212,1462
530,212,1390
531,212,1281
532,212,1143
533,212,1350
534,212,1546
535,212,1313
536,212,1110
537,212,1058
538,212,1114
539,212,1074
540,212,878
541,212,747
542,212,694
543,212,613
544,212,532
545,212,470
546,212,422
547,212,370
548,212,273
549,212,334
550,212,365
551,212,374
552,212,390
553,212,409
554,212,402
555,212,366
556,212,326
557,212,294
558,212,265
559,212,247
560,212,243
561,212,233
562,212,188
563,212,181
564,212,177
565,212,193
566,212,203
567,212,210
568,212,233
569,212,260
570,212,336
571,212,357
572,212,365
573,212,395
490,213,485
491,213,528
492,213,571
493,213,592
494,213,543
495,213,453
496,213,414
497,213,392
498,213,195
499,213,370
500,213,264
501,213,201
502,213,190
503,213,244
504,213,324
505,213,331
506,213,335
507,213,335
508,213,399
509,213,462
510,213,467
511,213,527
512,213,649
513,213,882
514,213,1019
515,213,847
516,213,614
517,213,490
518,213,350
519,213,317
520,213,363
521,213,518
522,213,609
523,213,534
524,213,405
525,213,356
526,213,434
527,213,604
528,213,1347
529,213,1583
530,213,1550
531,213,1544
532,213,974
533,213,1367
534,213,1558
535,213,1201
536,213,993
537,213,993
538,213,1059
539,213,1082
540,213,798
541,213,578
542,213,524
543,213,446
544,213,421
545,213,413
546,213,400
547,213,351
548,213,215
549,213,265
550,213,366
551,213,329
552,213,310
553,213,320
554,213,318
555,213,295
556,213,278
557,213,263
558,213,216
559,213,145
560,213,149
561,213,148
562,213,150
563,213,161
564,213,151
565,213,206
566,213,214
567,213,183
568,213,184
569,213,187
570,213,190
571,213,199
572,213,196
573,213,184
