xv,yv,rho
490,148,262
491,148,319
492,148,380
493,148,298
494,148,249
495,148,327
496,148,359
497,148,378
498,148,386
499,148,347
500,148,318
501,148,387
502,148,332
503,148,383
504,148,482
505,148,648
506,148,960
507,148,628
508,148,460
509,148,349
510,148,273
511,148,311
512,148,311
513,148,443
514,148,528
515,148,538
516,148,571
517,148,641
518,148,783
519,148,992
520,148,962
521,148,671
522,148,433
523,148,213
524,148,143
525,148,201
526,148,286
527,148,364
528,148,398
529,148,476
530,148,433
531,148,371
532,148,314
533,148,331
534,148,272
535,148,276
536,148,341
537,148,302
538,148,325
539,148,383
540,148,426
541,148,408
542,148,417
543,148,412
544,148,403
545,148,392
546,148,305
547,148,350
548,148,352
549,148,353
550,148,365
551,148,415
552,148,587
553,148,724
554,148,1140
555,148,993
556,148,831
557,148,744
558,148,701
559,148,676
560,148,380
561,148,384
562,148,382
563,148,372
564,148,370
565,148,525
566,148,525
567,148,469
568,148,361
569,148,353
570,148,351
571,148,318
572,148,292
573,148,295
490,149,356
491,149,371
492,149,394
493,149,353
494,149,327
495,149,356
496,149,390
497,149,401
498,149,415
499,149,408
500,149,396
501,149,423
502,149,409
503,149,425
504,149,478
505,149,565
506,149,643
507,149,545
508,149,441
509,149,376
510,149,355
511,149,368
512,149,372
513,149,417
514,149,468
515,149,498
516,149,536
517,149,594
518,149,680
519,149,764
520,149,740
521,149,603
522,149,470
523,149,377
524,149,371
525,149,441
526,149,555
527,149,673
528,149,683
529,149,596
530,149,488
531,149,403
532,149,349
533,149,327
534,149,306
535,149,319
536,149,354
537,149,383
538,149,438
539,149,500
540,149,531
541,149,527
542,149,501
543,149,464
544,149,431
545,149,404
546,149,376
547,149,390
548,149,411
549,149,438
550,149,470
551,149,509
552,149,598
553,149,699
554,149,833
555,149,808
556,149,732
557,149,666
558,149,616
559,149,565
560,149,464
561,149,449
562,149,440
563,149,421
564,149,420
565,149,463
566,149,468
567,149,425
568,149,380
569,149,363
570,149,355
571,149,343
572,149,338
573,149,348
490,150,402
491,150,381
492,150,377
493,150,360
494,150,355
495,150,379
496,150,419
497,150,454
498,150,456
499,150,456
500,150,440
501,150,442
502,150,432
503,150,430
504,150,448
505,150,479
506,150,495
507,150,457
508,150,406
509,150,391
510,150,411
511,150,437
512,150,417
513,150,413
514,150,436
515,150,462
516,150,492
517,150,529
518,150,570
519,150,600
520,150,584
521,150,527
522,150,477
523,150,477
524,150,532
525,150,617
526,150,738
527,150,888
528,150,877
529,150,694
530,150,537
531,150,431
532,150,369
533,150,340
534,150,329
535,150,345
536,150,386
537,150,457
538,150,566
539,150,671
540,150,703
541,150,694
542,150,619
543,150,531
544,150,466
545,150,427
546,150,417
547,150,438
548,150,481
549,150,539
550,150,596
551,150,627
552,150,643
553,150,663
554,150,695
555,150,681
556,150,637
557,150,588
558,150,547
559,150,511
560,150,483
561,150,508
562,150,502
563,150,454
564,150,434
565,150,441
566,150,443
567,150,429
568,150,385
569,150,372
570,150,368
571,150,369
572,150,370
573,150,357
490,151,386
491,151,369
492,151,359
493,151,354
494,151,363
495,151,392
496,151,438
497,151,485
498,151,516
499,151,519
500,151,490
501,151,425
502,151,420
503,151,413
504,151,413
505,151,419
506,151,417
507,151,398
508,151,381
509,151,392
510,151,441
511,151,524
512,151,454
513,151,418
514,151,420
515,151,439
516,151,462
517,151,477
518,151,489
519,151,493
520,151,483
521,151,466
522,151,471
523,151,529
524,151,636
525,151,754
526,151,807
527,151,853
528,151,849
529,151,722
530,151,589
531,151,474
532,151,398
533,151,357
534,151,346
535,151,363
536,151,413
537,151,518
538,151,696
539,151,890
540,151,922
541,151,915
542,151,755
543,151,599
544,151,497
545,151,448
546,151,451
547,151,498
548,151,573
549,151,674
550,151,769
551,151,789
552,151,736
553,151,680
554,151,639
555,151,607
556,151,566
557,151,522
558,151,486
559,151,459
560,151,463
561,151,504
562,151,503
563,151,454
564,151,430
565,151,428
566,151,430
567,151,422
568,151,389
569,151,384
570,151,390
571,151,405
572,151,424
573,151,437
490,152,375
491,152,352
492,152,344
493,152,345
494,152,363
495,152,399
496,152,447
497,152,495
498,152,522
499,152,520
500,152,489
501,152,438
502,152,380
503,152,382
504,152,381
505,152,380
506,152,374
507,152,361
508,152,355
509,152,364
510,152,395
511,152,436
512,152,421
513,152,406
514,152,414
515,152,445
516,152,469
517,152,471
518,152,457
519,152,447
520,152,447
521,152,456
522,152,479
523,152,536
524,152,664
525,152,823
526,152,854
527,152,811
528,152,914
529,152,867
530,152,693
531,152,534
532,152,431
533,152,380
534,152,373
535,152,382
536,152,426
537,152,530
538,152,716
539,152,938
540,152,1076
541,152,1068
542,152,827
543,152,628
544,152,509
545,152,459
546,152,482
547,152,564
548,152,695
549,152,843
550,152,981
551,152,979
552,152,838
553,152,717
554,152,634
555,152,574
556,152,521
557,152,473
558,152,436
559,152,421
560,152,431
561,152,453
562,152,453
563,152,431
564,152,418
565,152,419
566,152,422
567,152,399
568,152,396
569,152,402
570,152,420
571,152,454
572,152,495
573,152,502
490,153,304
491,153,319
492,153,326
493,153,335
494,153,364
495,153,408
496,153,463
497,153,516
498,153,535
499,153,514
500,153,475
501,153,432
502,153,389
503,153,344
504,153,347
505,153,346
506,153,340
507,153,332
508,153,323
509,153,325
510,153,344
511,153,371
512,153,382
513,153,397
514,153,440
515,153,496
516,153,530
517,153,518
518,153,477
519,153,454
520,153,464
521,153,492
522,153,511
523,153,528
524,153,597
525,153,710
526,153,759
527,153,823
528,153,1038
529,153,999
530,153,771
531,153,587
532,153,475
533,153,433
534,153,433
535,153,432
536,153,437
537,153,494
538,153,612
539,153,755
540,153,898
541,153,900
542,153,741
543,153,587
544,153,491
545,153,454
546,153,500
547,153,615
548,153,804
549,153,1028
550,153,1109
551,153,1068
552,153,882
553,153,736
554,153,636
555,153,562
556,153,500
557,153,443
558,153,416
559,153,411
560,153,426
561,153,438
562,153,436
563,153,421
564,153,416
565,153,417
566,153,420
567,153,402
568,153,408
569,153,422
570,153,454
571,153,519
572,153,615
573,153,670
490,154,299
491,154,282
492,154,315
493,154,338
494,154,371
495,154,421
496,154,492
497,154,565
498,154,578
499,154,526
500,154,470
501,154,428
502,154,396
503,154,363
504,154,319
505,154,298
506,154,288
507,154,300
508,154,297
509,154,302
510,154,320
511,154,342
512,154,368
513,154,417
514,154,501
515,154,603
516,154,665
517,154,621
518,154,535
519,154,490
520,154,519
521,154,586
522,154,594
523,154,542
524,154,524
525,154,599
526,154,678
527,154,822
528,154,1019
529,154,884
530,154,767
531,154,663
532,154,567
533,154,533
534,154,554
535,154,544
536,154,496
537,154,466
538,154,504
539,154,577
540,154,660
541,154,666
542,154,591
543,154,508
544,154,454
545,154,442
546,154,497
547,154,618
548,154,811
549,154,1031
550,154,1080
551,154,983
552,154,857
553,154,739
554,154,645
555,154,567
556,154,500
557,154,426
558,154,428
559,154,429
560,154,437
561,154,441
562,154,439
563,154,433
564,154,431
565,154,426
566,154,402
567,154,406
568,154,417
569,154,435
570,154,478
571,154,579
572,154,795
573,154,1269
490,155,168
491,155,254
492,155,305
493,155,347
494,155,389
495,155,439
496,155,514
497,155,607
498,155,615
499,155,539
500,155,480
501,155,444
502,155,412
503,155,381
504,155,346
505,155,298
506,155,276
507,155,286
508,155,285
509,155,292
510,155,311
511,155,334
512,155,376
513,155,449
514,155,566
515,155,726
516,155,845
517,155,744
518,155,604
519,155,536
520,155,577
521,155,690
522,155,689
523,155,573
524,155,530
525,155,632
526,155,731
527,155,746
528,155,815
529,155,798
530,155,861
531,155,830
532,155,704
533,155,689
534,155,761
535,155,739
536,155,614
537,155,499
538,155,455
539,155,479
540,155,508
541,155,506
542,155,473
543,155,439
544,155,432
545,155,442
546,155,483
547,155,588
548,155,743
549,155,897
550,155,939
551,155,891
552,155,876
553,155,799
554,155,689
555,155,587
556,155,510
557,155,458
558,155,449
559,155,455
560,155,467
561,155,471
562,155,464
563,155,455
564,155,450
565,155,446
566,155,415
567,155,409
568,155,416
569,155,430
570,155,465
571,155,550
572,155,735
573,155,1157
490,156,171
491,156,238
492,156,305
493,156,371
494,156,436
495,156,485
496,156,513
497,156,556
498,156,563
499,156,535
500,156,526
501,156,491
502,156,443
503,156,400
504,156,364
505,156,328
506,156,281
507,156,275
508,156,275
509,156,291
510,156,310
511,156,337
512,156,387
513,156,464
514,156,582
515,156,745
516,156,869
517,156,774
518,156,637
519,156,562
520,156,579
521,156,631
522,156,622
523,156,558
524,156,553
525,156,690
526,156,847
527,156,733
528,156,677
529,156,781
530,156,969
531,156,972
532,156,816
533,156,866
534,156,1030
535,156,986
536,156,752
537,156,573
538,156,555
539,156,578
540,156,567
541,156,515
542,156,457
543,156,442
544,156,455
545,156,471
546,156,497
547,156,607
548,156,776
549,156,944
550,156,996
551,156,992
552,156,1047
553,156,923
554,156,746
555,156,605
556,156,513
557,156,464
558,156,466
559,156,491
560,156,523
561,156,537
562,156,519
563,156,489
564,156,469
565,156,463
566,156,451
567,156,410
568,156,408
569,156,412
570,156,424
571,156,449
572,156,455
573,156,305
490,157,110
491,157,218
492,157,312
493,157,408
494,157,511
495,157,583
496,157,553
497,157,513
498,157,521
499,157,582
500,157,629
501,157,570
502,157,484
503,157,418
504,157,375
505,157,342
506,157,303
507,157,319
508,157,317
509,157,296
510,157,306
511,157,348
512,157,393
513,157,458
514,157,552
515,157,668
516,157,751
517,157,729
518,157,651
519,157,587
520,157,574
521,157,575
522,157,558
523,157,528
524,157,538
525,157,628
526,157,698
527,157,638
528,157,592
529,157,703
530,157,850
531,157,874
532,157,828
533,157,1012
534,157,1198
535,157,1077
536,157,821
537,157,665
538,157,735
539,157,810
540,157,769
541,157,624
542,157,505
543,157,507
544,157,540
545,157,546
546,157,559
547,157,651
548,157,869
549,157,1119
550,157,1168
551,157,1101
552,157,1237
553,157,1000
554,157,762
555,157,598
556,157,502
557,157,461
558,157,481
559,157,535
560,157,607
561,157,646
562,157,603
563,157,532
564,157,483
565,157,462
566,157,445
567,157,397
568,157,385
569,157,382
570,157,381
571,157,378
572,157,355
573,157,272
490,158,91
491,158,217
492,158,324
493,158,436
494,158,568
495,158,687
496,158,597
497,158,519
498,158,535
499,158,640
500,158,754
501,158,638
502,158,516
503,158,434
504,158,387
505,158,364
506,158,356
507,158,361
508,158,359
509,158,351
510,158,353
511,158,369
512,158,401
513,158,454
514,158,532
515,158,632
516,158,742
517,158,793
518,158,747
519,158,665
520,158,603
521,158,573
522,158,549
523,158,529
524,158,532
525,158,563
526,158,575
527,158,546
528,158,542
529,158,649
530,158,764
531,158,820
532,158,868
533,158,1035
534,158,1192
535,158,1047
536,158,876
537,158,867
538,158,1004
539,158,1153
540,158,1070
541,158,774
542,158,582
543,158,645
544,158,719
545,158,678
546,158,622
547,158,651
548,158,855
549,158,1095
550,158,1123
551,158,977
552,158,993
553,158,861
554,158,685
555,158,551
556,158,473
557,158,448
558,158,485
559,158,569
560,158,689
561,158,775
562,158,686
563,158,565
564,158,486
565,158,448
566,158,423
567,158,371
568,158,358
569,158,356
570,158,352
571,158,344
572,158,328
573,158,284
490,159,120
491,159,239
492,159,334
493,159,427
494,159,525
495,159,588
496,159,548
497,159,500
498,159,533
499,159,634
500,159,711
501,159,640
502,159,531
503,159,451
504,159,408
505,159,402
506,159,409
507,159,415
508,159,411
509,159,399
510,159,392
511,159,398
512,159,424
513,159,479
514,159,571
515,159,712
516,159,890
517,159,1010
518,159,918
519,159,773
520,159,668
521,159,615
522,159,603
523,159,610
524,159,623
525,159,612
526,159,569
527,159,534
528,159,594
529,159,789
530,159,989
531,159,1102
532,159,1054
533,159,979
534,159,999
535,159,986
536,159,1078
537,159,1197
538,159,1310
539,159,1322
540,159,1160
541,159,831
542,159,680
543,159,819
544,159,993
545,159,837
546,159,671
547,159,601
548,159,719
549,159,853
550,159,868
551,159,779
552,159,740
553,159,668
554,159,569
555,159,485
556,159,434
557,159,424
558,159,466
559,159,552
560,159,675
561,159,762
562,159,672
563,159,552
564,159,471
565,159,426
566,159,396
567,159,347
568,159,339
569,159,347
570,159,349
571,159,347
572,159,349
573,159,285
490,160,215
491,160,285
492,160,348
493,160,407
494,160,462
495,160,495
496,160,488
497,160,491
498,160,570
499,160,713
500,160,821
501,160,726
502,160,591
503,160,497
504,160,455
505,160,466
506,160,492
507,160,506
508,160,492
509,160,465
510,160,447
511,160,449
512,160,466
513,160,521
514,160,622
515,160,784
516,160,1016
517,160,1237
518,160,1041
519,160,842
520,160,724
521,160,702
522,160,730
523,160,765
524,160,807
525,160,782
526,160,684
527,160,627
528,160,743
529,160,1003
530,160,1335
531,160,1558
532,160,1382
533,160,1104
534,160,986
535,160,1118
536,160,1371
537,160,1623
538,160,1691
539,160,1309
540,160,1023
541,160,783
542,160,724
543,160,878
544,160,1015
545,160,855
546,160,672
547,160,579
548,160,588
549,160,651
550,160,664
551,160,622
552,160,578
553,160,532
554,160,475
555,160,426
556,160,395
557,160,393
558,160,426
559,160,487
560,160,563
561,160,606
562,160,566
563,160,500
564,160,438
565,160,399
566,160,375
567,160,338
568,160,343
569,160,380
570,160,393
571,160,392
572,160,388
573,160,392
490,161,286
491,161,334
492,161,367
493,161,404
494,161,444
495,161,483
496,161,509
497,161,520
498,161,583
499,161,721
500,161,826
501,161,740
502,161,617
503,161,539
504,161,521
505,161,558
506,161,620
507,161,654
508,161,619
509,161,563
510,161,538
511,161,532
512,161,538
513,161,579
514,161,664
515,161,789
516,161,948
517,161,1056
518,161,961
519,161,824
520,161,757
521,161,810
522,161,906
523,161,984
524,161,1042
525,161,998
526,161,822
527,161,721
528,161,842
529,161,1145
530,161,1588
531,161,2002
532,161,1632
533,161,1282
534,161,1249
535,161,1431
536,161,1544
537,161,1642
538,161,1439
539,161,1191
540,161,933
541,161,780
542,161,731
543,161,792
544,161,819
545,161,750
546,161,647
547,161,546
548,161,528
549,161,581
550,161,621
551,161,611
552,161,559
553,161,494
554,161,433
555,161,392
556,161,365
557,161,363
558,161,382
559,161,416
560,161,453
561,161,473
562,161,461
563,161,433
564,161,397
565,161,374
566,161,366
567,161,366
568,161,381
569,161,408
570,161,426
571,161,427
572,161,406
573,161,337
490,162,389
491,162,377
492,162,392
493,162,420
494,162,460
495,162,522
496,162,588
497,162,576
498,162,584
499,162,653
500,162,699
501,162,665
502,162,611
503,162,596
504,162,615
505,162,671
506,162,783
507,162,863
508,162,786
509,162,695
510,162,678
511,162,659
512,162,647
513,162,686
514,162,744
515,162,800
516,162,861
517,162,898
518,162,857
519,162,796
520,162,812
521,162,941
522,162,1113
523,162,1237
524,162,1173
525,162,1091
526,162,898
527,162,781
528,162,871
529,162,1130
530,162,1480
531,162,1730
532,162,1616
533,162,1414
534,162,1528
535,162,1822
536,162,1812
537,162,1461
538,162,1293
539,162,1325
540,162,1212
541,162,1037
542,162,844
543,162,740
544,162,714
545,162,710
546,162,689
547,162,614
548,162,584
549,162,681
550,162,776
551,162,773
552,162,671
553,162,551
554,162,458
555,162,398
556,162,359
557,162,339
558,162,346
559,162,361
560,162,378
561,162,388
562,162,385
563,162,373
564,162,360
565,162,356
566,162,366
567,162,386
568,162,410
569,162,436
570,162,471
571,162,500
572,162,486
573,162,369
490,163,397
491,163,396
492,163,419
493,163,448
494,163,487
495,163,548
496,163,624
497,163,632
498,163,649
499,163,644
500,163,621
501,163,610
502,163,640
503,163,702
504,163,757
505,163,783
506,163,912
507,163,1068
508,163,925
509,163,858
510,163,880
511,163,833
512,163,789
513,163,852
514,163,916
515,163,921
516,163,897
517,163,929
518,163,918
519,163,878
520,163,873
521,163,1027
522,163,1271
523,163,1350
524,163,1297
525,163,1175
526,163,996
527,163,863
528,163,906
529,163,1127
530,163,1419
531,163,1668
532,163,1857
533,163,1761
534,163,1741
535,163,1924
536,163,1857
537,163,1535
538,163,1637
539,163,1891
540,163,1800
541,163,1523
542,163,1172
543,163,822
544,163,801
545,163,901
546,163,886
547,163,748
548,163,686
549,163,847
550,163,1038
551,163,1036
552,163,836
553,163,636
554,163,498
555,163,414
556,163,359
557,163,307
558,163,314
559,163,323
560,163,333
561,163,339
562,163,340
563,163,336
564,163,339
565,163,354
566,163,382
567,163,422
568,163,465
569,163,505
570,163,561
571,163,647
572,163,687
573,163,554
490,164,363
491,164,405
492,164,460
493,164,515
494,164,538
495,164,555
496,164,607
497,164,691
498,164,775
499,164,717
500,164,637
501,164,616
502,164,713
503,164,858
504,164,972
505,164,927
506,164,904
507,164,948
508,164,912
509,164,994
510,164,1106
511,164,1007
512,164,933
513,164,1068
514,164,1182
515,164,1139
516,164,1086
517,164,1170
518,164,1164
519,164,1093
520,164,995
521,164,1019
522,164,1198
523,164,1397
524,164,1729
525,164,1718
526,164,1408
527,164,1133
528,164,1085
529,164,1412
530,164,1855
531,164,2269
532,164,2530
533,164,2330
534,164,2122
535,164,1886
536,164,1727
537,164,1644
538,164,2015
539,164,2619
540,164,2500
541,164,2121
542,164,1535
543,164,960
544,164,923
545,164,1068
546,164,1043
547,164,834
548,164,748
549,164,949
550,164,1230
551,164,1227
552,164,935
553,164,683
554,164,522
555,164,428
556,164,369
557,164,323
558,164,282
559,164,293
560,164,304
561,164,316
562,164,319
563,164,320
564,164,337
565,164,367
566,164,417
567,164,489
568,164,568
569,164,625
570,164,693
571,164,856
572,164,1030
573,164,1077
490,165,317
491,165,414
492,165,517
493,165,621
494,165,645
495,165,605
496,165,615
497,165,714
498,165,799
499,165,736
500,165,655
501,165,656
502,165,779
503,165,994
504,165,1224
505,165,1074
506,165,909
507,165,844
508,165,858
509,165,995
510,165,1125
511,165,1045
512,165,1026
513,165,1274
514,165,1485
515,165,1393
516,165,1312
517,165,1440
518,165,1520
519,165,1428
520,165,1184
521,165,1050
522,165,1165
523,165,1578
524,165,2056
525,165,2069
526,165,1635
527,165,1310
528,165,1317
529,165,1695
530,165,2274
531,165,2934
532,165,3290
533,165,2976
534,165,2796
535,165,2395
536,165,2090
537,165,1908
538,165,2197
539,165,2728
540,165,3238
541,165,2514
542,165,1734
543,165,1070
544,165,965
545,165,1006
546,165,946
547,165,786
548,165,715
549,165,870
550,165,1058
551,165,1055
552,165,854
553,165,652
554,165,513
555,165,428
556,165,375
557,165,333
558,165,283
559,165,273
560,165,284
561,165,314
562,165,327
563,165,334
564,165,353
565,165,392
566,165,463
567,165,577
568,165,711
569,165,784
570,165,832
571,165,1018
572,165,1325
573,165,1739
490,166,322
491,166,430
492,166,560
493,166,710
494,166,739
495,166,661
496,166,636
497,166,689
498,166,720
499,166,684
500,166,638
501,166,661
502,166,783
503,166,982
504,166,1202
505,166,1177
506,166,973
507,166,821
508,166,795
509,166,877
510,166,950
511,166,951
512,166,1048
513,166,1319
514,166,1561
515,166,1543
516,166,1584
517,166,1815
518,166,1839
519,166,1701
520,166,1400
521,166,1290
522,166,1282
523,166,1522
524,166,1821
525,166,1833
526,166,1561
527,166,1371
528,166,1541
529,166,1948
530,166,2420
531,166,3032
532,166,3241
533,166,3444
534,166,3446
535,166,3179
536,166,2799
537,166,2636
538,166,2662
539,166,3103
540,166,3141
541,166,2367
542,166,1672
543,166,1205
544,166,1122
545,166,1012
546,166,846
547,166,705
548,166,642
549,166,724
550,166,813
551,166,807
552,166,702
553,166,579
554,166,483
555,166,420
556,166,379
557,166,351
558,166,331
559,166,323
560,166,328
561,166,347
562,166,363
563,166,376
564,166,389
565,166,423
566,166,499
567,166,636
568,166,819
569,166,898
570,166,911
571,166,1066
572,166,1388
573,166,1768
490,167,317
491,167,420
492,167,534
493,167,650
494,167,695
495,167,689
496,167,727
497,167,747
498,167,704
499,167,653
500,167,622
501,167,656
502,167,769
503,167,957
504,167,1160
505,167,1159
506,167,965
507,167,809
508,167,760
509,167,801
510,167,842
511,167,875
512,167,1010
513,167,1252
514,167,1499
515,167,1702
516,167,1782
517,167,2017
518,167,2147
519,167,2083
520,167,1681
521,167,1670
522,167,1524
523,167,1454
524,167,1517
525,167,1502
526,167,1400
527,167,1428
528,167,1756
529,167,2288
530,167,2777
531,167,2911
532,167,3225
533,167,3564
534,167,3804
535,167,3978
536,167,3558
537,167,3560
538,167,3179
539,167,2903
540,167,2747
541,167,2172
542,167,1463
543,167,1328
544,167,1375
545,167,1166
546,167,895
547,167,698
548,167,603
549,167,620
550,167,648
551,167,636
552,167,581
553,167,514
554,167,457
555,167,417
556,167,394
557,167,379
558,167,373
559,167,371
560,167,378
561,167,404
562,167,436
563,167,457
564,167,463
565,167,470
566,167,516
567,167,615
568,167,746
569,167,826
570,167,885
571,167,1056
572,167,1370
573,167,1705
490,168,319
491,168,402
492,168,490
493,168,576
494,168,647
495,168,757
496,168,885
497,168,902
498,168,797
499,168,692
500,168,633
501,168,647
502,168,728
503,168,853
504,168,968
505,168,970
506,168,871
507,168,800
508,168,835
509,168,901
510,168,930
511,168,945
512,168,1067
513,168,1355
514,168,1733
515,168,2070
516,168,2075
517,168,1974
518,168,2147
519,168,1908
520,168,1864
521,168,2097
522,168,1845
523,168,1696
524,168,1506
525,168,1400
526,168,1357
527,168,1491
528,168,1874
529,168,2422
530,168,2890
531,168,2957
532,168,3216
533,168,3846
534,168,4005
535,168,4000
536,168,4330
537,168,4554
538,168,3698
539,168,2829
540,168,2678
541,168,2191
542,168,1505
543,168,1380
544,168,1429
545,168,1215
546,168,935
547,168,734
548,168,640
549,168,610
550,168,594
551,168,562
552,168,522
553,168,484
554,168,457
555,168,444
556,168,436
557,168,430
558,168,435
559,168,439
560,168,449
561,168,498
562,168,561
563,168,602
564,168,598
565,168,564
566,168,544
567,168,574
568,168,637
569,168,704
570,168,792
571,168,968
572,168,1271
573,168,1743
490,169,303
491,169,382
492,169,460
493,169,544
494,169,653
495,169,823
496,169,1019
497,169,1037
498,169,872
499,169,728
500,169,648
501,169,635
502,169,681
503,169,751
504,169,806
505,169,812
506,169,798
507,169,864
508,169,1011
509,169,1158
510,169,1190
511,169,1134
512,169,1170
513,169,1464
514,169,1926
515,169,2368
516,169,2127
517,169,1820
518,169,1818
519,169,1747
520,169,1895
521,169,2153
522,169,2224
523,169,2070
524,169,1764
525,169,1657
526,169,1561
527,169,1605
528,169,1954
529,169,2434
530,169,2834
531,169,3057
532,169,3429
533,169,4207
534,169,4509
535,169,4689
536,169,4403
537,169,4833
538,169,4111
539,169,3104
540,169,3156
541,169,2476
542,169,1816
543,169,1444
544,169,1383
545,169,1244
546,169,1022
547,169,854
548,169,822
549,169,764
550,169,684
551,169,587
552,169,531
553,169,510
554,169,509
555,169,517
556,169,523
557,169,524
558,169,544
559,169,553
560,169,559
561,169,636
562,169,753
563,169,832
564,169,809
565,169,719
566,169,623
567,169,567
568,169,565
569,169,600
570,169,674
571,169,806
572,169,1001
573,169,1247
490,170,288
491,170,374
492,170,456
493,170,550
494,170,670
495,170,830
496,170,989
497,170,1037
498,170,907
499,170,760
500,170,667
501,170,632
502,170,648
503,170,683
504,170,711
505,170,731
506,170,800
507,170,968
508,170,1243
509,170,1526
510,170,1565
511,170,1382
512,170,1277
513,170,1473
514,170,1839
515,170,2091
516,170,1933
517,170,1663
518,170,1574
519,170,1695
520,170,2311
521,170,2898
522,170,2938
523,170,2495
524,170,2153
525,170,2049
526,170,1871
527,170,1885
528,170,2193
529,170,2765
530,170,3234
531,170,3665
532,170,4037
533,170,4489
534,170,4779
535,170,5010
536,170,4697
537,170,4815
538,170,4114
539,170,3089
540,170,2926
541,170,2493
542,170,2122
543,170,1933
544,170,1837
545,170,1747
546,170,1464
547,170,1236
548,170,1162
549,170,1035
550,170,874
551,170,724
552,170,610
553,170,592
554,170,614
555,170,650
556,170,676
557,170,681
558,170,728
559,170,744
560,170,735
561,170,809
562,170,995
563,170,1141
564,170,1075
565,170,912
566,170,741
567,170,607
568,170,536
569,170,523
570,170,556
571,170,623
572,170,688
573,170,657
490,171,257
491,171,383
492,171,487
493,171,600
494,171,735
495,171,902
496,171,1083
497,171,1196
498,171,986
499,171,799
500,171,686
501,171,636
502,171,629
503,171,643
504,171,663
505,171,706
506,171,813
507,171,1036
508,171,1401
509,171,1830
510,171,1908
511,171,1636
512,171,1482
513,171,1687
514,171,1907
515,171,2120
516,171,1972
517,171,1682
518,171,1509
519,171,1800
520,171,2374
521,171,2964
522,171,3000
523,171,2476
524,171,2298
525,171,2243
526,171,2145
527,171,2309
528,171,2778
529,171,3728
530,171,4075
531,171,4411
532,171,4588
533,171,4611
534,171,5068
535,171,5617
536,171,4873
537,171,4294
538,171,3808
539,171,3435
540,171,3445
541,171,2977
542,171,2624
543,171,2457
544,171,2362
545,171,2286
546,171,1903
547,171,1755
548,171,1663
549,171,1413
550,171,1121
551,171,885
552,171,726
553,171,714
554,171,768
555,171,854
556,171,917
557,171,912
558,171,1000
559,171,1013
560,171,939
561,171,959
562,171,1190
563,171,1436
564,171,1294
565,171,1075
566,171,853
567,171,664
568,171,532
569,171,463
570,171,449
571,171,468
572,171,479
573,171,449
490,172,312
491,172,419
492,172,540
493,172,679
494,172,850
495,172,1050
496,172,1243
497,172,1242
498,172,1024
499,172,828
500,172,702
501,172,639
502,172,615
503,172,610
504,172,632
505,172,684
506,172,794
507,172,1011
508,172,1359
509,172,1779
510,172,2084
511,172,1796
512,172,1698
513,172,2012
514,172,2237
515,172,2533
516,172,2271
517,172,1864
518,172,1556
519,172,1641
520,172,2102
521,172,2481
522,172,2648
523,172,2467
524,172,2544
525,172,2421
526,172,2624
527,172,2919
528,172,3581
529,172,4852
530,172,5370
531,172,5418
532,172,5299
533,172,5141
534,172,5176
535,172,5483
536,172,4766
537,172,4170
538,172,3974
539,172,4043
540,172,4200
541,172,3366
542,172,2772
543,172,2554
544,172,2454
545,172,2428
546,172,2201
547,172,2346
548,172,2265
549,172,1821
550,172,1363
551,172,1042
552,172,883
553,172,875
554,172,961
555,172,1097
556,172,1212
557,172,1152
558,172,1290
559,172,1292
560,172,1108
561,172,1028
562,172,1196
563,172,1366
564,172,1318
565,172,1139
566,172,914
567,172,699
568,172,528
569,172,393
570,172,339
571,172,322
572,172,301
573,172,225
490,173,309
491,173,443
492,173,593
493,173,755
494,173,939
495,173,1140
496,173,1315
497,173,1285
498,173,1060
499,173,849
500,173,710
501,173,635
502,173,596
503,173,553
504,173,607
505,173,654
506,173,743
507,173,910
508,173,1165
509,173,1481
510,173,1709
511,173,1743
512,173,1888
513,173,2324
514,173,2512
515,173,2675
516,173,2392
517,173,2027
518,173,1769
519,173,1769
520,173,1879
521,173,2102
522,173,2940
523,173,3546
524,173,3613
525,173,3068
526,173,3238
527,173,3696
528,173,4647
529,173,6030
530,173,6673
531,173,6768
532,173,6477
533,173,5988
534,173,5617
535,173,5530
536,173,5079
537,173,4762
538,173,4513
539,173,4771
540,173,3924
541,173,3186
542,173,2552
543,173,2382
544,173,2286
545,173,2381
546,173,2600
547,173,2833
548,173,2688
549,173,2046
550,173,1487
551,173,1146
552,173,1083
553,173,1128
554,173,1206
555,173,1292
556,173,1309
557,173,1199
558,173,1313
559,173,1309
560,173,1128
561,173,1049
562,173,1155
563,173,1286
564,173,1274
565,173,1130
566,173,918
567,173,700
568,173,522
569,173,393
570,173,295
571,173,258
572,173,229
573,173,179
490,174,255
491,174,469
492,174,636
493,174,807
494,174,985
495,174,1147
496,174,1245
497,174,1199
498,174,1028
499,174,845
500,174,712
501,174,634
502,174,595
503,174,583
504,174,608
505,174,636
506,174,694
507,174,799
508,174,970
509,174,1128
510,174,1408
511,174,1776
512,174,2237
513,174,2941
514,174,2943
515,174,2576
516,174,2328
517,174,2187
518,174,2144
519,174,2156
520,174,2152
521,174,2276
522,174,3078
523,174,3781
524,174,4042
525,174,4507
526,174,4329
527,174,4802
528,174,6019
529,174,7102
530,174,7849
531,174,8316
532,174,8194
533,174,7405
534,174,6520
535,174,5960
536,174,5561
537,174,5276
538,174,4925
539,174,4411
540,174,3507
541,174,3136
542,174,2775
543,174,2936
544,174,2730
545,174,2955
546,174,3269
547,174,2859
548,174,2448
549,174,1907
550,174,1451
551,174,1340
552,174,1356
553,174,1475
554,174,1617
555,174,1567
556,174,1273
557,174,1078
558,174,1077
559,174,1068
560,174,1001
561,174,1030
562,174,1213
563,174,1362
564,174,1315
565,174,1131
566,174,898
567,174,675
568,174,499
569,174,374
570,174,270
571,174,227
572,174,201
573,174,171
490,175,338
491,175,515
492,175,671
493,175,844
494,175,1020
495,175,1160
496,175,1216
497,175,1157
498,175,1007
499,175,843
500,175,719
501,175,646
502,175,610
503,175,611
504,175,652
505,175,683
506,175,708
507,175,737
508,175,844
509,175,1061
510,175,1443
511,175,1979
512,175,2807
513,175,3417
514,175,2983
515,175,2522
516,175,2344
517,175,2586
518,175,2885
519,175,2756
520,175,2641
521,175,2749
522,175,3513
523,175,4187
524,175,4523
525,175,5405
526,175,5638
527,175,6365
528,175,7485
529,175,8404
530,175,9112
531,175,10491
532,175,10510
533,175,9664
534,175,8505
535,175,7580
536,175,6940
537,175,6384
538,175,5463
539,175,4636
540,175,3923
541,175,3600
542,175,3384
543,175,3906
544,175,3561
545,175,3207
546,175,3321
547,175,2811
548,175,2129
549,175,1696
550,175,1587
551,175,1659
552,175,1643
553,175,1815
554,175,1901
555,175,1814
556,175,1376
557,175,1025
558,175,869
559,175,840
560,175,859
561,175,1014
562,175,1282
563,175,1482
564,175,1344
565,175,1083
566,175,826
567,175,610
568,175,451
569,175,341
570,175,247
571,175,209
572,175,188
573,175,170
490,176,468
491,176,556
492,176,694
493,176,874
494,176,1077
495,176,1255
496,176,1328
497,176,1236
498,176,1056
499,176,879
500,176,763
501,176,693
502,176,655
503,176,676
504,176,763
505,176,828
506,176,848
507,176,840
508,176,880
509,176,1110
510,176,1541
511,176,2140
512,176,3069
513,176,3272
514,176,2826
515,176,2472
516,176,2453
517,176,2842
518,176,3408
519,176,3926
520,176,3638
521,176,3744
522,176,3972
523,176,4593
524,176,5245
525,176,6369
526,176,7403
527,176,8225
528,176,8895
529,176,10307
530,176,12511
531,176,13667
532,176,13644
533,176,12660
534,176,11284
535,176,9758
536,176,8373
537,176,7201
538,176,6370
539,176,5608
540,176,5288
541,176,4699
542,176,4389
543,176,4819
544,176,3982
545,176,3026
546,176,2743
547,176,2394
548,176,1933
549,176,1847
550,176,1813
551,176,1976
552,176,1707
553,176,1755
554,176,1646
555,176,1548
556,176,1226
557,176,917
558,176,717
559,176,684
560,176,751
561,176,935
562,176,1194
563,176,1374
564,176,1213
565,176,947
566,176,706
567,176,521
568,176,391
569,176,303
570,176,225
571,176,195
572,176,180
573,176,169
490,177,470
491,177,557
492,177,686
493,177,869
494,177,1098
495,177,1331
496,177,1463
497,177,1340
498,177,1133
499,177,953
500,177,853
501,177,789
502,177,749
503,177,806
504,177,967
505,177,1096
506,177,1118
507,177,1050
508,177,1024
509,177,1211
510,177,1767
511,177,2439
512,177,3100
513,177,3174
514,177,2792
515,177,2556
516,177,2583
517,177,2905
518,177,3336
519,177,3754
520,177,4182
521,177,4334
522,177,4423
523,177,5027
524,177,6450
525,177,7844
526,177,9362
527,177,10323
528,177,11772
529,177,13655
530,177,15568
531,177,16703
532,177,16696
533,177,15670
534,177,14698
535,177,12388
536,177,10315
537,177,8597
538,177,7502
539,177,6419
540,177,5752
541,177,4970
542,177,4354
543,177,4254
544,177,3673
545,177,2860
546,177,2307
547,177,2201
548,177,2194
549,177,2157
550,177,1996
551,177,1700
552,177,1441
553,177,1347
554,177,1244
555,177,1148
556,177,961
557,177,763
558,177,626
559,177,584
560,177,651
561,177,787
562,177,945
563,177,1027
564,177,929
565,177,745
566,177,567
567,177,429
568,177,334
569,177,268
570,177,207
571,177,184
572,177,175
573,177,170
490,178,469
491,178,539
492,178,648
493,178,814
494,178,1033
495,178,1270
496,178,1427
497,178,1363
498,178,1235
499,178,1086
500,178,1003
501,178,947
502,178,904
503,178,1035
504,178,1264
505,178,1494
506,178,1516
507,178,1344
508,178,1231
509,178,1426
510,178,1926
511,178,2533
512,178,2973
513,178,3025
514,178,2884
515,178,3030
516,178,3060
517,178,3226
518,178,3327
519,178,3631
520,178,4084
521,178,4449
522,178,4978
523,178,5819
524,178,7440
525,178,9518
526,178,12005
527,178,14248
528,178,15752
529,178,18239
530,178,20630
531,178,22148
532,178,22197
533,178,20593
534,178,17841
535,178,14601
536,178,12571
537,178,10082
538,178,8216
539,178,6751
540,178,5526
541,178,4745
542,178,4007
543,178,3621
544,178,3158
545,178,2511
546,178,2322
547,178,2442
548,178,2592
549,178,2385
550,178,1859
551,178,1396
552,178,1104
553,178,977
554,178,900
555,178,831
556,178,729
557,178,619
558,178,540
559,178,514
560,178,560
561,178,637
562,178,711
563,178,734
564,178,673
565,178,561
566,178,447
567,178,355
568,178,289
569,178,242
570,178,192
571,178,176
572,178,171
573,178,170
490,179,467
491,179,516
492,179,596
493,179,723
494,179,896
495,179,1086
496,179,1245
497,179,1394
498,179,1373
499,179,1255
500,179,1176
501,179,1133
502,179,1089
503,179,1332
504,179,1566
505,179,1916
506,179,1935
507,179,1636
508,179,1486
509,179,1749
510,179,2176
511,179,2920
512,179,3470
513,179,3405
514,179,3538
515,179,3862
516,179,3755
517,179,3959
518,179,4009
519,179,3957
520,179,4358
521,179,4886
522,179,5655
523,179,6591
524,179,8334
525,179,11087
526,179,14123
527,179,16314
528,179,19428
529,179,22903
530,179,26063
531,179,28153
532,179,28359
533,179,26270
534,179,22345
535,179,17855
536,179,14822
537,179,11518
538,179,8722
539,179,6768
540,179,5400
541,179,4557
542,179,3770
543,179,3221
544,179,2960
545,179,2641
546,179,2355
547,179,2341
548,179,2134
549,179,1880
550,179,1512
551,179,1131
552,179,852
553,179,745
554,179,699
555,179,663
556,179,601
557,179,531
558,179,482
559,179,470
560,179,495
561,179,529
562,179,553
563,179,548
564,179,505
565,179,437
566,179,366
567,179,305
568,179,259
569,179,221
570,179,182
571,179,170
572,179,167
573,179,169
490,180,469
491,180,513
492,180,556
493,180,636
494,180,755
495,180,917
496,180,1107
497,180,1306
498,180,1386
499,180,1324
500,180,1180
501,180,1163
502,180,1239
503,180,1627
504,180,1812
505,180,2000
506,180,2006
507,180,1767
508,180,1789
509,180,2176
510,180,2625
511,180,3047
512,180,3568
513,180,3847
514,180,4065
515,180,4609
516,180,4244
517,180,4687
518,180,4770
519,180,4603
520,180,5334
521,180,5911
522,180,6238
523,180,7203
524,180,9195
525,180,12284
526,180,14950
527,180,18206
528,180,22161
529,180,26300
530,180,30057
531,180,32642
532,180,33056
533,180,30695
534,180,25969
535,180,20260
536,180,15301
537,180,12125
538,180,8895
539,180,6678
540,180,5268
541,180,4362
542,180,3608
543,180,3192
544,180,3175
545,180,2960
546,180,2418
547,180,1969
548,180,1640
549,180,1371
550,180,1127
551,180,886
552,180,707
553,180,711
554,180,752
555,180,739
556,180,656
557,180,560
558,180,494
559,180,484
560,180,484
561,180,478
562,180,470
563,180,450
564,180,415
565,180,368
566,180,319
567,180,275
568,180,234
569,180,192
570,180,172
571,180,165
572,180,162
573,180,161
490,181,531
491,181,557
492,181,563
493,181,585
494,181,652
495,181,764
496,181,905
497,181,1037
498,181,1130
499,181,1096
500,181,986
501,181,1025
502,181,1254
503,181,1618
504,181,1738
505,181,1703
506,181,1764
507,181,1758
508,181,1959
509,181,2437
510,181,2999
511,181,2797
512,181,3038
513,181,3647
514,181,3848
515,181,3953
516,181,3925
517,181,4621
518,181,4826
519,181,4991
520,181,5967
521,181,6776
522,181,6689
523,181,7713
524,181,9771
525,181,13039
526,181,16490
527,181,19087
528,181,23020
529,181,27202
530,181,31057
531,181,33807
532,181,34375
533,181,32036
534,181,27124
535,181,21025
536,181,15510
537,181,12129
538,181,8745
539,181,6524
540,181,5187
541,181,4142
542,181,3523
543,181,3230
544,181,3234
545,181,3065
546,181,2447
547,181,1770
548,181,1331
549,181,1036
550,181,855
551,181,727
552,181,707
553,181,831
554,181,972
555,181,967
556,181,811
557,181,651
558,181,571
559,181,562
560,181,540
561,181,499
562,181,453
563,181,411
564,181,373
565,181,334
566,181,287
567,181,249
568,181,205
569,181,181
570,181,170
571,181,164
572,181,159
573,181,152
490,182,655
491,182,657
492,182,619
493,182,584
494,182,581
495,182,639
496,182,718
497,182,797
498,182,849
499,182,837
500,182,807
501,182,877
502,182,1069
503,182,1300
504,182,1410
505,182,1459
506,182,1681
507,182,1934
508,182,2052
509,182,2207
510,182,2408
511,182,2281
512,182,2476
513,182,2878
514,182,3049
515,182,3162
516,182,3317
517,182,3798
518,182,4060
519,182,4501
520,182,5392
521,182,6177
522,182,6618
523,182,7854
524,182,9537
525,182,12466
526,182,14984
527,182,18050
528,182,21627
529,182,25255
530,182,28602
531,182,31050
532,182,31618
533,182,29583
534,182,25189
535,182,19685
536,182,14676
537,182,11371
538,182,8235
539,182,6296
540,182,4924
541,182,3990
542,182,3775
543,182,3565
544,182,3227
545,182,3145
546,182,2571
547,182,1860
548,182,1297
549,182,901
550,182,731
551,182,664
552,182,752
553,182,976
554,182,1238
555,182,1236
556,182,969
557,182,750
558,182,701
559,182,716
560,182,661
561,182,565
562,182,477
563,182,411
564,182,361
565,182,316
566,182,260
567,182,228
568,182,204
569,182,187
570,182,178
571,182,171
572,182,163
573,182,156
490,183,892
491,183,809
492,183,695
493,183,600
494,183,548
495,183,553
496,183,586
497,183,628
498,183,651
499,183,653
500,183,654
501,183,709
502,183,852
503,183,998
504,183,1132
505,183,1359
506,183,1734
507,183,2093
508,183,2115
509,183,1840
510,183,1755
511,183,1665
512,183,1720
513,183,2098
514,183,2544
515,183,3058
516,183,3202
517,183,3092
518,183,3348
519,183,4176
520,183,5262
521,183,5842
522,183,6283
523,183,7075
524,183,8668
525,183,11389
526,183,14336
527,183,16260
528,183,18759
529,183,21329
530,183,23709
531,183,25473
532,183,25866
533,183,24296
534,183,20951
535,183,16946
536,183,13666
537,183,10187
538,183,7677
539,183,6336
540,183,5060
541,183,4017
542,183,3954
543,183,4055
544,183,3408
545,183,3088
546,183,2495
547,183,1814
548,183,1279
549,183,932
550,183,776
551,183,694
552,183,769
553,183,986
554,183,1244
555,183,1240
556,183,979
557,183,789
558,183,858
559,183,947
560,183,826
561,183,646
562,183,507
563,183,416
564,183,358
565,183,315
566,183,276
567,183,251
568,183,233
569,183,220
570,183,210
571,183,199
572,183,176
573,183,158
490,184,1109
491,184,926
492,184,731
493,184,600
494,184,525
495,184,499
496,184,506
497,184,522
498,184,533
499,184,536
500,184,546
501,184,596
502,184,684
503,184,790
504,184,951
505,184,1221
506,184,1585
507,184,1880
508,184,1757
509,184,1477
510,184,1237
511,184,1178
512,184,1293
513,184,1681
514,184,2247
515,184,2860
516,184,3032
517,184,2850
518,184,2913
519,184,3643
520,184,4634
521,184,5471
522,184,5817
523,184,6365
524,184,7599
525,184,9802
526,184,12459
527,184,14706
528,184,15650
529,184,17069
530,184,18401
531,184,19371
532,184,19492
533,184,18359
534,184,16186
535,184,14228
536,184,11277
537,184,8660
538,184,7186
539,184,5826
540,184,5009
541,184,4200
542,184,4071
543,184,3801
544,184,3192
545,184,2603
546,184,2083
547,184,1592
548,184,1250
549,184,1110
550,184,972
551,184,824
552,184,766
553,184,861
554,184,986
555,184,976
556,184,840
557,184,783
558,184,954
559,184,1164
560,184,929
561,184,681
562,184,511
563,184,409
564,184,350
565,184,311
566,184,284
567,184,268
568,184,256
569,184,245
570,184,234
571,184,222
572,184,208
573,184,181
490,185,882
491,185,816
492,185,687
493,185,574
494,185,505
495,185,471
496,185,460
497,185,462
498,185,463
499,185,463
500,185,472
501,185,508
502,185,567
503,185,657
504,185,801
505,185,1008
506,185,1240
507,185,1384
508,185,1337
509,185,1139
510,185,932
511,185,868
512,185,1065
513,185,1437
514,185,1934
515,185,2429
516,185,2848
517,185,3171
518,185,2913
519,185,2884
520,185,3690
521,185,4258
522,185,4773
523,185,5384
524,185,6636
525,185,8274
526,185,10172
527,185,12057
528,185,13405
529,185,14327
530,185,14967
531,185,15350
532,185,15209
533,185,14274
534,185,12662
535,185,10775
536,185,8741
537,185,7202
538,185,6484
539,185,5443
540,185,5378
541,185,4472
542,185,4611
543,185,4285
544,185,3329
545,185,2431
546,185,1751
547,185,1421
548,185,1427
549,185,1469
550,185,1293
551,185,1025
552,185,829
553,185,766
554,185,765
555,185,736
556,185,671
557,185,686
558,185,820
559,185,921
560,185,798
561,185,614
562,185,472
563,185,385
564,185,336
565,185,308
566,185,294
567,185,291
568,185,290
569,185,282
570,185,265
571,185,247
572,185,234
573,185,224
490,186,671
491,186,685
492,186,617
493,186,543
494,186,494
495,186,469
496,186,455
497,186,443
498,186,431
499,186,423
500,186,424
501,186,440
502,186,484
503,186,557
504,186,662
505,186,790
506,186,912
507,186,981
508,186,952
509,186,841
510,186,741
511,186,785
512,186,1027
513,186,1436
514,186,1935
515,186,2379
516,186,2855
517,186,3257
518,186,2868
519,186,2510
520,186,2649
521,186,2938
522,186,3581
523,186,4476
524,186,5553
525,186,6735
526,186,7996
527,186,9376
528,186,10406
529,186,10797
530,186,10894
531,186,10914
532,186,10679
533,186,9965
534,186,9075
535,186,8041
536,186,7063
537,186,6343
538,186,5868
539,186,4887
540,186,4609
541,186,3970
542,186,3828
543,186,3950
544,186,3109
545,186,2249
546,186,1638
547,186,1470
548,186,1696
549,186,1911
550,186,1637
551,186,1255
552,186,1019
553,186,824
554,186,675
555,186,598
556,186,541
557,186,562
558,186,629
559,186,665
560,186,605
561,186,501
562,186,410
563,186,351
564,186,319
565,186,312
566,186,313
567,186,330
568,186,353
569,186,348
570,186,313
571,186,279
572,186,259
573,186,258
490,187,702
491,187,640
492,187,581
493,187,535
494,187,515
495,187,506
496,187,491
497,187,465
498,187,438
499,187,416
500,187,398
501,187,372
502,187,413
503,187,471
504,187,542
505,187,617
506,187,677
507,187,702
508,187,684
509,187,637
510,187,627
511,187,776
512,187,1102
513,187,1617
514,187,2269
515,187,2785
516,187,2822
517,187,3137
518,187,2820
519,187,2766
520,187,2719
521,187,2512
522,187,2947
523,187,4043
524,187,5194
525,187,5803
526,187,6356
527,187,7387
528,187,8178
529,187,8121
530,187,7887
531,187,7676
532,187,7582
533,187,7184
534,187,7027
535,187,6600
536,187,6137
537,187,5613
538,187,5043
539,187,4464
540,187,4144
541,187,3476
542,187,3132
543,187,3099
544,187,2646
545,187,2032
546,187,1548
547,187,1521
548,187,1754
549,187,1971
550,187,1768
551,187,1589
552,187,1296
553,187,972
554,187,726
555,187,573
556,187,486
557,187,474
558,187,489
559,187,492
560,187,459
561,187,405
562,187,354
563,187,321
564,187,309
565,187,329
566,187,338
567,187,384
568,187,451
569,187,448
570,187,375
571,187,312
572,187,278
573,187,265
490,188,653
491,188,618
492,188,578
493,188,566
494,188,577
495,188,591
496,188,574
497,188,525
498,188,472
499,188,432
500,188,402
501,188,361
502,188,362
503,188,389
504,188,454
505,188,502
506,188,528
507,188,533
508,188,530
509,188,529
510,188,578
511,188,770
512,188,1123
513,188,1661
514,188,2341
515,188,2839
516,188,2601
517,188,2518
518,188,2555
519,188,3012
520,188,2975
521,188,2389
522,188,2295
523,188,3364
524,188,4351
525,188,4828
526,188,5321
527,188,6173
528,188,6918
529,188,6667
530,188,6291
531,188,5798
532,188,5770
533,188,5776
534,188,6022
535,188,6134
536,188,5339
537,188,4603
538,188,4173
539,188,4405
540,188,4233
541,188,3295
542,188,2914
543,188,2601
544,188,2317
545,188,1983
546,188,1728
547,188,1764
548,188,1700
549,188,1712
550,188,1731
551,188,1898
552,188,1483
553,188,1072
554,188,778
555,188,593
556,188,483
557,188,433
558,188,415
559,188,400
560,188,375
561,188,343
562,188,316
563,188,295
564,188,295
565,188,312
566,188,348
567,188,424
568,188,534
569,188,532
570,188,419
571,188,334
572,188,289
573,188,267
490,189,635
491,189,632
492,189,610
493,189,621
494,189,672
495,189,727
496,189,709
497,189,616
498,189,522
499,189,460
500,189,426
501,189,407
502,189,413
503,189,425
504,189,439
505,189,447
506,189,445
507,189,446
508,189,465
509,189,508
510,189,600
511,189,783
512,189,1110
513,189,1595
514,189,2243
515,189,2801
516,189,2334
517,189,1945
518,189,2116
519,189,2486
520,189,2464
521,189,2031
522,189,1840
523,189,2566
524,189,3481
525,189,4411
526,189,4849
527,189,5244
528,189,5722
529,189,5900
530,189,5722
531,189,5050
532,189,4871
533,189,5430
534,189,6180
535,189,5716
536,189,4707
537,189,3834
538,189,3477
539,189,3717
540,189,3626
541,189,3114
542,189,3112
543,189,2618
544,189,2560
545,189,2227
546,189,2025
547,189,2183
548,189,1925
549,189,1680
550,189,1619
551,189,1613
552,189,1356
553,189,1056
554,189,811
555,189,641
556,189,522
557,189,444
558,189,397
559,189,369
560,189,342
561,189,317
562,189,296
563,189,281
564,189,286
565,189,305
566,189,344
567,189,409
568,189,481
569,189,479
570,189,403
571,189,334
572,189,292
573,189,268
490,190,809
491,190,699
492,190,653
493,190,673
494,190,766
495,190,882
496,190,860
497,190,702
498,190,566
499,190,484
500,190,446
501,190,442
502,190,456
503,190,470
504,190,472
505,190,462
506,190,445
507,190,438
508,190,476
509,190,552
510,190,689
511,190,904
512,190,1192
513,190,1510
514,190,1932
515,190,2172
516,190,1903
517,190,1560
518,190,1610
519,190,1787
520,190,1770
521,190,1547
522,190,1459
523,190,2055
524,190,2874
525,190,3676
526,190,4094
527,190,4344
528,190,4544
529,190,4932
530,190,4848
531,190,4331
532,190,4180
533,190,4771
534,190,5268
535,190,5078
536,190,4122
537,190,3195
538,190,2756
539,190,2810
540,190,2736
541,190,2516
542,190,2452
543,190,2253
544,190,2438
545,190,2167
546,190,1995
547,190,2170
548,190,1942
549,190,1859
550,190,1771
551,190,1483
552,190,1245
553,190,1123
554,190,937
555,190,742
556,190,591
557,190,489
558,190,437
559,190,398
560,190,358
561,190,324
562,190,295
563,190,267
564,190,284
565,190,305
566,190,337
567,190,379
568,190,414
569,190,410
570,190,369
571,190,324
572,190,293
573,190,280
490,191,877
491,191,731
492,191,673
493,191,701
494,191,810
495,191,921
496,191,876
497,191,710
498,191,573
499,191,493
500,191,461
501,191,476
502,191,510
503,191,538
504,191,539
505,191,513
506,191,483
507,191,471
508,191,515
509,191,616
510,191,801
511,191,1090
512,191,1462
513,191,1749
514,191,1716
515,191,1637
516,191,1434
517,191,1212
518,191,1198
519,191,1262
520,191,1244
521,191,1143
522,191,1149
523,191,1651
524,191,2296
525,191,3088
526,191,3871
527,191,4143
528,191,3980
529,191,3966
530,191,3790
531,191,3459
532,191,3392
533,191,4046
534,191,4806
535,191,4737
536,191,3770
537,191,2802
538,191,2174
539,191,2035
540,191,1901
541,191,1828
542,191,1785
543,191,1727
544,191,1825
545,191,1712
546,191,1598
547,191,1684
548,191,1617
549,191,1763
550,191,1717
551,191,1447
552,191,1378
553,191,1375
554,191,1125
555,191,854
556,191,665
557,191,561
558,191,518
559,191,471
560,191,410
561,191,356
562,191,318
563,191,296
564,191,297
565,191,311
566,191,336
567,191,363
568,191,380
569,191,373
570,191,345
571,191,312
572,191,286
573,191,276
490,192,820
491,192,702
492,192,652
493,192,678
494,192,775
495,192,862
496,192,779
497,192,644
498,192,546
499,192,490
500,192,479
501,192,516
502,192,578
503,192,637
504,192,640
505,192,590
506,192,537
507,192,514
508,192,548
509,192,666
510,192,884
511,192,1214
512,192,1673
513,192,2091
514,192,1732
515,192,1358
516,192,1088
517,192,967
518,192,967
519,192,993
520,192,955
521,192,888
522,192,929
523,192,1341
524,192,1920
525,192,2692
526,192,3529
527,192,3933
528,192,3914
529,192,3387
530,192,2854
531,192,2644
532,192,2791
533,192,3454
534,192,4099
535,192,4069
536,192,3328
537,192,2466
538,192,1824
539,192,1509
540,192,1359
541,192,1298
542,192,1273
543,192,1251
544,192,1290
545,192,1255
546,192,1232
547,192,1327
548,192,1406
549,192,1462
550,192,1401
551,192,1310
552,192,1480
553,192,1455
554,192,1178
555,192,894
556,192,710
557,192,653
558,192,640
559,192,591
560,192,494
561,192,407
562,192,350
563,192,321
564,192,312
565,192,317
566,192,338
567,192,358
568,192,365
569,192,355
570,192,332
571,192,300
572,192,264
573,192,211
490,193,705
491,193,629
492,193,596
493,193,611
494,193,662
495,193,698
496,193,656
497,193,580
498,193,522
499,193,488
500,193,497
501,193,550
502,193,642
503,193,745
504,193,755
505,193,672
506,193,597
507,193,565
508,193,603
509,193,748
510,193,952
511,193,1208
512,193,1535
513,193,1698
514,193,1480
515,193,1169
516,193,968
517,193,979
518,193,1108
519,193,1189
520,193,1106
521,193,967
522,193,953
523,193,1341
524,193,1953
525,193,2737
526,193,3450
527,193,3785
528,193,3714
529,193,3027
530,193,2398
531,193,2055
532,193,2197
533,193,2924
534,193,3545
535,193,3542
536,193,2907
537,193,2140
538,193,1570
539,193,1204
540,193,1025
541,193,960
542,193,945
543,193,933
544,193,947
545,193,960
546,193,1141
547,193,1428
548,193,1626
549,193,1462
550,193,1207
551,193,1124
552,193,1250
553,193,1239
554,193,1035
555,193,837
556,193,725
557,193,749
558,193,801
559,193,754
560,193,598
561,193,465
562,193,383
563,193,342
564,193,323
565,193,300
566,193,327
567,193,345
568,193,348
569,193,337
570,193,315
571,193,283
572,193,234
573,193,194
490,194,538
491,194,527
492,194,527
493,194,542
494,194,568
495,194,586
496,194,575
497,194,545
498,194,532
499,194,517
500,194,517
501,194,563
502,194,653
503,194,763
504,194,793
505,194,740
506,194,657
507,194,613
508,194,659
509,194,848
510,194,1107
511,194,1379
512,194,1467
513,194,1330
514,194,1163
515,194,972
516,194,916
517,194,1094
518,194,1395
519,194,1600
520,194,1415
521,194,1137
522,194,1023
523,194,1328
524,194,1885
525,194,2595
526,194,3156
527,194,3100
528,194,2907
529,194,2458
530,194,2016
531,194,1903
532,194,2098
533,194,2822
534,194,3634
535,194,3701
536,194,3026
537,194,2294
538,194,1649
539,194,1207
540,194,930
541,194,824
542,194,819
543,194,809
544,194,798
545,194,889
546,194,1153
547,194,1568
548,194,1957
549,194,1566
550,194,1156
551,194,959
552,194,991
553,194,975
554,194,864
555,194,748
556,194,718
557,194,803
558,194,916
559,194,872
560,194,663
561,194,503
562,194,408
563,194,360
564,194,334
565,194,299
566,194,300
567,194,304
568,194,303
569,194,292
570,194,275
571,194,254
572,194,220
573,194,188
490,195,294
491,195,415
492,195,463
493,195,494
494,195,519
495,195,541
496,195,562
497,195,590
498,195,605
499,195,581
500,195,550
501,195,556
502,195,615
503,195,704
504,195,798
505,195,789
506,195,696
507,195,649
508,195,695
509,195,901
510,195,1204
511,195,1545
512,195,1559
513,195,1244
514,195,968
515,195,810
516,195,878
517,195,1156
518,195,1595
519,195,2009
520,195,1651
521,195,1254
522,195,1047
523,195,1197
524,195,1602
525,195,2064
526,195,2372
527,195,2311
528,195,2058
529,195,1772
530,195,1741
531,195,1921
532,195,2080
533,195,2319
534,195,3103
535,195,3400
536,195,3224
537,195,2544
538,195,1861
539,195,1307
540,195,932
541,195,905
542,195,961
543,195,951
544,195,874
545,195,867
546,195,1046
547,195,1346
548,195,1549
549,195,1342
550,195,1009
551,195,940
552,195,982
553,195,922
554,195,801
555,195,703
556,195,683
557,195,737
558,195,803
559,195,767
560,195,626
561,195,500
562,195,417
563,195,373
564,195,343
565,195,303
566,195,290
567,195,286
568,195,282
569,195,272
570,195,257
571,195,240
572,195,214
573,195,190
490,196,283
491,196,346
492,196,418
493,196,467
494,196,503
495,196,544
496,196,601
497,196,675
498,196,722
499,196,666
500,196,589
501,196,551
502,196,576
503,196,641
504,196,714
505,196,729
506,196,698
507,196,691
508,196,720
509,196,868
510,196,1107
511,196,1334
512,196,1323
513,196,1080
514,196,840
515,196,714
516,196,803
517,196,1068
518,196,1450
519,196,1745
520,196,1619
521,196,1284
522,196,1039
523,196,1002
524,196,1235
525,196,1450
526,196,1623
527,196,1716
528,196,1631
529,196,1463
530,196,1525
531,196,1780
532,196,1887
533,196,1925
534,196,2389
535,196,2807
536,196,2957
537,196,2668
538,196,1949
539,196,1357
540,196,1015
541,196,1098
542,196,1262
543,196,1253
544,196,1059
545,196,882
546,196,871
547,196,1028
548,196,1193
549,196,1126
550,196,940
551,196,1016
552,196,1166
553,196,1042
554,196,867
555,196,766
556,196,679
557,196,649
558,196,650
559,196,620
560,196,548
561,196,476
562,196,416
563,196,385
564,196,363
565,196,336
566,196,292
567,196,280
568,196,271
569,196,260
570,196,245
571,196,228
572,196,208
573,196,188
490,197,290
491,197,330
492,197,378
493,197,456
494,197,505
495,197,555
496,197,629
497,197,734
498,197,833
499,197,722
500,197,611
501,197,551
502,197,552
503,197,584
504,197,632
505,197,679
506,197,744
507,197,791
508,197,779
509,197,805
510,197,965
511,197,1072
512,197,1031
513,197,869
514,197,704
515,197,622
516,197,708
517,197,953
518,197,1332
519,197,1731
520,197,1709
521,197,1328
522,197,1042
523,197,901
524,197,951
525,197,1100
526,197,1293
527,197,1487
528,197,1450
529,197,1262
530,197,1257
531,197,1406
532,197,1486
533,197,1556
534,197,1869
535,197,2226
536,197,2464
537,197,2258
538,197,1734
539,197,1272
540,197,1069
541,197,1283
542,197,1595
543,197,1587
544,197,1244
545,197,928
546,197,783
547,197,844
548,197,968
549,197,944
550,197,838
551,197,974
552,197,1163
553,197,1099
554,197,1055
555,197,907
556,197,726
557,197,601
558,197,547
559,197,525
560,197,499
561,197,485
562,197,455
563,197,420
564,197,389
565,197,358
566,197,305
567,197,282
568,197,268
569,197,256
570,197,242
571,197,226
572,197,207
573,197,187
490,198,324
491,198,361
492,198,407
493,198,462
494,198,504
495,198,548
496,198,608
497,198,682
498,198,728
499,198,669
500,198,592
501,198,564
502,198,566
503,198,575
504,198,603
505,198,693
506,198,828
507,198,932
508,198,878
509,198,859
510,198,1003
511,198,1023
512,198,892
513,198,717
514,198,588
515,198,545
516,198,633
517,198,854
518,198,1168
519,198,1457
520,198,1438
521,198,1186
522,198,997
523,198,808
524,198,783
525,198,875
526,198,1025
527,198,1158
528,198,1149
529,198,1046
530,198,1007
531,198,1095
532,198,1199
533,198,1421
534,198,1840
535,198,2292
536,198,2328
537,198,1892
538,198,1454
539,198,1121
540,198,1037
541,198,1285
542,198,1610
543,198,1602
544,198,1256
545,198,918
546,198,711
547,198,683
548,198,714
549,198,702
550,198,677
551,198,786
552,198,928
553,198,1051
554,198,1244
555,198,1002
556,198,752
557,198,584
558,198,496
559,198,502
560,198,542
561,198,567
562,198,531
563,198,471
564,198,422
565,198,385
566,198,347
567,198,293
568,198,276
569,198,263
570,198,250
571,198,234
572,198,215
573,198,189
490,199,333
491,199,387
492,199,438
493,199,478
494,199,505
495,199,533
496,199,566
497,199,602
498,199,617
499,199,591
500,199,571
501,199,588
502,199,619
503,199,604
504,199,610
505,199,692
506,199,835
507,199,953
508,199,928
509,199,993
510,199,1173
511,199,1164
512,199,925
513,199,679
514,199,548
515,199,508
516,199,612
517,199,812
518,199,1086
519,199,1294
520,199,1175
521,199,960
522,199,790
523,199,685
524,199,654
525,199,704
526,199,799
527,199,883
528,199,891
529,199,849
530,199,836
531,199,894
532,199,1029
533,199,1324
534,199,1755
535,199,2194
536,199,2187
537,199,1723
538,199,1266
539,199,972
540,199,932
541,199,1125
542,199,1351
543,199,1350
544,199,1142
545,199,872
546,199,665
547,199,580
548,199,559
549,199,550
550,199,547
551,199,606
552,199,707
553,199,868
554,199,986
555,199,869
556,199,688
557,199,551
558,199,485
559,199,522
560,199,612
561,199,681
562,199,615
563,199,521
564,199,454
565,199,411
566,199,374
567,199,315
568,199,293
569,199,284
570,199,272
571,199,256
572,199,235
573,199,213
490,200,353
491,200,423
492,200,476
493,200,506
494,200,522
495,200,538
496,200,543
497,200,547
498,200,544
499,200,538
500,200,552
501,200,607
502,200,702
503,200,635
504,200,617
505,200,678
506,200,793
507,200,895
508,200,945
509,200,1010
510,200,1160
511,200,1154
512,200,914
513,200,701
514,200,559
515,200,508
516,200,610
517,200,812
518,200,1119
519,200,1421
520,200,1144
521,200,854
522,200,682
523,200,585
524,200,550
525,200,572
526,200,629
527,200,688
528,200,703
529,200,697
530,200,711
531,200,764
532,200,913
533,200,1153
534,200,1459
535,200,1718
536,200,1703
537,200,1413
538,200,1081
539,200,852
540,200,838
541,200,1025
542,200,1306
543,200,1466
544,200,1241
545,200,924
546,200,678
547,200,543
548,200,492
549,200,490
550,200,462
551,200,485
552,200,559
553,200,663
554,200,725
555,200,679
556,200,583
557,200,502
558,200,472
559,200,523
560,200,621
561,200,696
562,200,636
563,200,547
564,200,479
565,200,437
566,200,407
567,200,353
568,200,328
569,200,318
570,200,307
571,200,290
572,200,261
573,200,212
490,201,366
491,201,461
492,201,527
493,201,547
494,201,562
495,201,583
496,201,568
497,201,539
498,201,512
499,201,508
500,201,524
501,201,565
502,201,612
503,201,611
504,201,633
505,201,738
506,201,882
507,201,1039
508,201,1079
509,201,978
510,201,935
511,201,997
512,201,917
513,201,722
514,201,577
515,201,518
516,201,596
517,201,754
518,201,964
519,201,1102
520,201,957
521,201,745
522,201,598
523,201,514
524,201,473
525,201,479
526,201,512
527,201,569
528,201,629
529,201,652
530,201,665
531,201,697
532,201,778
533,201,954
534,201,1133
535,201,1262
536,201,1247
537,201,1087
538,201,882
539,201,731
540,201,773
541,201,965
542,201,1239
543,201,1425
544,201,1225
545,201,918
546,201,671
547,201,528
548,201,453
549,201,414
550,201,397
551,201,412
552,201,456
553,201,512
554,201,549
555,201,534
556,201,490
557,201,452
558,201,456
559,201,506
560,201,583
561,201,638
562,201,627
563,201,579
564,201,519
565,201,477
566,201,453
567,201,428
568,201,380
569,201,369
570,201,364
571,201,347
572,201,319
573,201,275
490,202,406
491,202,497
492,202,589
493,202,588
494,202,624
495,202,665
496,202,624
497,202,561
498,202,514
499,202,497
500,202,505
501,202,530
502,202,561
503,202,594
504,202,667
505,202,819
506,202,1008
507,202,1109
508,202,1213
509,202,995
510,202,823
511,202,829
512,202,794
513,202,680
514,202,580
515,202,539
516,202,594
517,202,712
518,202,835
519,202,879
520,202,784
521,202,642
522,202,527
523,202,462
524,202,428
525,202,430
526,202,456
527,202,535
528,202,654
529,202,694
530,202,663
531,202,659
532,202,697
533,202,793
534,202,885
535,202,947
536,202,941
537,202,860
538,202,728
539,202,660
540,202,700
541,202,838
542,202,1019
543,202,1165
544,202,1089
545,202,852
546,202,649
547,202,515
548,202,430
549,202,366
550,202,378
551,202,405
552,202,455
553,202,524
554,202,569
555,202,547
556,202,495
557,202,456
558,202,470
559,202,531
560,202,624
561,202,705
562,202,744
563,202,668
564,202,574
565,202,516
566,202,493
567,202,479
568,202,432
569,202,434
570,202,444
571,202,433
572,202,406
573,202,376
490,203,437
491,203,491
492,203,549
493,203,584
494,203,662
495,203,747
496,203,666
497,203,581
498,203,524
499,203,501
500,203,513
501,203,539
502,203,572
503,203,623
504,203,698
505,203,836
506,203,1001
507,203,1058
508,203,1046
509,203,897
510,203,740
511,203,689
512,203,673
513,203,637
514,203,603
515,203,607
516,203,680
517,203,809
518,203,933
519,203,926
520,203,778
521,203,614
522,203,497
523,203,431
524,203,405
525,203,407
526,203,434
527,203,529
528,203,694
529,203,733
530,203,650
531,203,624
532,203,641
533,203,680
534,203,726
535,203,775
536,203,807
537,203,803
538,203,749
539,203,675
540,203,643
541,203,713
542,203,836
543,203,966
544,203,931
545,203,755
546,203,600
547,203,490
548,203,417
549,203,377
550,203,384
551,203,415
552,203,482
553,203,578
554,203,651
555,203,600
556,203,520
557,203,469
558,203,487
559,203,570
560,203,705
561,203,838
562,203,896
563,203,738
564,203,603
565,203,534
566,203,515
567,203,511
568,203,480
569,203,514
570,203,576
571,203,571
572,203,534
573,203,510
490,204,411
491,204,463
492,204,509
493,204,551
494,204,620
495,204,669
496,204,636
497,204,580
498,204,541
499,204,541
500,204,572
501,204,624
502,204,677
503,204,733
504,204,796
505,204,818
506,204,881
507,204,948
508,204,998
509,204,855
510,204,697
511,204,621
512,204,631
513,204,665
514,204,690
515,204,703
516,204,788
517,204,957
518,204,1156
519,204,1134
520,204,886
521,204,658
522,204,511
523,204,431
524,204,397
525,204,393
526,204,408
527,204,474
528,204,573
529,204,603
530,204,572
531,204,578
532,204,606
533,204,650
534,204,711
535,204,789
536,204,880
537,204,942
538,204,905
539,204,775
540,204,638
541,204,640
542,204,699
543,204,744
544,204,717
545,204,628
546,204,534
547,204,454
548,204,393
549,204,369
550,204,382
551,204,417
552,204,482
553,204,575
554,204,645
555,204,593
556,204,514
557,204,468
558,204,489
559,204,573
560,204,697
561,204,805
562,204,804
563,204,677
564,204,571
565,204,519
566,204,511
567,204,520
568,204,528
569,204,619
570,204,667
571,204,657
572,204,598
573,204,502
490,205,366
491,205,433
492,205,478
493,205,519
494,205,568
495,205,607
496,205,621
497,205,610
498,205,592
499,205,612
500,205,666
501,205,754
502,205,838
503,205,871
504,205,945
505,205,876
506,205,816
507,205,880
508,205,934
509,205,808
510,205,674
511,205,626
512,205,686
513,205,787
514,205,851
515,205,839
516,205,857
517,205,991
518,205,1172
519,205,1144
520,205,893
521,205,665
522,205,516
523,205,433
524,205,392
525,205,380
526,205,380
527,205,412
528,205,460
529,205,487
530,205,501
531,205,539
532,205,590
533,205,665
534,205,754
535,205,875
536,205,1038
537,205,1191
538,205,1154
539,205,929
540,205,714
541,205,682
542,205,702
543,205,668
544,205,613
545,205,545
546,205,482
547,205,427
548,205,377
549,205,341
550,205,373
551,205,404
552,205,449
553,205,507
554,205,543
555,205,520
556,205,475
557,205,464
558,205,506
559,205,575
560,205,628
561,205,674
562,205,661
563,205,578
564,205,508
565,205,480
566,205,483
567,205,489
568,205,583
569,205,670
570,205,723
571,205,723
572,205,664
573,205,549
490,206,339
491,206,412
492,206,459
493,206,505
494,206,561
495,206,626
496,206,687
497,206,695
498,206,679
499,206,723
500,206,795
501,206,888
502,206,992
503,206,918
504,206,961
505,206,876
506,206,785
507,206,786
508,206,776
509,206,701
510,206,633
511,206,641
512,206,765
513,206,938
514,206,1051
515,206,974
516,206,869
517,206,892
518,206,960
519,206,926
520,206,773
521,206,613
522,206,497
523,206,427
524,206,386
525,206,368
526,206,362
527,206,378
528,206,409
529,206,436
530,206,466
531,206,517
532,206,595
533,206,696
534,206,820
535,206,967
536,206,1191
537,206,1398
538,206,1357
539,206,1047
540,206,823
541,206,833
542,206,871
543,206,766
544,206,626
545,206,522
546,206,457
547,206,417
548,206,381
549,206,335
550,206,363
551,206,386
552,206,412
553,206,441
554,206,456
555,206,447
556,206,431
557,206,456
558,206,527
559,206,625
560,206,643
561,206,581
562,206,532
563,206,483
564,206,447
565,206,438
566,206,457
567,206,505
568,206,592
569,206,684
570,206,757
571,206,787
572,206,752
573,206,677
490,207,353
491,207,410
492,207,458
493,207,509
494,207,579
495,207,674
496,207,762
497,207,775
498,207,768
499,207,841
500,207,880
501,207,903
502,207,899
503,207,832
504,207,830
505,207,802
506,207,807
507,207,777
508,207,691
509,207,616
510,207,592
511,207,645
512,207,798
513,207,1017
514,207,1208
515,207,1037
516,207,848
517,207,758
518,207,750
519,207,716
520,207,634
521,207,542
522,207,466
523,207,412
524,207,372
525,207,357
526,207,359
527,207,373
528,207,396
529,207,424
530,207,458
531,207,517
532,207,607
533,207,729
534,207,892
535,207,1068
536,207,1202
537,207,1383
538,207,1302
539,207,1065
540,207,895
541,207,1001
542,207,1076
543,207,870
544,207,667
545,207,535
546,207,463
547,207,424
548,207,392
549,207,358
550,207,357
551,207,375
552,207,398
553,207,416
554,207,420
555,207,408
556,207,399
557,207,430
558,207,504
559,207,598
560,207,605
561,207,522
562,207,453
563,207,413
564,207,395
565,207,395
566,207,418
567,207,482
568,207,570
569,207,668
570,207,763
571,207,833
572,207,817
573,207,745
490,208,357
491,208,414
492,208,465
493,208,511
494,208,577
495,208,669
496,208,747
497,208,734
498,208,758
499,208,821
500,208,796
501,208,786
502,208,750
503,208,708
504,208,708
505,208,757
506,208,835
507,208,812
508,208,686
509,208,593
510,208,561
511,208,616
512,208,740
513,208,900
514,208,1000
515,208,907
516,208,747
517,208,634
518,208,592
519,208,566
520,208,526
521,208,476
522,208,432
523,208,392
524,208,346
525,208,354
526,208,366
527,208,388
528,208,419
529,208,455
530,208,490
531,208,544
532,208,629
533,208,752
534,208,937
535,208,1173
536,208,1134
537,208,1248
538,208,1407
539,208,1107
540,208,848
541,208,859
542,208,947
543,208,875
544,208,678
545,208,539
546,208,467
547,208,431
548,208,400
549,208,366
550,208,356
551,208,368
552,208,397
553,208,424
554,208,422
555,208,395
556,208,375
557,208,386
558,208,433
559,208,484
560,208,488
561,208,443
562,208,397
563,208,367
564,208,352
565,208,348
566,208,353
567,208,440
568,208,528
569,208,622
570,208,717
571,208,793
572,208,791
573,208,745
490,209,349
491,209,421
492,209,487
493,209,533
494,209,560
495,209,606
496,209,644
497,209,644
498,209,665
499,209,691
500,209,669
501,209,648
502,209,618
503,209,601
504,209,619
505,209,674
506,209,733
507,209,719
508,209,635
509,209,565
510,209,537
511,209,570
512,209,646
513,209,733
514,209,776
515,209,721
516,209,619
517,209,531
518,209,482
519,209,464
520,209,448
521,209,426
522,209,400
523,209,373
524,209,358
525,209,365
526,209,389
527,209,433
528,209,491
529,209,543
530,209,575
531,209,605
532,209,675
533,209,773
534,209,886
535,209,976
536,209,974
537,209,1046
538,209,1119
539,209,952
540,209,763
541,209,782
542,209,805
543,209,738
544,209,611
545,209,512
546,209,459
547,209,430
548,209,401
549,209,372
550,209,359
551,209,365
552,209,397
553,209,447
554,209,442
555,209,387
556,209,351
557,209,340
558,209,362
559,209,387
560,209,390
561,209,371
562,209,348
563,209,330
564,209,314
565,209,294
566,209,314
567,209,396
568,209,477
569,209,554
570,209,625
571,209,672
572,209,665
573,209,619
490,210,340
491,210,432
492,210,523
493,210,586
494,210,576
495,210,557
496,210,559
497,210,559
498,210,570
499,210,578
500,210,562
501,210,541
502,210,522
503,210,515
504,210,535
505,210,572
506,210,603
507,210,595
508,210,556
509,210,522
510,210,509
511,210,533
512,210,583
513,210,640
514,210,663
515,210,614
516,210,533
517,210,463
518,210,417
519,210,396
520,210,386
521,210,377
522,210,362
523,210,334
524,210,350
525,210,371
526,210,419
527,210,502
528,210,614
529,210,696
530,210,713
531,210,717
532,210,762
533,210,844
534,210,892
535,210,889
536,210,849
537,210,862
538,210,874
539,210,754
540,210,682
541,210,713
542,210,768
543,210,643
544,210,536
545,210,471
546,210,440
547,210,421
548,210,394
549,210,372
550,210,360
551,210,361
552,210,385
553,210,429
554,210,421
555,210,361
556,210,325
557,210,310
558,210,313
559,210,323
560,210,325
561,210,318
562,210,308
563,210,294
564,210,269
565,210,268
566,210,288
567,210,336
568,210,422
569,210,483
570,210,530
571,210,553
572,210,536
573,210,469
490,211,309
491,211,439
492,211,551
493,211,649
494,211,591
495,211,533
496,211,503
497,211,494
498,211,494
499,211,496
500,211,483
501,211,464
502,211,449
503,211,443
504,211,456
505,211,477
506,211,492
507,211,491
508,211,484
509,211,479
510,211,487
511,211,521
512,211,582
513,211,664
514,211,712
515,211,633
516,211,524
517,211,441
518,211,383
519,211,348
520,211,315
521,211,313
522,211,316
523,211,330
524,211,341
525,211,370
526,211,441
527,211,576
528,211,782
529,211,923
530,211,893
531,211,852
532,211,877
533,211,1007
534,211,1082
535,211,971
536,211,842
537,211,806
538,211,828
539,211,772
540,211,654
541,211,614
542,211,608
543,211,544
544,211,480
545,211,442
546,211,422
547,211,401
548,211,357
549,211,363
550,211,355
551,211,348
552,211,351
553,211,362
554,211,352
555,211,320
556,211,295
557,211,285
558,211,281
559,211,286
560,211,287
561,211,282
562,211,276
563,211,257
564,211,252
565,211,263
566,211,280
567,211,308
568,211,373
569,211,416
570,211,450
571,211,464
572,211,451
573,211,410
490,212,379
491,212,461
492,212,531
493,212,576
494,212,544
495,212,489
496,212,456
497,212,439
498,212,418
499,212,429
500,212,414
501,212,395
502,212,380
503,212,372
504,212,384
505,212,395
506,212,403
507,212,410
508,212,431
509,212,453
510,212,469
511,212,508
512,212,581
513,212,706
514,212,824
515,212,674
516,212,529
517,212,434
518,212,357
519,212,308
520,212,276
521,212,288
522,212,309
523,212,315
524,212,318
525,212,347
526,212,427
527,212,596
528,212,955
529,212,1194
530,212,1060
531,212,993
532,212,917
533,212,1127
534,212,1293
535,212,1057
536,212,886
537,212,849
538,212,890
539,212,855
540,212,680
541,212,559
542,212,509
543,212,457
544,212,426
545,212,413
546,212,402
547,212,380
548,212,340
549,212,353
550,212,350
551,212,330
552,212,316
553,212,313
554,212,304
555,212,286
556,212,272
557,212,263
558,212,253
559,212,257
560,212,258
561,212,242
562,212,238
563,212,240
564,212,245
565,212,273
566,212,287
567,212,288
568,212,307
569,212,330
570,212,374
571,212,390
572,212,388
573,212,394
490,213,472
491,213,495
492,213,513
493,213,520
494,213,483
495,213,416
496,213,397
497,213,388
498,213,283
499,213,371
500,213,314
501,213,292
502,213,276
503,213,262
504,213,321
505,213,327
506,213,329
507,213,328
508,213,396
509,213,458
510,213,445
511,213,471
512,213,529
513,213,666
514,213,731
515,213,625
516,213,491
517,213,431
518,213,323
519,213,252
520,213,229
521,213,280
522,213,289
523,213,291
524,213,271
525,213,293
526,213,345
527,213,429
528,213,1127
529,213,1306
530,213,1153
531,213,1144
532,213,743
533,213,1124
534,213,1240
535,213,928
536,213,847
537,213,867
538,213,829
539,213,856
540,213,650
541,213,500
542,213,449
543,213,375
544,213,373
545,213,388
546,213,390
547,213,350
548,213,317
549,213,322
550,213,359
551,213,310
552,213,278
553,213,279
554,213,277
555,213,262
556,213,257
557,213,253
558,213,212
559,213,212
560,213,217
561,213,216
562,213,221
563,213,238
564,213,224
565,213,307
566,213,319
567,213,271
568,213,273
569,213,274
570,213,278
571,213,291
572,213,286
573,213,269
