xv,yv,rho
490,148,50
491,148,49
492,148,46
493,148,40
494,148,44
495,148,93
496,148,115
497,148,168
498,148,175
499,148,151
500,148,131
501,148,111
502,148,79
503,148,83
504,148,90
505,148,90
506,148,85
507,148,81
508,148,81
509,148,69
510,148,49
511,148,68
512,148,96
513,148,172
514,148,172
515,148,172
516,148,172
517,148,172
518,148,172
519,148,133
520,148,115
521,148,115
522,148,75
523,148,20
524,148,3
525,148,3
526,148,3
527,148,3
528,148,13
529,148,74
530,148,89
531,148,85
532,148,74
533,148,88
534,148,88
535,148,86
536,148,85
537,148,61
538,148,61
539,148,78
540,148,95
541,148,90
542,148,100
543,148,107
544,148,111
545,148,112
546,148,104
547,148,95
548,148,92
549,148,89
550,148,89
551,148,89
552,148,123
553,148,100
554,148,227
555,148,245
556,148,245
557,148,245
558,148,245
559,148,237
560,148,130
561,148,129
562,148,129
563,148,129
564,148,134
565,148,226
566,148,228
567,148,227
568,148,161
569,148,157
570,148,155
571,148,135
572,148,120
573,148,122
490,149,93
491,149,78
492,149,65
493,149,58
494,149,67
495,149,102
496,149,143
497,149,210
498,149,437
499,149,936
500,149,717
501,149,301
502,149,119
503,149,86
504,149,95
505,149,93
506,149,86
507,149,84
508,149,82
509,149,73
510,149,64
511,149,77
512,149,108
513,149,150
514,149,164
515,149,170
516,149,170
517,149,169
518,149,162
519,149,135
520,149,117
521,149,104
522,149,83
523,149,123
524,149,308
525,149,341
526,149,290
527,149,216
528,149,88
529,149,80
530,149,87
531,149,87
532,149,85
533,149,87
534,149,87
535,149,84
536,149,77
537,149,68
538,149,80
539,149,92
540,149,97
541,149,95
542,149,103
543,149,118
544,149,124
545,149,122
546,149,110
547,149,99
548,149,100
549,149,105
550,149,108
551,149,135
552,149,182
553,149,176
554,149,209
555,149,211
556,149,184
557,149,205
558,149,218
559,149,186
560,149,140
561,149,130
562,149,130
563,149,136
564,149,160
565,149,204
566,149,207
567,149,189
568,149,163
569,149,156
570,149,151
571,149,141
572,149,140
573,149,154
490,150,123
491,150,111
492,150,104
493,150,95
494,150,93
495,150,104
496,150,127
497,150,169
498,150,274
499,150,482
500,150,385
501,150,191
502,150,97
503,150,87
504,150,109
505,150,104
506,150,91
507,150,90
508,150,88
509,150,77
510,150,72
511,150,79
512,150,98
513,150,124
514,150,144
515,150,159
516,150,161
517,150,159
518,150,152
519,150,130
520,150,114
521,150,100
522,150,92
523,150,162
524,150,399
525,150,434
526,150,321
527,150,229
528,150,93
529,150,80
530,150,87
531,150,88
532,150,87
533,150,87
534,150,87
535,150,83
536,150,74
537,150,70
538,150,87
539,150,98
540,150,98
541,150,96
542,150,101
543,150,118
544,150,127
545,150,125
546,150,111
547,150,101
548,150,108
549,150,113
550,150,121
551,150,167
552,150,216
553,150,219
554,150,222
555,150,196
556,150,155
557,150,180
558,150,194
559,150,163
560,150,134
561,150,128
562,150,131
563,150,143
564,150,176
565,150,201
566,150,181
567,150,148
568,150,143
569,150,151
570,150,150
571,150,145
572,150,151
573,150,159
490,151,123
491,151,121
492,151,118
493,151,111
494,151,103
495,151,104
496,151,114
497,151,145
498,151,197
499,151,240
500,151,207
501,151,138
502,151,93
503,151,94
504,151,114
505,151,101
506,151,91
507,151,93
508,151,90
509,151,78
510,151,75
511,151,79
512,151,90
513,151,108
514,151,123
515,151,134
516,151,132
517,151,128
518,151,124
519,151,114
520,151,108
521,151,95
522,151,88
523,151,139
524,151,304
525,151,308
526,151,167
527,151,100
528,151,58
529,151,76
530,151,87
531,151,87
532,151,87
533,151,87
534,151,86
535,151,82
536,151,72
537,151,72
538,151,92
539,151,99
540,151,97
541,151,94
542,151,98
543,151,114
544,151,126
545,151,125
546,151,110
547,151,102
548,151,111
549,151,116
550,151,130
551,151,193
552,151,232
553,151,238
554,151,228
555,151,184
556,151,140
557,151,136
558,151,139
559,151,127
560,151,119
561,151,122
562,151,128
563,151,139
564,151,167
565,151,193
566,151,181
567,151,150
568,151,144
569,151,152
570,151,151
571,151,152
572,151,178
573,151,209
490,152,123
491,152,120
492,152,115
493,152,112
494,152,107
495,152,104
496,152,107
497,152,126
498,152,159
499,152,159
500,152,141
501,152,114
502,152,101
503,152,109
504,152,119
505,152,102
506,152,92
507,152,93
508,152,91
509,152,79
510,152,76
511,152,78
512,152,88
513,152,102
514,152,108
515,152,109
516,152,108
517,152,106
518,152,102
519,152,95
520,152,95
521,152,85
522,152,77
523,152,93
524,152,145
525,152,122
526,152,74
527,152,63
528,152,69
529,152,88
530,152,90
531,152,85
532,152,84
533,152,85
534,152,85
535,152,82
536,152,74
537,152,78
538,152,94
539,152,98
540,152,93
541,152,89
542,152,94
543,152,112
544,152,125
545,152,123
546,152,106
547,152,100
548,152,111
549,152,116
550,152,132
551,152,203
552,152,237
553,152,242
554,152,226
555,152,173
556,152,135
557,152,122
558,152,120
559,152,114
560,152,113
561,152,117
562,152,123
563,152,131
564,152,143
565,152,160
566,152,167
567,152,178
568,152,172
569,152,168
570,152,153
571,152,156
572,152,205
573,152,250
490,153,123
491,153,108
492,153,96
493,153,95
494,153,100
495,153,100
496,153,102
497,153,107
498,153,116
499,153,113
500,153,108
501,153,103
502,153,107
503,153,114
504,153,116
505,153,105
506,153,98
507,153,97
508,153,91
509,153,79
510,153,76
511,153,79
512,153,89
513,153,101
514,153,103
515,153,103
516,153,107
517,153,108
518,153,98
519,153,82
520,153,76
521,153,70
522,153,67
523,153,66
524,153,58
525,153,51
526,153,60
527,153,71
528,153,90
529,153,98
530,153,87
531,153,74
532,153,74
533,153,80
534,153,81
535,153,80
536,153,79
537,153,84
538,153,95
539,153,94
540,153,84
541,153,75
542,153,81
543,153,110
544,153,125
545,153,122
546,153,103
547,153,99
548,153,111
549,153,115
550,153,133
551,153,207
552,153,239
553,153,241
554,153,222
555,153,167
556,153,135
557,153,128
558,153,131
559,153,121
560,153,116
561,153,116
562,153,119
563,153,125
564,153,128
565,153,136
566,153,158
567,153,213
568,153,227
569,153,205
570,153,163
571,153,164
572,153,244
573,153,360
490,154,122
491,154,86
492,154,72
493,154,70
494,154,75
495,154,82
496,154,93
497,154,98
498,154,99
499,154,98
500,154,98
501,154,102
502,154,111
503,154,114
504,154,115
505,154,111
506,154,107
507,154,100
508,154,90
509,154,79
510,154,77
511,154,81
512,154,93
513,154,102
514,154,104
515,154,113
516,154,130
517,154,138
518,154,118
519,154,86
520,154,71
521,154,66
522,154,65
523,154,62
524,154,40
525,154,44
526,154,72
527,154,86
528,154,100
529,154,99
530,154,79
531,154,64
532,154,68
533,154,76
534,154,76
535,154,76
536,154,77
537,154,77
538,154,90
539,154,85
540,154,69
541,154,61
542,154,72
543,154,108
544,154,124
545,154,121
546,154,103
547,154,101
548,154,111
549,154,114
550,154,132
551,154,206
552,154,237
553,154,238
554,154,212
555,154,157
556,154,133
557,154,132
558,154,138
559,154,128
560,154,119
561,154,116
562,154,116
563,154,119
564,154,120
565,154,130
566,154,166
567,154,239
568,154,251
569,154,212
570,154,157
571,154,182
572,154,333
573,154,769
490,155,47
491,155,61
492,155,61
493,155,62
494,155,67
495,155,78
496,155,90
497,155,94
498,155,94
499,155,94
500,155,96
501,155,103
502,155,111
503,155,114
504,155,114
505,155,111
506,155,106
507,155,97
508,155,86
509,155,82
510,155,80
511,155,83
512,155,94
513,155,101
514,155,104
515,155,125
516,155,157
517,155,163
518,155,143
519,155,104
520,155,80
521,155,70
522,155,69
523,155,65
524,155,43
525,155,49
526,155,78
527,155,91
528,155,100
529,155,97
530,155,75
531,155,62
532,155,68
533,155,74
534,155,73
535,155,74
536,155,68
537,155,64
538,155,77
539,155,71
540,155,59
541,155,56
542,155,70
543,155,105
544,155,118
545,155,114
546,155,101
547,155,104
548,155,111
549,155,111
550,155,129
551,155,198
552,155,230
553,155,230
554,155,196
555,155,147
556,155,131
557,155,134
558,155,142
559,155,137
560,155,123
561,155,116
562,155,114
563,155,110
564,155,112
565,155,136
566,155,196
567,155,270
568,155,262
569,155,212
570,155,171
571,155,172
572,155,288
573,155,691
490,156,27
491,156,51
492,156,59
493,156,63
494,156,73
495,156,85
496,156,91
497,156,93
498,156,93
499,156,94
500,156,95
501,156,100
502,156,105
503,156,109
504,156,108
505,156,105
506,156,99
507,156,94
508,156,88
509,156,90
510,156,86
511,156,89
512,156,95
513,156,100
514,156,107
515,156,134
516,156,162
517,156,159
518,156,138
519,156,114
520,156,106
521,156,94
522,156,81
523,156,72
524,156,56
525,156,62
526,156,82
527,156,89
528,156,92
529,156,87
530,156,70
531,156,65
532,156,72
533,156,77
534,156,76
535,156,74
536,156,59
537,156,51
538,156,55
539,156,54
540,156,52
541,156,55
542,156,68
543,156,90
544,156,98
545,156,100
546,156,99
547,156,107
548,156,109
549,156,105
550,156,118
551,156,167
552,156,201
553,156,210
554,156,176
555,156,137
556,156,127
557,156,132
558,156,140
559,156,140
560,156,127
561,156,117
562,156,112
563,156,103
564,156,109
565,156,139
566,156,199
567,156,273
568,156,260
569,156,211
570,156,174
571,156,136
572,156,143
573,156,127
490,157,8
491,157,47
492,157,62
493,157,70
494,157,85
495,157,93
496,157,94
497,157,93
498,157,93
499,157,93
500,157,94
501,157,95
502,157,96
503,157,96
504,157,94
505,157,93
506,157,86
507,157,88
508,157,94
509,157,98
510,157,97
511,157,96
512,157,95
513,157,100
514,157,119
515,157,154
516,157,165
517,157,141
518,157,122
519,157,132
520,157,173
521,157,162
522,157,118
523,157,87
524,157,74
525,157,75
526,157,82
527,157,82
528,157,81
529,157,75
530,157,68
531,157,67
532,157,72
533,157,80
534,157,86
535,157,80
536,157,59
537,157,46
538,157,44
539,157,46
540,157,50
541,157,55
542,157,61
543,157,67
544,157,72
545,157,87
546,157,101
547,157,108
548,157,104
549,157,100
550,157,106
551,157,126
552,157,147
553,157,165
554,157,146
555,157,121
556,157,115
557,157,124
558,157,127
559,157,131
560,157,125
561,157,117
562,157,111
563,157,102
564,157,104
565,157,126
566,157,160
567,157,228
568,157,229
569,157,195
570,157,163
571,157,119
572,157,114
573,157,106
490,158,3
491,158,54
492,158,73
493,158,84
494,158,100
495,158,104
496,158,97
497,158,94
498,158,93
499,158,93
500,158,94
501,158,93
502,158,87
503,158,81
504,158,77
505,158,77
506,158,72
507,158,79
508,158,94
509,158,101
510,158,100
511,158,96
512,158,85
513,158,86
514,158,109
515,158,148
516,158,155
517,158,125
518,158,122
519,158,159
520,158,217
521,158,218
522,158,168
523,158,107
524,158,83
525,158,79
526,158,77
527,158,71
528,158,72
529,158,74
530,158,70
531,158,68
532,158,71
533,158,83
534,158,94
535,158,93
536,158,70
537,158,48
538,158,42
539,158,44
540,158,50
541,158,54
542,158,58
543,158,60
544,158,66
545,158,88
546,158,103
547,158,106
548,158,101
549,158,97
550,158,102
551,158,108
552,158,115
553,158,119
554,158,107
555,158,99
556,158,103
557,158,118
558,158,119
559,158,119
560,158,117
561,158,115
562,158,111
563,158,103
564,158,98
565,158,107
566,158,122
567,158,146
568,158,146
569,158,154
570,158,148
571,158,115
572,158,112
573,158,111
490,159,10
491,159,65
492,159,82
493,159,89
494,159,101
495,159,105
496,159,97
497,159,94
498,159,94
499,159,94
500,159,95
501,159,97
502,159,90
503,159,81
504,159,76
505,159,73
506,159,70
507,159,75
508,159,93
509,159,103
510,159,102
511,159,98
512,159,88
513,159,80
514,159,89
515,159,112
516,159,126
517,159,115
518,159,140
519,159,194
520,159,238
521,159,242
522,159,206
523,159,133
524,159,91
525,159,81
526,159,76
527,159,70
528,159,86
529,159,97
530,159,83
531,159,73
532,159,71
533,159,80
534,159,94
535,159,109
536,159,78
537,159,50
538,159,42
539,159,44
540,159,52
541,159,57
542,159,64
543,159,66
544,159,67
545,159,87
546,159,102
547,159,105
548,159,100
549,159,93
550,159,94
551,159,97
552,159,102
553,159,101
554,159,93
555,159,91
556,159,100
557,159,116
558,159,115
559,159,112
560,159,110
561,159,109
562,159,108
563,159,103
564,159,98
565,159,98
566,159,103
567,159,107
568,159,110
569,159,136
570,159,147
571,159,122
572,159,113
573,159,108
490,160,43
491,160,82
492,160,90
493,160,91
494,160,94
495,160,95
496,160,92
497,160,92
498,160,93
499,160,94
500,160,99
501,160,113
502,160,119
503,160,107
504,160,97
505,160,92
506,160,92
507,160,94
508,160,107
509,160,110
510,160,105
511,160,103
512,160,101
513,160,99
514,160,102
515,160,98
516,160,95
517,160,108
518,160,171
519,160,227
520,160,250
521,160,249
522,160,224
523,160,160
524,160,106
525,160,90
526,160,85
527,160,89
528,160,133
529,160,149
530,160,121
531,160,93
532,160,73
533,160,72
534,160,101
535,160,159
536,160,103
537,160,57
538,160,46
539,160,50
540,160,57
541,160,65
542,160,77
543,160,80
544,160,70
545,160,77
546,160,95
547,160,101
548,160,98
549,160,88
550,160,84
551,160,86
552,160,90
553,160,88
554,160,85
555,160,87
556,160,97
557,160,104
558,160,102
559,160,97
560,160,93
561,160,94
562,160,95
563,160,97
564,160,97
565,160,96
566,160,99
567,160,101
568,160,104
569,160,121
570,160,137
571,160,122
572,160,109
573,160,110
490,161,112
491,161,114
492,161,110
493,161,103
494,161,97
495,161,91
496,161,88
497,161,88
498,161,88
499,161,91
500,161,100
501,161,125
502,161,144
503,161,141
504,161,127
505,161,117
506,161,114
507,161,113
508,161,115
509,161,113
510,161,108
511,161,110
512,161,122
513,161,142
514,161,176
515,161,158
516,161,116
517,161,106
518,161,173
519,161,233
520,161,251
521,161,245
522,161,211
523,161,144
524,161,127
525,161,124
526,161,122
527,161,124
528,161,155
529,161,167
530,161,160
531,161,152
532,161,104
533,161,87
534,161,135
535,161,223
536,161,158
537,161,78
538,161,58
539,161,65
540,161,71
541,161,81
542,161,90
543,161,92
544,161,77
545,161,73
546,161,90
547,161,97
548,161,96
549,161,86
550,161,80
551,161,79
552,161,81
553,161,83
554,161,84
555,161,83
556,161,82
557,161,82
558,161,82
559,161,77
560,161,73
561,161,75
562,161,81
563,161,87
564,161,89
565,161,90
566,161,96
567,161,99
568,161,101
569,161,105
570,161,108
571,161,95
572,161,83
573,161,75
490,162,130
491,162,127
492,162,125
493,162,121
494,162,113
495,162,95
496,162,87
497,162,86
498,162,87
499,162,93
500,162,108
501,162,141
502,162,158
503,162,159
504,162,154
505,162,151
506,162,154
507,162,147
508,162,130
509,162,119
510,162,114
511,162,126
512,162,164
513,162,210
514,162,284
515,162,287
516,162,198
517,162,112
518,162,141
519,162,213
520,162,241
521,162,230
522,162,179
523,162,126
524,162,158
525,162,180
526,162,188
527,162,179
528,162,154
529,162,165
530,162,198
531,162,256
532,162,199
533,162,150
534,162,178
535,162,216
536,162,137
537,162,76
538,162,66
539,162,79
540,162,90
541,162,102
542,162,108
543,162,108
544,162,97
545,162,85
546,162,91
547,162,96
548,162,95
549,162,85
550,162,78
551,162,76
552,162,79
553,162,91
554,162,99
555,162,90
556,162,78
557,162,74
558,162,76
559,162,73
560,162,71
561,162,75
562,162,80
563,162,83
564,162,82
565,162,83
566,162,91
567,162,98
568,162,100
569,162,100
570,162,95
571,162,81
572,162,74
573,162,66
490,163,130
491,163,128
492,163,128
493,163,127
494,163,119
495,163,98
496,163,88
497,163,88
498,163,94
499,163,107
500,163,127
501,163,153
502,163,162
503,163,164
504,163,164
505,163,170
506,163,189
507,163,192
508,163,156
509,163,127
510,163,121
511,163,136
512,163,178
513,163,225
514,163,309
515,163,360
516,163,272
517,163,128
518,163,119
519,163,180
520,163,220
521,163,204
522,163,139
523,163,126
524,163,176
525,163,201
526,163,211
527,163,198
528,163,145
529,163,158
530,163,223
531,163,335
532,163,328
533,163,260
534,163,187
535,163,139
536,163,87
537,163,67
538,163,72
539,163,86
540,163,98
541,163,115
542,163,128
543,163,135
544,163,129
545,163,116
546,163,102
547,163,98
548,163,94
549,163,83
550,163,69
551,163,65
552,163,76
553,163,108
554,163,118
555,163,101
556,163,85
557,163,76
558,163,75
559,163,77
560,163,75
561,163,72
562,163,73
563,163,79
564,163,81
565,163,80
566,163,83
567,163,92
568,163,96
569,163,94
570,163,89
571,163,83
572,163,97
573,163,107
490,164,108
491,164,118
492,164,125
493,164,126
494,164,118
495,164,96
496,164,90
497,164,97
498,164,116
499,164,135
500,164,151
501,164,161
502,164,164
503,164,164
504,164,165
505,164,172
506,164,192
507,164,205
508,164,168
509,164,132
510,164,122
511,164,130
512,164,162
513,164,217
514,164,305
515,164,379
516,164,306
517,164,165
518,164,149
519,164,162
520,164,186
521,164,165
522,164,115
523,164,142
524,164,187
525,164,207
526,164,215
527,164,203
528,164,148
529,164,170
530,164,252
531,164,371
532,164,396
533,164,364
534,164,282
535,164,176
536,164,91
537,164,72
538,164,82
539,164,94
540,164,113
541,164,140
542,164,155
543,164,152
544,164,140
545,164,127
546,164,106
547,164,98
548,164,94
549,164,80
550,164,52
551,164,46
552,164,64
553,164,111
554,164,126
555,164,112
556,164,97
557,164,84
558,164,78
559,164,81
560,164,79
561,164,70
562,164,68
563,164,78
564,164,81
565,164,79
566,164,76
567,164,81
568,164,88
569,164,89
570,164,94
571,164,125
572,164,211
573,164,322
490,165,81
491,165,98
492,165,116
493,165,125
494,165,118
495,165,101
496,165,102
497,165,124
498,165,152
499,165,162
500,165,164
501,165,164
502,165,164
503,165,164
504,165,165
505,165,169
506,165,183
507,165,202
508,165,175
509,165,140
510,165,124
511,165,125
512,165,149
513,165,220
514,165,330
515,165,395
516,165,334
517,165,232
518,165,249
519,165,198
520,165,158
521,165,126
522,165,117
523,165,164
524,165,194
525,165,208
526,165,217
527,165,208
528,165,160
529,165,194
530,165,289
531,165,389
532,165,417
533,165,411
534,165,371
535,165,275
536,165,133
537,165,87
538,165,91
539,165,109
540,165,143
541,165,196
542,165,211
543,165,163
544,165,127
545,165,117
546,165,104
547,165,101
548,165,102
549,165,93
550,165,65
551,165,65
552,165,83
553,165,118
554,165,126
555,165,113
556,165,102
557,165,92
558,165,82
559,165,83
560,165,80
561,165,74
562,165,73
563,165,79
564,165,81
565,165,78
566,165,71
567,165,72
568,165,80
569,165,87
570,165,119
571,165,242
572,165,453
573,165,694
490,166,81
491,166,95
492,166,117
493,166,128
494,166,126
495,166,119
496,166,133
497,166,161
498,166,180
499,166,181
500,166,174
501,166,166
502,166,164
503,166,164
504,166,165
505,166,167
506,166,176
507,166,202
508,166,193
509,166,166
510,166,135
511,166,128
512,166,151
513,166,221
514,166,335
515,166,396
516,166,359
517,166,317
518,166,367
519,166,312
520,166,216
521,166,152
522,166,145
523,166,177
524,166,191
525,166,203
526,166,223
527,166,238
528,166,219
529,166,252
530,166,337
531,166,404
532,166,423
533,166,423
534,166,404
535,166,333
536,166,178
537,166,110
538,166,106
539,166,126
540,166,168
541,166,237
542,166,251
543,166,193
544,166,136
545,166,112
546,166,107
547,166,114
548,166,124
549,166,128
550,166,113
551,166,114
552,166,117
553,166,122
554,166,118
555,166,109
556,166,101
557,166,94
558,166,82
559,166,79
560,166,76
561,166,75
562,166,79
563,166,81
564,166,80
565,166,77
566,166,72
567,166,72
568,166,76
569,166,86
570,166,138
571,166,313
572,166,541
573,166,694
490,167,81
491,167,104
492,167,125
493,167,133
494,167,135
495,167,141
496,167,164
497,167,184
498,167,192
499,167,190
500,167,180
501,167,165
502,167,159
503,167,161
504,167,166
505,167,163
506,167,159
507,167,194
508,167,216
509,167,207
510,167,165
511,167,149
512,167,175
513,167,227
514,167,302
515,167,375
516,167,386
517,167,397
518,167,444
519,167,427
520,167,361
521,167,279
522,167,229
523,167,215
524,167,199
525,167,204
526,167,259
527,167,344
528,167,380
529,167,388
530,167,407
531,167,423
532,167,427
533,167,423
534,167,393
535,167,318
536,167,194
537,167,135
538,167,129
539,167,149
540,167,198
541,167,264
542,167,278
543,167,241
544,167,179
545,167,129
546,167,122
547,167,136
548,167,148
549,167,153
550,167,138
551,167,127
552,167,118
553,167,112
554,167,107
555,167,103
556,167,99
557,167,95
558,167,85
559,167,78
560,167,74
561,167,77
562,167,85
563,167,85
564,167,83
565,167,84
566,167,85
567,167,87
568,167,86
569,167,93
570,167,151
571,167,312
572,167,514
573,167,658
490,168,86
491,168,115
492,168,130
493,168,133
494,168,132
495,168,139
496,168,160
497,168,185
498,168,194
499,168,193
500,168,183
501,168,160
502,168,149
503,168,159
504,168,179
505,168,169
506,168,150
507,168,171
508,168,222
509,168,236
510,168,214
511,168,194
512,168,218
513,168,249
514,168,290
515,168,351
516,168,389
517,168,419
518,168,462
519,168,470
520,168,450
521,168,398
522,168,313
523,168,272
524,168,248
525,168,258
526,168,351
527,168,435
528,168,463
529,168,458
530,168,444
531,168,445
532,168,451
533,168,436
534,168,333
535,168,224
536,168,159
537,168,140
538,168,149
539,168,182
540,168,239
541,168,281
542,168,286
543,168,261
544,168,209
545,168,148
546,168,128
547,168,128
548,168,137
549,168,152
550,168,138
551,168,121
552,168,111
553,168,107
554,168,105
555,168,103
556,168,99
557,168,97
558,168,92
559,168,84
560,168,82
561,168,89
562,168,104
563,168,105
564,168,103
565,168,99
566,168,96
567,168,95
568,168,96
569,168,116
570,168,209
571,168,387
572,168,539
573,168,736
490,169,83
491,169,113
492,169,127
493,169,124
494,169,118
495,169,126
496,169,145
497,169,178
498,169,192
499,169,194
500,169,187
501,169,168
502,169,160
503,169,193
504,169,239
505,169,201
506,169,146
507,169,140
508,169,194
509,169,231
510,169,242
511,169,243
512,169,278
513,169,316
514,169,338
515,169,361
516,169,375
517,169,396
518,169,442
519,169,465
520,169,460
521,169,414
522,169,312
523,169,272
524,169,271
525,169,302
526,169,400
527,169,468
528,169,484
529,169,476
530,169,482
531,169,574
532,169,650
533,169,608
534,169,295
535,169,157
536,169,146
537,169,165
538,169,210
539,169,256
540,169,282
541,169,289
542,169,279
543,169,252
544,169,217
545,169,163
546,169,139
547,169,122
548,169,122
549,169,149
550,169,148
551,169,126
552,169,115
553,169,111
554,169,109
555,169,107
556,169,102
557,169,101
558,169,98
559,169,95
560,169,96
561,169,107
562,169,136
563,169,159
564,169,170
565,169,135
566,169,105
567,169,95
568,169,95
569,169,108
570,169,171
571,169,312
572,169,428
573,169,503
490,170,81
491,170,99
492,170,112
493,170,109
494,170,106
495,170,120
496,170,139
497,170,172
498,170,190
499,170,194
500,170,191
501,170,182
502,170,195
503,170,261
504,170,315
505,170,262
506,170,162
507,170,128
508,170,153
509,170,196
510,170,225
511,170,233
512,170,288
513,170,346
514,170,360
515,170,344
516,170,308
517,170,296
518,170,346
519,170,393
520,170,412
521,170,382
522,170,291
523,170,259
524,170,262
525,170,297
526,170,407
527,170,487
528,170,508
529,170,530
530,170,706
531,170,1293
532,170,1630
533,170,1355
534,170,534
535,170,248
536,170,224
537,170,272
538,170,363
539,170,374
540,170,322
541,170,282
542,170,252
543,170,237
544,170,224
545,170,197
546,170,174
547,170,140
548,170,127
549,170,166
550,170,185
551,170,154
552,170,135
553,170,124
554,170,116
555,170,111
556,170,106
557,170,102
558,170,99
559,170,99
560,170,103
561,170,117
562,170,160
563,170,221
564,170,303
565,170,208
566,170,118
567,170,92
568,170,90
569,170,95
570,170,119
571,170,179
572,170,233
573,170,223
490,171,81
491,171,87
492,171,99
493,171,118
494,171,126
495,171,131
496,171,139
497,171,162
498,171,182
499,171,190
500,171,189
501,171,189
502,171,222
503,171,301
504,171,310
505,171,264
506,171,168
507,171,138
508,171,153
509,171,180
510,171,192
511,171,204
512,171,271
513,171,349
514,171,382
515,171,354
516,171,251
517,171,181
518,171,182
519,171,218
520,171,282
521,171,341
522,171,310
523,171,295
524,171,309
525,171,355
526,171,509
527,171,591
528,171,626
529,171,764
530,171,1415
531,171,3235
532,171,3819
533,171,2499
534,171,1050
535,171,543
536,171,443
537,171,459
538,171,504
539,171,472
540,171,350
541,171,244
542,171,188
543,171,206
544,171,213
545,171,201
546,171,184
547,171,155
548,171,138
549,171,176
550,171,223
551,171,204
552,171,183
553,171,165
554,171,142
555,171,125
556,171,111
557,171,102
558,171,99
559,171,104
560,171,111
561,171,129
562,171,201
563,171,384
564,171,699
565,171,465
566,171,181
567,171,95
568,171,86
569,171,89
570,171,95
571,171,111
572,171,130
573,171,137
490,172,81
491,172,88
492,172,119
493,172,204
494,172,240
495,172,199
496,172,166
497,172,152
498,172,164
499,172,175
500,172,173
501,172,182
502,172,243
503,172,305
504,172,233
505,172,193
506,172,155
507,172,154
508,172,171
509,172,183
510,172,186
511,172,203
512,172,279
513,172,394
514,172,497
515,172,491
516,172,322
517,172,264
518,172,262
519,172,205
520,172,228
521,172,351
522,172,416
523,172,453
524,172,504
525,172,558
526,172,732
527,172,784
528,172,874
529,172,1221
530,172,2099
531,172,4079
532,172,4049
533,172,2507
534,172,1360
535,172,766
536,172,587
537,172,558
538,172,551
539,172,484
540,172,328
541,172,193
542,172,166
543,172,195
544,172,201
545,172,199
546,172,193
547,172,179
548,172,165
549,172,188
550,172,252
551,172,278
552,172,267
553,172,245
554,172,211
555,172,174
556,172,132
557,172,109
558,172,109
559,172,122
560,172,133
561,172,156
562,172,260
563,172,605
564,172,1165
565,172,831
566,172,295
567,172,110
568,172,81
569,172,86
570,172,89
571,172,91
572,172,91
573,172,76
490,173,81
491,173,96
492,173,159
493,173,335
494,173,457
495,173,387
496,173,285
497,173,187
498,173,154
499,173,153
500,173,156
501,173,182
502,173,256
503,173,278
504,173,190
505,173,155
506,173,146
507,173,158
508,173,176
509,173,187
510,173,203
511,173,266
512,173,415
513,173,551
514,173,620
515,173,620
516,173,562
517,173,589
518,173,617
519,173,420
520,173,379
521,173,457
522,173,543
523,173,656
524,173,779
525,173,827
526,173,870
527,173,891
528,173,1210
529,173,2081
530,173,3162
531,173,4254
532,173,3265
533,173,2188
534,173,1541
535,173,997
536,173,712
537,173,608
538,173,544
539,173,425
540,173,282
541,173,190
542,173,191
543,173,207
544,173,210
545,173,213
546,173,213
547,173,210
548,173,207
549,173,217
550,173,256
551,173,305
552,173,325
553,173,326
554,173,305
555,173,248
556,173,165
557,173,120
558,173,129
559,173,153
560,173,166
561,173,192
562,173,330
563,173,793
564,173,1346
565,173,1044
566,173,404
567,173,134
568,173,82
569,173,85
570,173,88
571,173,87
572,173,79
573,173,55
490,174,81
491,174,112
492,174,179
493,174,357
494,174,532
495,174,565
496,174,490
497,174,318
498,174,207
499,174,158
500,174,155
501,174,180
502,174,213
503,174,196
504,174,155
505,174,143
506,174,144
507,174,154
508,174,170
509,174,189
510,174,227
511,174,335
512,174,481
513,174,572
514,174,608
515,174,640
516,174,757
517,174,1028
518,174,1087
519,174,640
520,174,493
521,174,515
522,174,565
523,174,675
524,174,857
525,174,928
526,174,915
527,174,967
528,174,1539
529,174,2844
530,174,4585
531,174,5171
532,174,3780
533,174,2402
534,174,1873
535,174,1522
536,174,1087
537,174,782
538,174,578
539,174,405
540,174,286
541,174,221
542,174,220
543,174,223
544,174,217
545,174,217
546,174,216
547,174,217
548,174,219
549,174,226
550,174,248
551,174,281
552,174,315
553,174,339
554,174,321
555,174,229
556,174,139
557,174,111
558,174,132
559,174,162
560,174,175
561,174,191
562,174,280
563,174,619
564,174,1020
565,174,864
566,174,411
567,174,146
568,174,81
569,174,81
570,174,85
571,174,81
572,174,71
573,174,52
490,175,142
491,175,144
492,175,192
493,175,342
494,175,511
495,175,605
496,175,631
497,175,541
498,175,355
499,175,207
500,175,174
501,175,191
502,175,190
503,175,160
504,175,145
505,175,147
506,175,151
507,175,156
508,175,166
509,175,190
510,175,238
511,175,327
512,175,413
513,175,474
514,175,522
515,175,631
516,175,893
517,175,1303
518,175,1260
519,175,738
520,175,586
521,175,539
522,175,559
523,175,706
524,175,946
525,175,1081
526,175,1141
527,175,1167
528,175,1757
529,175,3135
530,175,5193
531,175,5641
532,175,4369
533,175,2665
534,175,2110
535,175,2033
536,175,1847
537,175,1395
538,175,890
539,175,627
540,175,451
541,175,304
542,175,302
543,175,295
544,175,240
545,175,216
546,175,207
547,175,208
548,175,215
549,175,227
550,175,249
551,175,266
552,175,289
553,175,323
554,175,313
555,175,210
556,175,124
557,175,104
558,175,125
559,175,156
560,175,174
561,175,174
562,175,160
563,175,229
564,175,339
565,175,299
566,175,165
567,175,75
568,175,57
569,175,66
570,175,75
571,175,69
572,175,60
573,175,52
490,176,149
491,176,150
492,176,180
493,176,300
494,176,472
495,176,629
496,176,721
497,176,650
498,176,434
499,176,240
500,176,184
501,176,194
502,176,182
503,176,152
504,176,147
505,176,154
506,176,158
507,176,160
508,176,168
509,176,195
510,176,250
511,176,313
512,176,347
513,176,372
514,176,422
515,176,565
516,176,829
517,176,1230
518,176,1182
519,176,853
520,176,813
521,176,635
522,176,599
523,176,842
524,176,1163
525,176,1584
526,176,2313
527,176,2193
528,176,2333
529,176,3474
530,176,5499
531,176,6089
532,176,5084
533,176,3213
534,176,2498
535,176,2534
536,176,2732
537,176,2682
538,176,1975
539,176,1578
540,176,1118
541,176,622
542,176,621
543,176,587
544,176,338
545,176,229
546,176,198
547,176,190
548,176,191
549,176,199
550,176,222
551,176,239
552,176,261
553,176,298
554,176,302
555,176,211
556,176,122
557,176,98
558,176,106
559,176,135
560,176,180
561,176,189
562,176,138
563,176,101
564,176,100
565,176,95
566,176,70
567,176,47
568,176,43
569,176,49
570,176,59
571,176,57
572,176,54
573,176,52
490,177,149
491,177,138
492,177,129
493,177,186
494,177,405
495,177,742
496,177,848
497,177,641
498,177,358
499,177,213
500,177,174
501,177,181
502,177,161
503,177,142
504,177,145
505,177,169
506,177,176
507,177,175
508,177,173
509,177,191
510,177,231
511,177,284
512,177,303
513,177,319
514,177,386
515,177,561
516,177,855
517,177,1118
518,177,1020
519,177,975
520,177,1027
521,177,841
522,177,766
523,177,1040
524,177,1513
525,177,2715
526,177,5126
527,177,5612
528,177,5517
529,177,5740
530,177,6997
531,177,8979
532,177,9091
533,177,6311
534,177,4240
535,177,3327
536,177,3549
537,177,4094
538,177,3425
539,177,2959
540,177,2222
541,177,1218
542,177,1267
543,177,1191
544,177,547
545,177,288
546,177,222
547,177,180
548,177,154
549,177,149
550,177,157
551,177,170
552,177,199
553,177,246
554,177,256
555,177,180
556,177,113
557,177,94
558,177,97
559,177,126
560,177,201
561,177,217
562,177,152
563,177,87
564,177,61
565,177,59
566,177,54
567,177,43
568,177,39
569,177,41
570,177,49
571,177,52
572,177,52
573,177,52
490,178,149
491,178,123
492,178,99
493,178,136
494,178,344
495,178,720
496,178,708
497,178,448
498,178,267
499,178,194
500,178,167
501,178,164
502,178,143
503,178,130
504,178,151
505,178,214
506,178,236
507,178,226
508,178,192
509,178,194
510,178,204
511,178,218
512,178,230
513,178,248
514,178,325
515,178,543
516,178,891
517,178,914
518,178,818
519,178,854
520,178,947
521,178,1031
522,178,1107
523,178,1355
524,178,1919
525,178,3204
526,178,5757
527,178,8929
528,178,11172
529,178,10789
530,178,10366
531,178,14791
532,178,17320
533,178,14268
534,178,9450
535,178,5409
536,178,4345
537,178,4417
538,178,3776
539,178,3270
540,178,2371
541,178,1517
542,178,1890
543,178,1800
544,178,807
545,178,357
546,178,245
547,178,181
548,178,142
549,178,131
550,178,127
551,178,117
552,178,120
553,178,152
554,178,155
555,178,122
556,178,98
557,178,92
558,178,94
559,178,119
560,178,192
561,178,213
562,178,149
563,178,90
564,178,62
565,178,56
566,178,52
567,178,43
568,178,40
569,178,40
570,178,45
571,178,50
572,178,51
573,178,52
490,179,143
491,179,114
492,179,95
493,179,116
494,179,213
495,179,397
496,179,374
497,179,277
498,179,227
499,179,191
500,179,170
501,179,160
502,179,137
503,179,128
504,179,162
505,179,268
506,179,319
507,179,315
508,179,240
509,179,232
510,179,216
511,179,184
512,179,221
513,179,240
514,179,220
515,179,396
516,179,663
517,179,713
518,179,672
519,179,618
520,179,654
521,179,929
522,179,1258
523,179,1655
524,179,2531
525,179,3893
526,179,6606
527,179,10803
528,179,15206
529,179,17137
530,179,16454
531,179,23981
532,179,26236
533,179,21741
534,179,15761
535,179,8694
536,179,5496
537,179,4289
538,179,3588
539,179,2960
540,179,1977
541,179,1532
542,179,1977
543,179,1978
544,179,1135
545,179,491
546,179,273
547,179,183
548,179,140
549,179,128
550,179,118
551,179,92
552,179,75
553,179,83
554,179,96
555,179,98
556,179,97
557,179,94
558,179,92
559,179,97
560,179,133
561,179,168
562,179,131
563,179,101
564,179,79
565,179,62
566,179,52
567,179,45
568,179,42
569,179,42
570,179,45
571,179,49
572,179,51
573,179,52
490,180,133
491,180,114
492,180,110
493,180,124
494,180,155
495,180,217
496,180,217
497,180,195
498,180,197
499,180,178
500,180,166
501,180,153
502,180,131
503,180,131
504,180,191
505,180,346
506,180,410
507,180,397
508,180,303
509,180,280
510,180,260
511,180,206
512,180,168
513,180,207
514,180,213
515,180,387
516,180,594
517,180,652
518,180,614
519,180,492
520,180,510
521,180,818
522,180,1317
523,180,1926
524,180,2990
525,180,4516
526,180,8126
527,180,14317
528,180,20998
529,180,28864
530,180,25813
531,180,32837
532,180,35669
533,180,33063
534,180,27046
535,180,15054
536,180,8229
537,180,4929
538,180,3309
539,180,2209
540,180,1297
541,180,1008
542,180,1173
543,180,1423
544,180,1451
545,180,758
546,180,343
547,180,194
548,180,142
549,180,127
550,180,117
551,180,93
552,180,73
553,180,62
554,180,69
555,180,87
556,180,97
557,180,98
558,180,94
559,180,88
560,180,98
561,180,119
562,180,118
563,180,112
564,180,100
565,180,76
566,180,56
567,180,47
568,180,45
569,180,45
570,180,46
571,180,48
572,180,48
573,180,47
490,181,137
491,181,115
492,181,115
493,181,126
494,181,141
495,181,168
496,181,175
497,181,158
498,181,155
499,181,151
500,181,156
501,181,147
502,181,127
503,181,138
504,181,219
505,181,379
506,181,443
507,181,430
508,181,343
509,181,300
510,181,276
511,181,234
512,181,159
513,181,144
514,181,213
515,181,385
516,181,553
517,181,608
518,181,570
519,181,440
520,181,479
521,181,818
522,181,1404
523,181,2314
524,181,3538
525,181,5018
526,181,9893
527,181,17564
528,181,22002
529,181,24926
530,181,24764
531,181,41387
532,181,48253
533,181,44506
534,181,30878
535,181,14627
536,181,8105
537,181,4767
538,181,2604
539,181,1451
540,181,905
541,181,698
542,181,600
543,181,807
544,181,1229
545,181,926
546,181,422
547,181,218
548,181,149
549,181,128
550,181,118
551,181,100
552,181,83
553,181,69
554,181,69
555,181,84
556,181,98
557,181,100
558,181,101
559,181,97
560,181,99
561,181,104
562,181,113
563,181,115
564,181,110
565,181,91
566,181,68
567,181,55
568,181,48
569,181,47
570,181,46
571,181,45
572,181,44
573,181,43
490,182,146
491,182,112
492,182,113
493,182,123
494,182,136
495,182,158
496,182,165
497,182,147
498,182,142
499,182,152
500,182,153
501,182,144
502,182,126
503,182,144
504,182,239
505,182,389
506,182,449
507,182,436
508,182,352
509,182,285
510,182,242
511,182,203
512,182,145
513,182,117
514,182,167
515,182,283
516,182,393
517,182,454
518,182,432
519,182,328
520,182,380
521,182,652
522,182,1205
523,182,2349
524,182,4253
525,182,6424
526,182,13650
527,182,19180
528,182,18941
529,182,16972
530,182,19066
531,182,32864
532,182,40831
533,182,35986
534,182,24758
535,182,13102
536,182,6400
537,182,3232
538,182,1643
539,182,983
540,182,741
541,182,557
542,182,365
543,182,379
544,182,534
545,182,471
546,182,293
547,182,213
548,182,158
549,182,131
550,182,122
551,182,112
552,182,98
553,182,85
554,182,82
555,182,90
556,182,102
557,182,102
558,182,105
559,182,107
560,182,108
561,182,109
562,182,114
563,182,115
564,182,111
565,182,93
566,182,78
567,182,67
568,182,53
569,182,47
570,182,43
571,182,41
572,182,42
573,182,44
490,183,168
491,183,119
492,183,115
493,183,119
494,183,133
495,183,153
496,183,164
497,183,145
498,183,141
499,183,153
500,183,153
501,183,142
502,183,126
503,183,148
504,183,245
505,183,379
506,183,444
507,183,433
508,183,345
509,183,228
510,183,152
511,183,122
512,183,104
513,183,96
514,183,112
515,183,143
516,183,166
517,183,204
518,183,220
519,183,184
520,183,216
521,183,304
522,183,485
523,183,978
524,183,2299
525,183,5242
526,183,11859
527,183,14992
528,183,14386
529,183,12533
530,183,12269
531,183,16195
532,183,21485
533,183,22687
534,183,18183
535,183,12404
536,183,6287
537,183,2657
538,183,1203
539,183,810
540,183,677
541,183,467
542,183,285
543,183,248
544,183,277
545,183,271
546,183,237
547,183,208
548,183,159
549,183,132
550,183,125
551,183,120
552,183,112
553,183,98
554,183,89
555,183,93
556,183,103
557,183,96
558,183,99
559,183,105
560,183,108
561,183,108
562,183,108
563,183,110
564,183,108
565,183,91
566,183,81
567,183,72
568,183,55
569,183,45
570,183,41
571,183,44
572,183,48
573,183,44
490,184,175
491,184,128
492,184,118
493,184,116
494,184,127
495,184,148
496,184,163
497,184,144
498,184,137
499,184,141
500,184,144
501,184,138
502,184,124
503,184,136
504,184,200
505,184,316
506,184,404
507,184,383
508,184,278
509,184,157
510,184,102
511,184,91
512,184,92
513,184,95
514,184,99
515,184,107
516,184,112
517,184,135
518,184,153
519,184,151
520,184,163
521,184,182
522,184,223
523,184,389
524,184,960
525,184,2255
526,184,4837
527,184,7445
528,184,10279
529,184,9408
530,184,6804
531,184,6454
532,184,7707
533,184,8489
534,184,7404
535,184,5783
536,184,3624
537,184,1918
538,184,992
539,184,740
540,184,629
541,184,387
542,184,221
543,184,198
544,184,223
545,184,231
546,184,224
547,184,201
548,184,152
549,184,130
550,184,125
551,184,123
552,184,119
553,184,109
554,184,98
555,184,100
556,184,104
557,184,88
558,184,85
559,184,91
560,184,96
561,184,94
562,184,86
563,184,93
564,184,99
565,184,91
566,184,81
567,184,72
568,184,57
569,184,45
570,184,44
571,184,52
572,184,57
573,184,55
490,185,163
491,185,128
492,185,114
493,185,113
494,185,120
495,185,138
496,185,147
497,185,132
498,185,121
499,185,115
500,185,119
501,185,133
502,185,124
503,185,129
504,185,171
505,185,275
506,185,321
507,185,261
508,185,175
509,185,109
510,185,86
511,185,87
512,185,103
513,185,112
514,185,110
515,185,120
516,185,130
517,185,140
518,185,146
519,185,145
520,185,150
521,185,159
522,185,180
523,185,285
524,185,645
525,185,1288
526,185,2632
527,185,5582
528,185,8705
529,185,6973
530,185,4551
531,185,3741
532,185,3643
533,185,3685
534,185,3535
535,185,3148
536,185,2476
537,185,1545
538,185,840
539,185,640
540,185,549
541,185,343
542,185,188
543,185,180
544,185,214
545,185,225
546,185,219
547,185,190
548,185,145
549,185,130
550,185,127
551,185,125
552,185,123
553,185,119
554,185,114
555,185,113
556,185,104
557,185,81
558,185,74
559,185,75
560,185,77
561,185,75
562,185,69
563,185,72
564,185,78
565,185,79
566,185,73
567,185,65
568,185,54
569,185,47
570,185,50
571,185,56
572,185,58
573,185,55
490,186,154
491,186,138
492,186,112
493,186,116
494,186,121
495,186,124
496,186,108
497,186,101
498,186,98
499,186,97
500,186,106
501,186,128
502,186,123
503,186,125
504,186,148
505,186,206
506,186,192
507,186,144
508,186,107
509,186,87
510,186,83
511,186,92
512,186,118
513,186,131
514,186,132
515,186,139
516,186,143
517,186,145
518,186,144
519,186,136
520,186,135
521,186,148
522,186,159
523,186,201
524,186,408
525,186,1035
526,186,2704
527,186,6146
528,186,7643
529,186,5034
530,186,3448
531,186,2819
532,186,2563
533,186,2549
534,186,2573
535,186,2149
536,186,1583
537,186,939
538,186,582
539,186,476
540,186,384
541,186,274
542,186,193
543,186,203
544,186,222
545,186,226
546,186,216
547,186,182
548,186,145
549,186,141
550,186,139
551,186,132
552,186,126
553,186,123
554,186,121
555,186,117
556,186,103
557,186,78
558,186,69
559,186,66
560,186,65
561,186,64
562,186,61
563,186,63
564,186,62
565,186,58
566,186,58
567,186,58
568,186,54
569,186,51
570,186,54
571,186,55
572,186,58
573,186,68
490,187,219
491,187,177
492,187,137
493,187,128
494,187,129
495,187,121
496,187,87
497,187,84
498,187,98
499,187,98
500,187,106
501,187,121
502,187,121
503,187,120
504,187,125
505,187,139
506,187,127
507,187,104
508,187,87
509,187,81
510,187,83
511,187,97
512,187,121
513,187,135
514,187,141
515,187,145
516,187,147
517,187,147
518,187,142
519,187,128
520,187,122
521,187,137
522,187,146
523,187,161
524,187,262
525,187,719
526,187,2126
527,187,4399
528,187,4594
529,187,2985
530,187,2198
531,187,1654
532,187,1714
533,187,1958
534,187,1861
535,187,1171
536,187,755
537,187,529
538,187,449
539,187,412
540,187,329
541,187,268
542,187,227
543,187,224
544,187,227
545,187,227
546,187,217
547,187,187
548,187,160
549,187,174
550,187,174
551,187,157
552,187,139
553,187,128
554,187,123
555,187,120
556,187,107
557,187,79
558,187,67
559,187,63
560,187,61
561,187,60
562,187,56
563,187,65
564,187,55
565,187,46
566,187,50
567,187,55
568,187,50
569,187,47
570,187,51
571,187,51
572,187,57
573,187,69
490,188,219
491,188,205
492,188,178
493,188,154
494,188,144
495,188,132
496,188,99
497,188,89
498,188,112
499,188,111
500,188,112
501,188,117
502,188,119
503,188,119
504,188,118
505,188,118
506,188,111
507,188,95
508,188,83
509,188,81
510,188,86
511,188,104
512,188,122
513,188,131
514,188,139
515,188,145
516,188,149
517,188,151
518,188,144
519,188,123
520,188,118
521,188,133
522,188,142
523,188,155
524,188,205
525,188,376
526,188,863
527,188,1601
528,188,1686
529,188,1259
530,188,1005
531,188,806
532,188,850
533,188,970
534,188,899
535,188,565
536,188,415
537,188,378
538,188,382
539,188,372
540,188,309
541,188,266
542,188,237
543,188,229
544,188,228
545,188,227
546,188,220
547,188,197
548,188,176
549,188,196
550,188,201
551,188,189
552,188,169
553,188,142
554,188,127
555,188,122
556,188,111
557,188,83
558,188,68
559,188,62
560,188,59
561,188,59
562,188,55
563,188,73
564,188,58
565,188,43
566,188,47
567,188,57
568,188,53
569,188,48
570,188,48
571,188,47
572,188,56
573,188,69
490,189,222
491,189,213
492,189,187
493,189,159
494,189,149
495,189,141
496,189,120
497,189,104
498,189,114
499,189,115
500,189,115
501,189,117
502,189,123
503,189,124
504,189,118
505,189,114
506,189,108
507,189,92
508,189,83
509,189,82
510,189,91
511,189,112
512,189,124
513,189,130
514,189,137
515,189,147
516,189,158
517,189,171
518,189,160
519,189,130
520,189,123
521,189,136
522,189,146
523,189,171
524,189,243
525,189,318
526,189,456
527,189,755
528,189,1114
529,189,948
530,189,686
531,189,572
532,189,562
533,189,581
534,189,538
535,189,400
536,189,339
537,189,330
538,189,336
539,189,336
540,189,312
541,189,286
542,189,249
543,189,232
544,189,228
545,189,226
546,189,219
547,189,197
548,189,179
549,189,200
550,189,209
551,189,206
552,189,193
553,189,161
554,189,135
555,189,125
556,189,115
557,189,91
558,189,71
559,189,61
560,189,58
561,189,59
562,189,57
563,189,80
564,189,62
565,189,45
566,189,51
567,189,71
568,189,73
569,189,68
570,189,59
571,189,51
572,189,61
573,189,71
490,190,308
491,190,223
492,190,179
493,190,155
494,190,148
495,190,140
496,190,120
497,190,115
498,190,119
499,190,119
500,190,118
501,190,122
502,190,135
503,190,139
504,190,122
505,190,116
506,190,112
507,190,98
508,190,88
509,190,89
510,190,102
511,190,121
512,190,128
513,190,133
514,190,143
515,190,156
516,190,186
517,190,211
518,190,190
519,190,153
520,190,138
521,190,141
522,190,147
523,190,176
524,190,259
525,190,323
526,190,422
527,190,801
528,190,1532
529,190,993
530,190,612
531,190,514
532,190,500
533,190,498
534,190,472
535,190,392
536,190,325
537,190,311
538,190,319
539,190,337
540,190,350
541,190,334
542,190,278
543,190,233
544,190,221
545,190,219
546,190,207
547,190,175
548,190,162
549,190,186
550,190,201
551,190,204
552,190,201
553,190,178
554,190,151
555,190,136
556,190,130
557,190,115
558,190,90
559,190,65
560,190,59
561,190,59
562,190,66
563,190,86
564,190,67
565,190,52
566,190,65
567,190,99
568,190,104
569,190,96
570,190,76
571,190,58
572,190,68
573,190,78
490,191,341
491,191,209
492,191,149
493,191,140
494,191,142
495,191,130
496,191,94
497,191,105
498,191,122
499,191,123
500,191,121
501,191,128
502,191,148
503,191,148
504,191,127
505,191,125
506,191,128
507,191,120
508,191,110
509,191,110
510,191,125
511,191,135
512,191,136
513,191,139
514,191,149
515,191,171
516,191,216
517,191,220
518,191,187
519,191,153
520,191,142
521,191,142
522,191,145
523,191,163
524,191,221
525,191,290
526,191,331
527,191,449
528,191,731
529,191,584
530,191,479
531,191,457
532,191,454
533,191,452
534,191,439
535,191,379
536,191,286
537,191,265
538,191,289
539,191,328
540,191,358
541,191,342
542,191,281
543,191,215
544,191,196
545,191,195
546,191,178
547,191,146
548,191,133
549,191,144
550,191,165
551,191,177
552,191,193
553,191,198
554,191,186
555,191,169
556,191,168
557,191,167
558,191,138
559,191,85
560,191,67
561,191,67
562,191,79
563,191,94
564,191,80
565,191,66
566,191,86
567,191,131
568,191,150
569,191,145
570,191,108
571,191,73
572,191,72
573,191,78
490,192,313
491,192,175
492,192,126
493,192,124
494,192,135
495,192,123
496,192,81
497,192,88
498,192,119
499,192,125
500,192,123
501,192,134
502,192,155
503,192,154
504,192,138
505,192,144
506,192,154
507,192,155
508,192,153
509,192,155
510,192,161
511,192,163
512,192,157
513,192,153
514,192,159
515,192,184
516,192,224
517,192,203
518,192,163
519,192,138
520,192,138
521,192,142
522,192,148
523,192,154
524,192,181
525,192,235
526,192,244
527,192,243
528,192,321
529,192,371
530,192,389
531,192,393
532,192,394
533,192,392
534,192,382
535,192,331
536,192,223
537,192,178
538,192,213
539,192,286
540,192,325
541,192,285
542,192,218
543,192,170
544,192,157
545,192,156
546,192,147
547,192,128
548,192,111
549,192,99
550,192,105
551,192,118
552,192,155
553,192,194
554,192,205
555,192,203
556,192,205
557,192,200
558,192,163
559,192,103
560,192,83
561,192,84
562,192,89
563,192,93
564,192,85
565,192,84
566,192,112
567,192,150
568,192,173
569,192,164
570,192,117
571,192,81
572,192,72
573,192,69
490,193,291
491,193,157
492,193,118
493,193,117
494,193,127
495,193,118
496,193,92
497,193,100
498,193,123
499,193,127
500,193,126
501,193,140
502,193,159
503,193,162
504,193,157
505,193,161
506,193,166
507,193,167
508,193,168
509,193,172
510,193,175
511,193,175
512,193,174
513,193,173
514,193,175
515,193,192
516,193,209
517,193,178
518,193,140
519,193,126
520,193,134
521,193,149
522,193,172
523,193,172
524,193,177
525,193,201
526,193,194
527,193,174
528,193,205
529,193,297
530,193,355
531,193,370
532,193,373
533,193,372
534,193,366
535,193,331
536,193,231
537,193,150
538,193,152
539,193,212
540,193,249
541,193,201
542,193,162
543,193,146
544,193,143
545,193,142
546,193,137
547,193,122
548,193,103
549,193,86
550,193,83
551,193,89
552,193,118
553,193,175
554,193,204
555,193,213
556,193,215
557,193,199
558,193,142
559,193,93
560,193,92
561,193,93
562,193,93
563,193,94
564,193,96
565,193,115
566,193,139
567,193,166
568,193,178
569,193,156
570,193,104
571,193,77
572,193,68
573,193,61
490,194,205
491,194,135
492,194,117
493,194,119
494,194,120
495,194,119
496,194,124
497,194,141
498,194,139
499,194,133
500,194,131
501,194,144
502,194,161
503,194,166
504,194,166
505,194,167
506,194,169
507,194,171
508,194,173
509,194,176
510,194,177
511,194,179
512,194,181
513,194,181
514,194,178
515,194,175
516,194,174
517,194,151
518,194,125
519,194,119
520,194,130
521,194,168
522,194,243
523,194,250
524,194,239
525,194,241
526,194,190
527,194,164
528,194,203
529,194,296
530,194,348
531,194,357
532,194,360
533,194,358
534,194,349
535,194,314
536,194,212
537,194,135
538,194,120
539,194,140
540,194,160
541,194,147
542,194,138
543,194,137
544,194,139
545,194,138
546,194,132
547,194,120
548,194,107
549,194,92
550,194,87
551,194,87
552,194,100
553,194,143
554,194,186
555,194,210
556,194,216
557,194,203
558,194,154
559,194,106
560,194,101
561,194,97
562,194,94
563,194,93
564,194,98
565,194,118
566,194,132
567,194,157
568,194,166
569,194,135
570,194,91
571,194,73
572,194,65
573,194,58
490,195,116
491,195,118
492,195,126
493,195,141
494,195,135
495,195,138
496,195,157
497,195,171
498,195,155
499,195,139
500,195,134
501,195,140
502,195,157
503,195,166
504,195,168
505,195,168
506,195,169
507,195,171
508,195,173
509,195,177
510,195,178
511,195,180
512,195,182
513,195,179
514,195,165
515,195,137
516,195,125
517,195,118
518,195,107
519,195,105
520,195,117
521,195,168
522,195,288
523,195,363
524,195,382
525,195,364
526,195,244
527,195,201
528,195,256
529,195,320
530,195,334
531,195,323
532,195,324
533,195,318
534,195,306
535,195,274
536,195,196
537,195,139
538,195,121
539,195,122
540,195,127
541,195,128
542,195,128
543,195,130
544,195,133
545,195,134
546,195,127
547,195,119
548,195,110
549,195,96
550,195,89
551,195,86
552,195,88
553,195,107
554,195,146
555,195,187
556,195,207
557,195,206
558,195,174
559,195,125
560,195,108
561,195,99
562,195,91
563,195,88
564,195,88
565,195,94
566,195,104
567,195,122
568,195,136
569,195,111
570,195,82
571,195,69
572,195,62
573,195,59
490,196,112
491,196,120
492,196,143
493,196,170
494,196,171
495,196,173
496,196,184
497,196,188
498,196,172
499,196,148
500,196,137
501,196,136
502,196,150
503,196,162
504,196,167
505,196,169
506,196,171
507,196,172
508,196,174
509,196,177
510,196,178
511,196,180
512,196,179
513,196,168
514,196,144
515,196,115
516,196,105
517,196,102
518,196,98
519,196,96
520,196,102
521,196,122
522,196,181
523,196,283
524,196,365
525,196,394
526,196,310
527,196,266
528,196,293
529,196,310
530,196,294
531,196,279
532,196,277
533,196,274
534,196,270
535,196,259
536,196,226
537,196,178
538,196,148
539,196,139
540,196,131
541,196,127
542,196,126
543,196,126
544,196,127
545,196,126
546,196,121
547,196,117
548,196,110
549,196,97
550,196,88
551,196,84
552,196,83
553,196,88
554,196,105
555,196,138
556,196,169
557,196,181
558,196,153
559,196,119
560,196,106
561,196,98
562,196,87
563,196,84
564,196,83
565,196,86
566,196,93
567,196,101
568,196,105
569,196,92
570,196,75
571,196,66
572,196,61
573,196,59
490,197,116
491,197,123
492,197,146
493,197,179
494,197,189
495,197,190
496,197,192
497,197,191
498,197,182
499,197,157
500,197,143
501,197,140
502,197,145
503,197,155
504,197,164
505,197,169
506,197,173
507,197,175
508,197,176
509,197,177
510,197,178
511,197,177
512,197,170
513,197,144
514,197,118
515,197,103
516,197,100
517,197,98
518,197,96
519,197,92
520,197,96
521,197,97
522,197,119
523,197,181
524,197,263
525,197,324
526,197,297
527,197,271
528,197,276
529,197,280
530,197,269
531,197,262
532,197,261
533,197,260
534,197,259
535,197,256
536,197,238
537,197,191
538,197,158
539,197,148
540,197,141
541,197,132
542,197,127
543,197,125
544,197,124
545,197,123
546,197,119
547,197,113
548,197,102
549,197,92
550,197,84
551,197,81
552,197,81
553,197,82
554,197,86
555,197,98
556,197,115
557,197,126
558,197,108
559,197,96
560,197,96
561,197,95
562,197,87
563,197,87
564,197,88
565,197,90
566,197,94
567,197,96
568,197,96
569,197,90
570,197,75
571,197,65
572,197,61
573,197,59
490,198,116
491,198,121
492,198,138
493,198,173
494,198,187
495,198,183
496,198,177
497,198,178
498,198,177
499,198,160
500,198,147
501,198,141
502,198,137
503,198,140
504,198,155
505,198,168
506,198,171
507,198,170
508,198,172
509,198,175
510,198,177
511,198,174
512,198,156
513,198,123
514,198,105
515,198,99
516,198,99
517,198,97
518,198,94
519,198,91
520,198,95
521,198,87
522,198,107
523,198,135
524,198,169
525,198,210
526,198,234
527,198,252
528,198,260
529,198,262
530,198,259
531,198,257
532,198,257
533,198,257
534,198,256
535,198,253
536,198,237
537,198,189
538,198,159
539,198,151
540,198,147
541,198,140
542,198,133
543,198,127
544,198,124
545,198,122
546,198,117
547,198,106
548,198,88
549,198,79
550,198,79
551,198,81
552,198,83
553,198,82
554,198,82
555,198,85
556,198,91
557,198,96
558,198,91
559,198,90
560,198,93
561,198,95
562,198,94
563,198,102
564,198,108
565,198,107
566,198,102
567,198,98
568,198,96
569,198,91
570,198,77
571,198,67
572,198,64
573,198,61
490,199,118
491,199,121
492,199,134
493,199,164
494,199,173
495,199,150
496,199,132
497,199,138
498,199,156
499,199,156
500,199,148
501,199,140
502,199,129
503,199,131
504,199,148
505,199,162
506,199,158
507,199,154
508,199,158
509,199,166
510,199,174
511,199,171
512,199,151
513,199,118
514,199,101
515,199,98
516,199,98
517,199,96
518,199,94
519,199,97
520,199,94
521,199,84
522,199,110
523,199,126
524,199,135
525,199,152
526,199,185
527,199,233
528,199,246
529,199,248
530,199,247
531,199,248
532,199,249
533,199,248
534,199,246
535,199,243
536,199,229
537,199,189
538,199,159
539,199,151
540,199,149
541,199,147
542,199,142
543,199,134
544,199,129
545,199,123
546,199,116
547,199,104
548,199,86
549,199,76
550,199,78
551,199,82
552,199,84
553,199,83
554,199,84
555,199,86
556,199,90
557,199,95
558,199,95
559,199,97
560,199,101
561,199,107
562,199,113
563,199,125
564,199,129
565,199,124
566,199,111
567,199,100
568,199,97
569,199,94
570,199,82
571,199,74
572,199,72
573,199,74
490,200,123
491,200,124
492,200,134
493,200,153
494,200,156
495,200,136
496,200,128
497,200,141
498,200,153
499,200,153
500,200,144
501,200,135
502,200,128
503,200,136
504,200,154
505,200,158
506,200,151
507,200,147
508,200,147
509,200,155
510,200,168
511,200,165
512,200,138
513,200,113
514,200,99
515,200,96
516,200,97
517,200,97
518,200,99
519,200,102
520,200,92
521,200,86
522,200,114
523,200,125
524,200,128
525,200,134
526,200,157
527,200,204
528,200,206
529,200,205
530,200,206
531,200,220
532,200,226
533,200,224
534,200,220
535,200,218
536,200,207
537,200,177
538,200,156
539,200,151
540,200,150
541,200,150
542,200,149
543,200,148
544,200,142
545,200,129
546,200,117
547,200,106
548,200,88
549,200,78
550,200,79
551,200,84
552,200,86
553,200,86
554,200,89
555,200,94
556,200,94
557,200,99
558,200,102
559,200,103
560,200,109
561,200,122
562,200,131
563,200,133
564,200,127
565,200,120
566,200,108
567,200,102
568,200,105
569,200,110
570,200,97
571,200,86
572,200,79
573,200,74
490,201,123
491,201,128
492,201,142
493,201,154
494,201,156
495,201,150
496,201,148
497,201,153
498,201,155
499,201,146
500,201,129
501,201,120
502,201,122
503,201,141
504,201,154
505,201,156
506,201,152
507,201,148
508,201,145
509,201,148
510,201,157
511,201,151
512,201,122
513,201,103
514,201,96
515,201,96
516,201,98
517,201,101
518,201,106
519,201,105
520,201,91
521,201,88
522,201,114
523,201,123
524,201,123
525,201,123
526,201,129
527,201,142
528,201,124
529,201,120
530,201,136
531,201,187
532,201,208
533,201,211
534,201,210
535,201,208
536,201,199
537,201,173
538,201,155
539,201,151
540,201,150
541,201,150
542,201,152
543,201,156
544,201,153
545,201,140
546,201,125
547,201,113
548,201,98
549,201,83
550,201,82
551,201,85
552,201,86
553,201,89
554,201,104
555,201,124
556,201,109
557,201,105
558,201,105
559,201,106
560,201,113
561,201,128
562,201,132
563,201,127
564,201,122
565,201,118
566,201,113
567,201,114
568,201,135
569,201,174
570,201,146
571,201,120
572,201,106
573,201,108
490,202,123
491,202,130
492,202,147
493,202,155
494,202,157
495,202,156
496,202,156
497,202,156
498,202,153
499,202,138
500,202,116
501,202,108
502,202,115
503,202,138
504,202,155
505,202,156
506,202,154
507,202,149
508,202,143
509,202,139
510,202,129
511,202,121
512,202,105
513,202,97
514,202,96
515,202,99
516,202,108
517,202,112
518,202,110
519,202,100
520,202,81
521,202,80
522,202,104
523,202,113
524,202,110
525,202,105
526,202,99
527,202,97
528,202,88
529,202,91
530,202,117
531,202,181
532,202,204
533,202,208
534,202,208
535,202,207
536,202,199
537,202,175
538,202,155
539,202,149
540,202,149
541,202,150
542,202,154
543,202,159
544,202,159
545,202,153
546,202,140
547,202,124
548,202,108
549,202,91
550,202,86
551,202,86
552,202,86
553,202,98
554,202,148
555,202,204
556,202,141
557,202,112
558,202,106
559,202,105
560,202,107
561,202,113
562,202,114
563,202,113
564,202,114
565,202,119
566,202,140
567,202,156
568,202,188
569,202,300
570,202,238
571,202,175
572,202,154
573,202,167
490,203,123
491,203,133
492,203,150
493,203,156
494,203,157
495,203,157
496,203,157
497,203,157
498,203,153
499,203,140
500,203,120
501,203,108
502,203,109
503,203,129
504,203,159
505,203,161
506,203,155
507,203,147
508,203,141
509,203,131
510,203,110
511,203,102
512,203,97
513,203,97
514,203,103
515,203,110
516,203,131
517,203,134
518,203,114
519,203,89
520,203,70
521,203,75
522,203,90
523,203,95
524,203,94
525,203,92
526,203,90
527,203,87
528,203,84
529,203,92
530,203,125
531,203,183
532,203,204
533,203,208
534,203,208
535,203,207
536,203,199
537,203,173
538,203,149
539,203,141
540,203,143
541,203,145
542,203,153
543,203,159
544,203,160
545,203,158
546,203,150
547,203,133
548,203,114
549,203,99
550,203,92
551,203,89
552,203,86
553,203,108
554,203,191
555,203,262
556,203,161
557,203,113
558,203,103
559,203,101
560,203,100
561,203,104
562,203,106
563,203,107
564,203,112
565,203,138
566,203,213
567,203,246
568,203,229
569,203,372
570,203,350
571,203,235
572,203,178
573,203,167
490,204,134
491,204,136
492,204,150
493,204,156
494,204,155
495,204,152
496,204,156
497,204,157
498,204,155
499,204,150
500,204,138
501,204,118
502,204,111
503,204,129
504,204,176
505,204,178
506,204,162
507,204,148
508,204,139
509,204,125
510,204,104
511,204,97
512,204,97
513,204,111
514,204,151
515,204,139
516,204,151
517,204,148
518,204,117
519,204,83
520,204,72
521,204,81
522,204,88
523,204,90
524,204,91
525,204,92
526,204,94
527,204,94
528,204,94
529,204,103
530,204,132
531,204,182
532,204,206
533,204,211
534,204,212
535,204,212
536,204,204
537,204,167
538,204,129
539,204,115
540,204,120
541,204,126
542,204,139
543,204,150
544,204,156
545,204,155
546,204,141
547,204,121
548,204,109
549,204,104
550,204,101
551,204,97
552,204,87
553,204,92
554,204,139
555,204,186
556,204,127
557,204,99
558,204,92
559,204,89
560,204,88
561,204,96
562,204,101
563,204,104
564,204,108
565,204,126
566,204,185
567,204,241
568,204,222
569,204,379
570,204,447
571,204,319
572,204,203
573,204,157
490,205,134
491,205,131
492,205,145
493,205,153
494,205,147
495,205,141
496,205,150
497,205,155
498,205,156
499,205,153
500,205,143
501,205,126
502,205,126
503,205,147
504,205,200
505,205,209
506,205,185
507,205,159
508,205,138
509,205,115
510,205,100
511,205,97
512,205,111
513,205,194
514,205,393
515,205,245
516,205,177
517,205,160
518,205,140
519,205,111
520,205,97
521,205,93
522,205,91
523,205,93
524,205,96
525,205,101
526,205,105
527,205,106
528,205,106
529,205,109
530,205,125
531,205,171
532,205,216
533,205,230
534,205,231
535,205,235
536,205,229
537,205,175
538,205,114
539,205,95
540,205,94
541,205,97
542,205,107
543,205,121
544,205,137
545,205,140
546,205,122
547,205,110
548,205,107
549,205,108
550,205,103
551,205,99
552,205,87
553,205,87
554,205,107
555,205,125
556,205,107
557,205,99
558,205,95
559,205,91
560,205,89
561,205,92
562,205,94
563,205,97
564,205,103
565,205,110
566,205,128
567,205,151
568,205,166
569,205,310
570,205,468
571,205,384
572,205,232
573,205,166
490,206,123
491,206,123
492,206,141
493,206,153
494,206,140
495,206,132
496,206,143
497,206,156
498,206,169
499,206,161
500,206,141
501,206,139
502,206,166
503,206,192
504,206,222
505,206,229
506,206,216
507,206,188
508,206,148
509,206,111
510,206,99
511,206,101
512,206,149
513,206,405
514,206,961
515,206,498
516,206,231
517,206,171
518,206,159
519,206,149
520,206,139
521,206,118
522,206,102
523,206,101
524,206,105
525,206,107
526,206,110
527,206,111
528,206,109
529,206,106
530,206,112
531,206,158
532,206,237
533,206,268
534,206,269
535,206,278
536,206,272
537,206,205
538,206,119
539,206,91
540,206,88
541,206,88
542,206,87
543,206,86
544,206,96
545,206,108
546,206,101
547,206,105
548,206,113
549,206,119
550,206,103
551,206,98
552,206,92
553,206,96
554,206,107
555,206,108
556,206,101
557,206,98
558,206,97
559,206,97
560,206,94
561,206,93
562,206,85
563,206,86
564,206,94
565,206,101
566,206,108
567,206,116
568,206,145
569,206,275
570,206,446
571,206,367
572,206,245
573,206,206
490,207,114
491,207,121
492,207,143
493,207,159
494,207,145
495,207,131
496,207,133
497,207,151
498,207,178
499,207,175
500,207,148
501,207,148
502,207,188
503,207,217
504,207,232
505,207,235
506,207,232
507,207,216
508,207,176
509,207,124
510,207,107
511,207,105
512,207,135
513,207,320
514,207,729
515,207,370
516,207,188
517,207,157
518,207,160
519,207,160
520,207,154
521,207,133
522,207,114
523,207,109
524,207,109
525,207,110
526,207,112
527,207,112
528,207,109
529,207,102
530,207,95
531,207,114
532,207,175
533,207,221
534,207,224
535,207,229
536,207,219
537,207,170
538,207,100
539,207,90
540,207,91
541,207,90
542,207,82
543,207,71
544,207,73
545,207,85
546,207,94
547,207,118
548,207,133
549,207,130
550,207,100
551,207,92
552,207,94
553,207,101
554,207,104
555,207,103
556,207,99
557,207,97
558,207,98
559,207,100
560,207,100
561,207,98
562,207,83
563,207,79
564,207,82
565,207,91
566,207,101
567,207,113
568,207,157
569,207,297
570,207,408
571,207,319
572,207,239
573,207,217
490,208,112
491,208,122
492,208,146
493,208,157
494,208,142
495,208,130
496,208,132
497,208,155
498,208,183
499,208,186
500,208,164
501,208,153
502,208,175
503,208,204
504,208,223
505,208,233
506,208,234
507,208,225
508,208,192
509,208,146
510,208,130
511,208,119
512,208,114
513,208,157
514,208,274
515,208,154
516,208,107
517,208,116
518,208,140
519,208,153
520,208,153
521,208,140
522,208,119
523,208,111
524,208,110
525,208,111
526,208,112
527,208,112
528,208,108
529,208,102
530,208,90
531,208,86
532,208,113
533,208,172
534,208,172
535,208,158
536,208,150
537,208,124
538,208,79
539,208,88
540,208,95
541,208,93
542,208,82
543,208,69
544,208,71
545,208,83
546,208,101
547,208,145
548,208,162
549,208,140
550,208,106
551,208,97
552,208,97
553,208,93
554,208,88
555,208,92
556,208,93
557,208,93
558,208,93
559,208,89
560,208,87
561,208,88
562,208,79
563,208,76
564,208,77
565,208,82
566,208,94
567,208,107
568,208,137
569,208,223
570,208,277
571,208,246
572,208,220
573,208,217
490,209,104
491,209,129
492,209,153
493,209,153
494,209,136
495,209,129
496,209,139
497,209,173
498,209,192
499,209,192
500,209,174
501,209,150
502,209,137
503,209,154
504,209,188
505,209,217
506,209,227
507,209,220
508,209,191
509,209,163
510,209,154
511,209,144
512,209,123
513,209,111
514,209,120
515,209,86
516,209,74
517,209,82
518,209,103
519,209,126
520,209,132
521,209,127
522,209,115
523,209,111
524,209,110
525,209,111
526,209,112
527,209,111
528,209,109
529,209,105
530,209,94
531,209,82
532,209,94
533,209,174
534,209,195
535,209,135
536,209,113
537,209,99
538,209,86
539,209,100
540,209,102
541,209,96
542,209,85
543,209,72
544,209,76
545,209,87
546,209,109
547,209,164
548,209,181
549,209,164
550,209,128
551,209,108
552,209,100
553,209,86
554,209,74
555,209,79
556,209,83
557,209,83
558,209,79
559,209,68
560,209,65
561,209,70
562,209,74
563,209,75
564,209,76
565,209,79
566,209,89
567,209,101
568,209,120
569,209,165
570,209,215
571,209,212
572,209,199
573,209,178
490,210,96
491,210,137
492,210,157
493,210,151
494,210,135
495,210,129
496,210,139
497,210,174
498,210,191
499,210,182
500,210,147
501,210,112
502,210,103
503,210,117
504,210,151
505,210,181
506,210,197
507,210,196
508,210,173
509,210,161
510,210,160
511,210,154
512,210,135
513,210,111
514,210,98
515,210,77
516,210,68
517,210,69
518,210,80
519,210,104
520,210,113
521,210,114
522,210,111
523,210,110
524,210,110
525,210,110
526,210,110
527,210,112
528,210,115
529,210,119
530,210,115
531,210,113
532,210,145
533,210,191
534,210,225
535,210,174
536,210,161
537,210,154
538,210,137
539,210,128
540,210,118
541,210,105
542,210,91
543,210,79
544,210,83
545,210,90
546,210,112
547,210,169
548,210,187
549,210,176
550,210,139
551,210,113
552,210,103
553,210,90
554,210,73
555,210,71
556,210,74
557,210,76
558,210,75
559,210,69
560,210,68
561,210,74
562,210,78
563,210,79
564,210,79
565,210,80
566,210,88
567,210,101
568,210,115
569,210,135
570,210,156
571,210,163
572,210,159
573,210,129
490,211,79
491,211,143
492,211,162
493,211,158
494,211,143
495,211,132
496,211,136
497,211,160
498,211,176
499,211,162
500,211,131
501,211,111
502,211,102
503,211,103
504,211,112
505,211,123
506,211,133
507,211,142
508,211,141
509,211,147
510,211,157
511,211,156
512,211,147
513,211,129
514,211,111
515,211,91
516,211,77
517,211,72
518,211,76
519,211,95
520,211,106
521,211,110
522,211,109
523,211,109
524,211,108
525,211,106
526,211,107
527,211,114
528,211,140
529,211,175
530,211,199
531,211,270
532,211,434
533,211,304
534,211,243
535,211,160
536,211,160
537,211,162
538,211,147
539,211,140
540,211,131
541,211,116
542,211,101
543,211,93
544,211,95
545,211,97
546,211,117
547,211,168
548,211,184
549,211,173
550,211,133
551,211,111
552,211,104
553,211,97
554,211,83
555,211,75
556,211,71
557,211,71
558,211,74
559,211,74
560,211,76
561,211,83
562,211,87
563,211,86
564,211,83
565,211,81
566,211,89
567,211,102
568,211,114
569,211,124
570,211,129
571,211,131
572,211,130
573,211,115
490,212,115
491,212,154
492,212,165
493,212,162
494,212,150
495,212,133
496,212,131
497,212,140
498,212,146
499,212,138
500,212,127
501,212,117
502,212,106
503,212,100
504,212,100
505,212,102
506,212,106
507,212,112
508,212,125
509,212,144
510,212,153
511,212,152
512,212,148
513,212,141
514,212,128
515,212,114
516,212,100
517,212,91
518,212,82
519,212,89
520,212,99
521,212,107
522,212,108
523,212,102
524,212,98
525,212,94
526,212,96
527,212,118
528,212,225
529,212,329
530,212,389
531,212,602
532,212,1014
533,212,590
534,212,309
535,212,173
536,212,185
537,212,192
538,212,160
539,212,150
540,212,134
541,212,119
542,212,106
543,212,98
544,212,101
545,212,111
546,212,127
547,212,159
548,212,168
549,212,160
550,212,132
551,212,111
552,212,101
553,212,96
554,212,87
555,212,79
556,212,76
557,212,73
558,212,72
559,212,74
560,212,77
561,212,83
562,212,87
563,212,87
564,212,83
565,212,90
566,212,100
567,212,104
568,212,109
569,212,113
570,212,116
571,212,118
572,212,118
573,212,115
490,213,166
491,213,168
492,213,166
493,213,163
494,213,150
495,213,127
496,213,127
497,213,129
498,213,110
499,213,122
500,213,127
501,213,115
502,213,107
503,213,99
504,213,99
505,213,100
506,213,100
507,213,100
508,213,134
509,213,163
510,213,149
511,213,146
512,213,146
513,213,146
514,213,142
515,213,126
516,213,126
517,213,126
518,213,89
519,213,64
520,213,76
521,213,104
522,213,107
523,213,81
524,213,69
525,213,71
526,213,75
527,213,75
528,213,357
529,213,413
530,213,264
531,213,249
532,213,134
533,213,281
534,213,273
535,213,168
536,213,225
537,213,252
538,213,165
539,213,179
540,213,141
541,213,118
542,213,112
543,213,90
544,213,96
545,213,125
546,213,130
547,213,130
548,213,133
549,213,135
550,213,135
551,213,107
552,213,88
553,213,86
554,213,85
555,213,79
556,213,79
557,213,79
558,213,71
559,213,72
560,213,75
561,213,75
562,213,78
563,213,88
564,213,81
565,213,129
566,213,135
567,213,107
568,213,107
569,213,107
570,213,108
571,213,115
572,213,112
573,213,103
