xv,yv,rho
490,148,323
491,148,448
492,148,583
493,148,430
494,148,311
495,148,345
496,148,356
497,148,229
498,148,231
499,148,208
500,148,193
501,148,382
502,148,348
503,148,431
504,148,594
505,148,880
506,148,1390
507,148,863
508,148,574
509,148,401
510,148,333
511,148,378
512,148,366
513,148,467
514,148,530
515,148,536
516,148,596
517,148,719
518,148,960
519,148,1353
520,148,1330
521,148,865
522,148,533
523,148,266
524,148,194
525,148,297
526,148,442
527,148,573
528,148,602
529,148,607
530,148,506
531,148,405
532,148,325
533,148,328
534,148,273
535,148,290
536,148,370
537,148,359
538,148,404
539,148,467
540,148,496
541,148,468
542,148,497
543,148,497
544,148,473
545,148,437
546,148,329
547,148,359
548,148,360
549,148,369
550,148,385
551,148,473
552,148,710
553,148,974
554,148,1456
555,148,1196
556,148,924
557,148,774
558,148,698
559,148,681
560,148,431
561,148,457
562,148,456
563,148,424
564,148,396
565,148,526
566,148,517
567,148,384
568,148,294
569,148,285
570,148,210
571,148,189
572,148,174
573,148,175
490,149,408
491,149,463
492,149,516
493,149,448
494,149,381
495,149,371
496,149,367
497,149,268
498,149,257
499,149,248
500,149,254
501,149,378
502,149,403
503,149,463
504,149,572
505,149,729
506,149,868
507,149,718
508,149,561
509,149,481
510,149,483
511,149,512
512,149,499
513,149,500
514,149,508
515,149,519
516,149,574
517,149,673
518,149,823
519,149,982
520,149,962
521,149,760
522,149,567
523,149,442
524,149,439
525,149,549
526,149,716
527,149,877
528,149,892
529,149,769
530,149,610
531,149,477
532,149,387
533,149,348
534,149,331
535,149,360
536,149,430
537,149,508
538,149,608
539,149,687
540,149,702
541,149,680
542,149,685
543,149,667
544,149,598
545,149,513
546,149,441
547,149,432
548,149,458
549,149,503
550,149,551
551,149,607
552,149,723
553,149,864
554,149,1011
555,149,942
556,149,810
557,149,705
558,149,641
559,149,615
560,149,567
561,149,587
562,149,576
563,149,520
564,149,477
565,149,494
566,149,469
567,149,394
568,149,330
569,149,300
570,149,221
571,149,208
572,149,202
573,149,206
490,150,431
491,150,438
492,150,448
493,150,422
494,150,393
495,150,390
496,150,398
497,150,396
498,150,370
499,150,293
500,150,292
501,150,391
502,150,414
503,150,449
504,150,508
505,150,578
506,150,620
507,150,571
508,150,514
509,150,530
510,150,607
511,150,672
512,150,616
513,150,545
514,150,506
515,150,501
516,150,534
517,150,596
518,150,675
519,150,740
520,150,730
521,150,647
522,150,567
523,150,550
524,150,618
525,150,742
526,150,919
527,150,1118
528,150,1119
529,150,907
530,150,700
531,150,538
532,150,432
533,150,379
534,150,371
535,150,413
536,150,508
537,150,654
538,150,836
539,150,969
540,150,972
541,150,943
542,150,915
543,150,898
544,150,754
545,150,605
546,150,521
547,150,513
548,150,574
549,150,661
550,150,737
551,150,772
552,150,778
553,150,787
554,150,805
555,150,764
556,150,690
557,150,622
558,150,586
559,150,591
560,150,628
561,150,704
562,150,694
563,150,592
564,150,528
565,150,513
566,150,474
567,150,410
568,150,348
569,150,316
570,150,300
571,150,228
572,150,223
573,150,212
490,151,396
491,151,396
492,151,396
493,151,390
494,151,387
495,151,401
496,151,429
497,151,453
498,151,457
499,151,447
500,151,423
501,151,313
502,151,396
503,151,415
504,151,442
505,151,469
506,151,482
507,151,469
508,151,475
509,151,543
510,151,675
511,151,826
512,151,688
513,151,571
514,151,511
515,151,499
516,151,520
517,151,544
518,151,575
519,151,600
520,151,602
521,151,583
522,151,576
523,151,628
524,151,752
525,151,911
526,151,1017
527,151,1113
528,151,1123
529,151,975
530,151,793
531,151,617
532,151,490
533,151,421
534,151,410
535,151,458
536,151,572
537,151,770
538,151,1043
539,151,1280
540,151,1260
541,151,1230
542,151,1111
543,151,1155
544,151,870
545,151,668
546,151,583
547,151,610
548,151,718
549,151,859
550,151,979
551,151,991
552,151,902
553,151,800
554,151,720
555,151,660
556,151,601
557,151,550
558,151,534
559,151,554
560,151,617
561,151,705
562,151,699
563,151,599
564,151,558
565,151,560
566,151,493
567,151,416
568,151,356
569,151,330
570,151,323
571,151,252
572,151,257
573,151,259
490,152,372
491,152,355
492,152,358
493,152,365
494,152,382
495,152,417
496,152,464
497,152,503
498,152,516
499,152,500
500,152,462
501,152,413
502,152,298
503,152,374
504,152,386
505,152,394
506,152,398
507,152,400
508,152,428
509,152,496
510,152,597
511,152,673
512,152,623
513,152,550
514,152,521
515,152,544
516,152,568
517,152,569
518,152,558
519,152,566
520,152,596
521,152,626
522,152,647
523,152,688
524,152,821
525,152,1017
526,152,1099
527,152,1098
528,152,1218
529,152,1154
530,152,935
531,152,717
532,152,562
533,152,481
534,152,470
535,152,504
536,152,604
537,152,794
538,152,1071
539,152,1340
540,152,1434
541,152,1401
542,152,1107
543,152,995
544,152,812
545,152,662
546,152,619
547,152,711
548,152,891
549,152,1084
550,152,1252
551,152,1237
552,152,1039
553,152,851
554,152,713
555,152,617
556,152,547
557,152,501
558,152,488
559,152,506
560,152,553
561,152,603
562,152,600
563,152,543
564,152,538
565,152,546
566,152,478
567,152,400
568,152,356
569,152,342
570,152,348
571,152,283
572,152,301
573,152,298
490,153,186
491,153,295
492,153,327
493,153,352
494,153,389
495,153,444
496,153,510
497,153,566
498,153,579
499,153,545
500,153,491
501,153,435
502,153,382
503,153,275
504,153,339
505,153,337
506,153,340
507,153,350
508,153,376
509,153,422
510,153,483
511,153,528
512,153,528
513,153,526
514,153,575
515,153,651
516,153,695
517,153,674
518,153,624
519,153,621
520,153,685
521,153,759
522,153,779
523,153,759
524,153,802
525,153,934
526,153,1025
527,153,1126
528,153,1358
529,153,1313
530,153,1047
531,153,815
532,153,657
533,153,589
534,153,584
535,153,592
536,153,626
537,153,739
538,153,924
539,153,1134
540,153,1222
541,153,1201
542,153,997
543,153,823
544,153,697
545,153,617
546,153,631
547,153,785
548,153,1034
549,153,1311
550,153,1410
551,153,1357
552,153,1107
553,153,886
554,153,723
555,153,608
556,153,526
557,153,474
558,153,458
559,153,470
560,153,498
561,153,523
562,153,521
563,153,497
564,153,490
565,153,477
566,153,433
567,153,380
568,153,354
569,153,354
570,153,372
571,153,323
572,153,373
573,153,397
490,154,180
491,154,206
492,154,311
493,154,357
494,154,409
495,154,479
496,154,567
497,154,649
498,154,660
499,154,597
500,154,523
501,154,459
502,154,406
503,154,356
504,154,248
505,154,229
506,154,293
507,154,309
508,154,331
509,154,361
510,154,399
511,154,435
512,154,471
513,154,543
514,154,670
515,154,821
516,154,906
517,154,847
518,154,741
519,154,718
520,154,822
521,154,965
522,154,974
523,154,855
524,154,769
525,154,844
526,154,952
527,154,1125
528,154,1340
529,154,1201
530,154,1072
531,154,934
532,154,810
533,154,763
534,154,781
535,154,767
536,154,716
537,154,701
538,154,781
539,154,890
540,154,945
541,154,929
542,154,810
543,154,679
544,154,604
545,154,575
546,154,632
547,154,803
548,154,1059
549,154,1332
550,154,1398
551,154,1279
552,154,1097
553,154,907
554,154,747
555,154,624
556,154,531
557,154,469
558,154,451
559,154,460
560,154,479
561,154,493
562,154,489
563,154,474
564,154,461
565,154,438
566,154,396
567,154,363
568,154,353
569,154,361
570,154,305
571,154,359
572,154,481
573,154,752
490,155,105
491,155,238
492,155,314
493,155,381
494,155,448
495,155,521
496,155,613
497,155,716
498,155,724
499,155,639
500,155,563
501,155,503
502,155,444
503,155,388
504,155,332
505,155,224
506,155,210
507,155,280
508,155,300
509,155,322
510,155,350
511,155,390
512,155,458
513,155,578
514,155,762
515,155,995
516,155,1159
517,155,1030
518,155,865
519,155,823
520,155,928
521,155,1129
522,155,1128
523,155,919
524,155,789
525,155,876
526,155,995
527,155,1036
528,155,1124
529,155,1119
530,155,1177
531,155,1134
532,155,1008
533,155,996
534,155,1069
535,155,1037
536,155,892
537,155,767
538,155,749
539,155,796
540,155,813
541,155,778
542,155,695
543,155,618
544,155,578
545,155,574
546,155,636
547,155,788
548,155,1007
549,155,1209
550,155,1270
551,155,1202
552,155,1132
553,155,993
554,155,822
555,155,671
556,155,558
557,155,490
558,155,473
559,155,491
560,155,516
561,155,529
562,155,518
563,155,489
564,155,463
565,155,432
566,155,390
567,155,362
568,155,358
569,155,368
570,155,307
571,155,354
572,155,451
573,155,686
490,156,172
491,156,245
492,156,332
493,156,424
494,156,516
495,156,588
496,156,630
497,156,681
498,156,690
499,156,659
500,156,638
501,156,580
502,156,501
503,156,426
504,156,364
505,156,310
506,156,213
507,156,215
508,156,288
509,156,301
510,156,325
511,156,372
512,156,456
513,156,586
514,156,779
515,156,1019
516,156,1192
517,156,1083
518,156,987
519,156,981
520,156,948
521,156,1017
522,156,998
523,156,865
524,156,791
525,156,915
526,156,1097
527,156,997
528,156,966
529,156,1089
530,156,1291
531,156,1309
532,156,1172
533,156,1231
534,156,1397
535,156,1349
536,156,1097
537,156,920
538,156,952
539,156,1023
540,156,1010
541,156,897
542,156,767
543,156,712
544,156,707
545,156,698
546,156,704
547,156,836
548,156,1059
549,156,1274
550,156,1344
551,156,1318
552,156,1325
553,156,1157
554,156,929
555,156,727
556,156,586
557,156,508
558,156,509
559,156,550
560,156,602
561,156,627
562,156,602
563,156,548
564,156,495
565,156,449
566,156,408
567,156,378
568,156,376
569,156,386
570,156,397
571,156,407
572,156,303
573,156,185
490,157,118
491,157,237
492,157,352
493,157,477
494,157,607
495,157,697
496,157,681
497,157,648
498,157,663
499,157,726
500,157,764
501,157,686
502,157,568
503,157,468
504,157,396
505,157,344
506,157,242
507,157,308
508,157,311
509,157,239
510,157,252
511,157,374
512,157,452
513,157,566
514,157,727
515,157,909
516,157,1031
517,157,1030
518,157,1117
519,157,1198
520,157,1046
521,157,894
522,157,832
523,157,763
524,157,742
525,157,834
526,157,914
527,157,876
528,157,859
529,157,1005
530,157,1191
531,157,1261
532,157,1243
533,157,1418
534,157,1596
535,157,1479
536,157,1232
537,157,1105
538,157,1265
539,157,1424
540,157,1390
541,157,1163
542,157,956
543,157,935
544,157,959
545,157,916
546,157,860
547,157,923
548,157,1169
549,157,1463
550,157,1529
551,157,1433
552,157,1557
553,157,1308
554,157,1002
555,157,755
556,157,596
557,157,521
558,157,544
559,157,623
560,157,722
561,157,774
562,157,723
563,157,624
564,157,537
565,157,474
566,157,428
567,157,395
568,157,390
569,157,393
570,157,395
571,157,385
572,157,346
573,157,268
490,158,101
491,158,239
492,158,368
493,158,509
494,158,668
495,158,812
496,158,726
497,158,659
498,158,685
499,158,798
500,158,916
501,158,777
502,158,623
503,158,504
504,158,429
505,158,389
506,158,373
507,158,374
508,158,370
509,158,360
510,158,364
511,158,397
512,158,455
513,158,549
514,158,682
515,158,838
516,158,976
517,158,1055
518,158,1173
519,158,1238
520,158,1053
521,158,868
522,158,755
523,158,714
524,158,714
525,158,757
526,158,779
527,158,767
528,158,800
529,158,968
530,158,1167
531,158,1331
532,158,1400
533,158,1499
534,158,1628
535,158,1490
536,158,1344
537,158,1379
538,158,1621
539,158,1893
540,158,1831
541,158,1449
542,158,1196
543,158,1271
544,158,1345
545,158,1221
546,158,1033
547,158,964
548,158,1159
549,158,1430
550,158,1473
551,158,1308
552,158,1345
553,158,1220
554,158,946
555,158,717
556,158,574
557,158,515
558,158,562
559,158,676
560,158,831
561,158,938
562,158,838
563,158,694
564,158,580
565,158,499
566,158,440
567,158,406
568,158,403
569,158,410
570,158,408
571,158,388
572,158,348
573,158,287
490,159,130
491,159,260
492,159,376
493,159,499
494,159,624
495,159,706
496,159,681
497,159,645
498,159,691
499,159,805
500,159,879
501,159,796
502,159,655
503,159,539
504,159,471
505,159,453
506,159,458
507,159,463
508,159,454
509,159,436
510,159,426
511,159,438
512,159,480
513,159,566
514,159,705
515,159,896
516,159,1108
517,159,1238
518,159,1172
519,159,1109
520,159,975
521,159,850
522,159,787
523,159,789
524,159,816
525,159,815
526,159,779
527,159,760
528,159,867
529,159,1156
530,159,1499
531,159,1790
532,159,1797
533,159,1572
534,159,1508
535,159,1486
536,159,1588
537,159,1730
538,159,1905
539,159,2052
540,159,1935
541,159,1577
542,159,1498
543,159,1653
544,159,1811
545,159,1519
546,159,1165
547,159,940
548,159,1011
549,159,1152
550,159,1177
551,159,1075
552,159,1049
553,159,957
554,159,787
555,159,627
556,159,523
557,159,488
558,159,543
559,159,662
560,159,820
561,159,934
562,159,851
563,159,742
564,159,631
565,159,526
566,159,451
567,159,420
568,159,435
569,159,461
570,159,462
571,159,429
572,159,376
573,159,297
490,160,225
491,160,310
492,160,403
493,160,497
494,160,571
495,160,624
496,160,637
497,160,649
498,160,731
499,160,879
500,160,986
501,160,879
502,160,721
503,160,602
504,160,548
505,160,548
506,160,579
507,160,596
508,160,578
509,160,542
510,160,515
511,160,514
512,160,538
513,160,616
514,160,757
515,160,967
516,160,1231
517,160,1474
518,160,1262
519,160,1055
520,160,937
521,160,884
522,160,921
523,160,983
524,160,1044
525,160,1020
526,160,920
527,160,874
528,160,1042
529,160,1387
530,160,1827
531,160,2248
532,160,2186
533,160,1801
534,160,1579
535,160,1667
536,160,1910
537,160,2162
538,160,2277
539,160,1949
540,160,1735
541,160,1566
542,160,1748
543,160,2013
544,160,1917
545,160,1560
546,160,1172
547,160,918
548,160,858
549,160,916
550,160,935
551,160,879
552,160,830
553,160,749
554,160,638
555,160,534
556,160,465
557,160,445
558,160,491
559,160,582
560,160,692
561,160,768
562,160,791
563,160,803
564,160,676
565,160,543
566,160,459
567,160,442
568,160,488
569,160,556
570,160,564
571,160,505
572,160,441
573,160,407
490,161,273
491,161,362
492,161,453
493,161,551
494,161,613
495,161,648
496,161,704
497,161,712
498,161,758
499,161,887
500,161,987
501,161,897
502,161,781
503,161,699
504,161,656
505,161,681
506,161,750
507,161,791
508,161,756
509,161,692
510,161,652
511,161,635
512,161,638
513,161,691
514,161,810
515,161,988
516,161,1195
517,161,1320
518,161,1216
519,161,1051
520,161,961
521,161,1022
522,161,1152
523,161,1264
524,161,1342
525,161,1289
526,161,1097
527,161,1001
528,161,1169
529,161,1553
530,161,2076
531,161,2598
532,161,2246
533,161,1924
534,161,1841
535,161,1999
536,161,2120
537,161,2248
538,161,2083
539,161,1881
540,161,1641
541,161,1598
542,161,1781
543,161,1986
544,161,1736
545,161,1362
546,161,1072
547,161,844
548,161,779
549,161,834
550,161,885
551,161,864
552,161,780
553,161,665
554,161,561
555,161,475
556,161,419
557,161,400
558,161,428
559,161,485
560,161,553
561,161,620
562,161,699
563,161,748
564,161,643
565,161,525
566,161,458
567,161,464
568,161,538
569,161,648
570,161,663
571,161,576
572,161,484
573,161,360
490,162,397
491,162,423
492,162,503
493,162,620
494,162,684
495,162,737
496,162,831
497,162,798
498,162,773
499,162,824
500,162,869
501,162,881
502,162,890
503,162,836
504,162,799
505,162,841
506,162,957
507,162,1041
508,162,972
509,162,879
510,162,847
511,162,812
512,162,790
513,162,831
514,162,920
515,162,1067
516,162,1232
517,162,1323
518,162,1249
519,162,1116
520,162,1075
521,162,1209
522,162,1417
523,162,1588
524,162,1545
525,162,1452
526,162,1230
527,162,1106
528,162,1247
529,162,1602
530,162,2055
531,162,2371
532,162,2272
533,162,2077
534,162,2153
535,162,2419
536,162,2439
537,162,2181
538,162,2109
539,162,2171
540,162,2000
541,162,1913
542,162,1815
543,162,1664
544,162,1483
545,162,1172
546,162,1018
547,162,883
548,162,842
549,162,956
550,162,1067
551,162,1056
552,162,913
553,162,732
554,162,576
555,162,465
556,162,394
557,162,361
558,162,371
559,162,403
560,162,447
561,162,501
562,162,557
563,162,582
564,162,538
565,162,478
566,162,448
567,162,476
568,162,551
569,162,639
570,162,670
571,162,641
572,162,582
573,162,438
490,163,405
491,163,446
492,163,522
493,163,615
494,163,678
495,163,763
496,163,864
497,163,844
498,163,827
499,163,812
500,163,828
501,163,919
502,163,1071
503,163,995
504,163,974
505,163,1002
506,163,1125
507,163,1288
508,163,1146
509,163,1083
510,163,1093
511,163,1037
512,163,986
513,163,1046
514,163,1146
515,163,1318
516,163,1559
517,163,1724
518,163,1577
519,163,1349
520,163,1222
521,163,1358
522,163,1639
523,163,1769
524,163,1748
525,163,1617
526,163,1403
527,163,1262
528,163,1421
529,163,1809
530,163,2314
531,163,2688
532,163,2659
533,163,2477
534,163,2463
535,163,2679
536,163,2648
537,163,2402
538,163,2605
539,163,2843
540,163,2643
541,163,2491
542,163,2194
543,163,1742
544,163,1531
545,163,1299
546,163,1184
547,163,1020
548,163,970
549,163,1157
550,163,1367
551,163,1356
552,163,1111
553,163,839
554,163,626
555,163,483
556,163,389
557,163,260
558,163,323
559,163,344
560,163,375
561,163,411
562,163,443
563,163,459
564,163,450
565,163,439
566,163,453
567,163,505
568,163,582
569,163,657
570,163,715
571,163,784
572,163,811
573,163,681
490,164,376
491,164,459
492,164,553
493,164,644
494,164,696
495,164,745
496,164,806
497,164,867
498,164,931
499,164,866
500,164,817
501,164,919
502,164,1070
503,164,1119
504,164,1222
505,164,1183
506,164,1154
507,164,1186
508,164,1155
509,164,1236
510,164,1344
511,164,1249
512,164,1181
513,164,1309
514,164,1445
515,164,1529
516,164,1852
517,164,2207
518,164,1899
519,164,1596
520,164,1418
521,164,1426
522,164,1635
523,164,1875
524,164,2244
525,164,2220
526,164,1875
527,164,1596
528,164,1653
529,164,2082
530,164,2721
531,164,3383
532,164,3280
533,164,3094
534,164,2847
535,164,2772
536,164,2662
537,164,2595
538,164,3049
539,164,3640
540,164,3332
541,164,2940
542,164,2453
543,164,1841
544,164,1819
545,164,1521
546,164,1359
547,164,1117
548,164,1045
549,164,1271
550,164,1580
551,164,1570
552,164,1221
553,164,895
554,164,654
555,164,496
556,164,397
557,164,329
558,164,232
559,164,304
560,164,332
561,164,358
562,164,380
563,164,395
564,164,407
565,164,434
566,164,504
567,164,605
568,164,713
569,164,788
570,164,854
571,164,1006
572,164,1172
573,164,1224
490,165,351
491,165,491
492,165,641
493,165,782
494,165,825
495,165,790
496,165,791
497,165,872
498,165,940
499,165,868
500,165,800
501,165,871
502,165,1017
503,165,1236
504,165,1486
505,165,1333
506,165,1165
507,165,1089
508,165,1100
509,165,1235
510,165,1372
511,165,1308
512,165,1305
513,165,1549
514,165,1781
515,165,1779
516,165,1937
517,165,2132
518,165,2076
519,165,1935
520,165,1658
521,165,1521
522,165,1659
523,165,2109
524,165,2613
525,165,2615
526,165,2142
527,165,1819
528,165,1868
529,165,2304
530,165,2931
531,165,3699
532,165,4066
533,165,3793
534,165,3629
535,165,3293
536,165,2983
537,165,2953
538,165,3254
539,165,3687
540,165,4137
541,165,3269
542,165,2436
543,165,1885
544,165,1884
545,165,1773
546,165,1308
547,165,1074
548,165,999
549,165,1173
550,165,1376
551,165,1364
552,165,1118
553,165,846
554,165,634
555,165,492
556,165,402
557,165,340
558,165,233
559,165,232
560,165,320
561,165,345
562,165,367
563,165,385
564,165,410
565,165,467
566,165,572
567,165,724
568,165,889
569,165,971
570,165,1008
571,165,1170
572,165,1445
573,165,1798
490,166,361
491,166,510
492,166,693
493,166,889
494,166,935
495,166,851
496,166,812
497,166,847
498,166,858
499,166,808
500,166,762
501,166,816
502,166,972
503,166,1206
504,166,1437
505,166,1416
506,166,1206
507,166,1049
508,166,1024
509,166,1112
510,166,1199
511,166,1225
512,166,1343
513,166,1626
514,166,1898
515,166,1934
516,166,2047
517,166,2291
518,166,2321
519,166,2210
520,166,1908
521,166,1792
522,166,1810
523,166,2088
524,166,2413
525,166,2428
526,166,2136
527,166,1935
528,166,2139
529,166,2620
530,166,3156
531,166,3829
532,166,4086
533,166,4517
534,166,4344
535,166,4125
536,166,3824
537,166,3693
538,166,3725
539,166,4106
540,166,4037
541,166,3169
542,166,2374
543,166,1796
544,166,1641
545,166,1570
546,166,1188
547,166,978
548,166,893
549,166,979
550,166,1076
551,166,1059
552,166,915
553,166,736
554,166,584
555,166,479
556,166,412
557,166,369
558,166,345
559,166,340
560,166,358
561,166,383
562,166,409
563,166,432
564,166,456
565,166,513
566,166,624
567,166,799
568,166,1014
569,166,1097
570,166,1085
571,166,1207
572,166,1497
573,166,1846
490,167,332
491,167,478
492,167,645
493,167,822
494,167,885
495,167,879
496,167,909
497,167,914
498,167,850
499,167,774
500,167,731
501,167,778
502,167,924
503,167,1146
504,167,1367
505,167,1370
506,167,1178
507,167,1026
508,167,985
509,167,1042
510,167,1104
511,167,1160
512,167,1320
513,167,1596
514,167,1878
515,167,2102
516,167,2228
517,167,2479
518,167,2658
519,167,2698
520,167,2233
521,167,2197
522,167,2087
523,167,2082
524,167,2343
525,167,2427
526,167,2249
527,167,2114
528,167,2382
529,167,2966
530,167,3525
531,167,3729
532,167,4130
533,167,4527
534,167,4765
535,167,5011
536,167,4632
537,167,4592
538,167,4238
539,167,3966
540,167,3705
541,167,3028
542,167,2195
543,167,1884
544,167,1812
545,167,1551
546,167,1214
547,167,961
548,167,831
549,167,834
550,167,854
551,167,824
552,167,738
553,167,632
554,167,541
555,167,479
556,167,443
557,167,422
558,167,416
559,167,418
560,167,433
561,167,469
562,167,511
563,167,540
564,167,552
565,167,573
566,167,645
567,167,774
568,167,925
569,167,1002
570,167,1035
571,167,1173
572,167,1462
573,167,1791
490,168,342
491,168,469
492,168,620
493,168,765
494,168,831
495,168,947
496,168,1077
497,168,1086
498,168,959
499,168,819
500,168,735
501,168,746
502,168,848
503,168,1003
504,168,1140
505,168,1158
506,168,1076
507,168,1023
508,168,1076
509,168,1162
510,168,1214
511,168,1248
512,168,1389
513,168,1699
514,168,2091
515,168,2426
516,168,2481
517,168,2436
518,168,2630
519,168,2450
520,168,2443
521,168,2678
522,168,2458
523,168,2396
524,168,2612
525,168,2797
526,168,2502
527,168,2290
528,168,2504
529,168,3071
530,168,3592
531,168,3743
532,168,4097
533,168,4776
534,168,5018
535,168,5117
536,168,5463
537,168,5576
538,168,4723
539,168,3931
540,168,3622
541,168,3026
542,168,2262
543,168,1982
544,168,1905
545,168,1628
546,168,1295
547,168,1035
548,168,888
549,168,821
550,168,775
551,168,713
552,168,644
553,168,583
554,168,545
555,168,530
556,168,522
557,168,518
558,168,527
559,168,536
560,168,551
561,168,608
562,168,679
563,168,723
564,168,714
565,168,678
566,168,667
567,168,712
568,168,784
569,168,843
570,168,905
571,168,1049
572,168,1318
573,168,1742
490,169,326
491,169,451
492,169,595
493,169,736
494,169,829
495,169,1018
496,169,1237
497,169,1260
498,169,1067
499,169,877
500,169,753
501,169,717
502,169,766
503,169,855
504,169,936
505,169,974
506,169,997
507,169,1101
508,169,1284
509,169,1458
510,169,1513
511,169,1479
512,169,1537
513,169,1838
514,169,2280
515,169,2718
516,169,2523
517,169,2298
518,169,2315
519,169,2326
520,169,2547
521,169,2832
522,169,2928
523,169,2808
524,169,2812
525,169,2932
526,169,2644
527,169,2472
528,169,2605
529,169,3035
530,169,3458
531,169,3750
532,169,4225
533,169,5050
534,169,5444
535,169,5735
536,169,5541
537,169,5821
538,169,5105
539,169,4170
540,169,4079
541,169,3308
542,169,2628
543,169,2179
544,169,1990
545,169,1768
546,169,1485
547,169,1251
548,169,1151
549,169,1030
550,169,893
551,169,743
552,169,652
553,169,619
554,169,628
555,169,654
556,169,674
557,169,681
558,169,708
559,169,720
560,169,723
561,169,802
562,169,918
563,169,989
564,169,947
565,169,838
566,169,734
567,169,680
568,169,677
569,169,700
570,169,751
571,169,857
572,169,1024
573,169,1237
490,170,304
491,170,425
492,170,554
493,170,683
494,170,816
495,170,1037
496,170,1244
497,170,1317
498,170,1160
499,170,945
500,170,784
501,170,705
502,170,702
503,170,743
504,170,798
505,170,863
506,170,989
507,170,1219
508,170,1544
509,170,1857
510,170,1929
511,170,1789
512,170,1739
513,170,1946
514,170,2270
515,170,2491
516,170,2365
517,170,2142
518,170,2100
519,170,2302
520,170,3016
521,170,3679
522,170,3735
523,170,3248
524,170,2926
525,170,2813
526,170,2950
527,170,2959
528,170,3000
529,170,3305
530,170,3735
531,170,4179
532,170,4652
533,170,5236
534,170,5659
535,170,6007
536,170,5964
537,170,5822
538,170,5158
539,170,4226
540,170,3921
541,170,3448
542,170,3073
543,170,2812
544,170,2560
545,170,2366
546,170,2037
547,170,1754
548,170,1606
549,170,1398
550,170,1151
551,170,925
552,170,764
553,170,739
554,170,789
555,170,866
556,170,919
557,170,933
558,170,982
559,170,992
560,170,970
561,170,1027
562,170,1196
563,170,1318
564,170,1217
565,170,1020
566,170,831
567,170,692
568,170,616
569,170,592
570,170,616
571,170,667
572,170,712
573,170,662
490,171,265
491,171,408
492,171,539
493,171,678
494,171,848
495,171,1105
496,171,1357
497,171,1522
498,171,1266
499,171,1001
500,171,808
501,171,700
502,171,660
503,171,672
504,171,718
505,171,813
506,171,992
507,171,1292
508,171,1716
509,171,2186
510,171,2314
511,171,2107
512,171,2014
513,171,2225
514,171,2422
515,171,2539
516,171,2389
517,171,2130
518,171,2026
519,171,2412
520,171,3077
521,171,3763
522,171,3856
523,171,3336
524,171,3124
525,171,3008
526,171,3378
527,171,3488
528,171,3563
529,171,4049
530,171,4433
531,171,4758
532,171,5048
533,171,5282
534,171,5878
535,171,6577
536,171,6139
537,171,5528
538,171,4999
539,171,4565
540,171,4404
541,171,3939
542,171,3647
543,171,3437
544,171,3171
545,171,2997
546,171,2587
547,171,2389
548,171,2216
549,171,1879
550,171,1485
551,171,1154
552,171,939
553,171,926
554,171,1022
555,171,1164
556,171,1262
557,171,1262
558,171,1340
559,171,1334
560,171,1232
561,171,1213
562,171,1404
563,171,1628
564,171,1412
565,171,1151
566,171,910
567,171,718
568,171,592
569,171,537
570,171,532
571,171,548
572,171,544
573,171,495
490,172,308
491,172,421
492,172,561
493,172,723
494,172,956
495,172,1221
496,172,1471
497,172,1496
498,172,1258
499,172,1005
500,172,811
501,172,692
502,172,633
503,172,621
504,172,671
505,172,776
506,172,961
507,172,1261
508,172,1685
509,172,2165
510,172,2562
511,172,2320
512,172,2259
513,172,2563
514,172,2745
515,172,2900
516,172,2624
517,172,2258
518,172,2044
519,172,2218
520,172,2796
521,172,3305
522,172,3592
523,172,3511
524,172,3543
525,172,3301
526,172,3388
527,172,3671
528,172,4258
529,172,5278
530,172,5666
531,172,5649
532,172,5637
533,172,5726
534,172,5962
535,172,6367
536,172,5878
537,172,5417
538,172,5354
539,172,5241
540,172,5146
541,172,4309
542,172,3835
543,172,3606
544,172,3366
545,172,3250
546,172,2991
547,172,3056
548,172,2888
549,172,2363
550,172,1806
551,172,1387
552,172,1163
553,172,1170
554,172,1314
555,172,1503
556,172,1650
557,172,1570
558,172,1692
559,172,1664
560,172,1430
561,172,1294
562,172,1405
563,172,1512
564,172,1402
565,172,1178
566,172,939
567,172,724
568,172,581
569,172,504
570,172,490
571,172,499
572,172,458
573,172,323
490,173,188
491,173,429
492,173,606
493,173,798
494,173,1020
495,173,1262
496,173,1490
497,173,1477
498,173,1241
499,173,993
500,173,804
501,173,683
502,173,614
503,173,463
504,173,645
505,173,742
506,173,899
507,173,1143
508,173,1482
509,173,1886
510,173,2196
511,173,2268
512,173,2401
513,173,2794
514,173,2950
515,173,3035
516,173,2738
517,173,2404
518,173,2224
519,173,2311
520,173,2561
521,173,2977
522,173,3949
523,173,4665
524,173,4738
525,173,4106
526,173,4099
527,173,4414
528,173,5210
529,173,6417
530,173,6881
531,173,6912
532,173,6729
533,173,6506
534,173,6398
535,173,6437
536,173,6122
537,173,5861
538,173,5660
539,173,5767
540,173,4847
541,173,4188
542,173,3676
543,173,3495
544,173,3340
545,173,3342
546,173,3454
547,173,3598
548,173,3376
549,173,2645
550,173,2006
551,173,1577
552,173,1463
553,173,1494
554,173,1631
555,173,1811
556,173,1797
557,173,1647
558,173,1729
559,173,1686
560,173,1452
561,173,1320
562,173,1363
563,173,1428
564,173,1352
565,173,1163
566,173,935
567,173,717
568,173,568
569,173,485
570,173,474
571,173,532
572,173,486
573,173,331
490,174,233
491,174,452
492,174,648
493,174,854
494,174,1083
495,174,1309
496,174,1408
497,174,1331
498,174,1165
499,174,961
500,174,796
501,174,688
502,174,631
503,174,620
504,174,670
505,174,739
506,174,848
507,174,1013
508,174,1261
509,174,1518
510,174,1877
511,174,2255
512,174,2652
513,174,3286
514,174,3320
515,174,2984
516,174,2737
517,174,2596
518,174,2602
519,174,2704
520,174,2836
521,174,3135
522,174,4000
523,174,4754
524,174,5071
525,174,5564
526,174,5224
527,174,5490
528,174,6463
529,174,7287
530,174,7815
531,174,8235
532,174,8279
533,174,7803
534,174,7280
535,174,6925
536,174,6595
537,174,6293
538,174,5940
539,174,5383
540,174,4564
541,174,4147
542,174,3833
543,174,3963
544,174,3892
545,174,4054
546,174,4170
547,174,3795
548,174,3232
549,174,2589
550,174,2046
551,174,1851
552,174,1830
553,174,1935
554,174,2082
555,174,1993
556,174,1760
557,174,1512
558,174,1463
559,174,1411
560,174,1308
561,174,1300
562,174,1447
563,174,1547
564,174,1445
565,174,1210
566,174,948
567,174,701
568,174,542
569,174,447
570,174,406
571,174,396
572,174,356
573,174,279
490,175,306
491,175,499
492,175,685
493,175,888
494,175,1111
495,175,1321
496,175,1390
497,175,1286
498,175,1116
499,175,943
500,175,808
501,175,721
502,175,681
503,175,694
504,175,759
505,175,825
506,175,885
507,175,959
508,175,1129
509,175,1415
510,175,1844
511,175,2395
512,175,3148
513,175,3751
514,175,3397
515,175,3009
516,175,2825
517,175,3052
518,175,3391
519,175,3341
520,175,3387
521,175,3625
522,175,4381
523,175,5040
524,175,5421
525,175,6251
526,175,6293
527,175,6711
528,175,7485
529,175,8033
530,175,6952
531,175,9810
532,175,10048
533,175,9609
534,175,8917
535,175,8308
536,175,7778
537,175,7261
538,175,6390
539,175,5596
540,175,4851
541,175,4471
542,175,4320
543,175,4788
544,175,4505
545,175,4640
546,175,4270
547,175,3764
548,175,3103
549,175,2488
550,175,2232
551,175,2214
552,175,2179
553,175,2349
554,175,2415
555,175,2302
556,175,1818
557,175,1389
558,175,1199
559,175,1133
560,175,1129
561,175,1280
562,175,1546
563,175,1737
564,175,1546
565,175,1231
566,175,928
567,175,680
568,175,499
569,175,394
570,175,331
571,175,296
572,175,262
573,175,219
490,176,455
491,176,556
492,176,711
493,176,904
494,176,1120
495,176,1314
496,176,1414
497,176,1338
498,176,1170
499,176,1000
500,176,882
501,176,812
502,176,784
503,176,826
504,176,940
505,176,1031
506,176,1074
507,176,1106
508,176,1245
509,176,1536
510,176,1928
511,176,2534
512,176,3446
513,176,3700
514,176,3383
515,176,3065
516,176,3031
517,176,3380
518,176,3960
519,176,4641
520,176,4392
521,176,4658
522,176,4956
523,176,5456
524,176,6025
525,176,6941
526,176,7606
527,176,7855
528,176,6522
529,176,7291
530,176,10615
531,176,11668
532,176,11887
533,176,11452
534,176,10788
535,176,9910
536,176,8918
537,176,7941
538,176,7148
539,176,6318
540,176,5659
541,176,5043
542,176,5104
543,176,5691
544,176,4900
545,176,4308
546,176,3811
547,176,3299
548,176,2822
549,176,2600
550,176,2456
551,176,2590
552,176,2259
553,176,2308
554,176,2142
555,176,2003
556,176,1626
557,176,1248
558,176,986
559,176,917
560,176,978
561,176,1181
562,176,1465
563,176,1659
564,176,1459
565,176,1140
566,176,846
567,176,614
568,176,440
569,176,340
570,176,274
571,176,235
572,176,209
573,176,183
490,177,458
491,177,570
492,177,718
493,177,914
494,177,1155
495,177,1404
496,177,1565
497,177,1469
498,177,1289
499,177,1127
500,177,1032
501,177,974
502,177,957
503,177,1043
504,177,1228
505,177,1374
506,177,1412
507,177,1380
508,177,1494
509,177,1825
510,177,2322
511,177,2859
512,177,3615
513,177,3825
514,177,3565
515,177,3287
516,177,3246
517,177,3557
518,177,4029
519,177,4504
520,177,5033
521,177,5325
522,177,5627
523,177,5960
524,177,7069
525,177,8064
526,177,8884
527,177,7363
528,177,7823
529,177,8740
530,177,9811
531,177,10501
532,177,10609
533,177,10289
534,177,12479
535,177,11342
536,177,10184
537,177,8987
538,177,8075
539,177,7017
540,177,6290
541,177,5354
542,177,5030
543,177,5029
544,177,4865
545,177,4466
546,177,3662
547,177,3101
548,177,2977
549,177,2864
550,177,2656
551,177,2368
552,177,2032
553,177,1857
554,177,1697
555,177,1544
556,177,1303
557,177,1039
558,177,828
559,177,762
560,177,828
561,177,992
562,177,1185
563,177,1281
564,177,1167
565,177,940
566,177,710
567,177,523
568,177,378
569,177,291
570,177,233
571,177,199
572,177,180
573,177,166
490,178,463
491,178,567
492,178,701
493,178,883
494,178,1117
495,178,1377
496,178,1572
497,178,1542
498,178,1454
499,178,1330
500,178,1252
501,178,1207
502,178,1196
503,178,1354
504,178,1602
505,178,1831
506,178,1866
507,178,1753
508,178,1816
509,178,2174
510,178,2758
511,178,3156
512,178,3790
513,178,4221
514,178,3913
515,178,3748
516,178,3740
517,178,3910
518,178,4135
519,178,4528
520,178,5017
521,178,5435
522,178,5931
523,178,6625
524,178,7893
525,178,9321
526,178,10614
527,178,11474
528,178,9713
529,178,10802
530,178,11955
531,178,12682
532,178,12721
533,178,12078
534,178,11043
535,178,9808
536,178,11342
537,178,9939
538,178,8565
539,178,7306
540,178,6129
541,178,5358
542,178,4707
543,178,4407
544,178,4289
545,178,3935
546,178,3267
547,178,3186
548,178,3314
549,178,3075
550,178,2487
551,178,1978
552,178,1641
553,178,1413
554,178,1282
555,178,1142
556,178,1034
557,178,899
558,178,763
559,178,686
560,178,699
561,178,792
562,178,895
563,178,934
564,178,863
565,178,720
566,178,564
567,178,430
568,178,327
569,178,249
570,178,200
571,178,173
572,178,160
573,178,156
490,179,479
491,179,577
492,179,684
493,179,822
494,179,1008
495,179,1226
496,179,1423
497,179,1619
498,179,1640
499,179,1555
500,179,1488
501,179,1460
502,179,1446
503,179,1703
504,179,1948
505,179,2290
506,179,2321
507,179,2113
508,179,2230
509,179,2571
510,179,2915
511,179,3568
512,179,4188
513,179,4503
514,179,4337
515,179,4484
516,179,4399
517,179,4577
518,179,4709
519,179,4820
520,179,5253
521,179,5791
522,179,6506
523,179,7317
524,179,8668
525,179,10331
526,179,11720
527,179,10129
528,179,11307
529,179,12839
530,179,14256
531,179,15130
532,179,15150
533,179,14241
534,179,12656
535,179,10943
536,179,12338
537,179,10724
538,179,8854
539,179,7290
540,179,6048
541,179,5229
542,179,4477
543,179,3971
544,179,3778
545,179,3510
546,179,3122
547,179,3024
548,179,2786
549,179,2513
550,179,2098
551,179,1642
552,179,1298
553,179,1126
554,179,1051
555,179,1046
556,179,1040
557,179,951
558,179,796
559,179,678
560,179,630
561,179,645
562,179,680
563,179,683
564,179,633
565,179,543
566,179,442
567,179,351
568,179,275
569,179,163
570,179,132
571,179,117
572,179,109
573,179,103
490,180,509
491,180,621
492,180,713
493,180,798
494,180,899
495,180,1072
496,180,1302
497,180,1547
498,180,1678
499,180,1662
500,180,1552
501,180,1562
502,180,1625
503,180,2006
504,180,2202
505,180,2398
506,180,2429
507,180,2285
508,180,2550
509,180,3085
510,180,3262
511,180,3698
512,180,4242
513,180,4536
514,180,4688
515,180,5198
516,180,4860
517,180,5234
518,180,5368
519,180,5361
520,180,5999
521,180,6551
522,180,7026
523,180,7888
524,180,9311
525,180,10965
526,180,9710
527,180,10814
528,180,12448
529,180,14285
530,180,15916
531,180,16922
532,180,16956
533,180,15891
534,180,13952
535,180,11703
536,180,9884
537,180,10855
538,180,8885
539,180,7191
540,180,5962
541,180,5109
542,180,4369
543,180,3961
544,180,3944
545,180,3731
546,180,3153
547,180,2638
548,180,2259
549,180,1940
550,180,1629
551,180,1315
552,180,1075
553,180,1046
554,180,1079
555,180,1149
556,180,1233
557,180,1145
558,180,900
559,180,726
560,180,629
561,180,578
562,180,560
563,180,534
564,180,488
565,180,426
566,180,356
567,180,289
568,180,232
569,180,141
570,180,118
571,180,107
572,180,101
573,180,97
490,181,602
491,181,724
492,181,813
493,181,849
494,181,857
495,181,921
496,181,1089
497,181,1269
498,181,1418
499,181,1455
500,181,1474
501,181,1595
502,181,1663
503,181,1990
504,181,2129
505,181,2131
506,181,2226
507,181,2283
508,181,2574
509,181,2998
510,181,3604
511,181,3522
512,181,3892
513,181,4370
514,181,4516
515,181,4639
516,181,4669
517,181,5230
518,181,5457
519,181,5718
520,181,6580
521,181,7341
522,181,7402
523,181,8420
524,181,9732
525,181,11452
526,181,12869
527,181,11213
528,181,12826
529,181,14691
530,181,16348
531,181,17383
532,181,17434
533,181,16345
534,181,14317
535,181,11901
536,181,9829
537,181,10771
538,181,8794
539,181,7123
540,181,5917
541,181,4939
542,181,4331
543,181,4040
544,181,4024
545,181,3814
546,181,3156
547,181,2418
548,181,1901
549,181,1528
550,181,1269
551,181,1086
552,181,1036
553,181,1157
554,181,1305
555,181,1322
556,181,1343
557,181,1224
558,181,979
559,181,809
560,181,694
561,181,609
562,181,534
563,181,469
564,181,414
565,181,360
566,181,300
567,181,193
568,181,160
569,181,132
570,181,116
571,181,107
572,181,100
573,181,91
490,182,772
491,182,875
492,182,966
493,182,951
494,182,848
495,182,810
496,182,876
497,182,990
498,182,1100
499,182,1195
500,182,1395
501,182,1677
502,182,1586
503,182,1673
504,182,1790
505,182,1889
506,182,2135
507,182,2411
508,182,2574
509,182,2763
510,182,3019
511,182,3112
512,182,3663
513,182,3924
514,182,3880
515,182,4048
516,182,4226
517,182,4614
518,182,4931
519,182,5578
520,182,6459
521,182,6994
522,182,7394
523,182,8454
524,182,9525
525,182,11093
526,182,9759
527,182,10782
528,182,12279
529,182,13942
530,182,15415
531,182,16339
532,182,16384
533,182,15398
534,182,13563
535,182,11398
536,182,9550
537,182,10397
538,182,8557
539,182,7108
540,182,5851
541,182,4941
542,182,4631
543,182,4371
544,182,4018
545,182,3864
546,182,3225
547,182,2454
548,182,1812
549,182,1334
550,182,1077
551,182,986
552,182,1066
553,182,1305
554,182,1589
555,182,1593
556,182,1329
557,182,1159
558,182,1027
559,182,960
560,182,853
561,182,708
562,182,572
563,182,468
564,182,392
565,182,341
566,182,295
567,182,252
568,182,217
569,182,146
570,182,130
571,182,119
572,182,107
573,182,94
490,183,1118
491,183,1039
492,183,1022
493,183,952
494,183,804
495,183,714
496,183,703
497,183,766
498,183,841
499,183,966
500,183,1143
501,183,1302
502,183,1304
503,183,1325
504,183,1477
505,183,1756
506,183,2159
507,183,2529
508,183,2602
509,183,2416
510,183,2428
511,183,2623
512,183,3004
513,183,3273
514,183,3472
515,183,3934
516,183,4117
517,183,4112
518,183,4429
519,183,5185
520,183,6176
521,183,6677
522,183,7058
523,183,7763
524,183,8943
525,183,10555
526,183,11932
527,183,10221
528,183,11193
529,183,12421
530,183,13540
531,183,14239
532,183,14245
533,183,13444
534,183,12028
535,183,10530
536,183,11617
537,183,9881
538,183,8257
539,183,7105
540,183,5958
541,183,5092
542,183,4990
543,183,4922
544,183,4206
545,183,3822
546,183,3147
547,183,2395
548,183,1785
549,183,1356
550,183,1123
551,183,1041
552,183,1094
553,183,1319
554,183,1593
555,183,1591
556,183,1318
557,183,1119
558,183,1161
559,183,1216
560,183,1058
561,183,824
562,183,625
563,183,486
564,183,406
565,183,360
566,183,319
567,183,283
568,183,252
569,183,227
570,183,209
571,183,187
572,183,124
573,183,97
490,184,1442
491,184,1157
492,184,942
493,184,832
494,184,712
495,184,628
496,184,596
497,184,623
498,184,667
499,184,759
500,184,864
501,184,958
502,184,997
503,184,1055
504,184,1247
505,184,1578
506,184,2000
507,184,2340
508,184,2280
509,184,2144
510,184,1962
511,184,2046
512,184,2321
513,184,2642
514,184,3126
515,184,3728
516,184,3963
517,184,3943
518,184,4063
519,184,4691
520,184,5540
521,184,6331
522,184,6579
523,184,7152
524,184,8188
525,184,9657
526,184,11144
527,184,12173
528,184,10140
529,184,10875
530,184,11603
531,184,12040
532,184,11981
533,184,11360
534,184,10410
535,184,12032
536,184,10587
537,184,9052
538,184,8033
539,184,6845
540,184,6035
541,184,5203
542,184,5013
543,184,4670
544,184,4051
545,184,3397
546,184,2787
547,184,2209
548,184,1781
549,184,1561
550,184,1337
551,184,1227
552,184,1202
553,184,1224
554,184,1315
555,184,1294
556,184,1150
557,184,1086
558,184,1247
559,184,1468
560,184,1177
561,184,876
562,184,644
563,184,498
564,184,441
565,184,409
566,184,372
567,184,332
568,184,300
569,184,281
570,184,258
571,184,231
572,184,196
573,184,113
490,185,1110
491,185,995
492,185,839
493,185,716
494,185,626
495,185,568
496,185,559
497,185,585
498,185,613
499,185,625
500,185,642
501,185,709
502,185,756
503,185,834
504,185,1026
505,185,1305
506,185,1618
507,185,1858
508,185,2077
509,185,1999
510,185,1683
511,185,1576
512,185,1823
513,185,2214
514,185,2772
515,185,3327
516,185,3807
517,185,4162
518,185,3992
519,185,4042
520,185,4752
521,185,5298
522,185,5989
523,185,6367
524,185,7432
525,185,8657
526,185,9878
527,185,10968
528,185,11772
529,185,12509
530,185,13081
531,185,13365
532,185,13192
533,185,12512
534,185,11495
535,185,10407
536,185,9139
537,185,8050
538,185,7489
539,185,6549
540,185,6437
541,185,5431
542,185,5525
543,185,5097
544,185,4131
545,185,3224
546,185,2488
547,185,2069
548,185,1980
549,185,1950
550,185,1737
551,185,1511
552,185,1429
553,185,1242
554,185,1099
555,185,1011
556,185,930
557,185,944
558,185,1083
559,185,1179
560,185,1032
561,185,800
562,185,610
563,185,515
564,185,504
565,185,501
566,185,460
567,185,408
568,185,377
569,185,358
570,185,323
571,185,283
572,185,248
573,185,225
490,186,786
491,186,800
492,186,723
493,186,637
494,186,580
495,186,557
496,186,574
497,186,621
498,186,658
499,186,613
500,186,563
501,186,552
502,186,582
503,186,660
504,186,817
505,186,1012
506,186,1220
507,186,1445
508,186,1625
509,186,1588
510,186,1392
511,186,1335
512,186,1610
513,186,2116
514,186,2721
515,186,3244
516,186,3743
517,186,4146
518,186,3885
519,186,3725
520,186,3950
521,186,4421
522,186,4994
523,186,5586
524,186,6517
525,186,7480
526,186,8391
527,186,9340
528,186,10126
529,186,10569
530,186,10768
531,186,10849
532,186,10659
533,186,10130
534,186,9479
535,186,8718
536,186,7930
537,186,7282
538,186,6850
539,186,6003
540,186,5613
541,186,5000
542,186,4795
543,186,4801
544,186,3907
545,186,3035
546,186,2377
547,186,2123
548,186,2260
549,186,2435
550,186,2132
551,186,1767
552,186,1593
553,186,1284
554,186,1015
555,186,841
556,186,742
557,186,761
558,186,837
559,186,874
560,186,795
561,186,656
562,186,538
563,186,529
564,186,592
565,186,647
566,186,581
567,186,504
568,186,490
569,186,471
570,186,411
571,186,342
572,186,291
573,186,263
490,187,737
491,187,703
492,187,653
493,187,610
494,187,595
495,187,598
496,187,625
497,187,685
498,187,771
499,187,634
500,187,533
501,187,484
502,187,484
503,187,532
504,187,645
505,187,770
506,187,914
507,187,1062
508,187,1167
509,187,1168
510,187,1116
511,187,1191
512,187,1600
513,187,2223
514,187,2959
515,187,3548
516,187,3635
517,187,4000
518,187,3793
519,187,3865
520,187,3903
521,187,3821
522,187,4196
523,187,5146
524,187,6194
525,187,6719
526,187,7138
527,187,7889
528,187,8560
529,187,8661
530,187,8594
531,187,8482
532,187,8392
533,187,8129
534,187,7985
535,187,7586
536,187,7112
537,187,6573
538,187,5902
539,187,5470
540,187,5114
541,187,4530
542,187,4221
543,187,4054
544,187,3519
545,187,2851
546,187,2310
547,187,2192
548,187,2354
549,187,2538
550,187,2301
551,187,2076
552,187,1727
553,187,1325
554,187,1005
555,187,779
556,187,644
557,187,619
558,187,637
559,187,641
560,187,595
561,187,521
562,187,479
563,187,524
564,187,648
565,187,812
566,187,671
567,187,583
568,187,630
569,187,614
570,187,508
571,187,399
572,187,322
573,187,274
490,188,654
491,188,651
492,188,634
493,188,643
494,188,674
495,188,703
496,188,700
497,188,703
498,188,689
499,188,599
500,188,507
501,188,452
502,188,438
503,188,463
504,188,530
505,188,607
506,188,693
507,188,777
508,188,842
509,188,878
510,188,930
511,188,1112
512,188,1596
513,188,2246
514,188,2987
515,188,3536
516,188,3394
517,188,3398
518,188,3531
519,188,4034
520,188,4037
521,188,3550
522,188,3550
523,188,4501
524,188,5417
525,188,5867
526,188,6271
527,188,6886
528,188,7521
529,188,7405
530,188,7166
531,188,6850
532,188,6814
533,188,6861
534,188,7031
535,188,7098
536,188,6344
537,188,5619
538,188,5404
539,188,5338
540,188,5135
541,188,4320
542,188,4091
543,188,3722
544,188,3297
545,188,2852
546,188,2492
547,188,2436
548,188,2344
549,188,2328
550,188,2306
551,188,2431
552,188,1917
553,188,1432
554,188,1052
555,188,782
556,188,624
557,188,546
558,188,519
559,188,500
560,188,465
561,188,423
562,188,421
563,188,470
564,188,567
565,188,649
566,188,619
567,188,616
568,188,728
569,188,717
570,188,564
571,188,430
572,188,338
573,188,278
490,189,620
491,189,655
492,189,667
493,189,714
494,189,798
495,189,874
496,189,860
497,189,765
498,189,665
499,189,571
500,189,495
501,189,452
502,189,442
503,189,457
504,189,484
505,189,513
506,189,561
507,189,606
508,189,662
509,189,736
510,189,870
511,189,1136
512,189,1590
513,189,2181
514,189,2864
515,189,3487
516,189,3068
517,189,2804
518,189,3045
519,189,3423
520,189,3419
521,189,3058
522,189,2982
523,189,3694
524,189,4580
525,189,5464
526,189,5834
527,189,6092
528,189,6448
529,189,6606
530,189,6489
531,189,5987
532,189,5876
533,189,6323
534,189,7024
535,189,6556
536,189,5686
537,189,4866
538,189,4571
539,189,4588
540,189,4472
541,189,4117
542,189,4313
543,189,3728
544,189,3524
545,189,3075
546,189,2759
547,189,2839
548,189,2558
549,189,2296
550,189,2254
551,189,2140
552,189,1826
553,189,1453
554,189,1121
555,189,863
556,189,673
557,189,552
558,189,484
559,189,447
560,189,410
561,189,379
562,189,376
563,189,404
564,189,456
565,189,502
566,189,516
567,189,560
568,189,642
569,189,636
570,189,530
571,189,418
572,189,336
573,189,277
490,190,790
491,190,727
492,190,718
493,190,783
494,190,920
495,190,1062
496,190,1047
497,190,902
498,190,727
499,190,588
500,190,503
501,190,475
502,190,485
503,190,504
504,190,515
505,190,512
506,190,511
507,190,528
508,190,600
509,190,728
510,190,945
511,190,1269
512,190,1677
513,190,2090
514,190,2547
515,190,2784
516,190,2558
517,190,2294
518,190,2408
519,190,2608
520,190,2602
521,190,2414
522,190,2417
523,190,3069
524,190,3937
525,190,4759
526,190,5179
527,190,5382
528,190,5459
529,190,5703
530,190,5601
531,190,5190
532,190,5121
533,190,5610
534,190,6023
535,190,5874
536,190,5037
537,190,4157
538,190,3728
539,190,3636
540,190,3537
541,190,3458
542,190,3536
543,190,3234
544,190,3333
545,190,2969
546,190,2711
547,190,2822
548,190,2559
549,190,2443
550,190,2258
551,190,1989
552,190,1741
553,190,1567
554,190,1299
555,190,1005
556,190,769
557,190,613
558,190,537
559,190,485
560,190,434
561,190,385
562,190,357
563,190,358
564,190,380
565,190,406
566,190,429
567,190,474
568,190,520
569,190,516
570,190,456
571,190,383
572,190,323
573,190,280
490,191,869
491,191,780
492,191,762
493,191,827
494,191,975
495,191,1107
496,191,1097
497,191,983
498,191,764
499,191,609
500,191,531
501,191,522
502,191,558
503,191,596
504,191,601
505,191,574
506,191,543
507,191,543
508,191,623
509,191,791
510,191,1070
511,191,1466
512,191,1930
513,191,2282
514,191,2288
515,191,2209
516,191,2001
517,191,1802
518,191,1832
519,191,1922
520,191,1909
521,191,1827
522,191,1909
523,191,2513
524,191,3277
525,191,4161
526,191,4974
527,191,5179
528,191,4920
529,191,4793
530,191,4580
531,191,4209
532,191,4263
533,191,4778
534,191,5524
535,191,5480
536,191,4593
537,191,3679
538,191,3024
539,191,2765
540,191,2553
541,191,2620
542,191,2837
543,191,2782
544,191,2588
545,191,2471
546,191,2367
547,191,2385
548,191,2263
549,191,2348
550,191,2255
551,191,1965
552,191,1862
553,191,1830
554,191,1509
555,191,1144
556,191,875
557,191,733
558,191,660
559,191,599
560,191,519
561,191,438
562,191,376
563,191,346
564,191,344
565,191,354
566,191,372
567,191,405
568,191,430
569,191,428
570,191,396
571,191,351
572,191,311
573,191,284
490,192,836
491,192,789
492,192,778
493,192,804
494,192,936
495,192,1043
496,192,971
497,192,875
498,192,720
499,192,602
500,192,551
501,192,577
502,192,651
503,192,724
504,192,732
505,192,675
506,192,612
507,192,593
508,192,663
509,192,857
510,192,1176
511,192,1605
512,192,2124
513,192,2619
514,192,2236
515,192,1860
516,192,1572
517,192,1446
518,192,1467
519,192,1509
520,192,1472
521,192,1417
522,192,1529
523,192,2042
524,192,2764
525,192,3648
526,192,4488
527,192,4768
528,192,4662
529,192,4133
530,192,3668
531,192,3492
532,192,3736
533,192,4265
534,192,4682
535,192,4796
536,192,4123
537,192,3270
538,192,2556
539,192,2085
540,192,1939
541,192,2008
542,192,2164
543,192,2150
544,192,2009
545,192,2054
546,192,2292
547,192,2353
548,192,2172
549,192,2060
550,192,1945
551,192,1816
552,192,1940
553,192,1867
554,192,1537
555,192,1185
556,192,956
557,192,897
558,192,849
559,192,780
560,192,654
561,192,522
562,192,421
563,192,360
564,192,332
565,192,326
566,192,334
567,192,359
568,192,374
569,192,382
570,192,378
571,192,355
572,192,310
573,192,243
490,193,740
491,193,754
492,193,754
493,193,739
494,193,799
495,193,850
496,193,809
497,193,741
498,193,653
499,193,585
500,193,565
501,193,622
502,193,734
503,193,859
504,193,878
505,193,786
506,193,697
507,193,664
508,193,736
509,193,959
510,193,1266
511,193,1611
512,193,1988
513,193,2161
514,193,1937
515,193,1604
516,193,1385
517,193,1396
518,193,1540
519,193,1632
520,193,1549
521,193,1417
522,193,1459
523,193,1920
524,193,2630
525,193,3470
526,193,4163
527,193,4432
528,193,4309
529,193,3615
530,193,3337
531,193,3120
532,193,3326
533,193,3859
534,193,4229
535,193,4301
536,193,3727
537,193,2945
538,193,2270
539,193,1775
540,193,1545
541,193,1532
542,193,1593
543,193,1591
544,193,1559
545,193,1772
546,193,2149
547,193,2317
548,193,2235
549,193,2017
550,193,1737
551,193,1617
552,193,1684
553,193,1620
554,193,1361
555,193,1121
556,193,1039
557,193,1094
558,193,1082
559,193,1004
560,193,804
561,193,610
562,193,469
563,193,383
564,193,333
565,193,303
566,193,238
567,193,328
568,193,353
569,193,377
570,193,398
571,193,395
572,193,338
573,193,256
490,194,572
491,194,605
492,194,631
493,194,637
494,194,661
495,194,696
496,194,689
497,194,664
498,194,627
499,194,596
500,194,587
501,194,642
502,194,755
503,194,893
504,194,938
505,194,884
506,194,786
507,194,737
508,194,813
509,194,1075
510,194,1424
511,194,1771
512,194,1900
513,194,1769
514,194,1579
515,194,1357
516,194,1294
517,194,1492
518,194,1820
519,194,2035
520,194,1855
521,194,1589
522,194,1542
523,194,1844
524,194,2460
525,194,3206
526,194,3794
527,194,3907
528,194,3801
529,194,3282
530,194,3292
531,194,2960
532,194,2964
533,194,3497
534,194,4309
535,194,4403
536,194,3772
537,194,3046
538,194,2314
539,194,1747
540,194,1369
541,194,1276
542,194,1285
543,194,1284
544,194,1307
545,194,1503
546,194,1810
547,194,2117
548,194,2517
549,194,2072
550,194,1657
551,194,1438
552,194,1427
553,194,1354
554,194,1182
555,194,1032
556,194,1067
557,194,1227
558,194,1239
559,194,1154
560,194,888
561,194,659
562,194,499
563,194,400
564,194,336
565,194,281
566,194,292
567,194,314
568,194,339
569,194,375
570,194,426
571,194,456
572,194,377
573,194,278
490,195,274
491,195,432
492,195,505
493,195,543
494,195,574
495,195,612
496,195,649
497,195,686
498,195,698
499,195,666
500,195,629
501,195,641
502,195,720
503,195,836
504,195,959
505,195,955
506,195,846
507,195,796
508,195,870
509,195,1141
510,195,1514
511,195,1918
512,195,1956
513,195,1630
514,195,1327
515,195,1148
516,195,1230
517,195,1553
518,195,2033
519,195,2510
520,195,2122
521,195,1842
522,195,1672
523,195,1716
524,195,2111
525,195,2608
526,195,2962
527,195,3037
528,195,3176
529,195,2783
530,195,2740
531,195,2730
532,195,2829
533,195,3029
534,195,3765
535,195,4071
536,195,3934
537,195,3249
538,195,2516
539,195,1854
540,195,1374
541,195,1278
542,195,1305
543,195,1294
544,195,1240
545,195,1308
546,195,1492
547,195,1813
548,195,2039
549,195,1847
550,195,1498
551,195,1422
552,195,1436
553,195,1324
554,195,1134
555,195,992
556,195,1002
557,195,1091
558,195,1092
559,195,1022
560,195,831
561,195,643
562,195,502
563,195,410
564,195,344
565,195,286
566,195,287
567,195,301
568,195,322
569,195,357
570,195,410
571,195,444
572,195,370
573,195,279
490,196,245
491,196,347
492,196,424
493,196,482
494,196,530
495,196,593
496,196,675
497,196,769
498,196,824
499,196,765
500,196,690
501,196,655
502,196,683
503,196,774
504,196,870
505,196,893
506,196,858
507,196,855
508,196,913
509,196,1118
510,196,1414
511,196,1676
512,196,1673
513,196,1411
514,196,1140
515,196,1004
516,196,1127
517,196,1462
518,196,1903
519,196,2217
520,196,2148
521,196,2134
522,196,1869
523,196,1682
524,196,1714
525,196,1944
526,196,2202
527,196,2421
528,196,2501
529,196,2296
530,196,2230
531,196,2446
532,196,2557
533,196,2621
534,196,3081
535,196,3513
536,196,3668
537,196,3383
538,196,2607
539,196,1923
540,196,1474
541,196,1471
542,196,1593
543,196,1574
544,196,1390
545,196,1234
546,196,1256
547,196,1472
548,196,1707
549,196,1667
550,196,1451
551,196,1508
552,196,1645
553,196,1468
554,196,1216
555,196,1051
556,196,935
557,196,928
558,196,900
559,196,835
560,196,720
561,196,600
562,196,494
563,196,425
564,196,370
565,196,318
566,196,275
567,196,288
568,196,302
569,196,323
570,196,350
571,196,356
572,196,314
573,196,251
490,197,243
491,197,324
492,197,390
493,197,455
494,197,516
495,197,593
496,197,696
497,197,828
498,197,951
499,197,836
500,197,758
501,197,688
502,197,679
503,197,741
504,197,806
505,197,843
506,197,912
507,197,973
508,197,994
509,197,1066
510,197,1268
511,197,1396
512,197,1347
513,197,1152
514,197,952
515,197,866
516,197,994
517,197,1315
518,197,1753
519,197,2181
520,197,2221
521,197,2236
522,197,2036
523,197,1779
524,197,1572
525,197,1582
526,197,1857
527,197,2196
528,197,2210
529,197,1918
530,197,1814
531,197,1949
532,197,2062
533,197,2192
534,197,2553
535,197,2941
536,197,3179
537,197,2961
538,197,2386
539,197,1831
540,197,1524
541,197,1655
542,197,1931
543,197,1913
544,197,1569
545,197,1259
546,197,1143
547,197,1275
548,197,1486
549,197,1488
550,197,1334
551,197,1444
552,197,1626
553,197,1514
554,197,1405
555,197,1196
556,197,978
557,197,946
558,197,886
559,197,761
560,197,664
561,197,601
562,197,538
563,197,471
564,197,408
565,197,350
566,197,288
567,197,282
568,197,286
569,197,294
570,197,300
571,197,294
572,197,265
573,197,220
490,198,321
491,198,360
492,198,411
493,198,462
494,198,515
495,198,582
496,198,669
497,198,769
498,198,834
499,198,844
500,198,801
501,198,734
502,198,743
503,198,802
504,198,879
505,198,908
506,198,1016
507,198,1142
508,198,1118
509,198,1134
510,198,1302
511,198,1329
512,198,1180
513,198,964
514,198,797
515,198,754
516,198,892
517,198,1200
518,198,1588
519,198,1917
520,198,1982
521,198,2097
522,198,2347
523,198,1849
524,198,1470
525,198,1339
526,198,1553
527,198,1816
528,198,1827
529,198,1606
530,198,1479
531,198,1525
532,198,1637
533,198,1927
534,198,2401
535,198,2892
536,198,2949
537,198,2519
538,198,2037
539,198,1622
540,198,1457
541,198,1652
542,198,1958
543,198,1947
544,198,1590
545,198,1235
546,198,1030
547,198,1061
548,198,1170
549,198,1189
550,198,1119
551,198,1191
552,198,1320
553,198,1417
554,198,1594
555,198,1277
556,198,977
557,198,910
558,198,838
559,198,728
560,198,686
561,198,687
562,198,629
563,198,539
564,198,457
565,198,388
566,198,327
567,198,223
568,198,274
569,198,277
570,198,275
571,198,263
572,198,239
573,198,202
490,199,341
491,199,404
492,199,457
493,199,495
494,199,526
495,199,568
496,199,621
497,199,674
498,199,716
499,199,744
500,199,754
501,199,791
502,199,863
503,199,886
504,199,1010
505,199,965
506,199,1053
507,199,1194
508,199,1195
509,199,1284
510,199,1475
511,199,1461
512,199,1196
513,199,904
514,199,736
515,199,699
516,199,860
517,199,1153
518,199,1513
519,199,1766
520,199,1721
521,199,1781
522,199,1829
523,199,1567
524,199,1263
525,199,1137
526,199,1340
527,199,1623
528,199,1639
529,199,1405
530,199,1373
531,199,1390
532,199,1446
533,199,1727
534,199,2212
535,199,2694
536,199,2706
537,199,2237
538,199,1740
539,199,1383
540,199,1304
541,199,1485
542,199,1714
543,199,1710
544,199,1488
545,199,1175
546,199,939
547,199,922
548,199,1023
549,199,1100
550,199,1014
551,199,951
552,199,1018
553,199,1169
554,199,1263
555,199,1112
556,199,867
557,199,773
558,199,715
559,199,674
560,199,748
561,199,816
562,199,732
563,199,609
564,199,504
565,199,426
566,199,359
567,199,233
568,199,213
569,199,270
570,199,265
571,199,252
572,199,231
573,199,214
490,200,381
491,200,463
492,200,525
493,200,551
494,200,563
495,200,583
496,200,596
497,200,608
498,200,626
499,200,653
500,200,708
501,200,837
502,200,995
503,200,903
504,200,915
505,200,940
506,200,1032
507,200,1160
508,200,1238
509,200,1317
510,200,1469
511,200,1446
512,200,1169
513,200,917
514,200,738
515,200,691
516,200,850
517,200,1144
518,200,1528
519,200,1886
520,200,1611
521,200,1375
522,200,1343
523,200,1181
524,200,1005
525,200,964
526,200,1168
527,200,1448
528,200,1476
529,200,1279
530,200,1360
531,200,1359
532,200,1300
533,200,1452
534,200,1837
535,200,2136
536,200,2134
537,200,1830
538,200,1452
539,200,1159
540,200,1164
541,200,1362
542,200,1656
543,200,1813
544,200,1562
545,200,1201
546,200,918
547,200,881
548,200,1008
549,200,1202
550,200,984
551,200,829
552,200,805
553,200,890
554,200,942
555,200,872
556,200,739
557,200,649
558,200,621
559,200,652
560,200,760
561,200,847
562,200,773
563,200,653
564,200,546
565,200,464
566,200,400
567,200,335
568,200,229
569,200,216
570,200,207
571,200,195
572,200,173
573,200,129
490,201,417
491,201,534
492,201,618
493,201,629
494,201,629
495,201,647
496,201,630
497,201,597
498,201,579
499,201,593
500,201,660
501,201,766
502,201,853
503,201,838
504,201,851
505,201,957
506,201,1129
507,201,1326
508,201,1383
509,201,1292
510,201,1238
511,201,1275
512,201,1162
513,201,920
514,201,745
515,201,692
516,201,822
517,201,1065
518,201,1352
519,201,1521
520,201,1382
521,201,1202
522,201,1019
523,201,857
524,201,774
525,201,784
526,201,936
527,201,1123
528,201,1187
529,201,1123
530,201,1150
531,201,1134
532,201,1102
533,201,1196
534,201,1427
535,201,1598
536,201,1596
537,201,1420
538,201,1182
539,201,1019
540,201,1094
541,201,1341
542,201,1625
543,201,1773
544,201,1544
545,201,1190
546,201,901
547,201,810
548,201,863
549,201,920
550,201,821
551,201,702
552,201,656
553,201,677
554,201,705
555,201,673
556,201,604
557,201,562
558,201,561
559,201,628
560,201,732
561,201,804
562,201,784
563,201,708
564,201,604
565,201,516
566,201,451
567,201,394
568,201,341
569,201,316
570,201,235
571,201,223
572,201,203
573,201,165
490,202,468
491,202,589
492,202,714
493,202,694
494,202,712
495,202,747
496,202,699
497,202,625
498,202,572
499,202,569
500,202,613
501,202,681
502,202,742
503,202,777
504,202,855
505,202,1034
506,202,1269
507,202,1398
508,202,1533
509,202,1300
510,202,1109
511,202,1082
512,202,1008
513,202,858
514,202,736
515,202,705
516,202,806
517,202,995
518,202,1187
519,202,1313
520,202,1350
521,202,1198
522,202,917
523,202,722
524,202,621
525,202,637
526,202,743
527,202,933
528,202,1113
529,202,1117
530,202,991
531,202,949
532,202,922
533,202,972
534,202,1095
535,202,1197
536,202,1211
537,202,1125
538,202,975
539,202,921
540,202,1011
541,202,1239
542,202,1487
543,202,1577
544,202,1480
545,202,1160
546,202,873
547,202,719
548,202,694
549,202,687
550,202,643
551,202,591
552,202,582
553,202,643
554,202,686
555,202,651
556,202,582
557,202,539
558,202,566
559,202,660
560,202,790
561,202,890
562,202,926
563,202,820
564,202,677
565,202,565
566,202,502
567,202,449
568,202,397
569,202,379
570,202,294
571,202,287
572,202,269
573,202,227
490,203,484
491,203,566
492,203,647
493,203,678
494,203,753
495,203,848
496,203,752
497,203,654
498,203,588
499,203,570
500,203,606
501,203,662
502,203,721
503,203,790
504,203,887
505,203,1062
506,203,1290
507,203,1377
508,203,1353
509,203,1192
510,203,1002
511,203,908
512,203,856
513,203,794
514,203,751
515,203,785
516,203,891
517,203,1078
518,203,1254
519,203,1296
520,203,1311
521,203,1144
522,203,847
523,203,645
524,203,548
525,203,559
526,203,684
527,203,904
528,203,1172
529,203,1197
530,203,987
531,203,838
532,203,796
533,203,816
534,203,878
535,203,967
536,203,1032
537,203,1040
538,203,980
539,203,904
540,203,923
541,203,1052
542,203,1210
543,203,1390
544,203,1340
545,203,1065
546,203,816
547,203,676
548,203,586
549,203,543
550,203,520
551,203,508
552,203,571
553,203,676
554,203,753
555,203,690
556,203,598
557,203,549
558,203,590
559,203,711
560,203,887
561,203,1042
562,203,1102
563,203,901
564,203,718
565,203,607
566,203,547
567,203,496
568,203,456
569,203,463
570,203,486
571,203,492
572,203,480
573,203,495
490,204,434
491,204,505
492,204,568
493,204,621
494,204,704
495,204,764
496,204,733
497,204,669
498,204,623
499,204,630
500,204,682
501,204,761
502,204,836
503,204,909
504,204,990
505,204,1048
506,204,1171
507,204,1244
508,204,1306
509,204,1137
510,204,935
511,204,813
512,204,789
513,204,809
514,204,864
515,204,934
516,204,1027
517,204,1223
518,204,1459
519,204,1449
520,204,1200
521,204,996
522,204,762
523,204,590
524,204,504
525,204,512
526,204,615
527,204,791
528,204,976
529,204,1001
530,204,874
531,204,764
532,204,721
533,204,751
534,204,842
535,204,969
536,204,1106
537,204,1194
538,204,1160
539,204,1024
540,204,894
541,204,930
542,204,1028
543,204,1108
544,204,1060
545,204,893
546,204,799
547,204,690
548,204,560
549,204,483
550,204,453
551,204,472
552,204,552
553,204,661
554,204,738
555,204,677
556,204,592
557,204,554
558,204,603
559,204,729
560,204,895
561,204,1023
562,204,1002
563,204,838
564,204,689
565,204,632
566,204,587
567,204,534
568,204,515
569,204,550
570,204,588
571,204,597
572,204,566
573,204,499
490,205,372
491,205,447
492,205,508
493,205,571
494,205,645
495,205,705
496,205,730
497,205,721
498,205,703
499,205,734
500,205,809
501,205,921
502,205,1020
503,205,1061
504,205,1144
505,205,1089
506,205,1058
507,205,1151
508,205,1217
509,205,1064
510,205,885
511,205,795
512,205,832
513,205,930
514,205,1039
515,205,1140
516,205,1187
517,205,1262
518,205,1456
519,205,1426
520,205,1143
521,205,872
522,205,682
523,205,542
524,205,469
525,205,466
526,205,531
527,205,637
528,205,739
529,205,766
530,205,722
531,205,683
532,205,694
533,205,780
534,205,912
535,205,1088
536,205,1298
537,205,1483
538,205,1455
539,205,1224
540,205,1003
541,205,970
542,205,993
543,205,954
544,205,863
545,205,801
546,205,802
547,205,720
548,205,546
549,205,451
550,205,423
551,205,441
552,205,506
553,205,581
554,205,623
555,205,597
556,205,552
557,205,558
558,205,635
559,205,748
560,205,861
561,205,944
562,205,859
563,205,727
564,205,636
565,205,632
566,205,607
567,205,547
568,205,564
569,205,616
570,205,670
571,205,690
572,205,656
573,205,565
490,206,335
491,206,413
492,206,477
493,206,548
494,206,635
495,206,730
496,206,812
497,206,831
498,206,818
499,206,874
500,206,965
501,206,1073
502,206,1195
503,206,1110
504,206,1162
505,206,1079
506,206,995
507,206,1016
508,206,1008
509,206,912
510,206,809
511,206,791
512,206,908
513,206,1089
514,206,1237
515,206,1321
516,206,1286
517,206,1174
518,206,1205
519,206,1160
520,206,976
521,206,765
522,206,602
523,206,489
524,206,438
525,206,425
526,206,460
527,206,517
528,206,575
529,206,605
530,206,610
531,206,631
532,206,713
533,206,862
534,206,1052
535,206,1253
536,206,1509
537,206,1738
538,206,1711
539,206,1393
540,206,1165
541,206,1157
542,206,1174
543,206,1040
544,206,852
545,206,736
546,206,689
547,206,616
548,206,501
549,206,418
550,206,401
551,206,416
552,206,464
553,206,511
554,206,533
555,206,521
556,206,507
557,206,554
558,206,664
559,206,803
560,206,852
561,206,863
562,206,751
563,206,623
564,206,553
565,206,547
566,206,543
567,206,541
568,206,583
569,206,654
570,206,734
571,206,783
572,206,770
573,206,718
490,207,345
491,207,410
492,207,476
493,207,554
494,207,656
495,207,782
496,207,894
497,207,923
498,207,919
499,207,1003
500,207,1056
501,207,1087
502,207,1082
503,207,1021
504,207,1066
505,207,1052
506,207,999
507,207,967
508,207,873
509,207,777
510,207,730
511,207,777
512,207,940
513,207,1179
514,207,1421
515,207,1292
516,207,1163
517,207,1015
518,207,935
519,207,894
520,207,786
521,207,652
522,207,547
523,207,488
524,207,450
525,207,426
526,207,426
527,207,457
528,207,497
529,207,531
530,207,563
531,207,627
532,207,759
533,207,964
534,207,1227
535,207,1464
536,207,1590
537,207,1766
538,207,1670
539,207,1442
540,207,1270
541,207,1367
542,207,1425
543,207,1160
544,207,895
545,207,701
546,207,604
547,207,531
548,207,459
549,207,407
550,207,396
551,207,422
552,207,471
553,207,513
554,207,522
555,207,498
556,207,480
557,207,528
558,207,634
559,207,761
560,207,780
561,207,700
562,207,612
563,207,521
564,207,465
565,207,455
566,207,464
567,207,501
568,207,567
569,207,660
570,207,766
571,207,855
572,207,860
573,207,817
490,208,356
491,208,425
492,208,494
493,208,563
494,208,657
495,208,773
496,208,871
497,208,866
498,208,897
499,208,969
500,208,947
501,208,942
502,208,904
503,208,890
504,208,959
505,208,986
506,208,1004
507,208,972
508,208,828
509,208,712
510,208,665
511,208,728
512,208,877
513,208,1070
514,208,1223
515,208,1177
516,208,990
517,208,841
518,208,826
519,208,829
520,208,728
521,208,608
522,208,545
523,208,528
524,208,500
525,208,464
526,208,446
527,208,460
528,208,503
529,208,550
530,208,594
531,208,660
532,208,807
533,208,1035
534,208,1343
535,208,1672
536,208,1577
537,208,1634
538,208,1791
539,208,1467
540,208,1219
541,208,1232
542,208,1304
543,208,1190
544,208,912
545,208,691
546,208,559
547,208,485
548,208,431
549,208,399
550,208,399
551,208,442
552,208,513
553,208,579
554,208,581
555,208,522
556,208,470
557,208,476
558,208,541
559,208,611
560,208,617
561,208,557
562,208,489
563,208,430
564,208,388
565,208,376
566,208,386
567,208,444
568,208,524
569,208,625
570,208,733
571,208,827
572,208,841
573,208,817
490,209,359
491,209,449
492,209,536
493,209,603
494,209,643
495,209,699
496,209,742
497,209,746
498,209,769
499,209,800
500,209,782
501,209,759
502,209,726
503,209,734
504,209,780
505,209,817
506,209,861
507,209,843
508,209,743
509,209,650
510,209,613
511,209,662
512,209,772
513,209,901
514,209,990
515,209,953
516,209,824
517,209,733
518,209,764
519,209,860
520,209,703
521,209,591
522,209,581
523,209,616
524,209,598
525,209,528
526,209,496
527,209,525
528,209,600
529,209,667
530,209,710
531,209,752
532,209,862
533,209,1059
534,209,1288
535,209,1437
536,209,1395
537,209,1407
538,209,1450
539,209,1285
540,209,1119
541,209,1169
542,209,1176
543,209,1048
544,209,835
545,209,647
546,209,523
547,209,453
548,209,409
549,209,388
550,209,405
551,209,460
552,209,555
553,209,665
554,209,663
555,209,552
556,209,459
557,209,419
558,209,441
559,209,472
560,209,473
561,209,440
562,209,394
563,209,356
564,209,325
565,209,312
566,209,325
567,209,383
568,209,467
569,209,557
570,209,642
571,209,701
572,209,704
573,209,665
490,210,363
491,210,479
492,210,596
493,210,675
494,210,666
495,210,637
496,210,630
497,210,623
498,210,631
499,210,641
500,210,627
501,210,604
502,210,583
503,210,592
504,210,621
505,210,651
506,210,687
507,210,680
508,210,631
509,210,580
510,210,565
511,210,611
512,210,703
513,210,805
514,210,856
515,210,802
516,210,693
517,210,632
518,210,640
519,210,662
520,210,609
521,210,601
522,210,652
523,210,702
524,210,687
525,210,576
526,210,548
527,210,627
528,210,766
529,210,868
530,210,909
531,210,904
532,210,949
533,210,1137
534,210,1357
535,210,1387
536,210,1237
537,210,1173
538,210,1165
539,210,1047
540,210,1006
541,210,1080
542,210,1148
543,210,940
544,210,734
545,210,581
546,210,483
547,210,422
548,210,383
549,210,377
550,210,399
551,210,451
552,210,542
553,210,648
554,210,643
555,210,527
556,210,428
557,210,373
558,210,363
559,210,371
560,210,369
561,210,351
562,210,324
563,210,296
564,210,271
565,210,261
566,210,274
567,210,251
568,210,400
569,210,474
570,210,534
571,210,568
572,210,557
573,210,491
490,211,339
491,211,496
492,211,636
493,211,755
494,211,679
495,211,599
496,211,548
497,211,523
498,211,514
499,211,516
500,211,501
501,211,481
502,211,467
503,211,473
504,211,495
505,211,518
506,211,540
507,211,542
508,211,530
509,211,518
510,211,532
511,211,595
512,211,707
513,211,845
514,211,923
515,211,827
516,211,674
517,211,562
518,211,523
519,211,512
520,211,518
521,211,622
522,211,771
523,211,654
524,211,611
525,211,551
526,211,569
527,211,731
528,211,977
529,211,1146
530,211,1181
531,211,1097
532,211,1059
533,211,1215
534,211,1346
535,211,1300
536,211,1145
537,211,1058
538,211,1073
539,211,1017
540,211,905
541,211,894
542,211,897
543,211,780
544,211,634
545,211,522
546,211,447
547,211,389
548,211,271
549,211,354
550,211,379
551,211,413
552,211,468
553,211,520
554,211,513
555,211,446
556,211,375
557,211,328
558,211,305
559,211,301
560,211,297
561,211,286
562,211,266
563,211,243
564,211,178
565,211,178
566,211,190
567,211,215
568,211,333
569,211,387
570,211,432
571,211,454
572,211,448
573,211,413
490,212,399
491,212,507
492,212,605
493,212,660
494,212,616
495,212,536
496,212,479
497,212,442
498,212,399
499,212,418
500,212,388
501,212,366
502,212,355
503,212,364
504,212,394
505,212,411
506,212,425
507,212,433
508,212,451
509,212,472
510,212,502
511,212,575
512,212,708
513,212,901
514,212,1070
515,212,878
516,212,669
517,212,523
518,212,436
519,212,408
520,212,458
521,212,596
522,212,756
523,212,617
524,212,501
525,212,475
526,212,544
527,212,764
528,212,1169
529,212,1463
530,212,1378
531,212,1263
532,212,1123
533,212,1335
534,212,1549
535,212,1299
536,212,1092
537,212,1040
538,212,1106
539,212,1067
540,212,866
541,212,735
542,212,685
543,212,605
544,212,523
545,212,461
546,212,413
547,212,362
548,212,242
549,212,326
550,212,357
551,212,367
552,212,384
553,212,403
554,212,397
555,212,360
556,212,320
557,212,288
558,212,259
559,212,241
560,212,237
561,212,228
562,212,167
563,212,160
564,212,157
565,212,171
566,212,180
567,212,186
568,212,207
569,212,231
570,212,328
571,212,348
572,212,356
573,212,386
490,213,474
491,213,517
492,213,560
493,213,581
494,213,533
495,213,444
496,213,405
497,213,383
498,213,173
499,213,361
500,213,258
501,213,178
502,213,169
503,213,238
504,213,316
505,213,324
506,213,328
507,213,327
508,213,389
509,213,451
510,213,457
511,213,517
512,213,639
513,213,871
514,213,1008
515,213,837
516,213,605
517,213,481
518,213,343
519,213,313
520,213,361
521,213,518
522,213,611
523,213,534
524,213,402
525,213,350
526,213,428
527,213,598
528,213,1325
529,213,1559
530,213,1531
531,213,1525
532,213,961
533,213,1346
534,213,1536
535,213,1186
536,213,976
537,213,976
538,213,1045
539,213,1067
540,213,786
541,213,568
542,213,516
543,213,439
544,213,413
545,213,404
546,213,390
547,213,343
548,213,191
549,213,236
550,213,357
551,213,322
552,213,304
553,213,314
554,213,312
555,213,289
556,213,272
557,213,257
558,213,211
559,213,129
560,213,132
561,213,131
562,213,133
563,213,143
564,213,134
565,213,183
566,213,189
567,213,162
568,213,164
569,213,166
570,213,169
571,213,177
572,213,174
573,213,163
