xv,yv,rho
490,148,234
491,148,263
492,148,292
493,148,241
494,148,220
495,148,314
496,148,353
497,148,413
498,148,423
499,148,380
500,148,346
501,148,381
502,148,319
503,148,356
504,148,428
505,148,541
506,148,754
507,148,520
508,148,405
509,148,323
510,148,245
511,148,281
512,148,284
513,148,426
514,148,517
515,148,527
516,148,550
517,148,598
518,148,695
519,148,816
520,148,783
521,148,578
522,148,385
523,148,188
524,148,119
525,148,158
526,148,216
527,148,269
528,148,304
529,148,411
530,148,395
531,148,350
532,148,303
533,148,326
534,148,266
535,148,266
536,148,323
537,148,273
538,148,286
539,148,342
540,148,389
541,148,379
542,148,392
543,148,394
544,148,391
545,148,386
546,148,301
547,148,344
548,148,342
549,148,340
550,148,350
551,148,383
552,148,526
553,148,605
554,148,980
555,148,888
556,148,776
557,148,717
558,148,688
559,148,659
560,148,351
561,148,346
562,148,345
563,148,343
564,148,352
565,148,516
566,148,520
567,148,512
568,148,395
569,148,388
570,148,385
571,148,349
572,148,321
573,148,324
490,149,329
491,149,324
492,149,334
493,149,305
494,149,299
495,149,342
496,149,393
497,149,430
498,149,461
499,149,456
500,149,436
501,149,439
502,149,407
503,149,403
504,149,432
505,149,487
506,149,537
507,149,467
508,149,392
509,149,335
510,149,302
511,149,307
512,149,314
513,149,376
514,149,452
515,149,487
516,149,516
517,149,553
518,149,609
519,149,658
520,149,632
521,149,530
522,149,427
523,149,352
524,149,346
525,149,395
526,149,474
527,149,561
528,149,566
529,149,503
530,149,427
531,149,369
532,149,331
533,149,317
534,149,287
535,149,303
536,149,321
537,149,326
538,149,357
539,149,409
540,149,451
541,149,459
542,149,447
543,149,427
544,149,408
545,149,391
546,149,369
547,149,376
548,149,388
549,149,406
550,149,432
551,149,465
552,149,543
553,149,625
554,149,746
555,149,739
556,149,687
557,149,640
558,149,599
559,149,541
560,149,405
561,149,370
562,149,363
563,149,369
564,149,392
565,149,449
566,149,465
567,149,453
568,149,413
569,149,396
570,149,387
571,149,375
572,149,370
573,149,383
490,150,383
491,150,350
492,150,339
493,150,327
494,150,332
495,150,367
496,150,418
497,150,462
498,150,499
499,150,503
500,150,478
501,150,445
502,150,433
503,150,415
504,150,415
505,150,430
506,150,437
507,150,408
508,150,367
509,150,336
510,150,319
511,150,306
512,150,316
513,150,350
514,150,408
515,150,447
516,150,474
517,150,497
518,150,522
519,150,535
520,150,518
521,150,475
522,150,442
523,150,450
524,150,498
525,150,557
526,150,640
527,150,757
528,150,738
529,150,578
530,150,458
531,150,385
532,150,344
533,150,326
534,150,313
535,150,319
536,150,334
537,150,364
538,150,422
539,150,502
540,150,569
541,150,578
542,150,528
543,150,472
544,150,431
545,150,406
546,150,398
547,150,411
548,150,440
549,150,482
550,150,527
551,150,559
552,150,584
553,150,610
554,150,646
555,150,640
556,150,606
557,150,568
558,150,529
559,150,477
560,150,399
561,150,378
562,150,374
563,150,378
564,150,396
565,150,423
566,150,435
567,150,433
568,150,414
569,150,403
570,150,400
571,150,401
572,150,404
573,150,392
490,151,375
491,151,352
492,151,339
493,151,334
494,151,347
495,151,383
496,151,434
497,151,490
498,151,534
499,151,543
500,151,514
501,151,439
502,151,424
503,151,405
504,151,395
505,151,393
506,151,387
507,151,370
508,151,347
509,151,329
510,151,317
511,151,316
512,151,330
513,151,354
514,151,386
515,151,419
516,151,441
517,151,450
518,151,455
519,151,452
520,151,439
521,151,425
522,151,434
523,151,490
524,151,580
525,151,670
526,151,692
527,151,711
528,151,696
529,151,588
530,151,492
531,151,414
532,151,363
533,151,335
534,151,324
535,151,327
536,151,346
537,151,393
538,151,483
539,151,619
540,151,740
541,151,749
542,151,627
543,151,517
544,151,451
545,151,418
546,151,421
547,151,453
548,151,505
549,151,580
550,151,654
551,151,678
552,151,654
553,151,627
554,151,604
555,151,581
556,151,547
557,151,509
558,151,466
559,151,408
560,151,377
561,151,371
562,151,373
563,151,376
564,151,391
565,151,409
566,151,422
567,151,425
568,151,418
569,151,416
570,151,422
571,151,439
572,151,462
573,151,480
490,152,369
491,152,344
492,152,334
493,152,333
494,152,353
495,152,387
496,152,431
497,152,478
498,152,511
499,152,515
500,152,490
501,152,441
502,152,382
503,152,380
504,152,374
505,152,370
506,152,362
507,152,348
508,152,330
509,152,312
510,152,291
511,152,310
512,152,327
513,152,349
514,152,376
515,152,407
516,152,430
517,152,434
518,152,422
519,152,404
520,152,391
521,152,387
522,152,414
523,152,478
524,152,587
525,152,717
526,152,724
527,152,656
528,152,742
529,152,708
530,152,571
531,152,453
532,152,381
533,152,346
534,152,340
535,152,340
536,152,353
537,152,402
538,152,505
539,152,673
540,152,869
541,152,877
542,152,681
543,152,536
544,152,457
545,152,424
546,152,441
547,152,499
548,152,596
549,152,708
550,152,819
551,152,823
552,152,728
553,152,653
554,152,599
555,152,553
556,152,508
557,152,461
558,152,403
559,152,375
560,152,368
561,152,367
562,152,369
563,152,372
564,152,385
565,152,402
566,152,418
567,152,425
568,152,430
569,152,436
570,152,454
571,152,491
572,152,539
573,152,552
490,153,331
491,153,313
492,153,321
493,153,317
494,153,352
495,153,387
496,153,432
497,153,478
498,153,499
499,153,487
500,153,457
501,153,422
502,153,386
503,153,345
504,153,338
505,153,348
506,153,341
507,153,327
508,153,298
509,153,282
510,153,279
511,153,304
512,153,325
513,153,352
514,153,388
515,153,429
516,153,455
517,153,453
518,153,426
519,153,392
520,153,370
521,153,367
522,153,387
523,153,433
524,153,512
525,153,600
526,153,624
527,153,660
528,153,852
529,153,821
530,153,626
531,153,485
532,153,404
533,153,375
534,153,375
535,153,372
536,153,368
537,153,391
538,153,467
539,153,590
540,153,726
541,153,733
542,153,611
543,153,504
544,153,442
545,153,418
546,153,452
547,153,535
548,153,681
549,153,866
550,153,927
551,153,896
552,153,760
553,153,665
554,153,598
555,153,541
556,153,486
557,153,418
558,153,386
559,153,377
560,153,398
561,153,402
562,153,400
563,153,381
564,153,388
565,153,402
566,153,421
567,153,435
568,153,446
569,153,459
570,153,491
571,153,561
572,153,669
573,153,736
490,154,327
491,154,291
492,154,313
493,154,327
494,154,351
495,154,389
496,154,447
497,154,510
498,154,522
499,154,481
500,154,439
501,154,408
502,154,386
503,154,363
504,154,325
505,154,309
506,154,298
507,154,291
508,154,279
509,154,274
510,154,291
511,154,307
512,154,331
513,154,371
514,154,428
515,154,499
516,154,543
517,154,517
518,154,458
519,154,403
520,154,373
521,154,368
522,154,376
523,154,394
524,154,434
525,154,492
526,154,544
527,154,663
528,154,841
529,154,706
530,154,609
531,154,535
532,154,464
533,154,435
534,154,449
535,154,442
536,154,408
537,154,384
538,154,409
539,154,473
540,154,538
541,154,546
542,154,497
543,154,445
544,154,412
545,154,407
546,154,447
547,154,534
548,154,682
549,154,866
550,154,907
551,154,826
552,154,740
553,154,665
554,154,600
555,154,541
556,154,488
557,154,440
558,154,423
559,154,417
560,154,420
561,154,420
562,154,419
563,154,418
564,154,424
565,154,416
566,154,425
567,154,444
568,154,459
569,154,475
570,154,517
571,154,625
572,154,866
573,154,1393
490,155,182
491,155,257
492,155,297
493,155,327
494,155,359
495,155,396
496,155,458
497,155,541
498,155,549
499,155,482
500,155,435
501,155,412
502,155,393
503,155,373
504,155,349
505,155,308
506,155,288
507,155,281
508,155,275
509,155,274
510,155,297
511,155,314
512,155,345
513,155,398
514,155,476
515,155,586
516,155,677
517,155,603
518,155,508
519,155,440
520,155,406
521,155,399
522,155,395
523,155,395
524,155,434
525,155,520
526,155,597
527,155,597
528,155,656
529,155,631
530,155,691
531,155,671
532,155,561
533,155,538
534,155,592
535,155,574
536,155,484
537,155,404
538,155,369
539,155,386
540,155,409
541,155,415
542,155,403
543,155,387
544,155,382
545,155,392
546,155,432
547,155,506
548,155,618
549,155,738
550,155,774
551,155,741
552,155,751
553,155,705
554,155,626
555,155,548
556,155,488
557,155,447
558,155,437
559,155,438
560,155,443
561,155,443
562,155,438
563,155,436
564,155,442
565,155,451
566,155,439
567,155,448
568,155,459
569,155,472
570,155,504
571,155,594
572,155,800
573,155,1271
490,156,167
491,156,230
492,156,288
493,156,341
494,156,392
495,156,430
496,156,450
497,156,490
498,156,495
499,156,469
500,156,465
501,156,443
502,156,410
503,156,382
504,156,358
505,156,332
506,156,292
507,156,285
508,156,281
509,156,281
510,156,304
511,156,323
512,156,360
513,156,413
514,156,492
515,156,603
516,156,699
517,156,630
518,156,540
519,156,478
520,156,443
521,156,421
522,156,410
523,156,414
524,156,461
525,156,576
526,156,715
527,156,599
528,156,540
529,156,627
530,156,794
531,156,793
532,156,640
533,156,671
534,156,806
535,156,766
536,156,579
537,156,442
538,156,389
539,156,379
540,156,365
541,156,357
542,156,350
543,156,350
544,156,360
545,156,386
546,156,433
547,156,517
548,156,642
549,156,772
550,156,813
551,156,817
552,156,887
553,156,795
554,156,658
555,156,551
556,156,482
557,156,444
558,156,445
559,156,461
560,156,481
561,156,489
562,156,475
563,156,456
564,156,451
565,156,461
566,156,469
567,156,443
568,156,445
569,156,448
570,156,456
571,156,480
572,156,494
573,156,335
490,157,105
491,157,207
492,157,289
493,157,368
494,157,452
495,157,512
496,157,484
497,157,447
498,157,452
499,157,504
500,157,547
501,157,501
502,157,436
503,157,390
504,157,361
505,157,337
506,157,304
507,157,321
508,157,320
509,157,298
510,157,315
511,157,335
512,157,368
513,157,414
514,157,479
515,157,558
516,157,618
517,157,609
518,157,564
519,157,520
520,157,490
521,157,461
522,157,439
523,157,433
524,157,460
525,157,529
526,157,584
527,157,529
528,157,482
529,157,569
530,157,684
531,157,694
532,157,639
533,157,799
534,157,960
535,157,845
536,157,627
537,157,494
538,157,483
539,157,464
540,157,420
541,157,372
542,157,341
543,157,337
544,157,354
545,157,388
546,157,444
547,157,546
548,157,718
549,157,925
550,157,962
551,157,901
552,157,1052
553,157,849
554,157,660
555,157,536
556,157,466
557,157,436
558,157,451
559,157,489
560,157,542
561,157,571
562,157,535
563,157,483
564,157,454
565,157,451
566,157,455
567,157,420
568,157,417
569,157,414
570,157,409
571,157,403
572,157,380
573,157,295
490,158,85
491,158,205
492,158,299
493,158,392
494,158,503
495,158,611
496,158,524
497,158,453
498,158,463
499,158,550
500,158,656
501,158,553
502,158,458
503,158,398
504,158,365
505,158,349
506,158,344
507,158,350
508,158,350
509,158,345
510,158,346
511,158,355
512,158,379
513,158,417
514,158,472
515,158,543
516,158,628
517,158,675
518,158,651
519,158,599
520,158,552
521,158,514
522,158,485
523,158,462
524,158,462
525,158,478
526,158,485
527,158,460
528,158,448
529,158,522
530,158,599
531,158,627
532,158,664
533,158,818
534,158,962
535,158,820
536,158,661
537,158,645
538,158,677
539,158,641
540,158,538
541,158,425
542,158,360
543,158,354
544,158,369
545,158,396
546,158,444
547,158,537
548,158,706
549,158,906
550,158,925
551,158,790
552,158,824
553,158,724
554,158,591
555,158,493
556,158,438
557,158,421
558,158,448
559,158,510
560,158,605
561,158,679
562,158,600
563,158,504
564,158,449
565,158,432
566,158,425
567,158,387
568,158,383
569,158,381
570,158,374
571,158,364
572,158,347
573,158,307
490,159,115
491,159,229
492,159,313
493,159,389
494,159,468
495,159,521
496,159,483
497,159,438
498,159,459
499,159,537
500,159,601
501,159,546
502,159,467
503,159,411
504,159,381
505,159,377
506,159,383
507,159,388
508,159,386
509,159,380
510,159,375
511,159,380
512,159,400
513,159,441
514,159,509
515,159,615
516,159,756
517,159,862
518,159,792
519,159,689
520,159,616
521,159,572
522,159,551
523,159,541
524,159,537
525,159,519
526,159,482
527,159,452
528,159,491
529,159,637
530,159,778
531,159,851
532,159,802
533,159,753
534,159,778
535,159,754
536,159,826
537,159,916
538,159,991
539,159,851
540,159,649
541,159,479
542,159,393
543,159,386
544,159,414
545,159,412
546,159,432
547,159,489
548,159,596
549,159,702
550,159,710
551,159,635
552,159,613
553,159,567
554,159,497
555,159,439
556,159,404
557,159,398
558,159,429
559,159,493
560,159,590
561,159,665
562,159,586
563,159,489
564,159,430
565,159,406
566,159,394
567,159,356
568,159,353
569,159,360
570,159,358
571,159,354
572,159,362
573,159,306
490,160,211
491,160,279
492,160,333
493,160,380
494,160,420
495,160,440
496,160,429
497,160,424
498,160,493
499,160,613
500,160,710
501,160,630
502,160,523
503,160,452
504,160,420
505,160,428
506,160,447
507,160,456
508,160,447
509,160,428
510,160,416
511,160,420
512,160,436
513,160,479
514,160,556
515,160,679
516,160,868
517,160,1076
518,160,899
519,160,744
520,160,660
521,160,640
522,160,647
523,160,656
524,160,681
525,160,656
526,160,577
527,160,528
528,160,616
529,160,810
530,160,1069
531,160,1246
532,160,1077
533,160,849
534,160,746
535,160,856
536,160,1070
537,160,1296
538,160,1369
539,160,991
540,160,695
541,160,513
542,160,424
543,160,406
544,160,441
545,160,431
546,160,426
547,160,448
548,160,491
549,160,539
550,160,546
551,160,513
552,160,486
553,160,460
554,160,424
555,160,392
556,160,372
557,160,372
558,160,395
559,160,439
560,160,495
561,160,529
562,160,494
563,160,438
564,160,398
565,160,378
566,160,368
567,160,338
568,160,344
569,160,378
570,160,386
571,160,384
572,160,380
573,160,383
490,161,311
491,161,336
492,161,357
493,161,378
494,161,394
495,161,403
496,161,407
497,161,431
498,161,502
499,161,623
500,161,720
501,161,647
502,161,549
503,161,488
504,161,473
505,161,503
506,161,548
507,161,573
508,161,544
509,161,500
510,161,484
511,161,486
512,161,497
513,161,533
514,161,600
515,161,694
516,161,817
517,161,908
518,161,830
519,161,728
520,161,677
521,161,714
522,161,774
523,161,820
524,161,866
525,161,835
526,161,690
527,161,607
528,161,698
529,161,929
530,161,1293
531,161,1674
532,161,1313
533,161,999
534,161,973
535,161,1122
536,161,1200
537,161,1298
538,161,1105
539,161,885
540,161,674
541,161,556
542,161,478
543,161,440
544,161,461
545,161,476
546,161,468
547,161,446
548,161,444
549,161,483
550,161,512
551,161,506
552,161,472
553,161,430
554,161,390
555,161,366
556,161,348
557,161,347
558,161,360
559,161,382
560,161,408
561,161,421
562,161,409
563,161,384
564,161,364
565,161,355
566,161,354
567,161,358
568,161,369
569,161,384
570,161,397
571,161,401
572,161,383
573,161,320
490,162,384
491,162,368
492,162,376
493,162,388
494,162,395
495,162,403
496,162,426
497,162,452
498,162,494
499,162,564
500,162,610
501,162,587
502,162,544
503,162,531
504,162,545
505,162,589
506,162,681
507,162,747
508,162,676
509,162,597
510,162,589
511,162,583
512,162,583
513,162,625
514,162,675
515,162,714
516,162,754
517,162,774
518,162,738
519,162,693
520,162,712
521,162,807
522,162,930
523,162,1023
524,162,954
525,162,898
526,162,747
527,162,657
528,162,728
529,162,922
530,162,1196
531,162,1397
532,162,1280
533,162,1095
534,162,1205
535,162,1474
536,162,1451
537,162,1100
538,162,910
539,162,840
540,162,782
541,162,791
542,162,670
543,162,528
544,162,536
545,162,578
546,162,573
547,162,517
548,162,487
549,162,561
550,162,635
551,162,634
552,162,558
553,162,474
554,162,412
555,162,371
556,162,344
557,162,328
558,162,332
559,162,341
560,162,351
561,162,356
562,162,353
563,162,345
564,162,338
565,162,338
566,162,350
567,162,366
568,162,384
569,162,401
570,162,430
571,162,457
572,162,445
573,162,336
490,163,388
491,163,376
492,163,389
493,163,410
494,163,419
495,163,429
496,163,468
497,163,517
498,163,562
499,163,563
500,163,548
501,163,544
502,163,565
503,163,607
504,163,644
505,163,667
506,163,786
507,163,933
508,163,789
509,163,724
510,163,750
511,163,718
512,163,690
513,163,758
514,163,820
515,163,817
516,163,769
517,163,760
518,163,734
519,163,709
520,163,740
521,163,864
522,163,1058
523,163,1099
524,163,1036
525,163,939
526,163,812
527,163,720
528,163,754
529,163,914
530,163,1124
531,163,1307
532,163,1480
533,163,1388
534,163,1364
535,163,1545
536,163,1479
537,163,1125
538,163,1006
539,163,1225
540,163,1320
541,163,1197
542,163,942
543,163,642
544,163,662
545,163,760
546,163,748
547,163,624
548,163,561
549,163,692
550,163,853
551,163,853
552,163,689
553,163,538
554,163,443
555,163,385
556,163,346
557,163,302
558,163,309
559,163,314
560,163,319
561,163,322
562,163,322
563,163,319
564,163,323
565,163,336
566,163,358
567,163,388
568,163,421
569,163,453
570,163,504
571,163,584
572,163,622
573,163,493
490,164,348
491,164,373
492,164,409
493,164,451
494,164,466
495,164,468
496,164,509
497,164,602
498,164,686
499,164,636
500,164,571
501,164,549
502,164,619
503,164,721
504,164,805
505,164,772
506,164,767
507,164,813
508,164,771
509,164,843
510,164,948
511,164,859
512,164,797
513,164,929
514,164,1037
515,164,1003
516,164,922
517,164,941
518,164,921
519,164,849
520,164,788
521,164,838
522,164,974
523,164,1117
524,164,1413
525,164,1418
526,164,1163
527,164,941
528,164,886
529,164,1148
530,164,1499
531,164,1837
532,164,2070
533,164,1866
534,164,1671
535,164,1445
536,164,1298
537,164,1127
538,164,1316
539,164,1774
540,164,1983
541,164,1697
542,164,1221
543,164,755
544,164,761
545,164,908
546,164,888
547,164,695
548,164,608
549,164,778
550,164,1027
551,164,1026
552,164,772
553,164,577
554,164,462
555,164,397
556,164,356
557,164,320
558,164,282
559,164,282
560,164,299
561,164,306
562,164,307
563,164,297
564,164,321
565,164,344
566,164,380
567,164,434
568,164,497
569,164,548
570,164,615
571,164,775
572,164,950
573,164,998
490,165,296
491,165,371
492,165,443
493,165,521
494,165,541
495,165,518
496,165,537
497,165,631
498,165,713
499,165,660
500,165,591
501,165,585
502,165,672
503,165,831
504,165,1027
505,165,897
506,165,770
507,165,722
508,165,734
509,165,851
510,165,966
511,165,888
512,165,867
513,165,1100
514,165,1298
515,165,1208
516,165,1108
517,165,1218
518,165,1216
519,165,1093
520,165,936
521,165,848
522,165,932
523,165,1283
524,165,1717
525,165,1735
526,165,1355
527,165,1078
528,165,1068
529,165,1366
530,165,1849
531,165,2436
532,165,2762
533,165,2417
534,165,2258
535,165,1869
536,165,1587
537,165,1393
538,165,1637
539,165,2110
540,165,2680
541,165,2032
542,165,1383
543,165,839
544,165,787
545,165,839
546,165,793
547,165,656
548,165,589
549,165,718
550,165,877
551,165,874
552,165,709
553,165,557
554,165,459
555,165,400
556,165,361
557,165,329
558,165,284
559,165,274
560,165,279
561,165,306
562,165,315
563,165,319
564,165,334
565,165,361
566,165,412
567,165,500
568,165,614
569,165,682
570,165,739
571,165,932
572,165,1247
573,165,1681
490,166,299
491,166,384
492,166,477
493,166,591
494,166,616
495,166,563
496,166,555
497,166,609
498,166,644
499,166,620
500,166,583
501,166,595
502,166,684
503,166,835
504,166,1022
505,166,1009
506,166,838
507,166,715
508,166,692
509,166,758
510,166,815
511,166,811
512,166,894
513,166,1132
514,166,1349
515,166,1314
516,166,1343
517,166,1557
518,166,1556
519,166,1389
520,166,1147
521,166,1052
522,166,1032
523,166,1232
524,166,1504
525,166,1524
526,166,1295
527,166,1126
528,166,1247
529,166,1559
530,166,1938
531,166,2503
532,166,2650
533,166,2830
534,166,2831
535,166,2556
536,166,2178
537,166,2024
538,166,1999
539,166,2420
540,166,2501
541,166,1849
542,166,1319
543,166,969
544,166,931
545,166,840
546,166,702
547,166,595
548,166,544
549,166,611
550,166,681
551,166,676
552,166,596
553,166,507
554,166,441
555,166,396
556,166,365
557,166,342
558,166,325
559,166,316
560,166,318
561,166,332
562,166,344
563,166,353
564,166,361
565,166,385
566,166,440
567,166,548
568,166,710
569,166,788
570,166,816
571,166,984
572,166,1314
573,166,1701
490,167,297
491,167,382
492,167,466
493,167,550
494,167,588
495,167,593
496,167,637
497,167,661
498,167,631
499,167,598
500,167,576
501,167,600
502,167,685
503,167,832
504,167,1007
505,167,1008
506,167,840
507,167,710
508,167,665
509,167,696
510,167,726
511,167,751
512,167,866
513,167,1063
514,167,1261
515,167,1440
516,167,1495
517,167,1713
518,167,1778
519,167,1659
520,167,1359
521,167,1375
522,167,1234
523,167,1162
524,167,1232
525,167,1241
526,167,1170
527,167,1188
528,167,1425
529,167,1846
530,167,2270
531,167,2372
532,167,2639
533,167,2843
534,167,3118
535,167,3288
536,167,2768
537,167,2874
538,167,2488
539,167,2187
540,167,2096
541,167,1667
542,167,1122
543,167,1093
544,167,1173
545,167,985
546,167,753
547,167,597
548,167,523
549,167,541
550,167,562
551,167,553
552,167,513
553,167,465
554,167,423
555,167,393
556,167,374
557,167,362
558,167,355
559,167,351
560,167,355
561,167,376
562,167,402
563,167,420
564,167,424
565,167,425
566,167,457
567,167,534
568,167,648
569,167,729
570,167,803
571,167,988
572,167,1307
573,167,1636
490,168,304
491,168,374
492,168,441
493,168,504
494,168,563
495,168,659
496,168,775
497,168,795
498,168,711
499,168,633
500,168,590
501,168,600
502,168,662
503,168,758
504,168,850
505,168,849
506,168,762
507,168,696
508,168,721
509,168,770
510,168,790
511,168,806
512,168,917
513,168,1158
514,168,1476
515,168,1779
516,168,1773
517,168,1660
518,168,1843
519,168,1579
520,168,1535
521,168,1758
522,168,1490
523,168,1364
524,168,1215
525,168,1149
526,168,1141
527,168,1258
528,168,1554
529,168,2000
530,168,2422
531,168,2484
532,168,2673
533,168,3188
534,168,3282
535,168,3135
536,168,3291
537,168,3820
538,168,2996
539,168,2138
540,168,2095
541,168,1731
542,168,1170
543,168,1132
544,168,1210
545,168,1018
546,168,782
547,168,624
548,168,555
549,168,536
550,168,527
551,168,505
552,168,477
553,168,447
554,168,424
555,168,411
556,168,403
557,168,397
558,168,399
559,168,400
560,168,407
561,168,450
562,168,505
563,168,543
564,168,542
565,168,512
566,168,489
567,168,508
568,168,562
569,168,632
570,168,733
571,168,921
572,168,1229
573,168,1709
490,169,292
491,169,363
492,169,425
493,169,487
494,169,578
495,169,718
496,169,892
497,169,908
498,169,768
499,169,660
500,169,604
501,169,598
502,169,636
503,169,690
504,169,730
505,169,726
506,169,700
507,169,741
508,169,852
509,169,967
510,169,995
511,169,958
512,169,999
513,169,1253
514,169,1656
515,169,2073
516,169,1822
517,169,1526
518,169,1546
519,169,1458
520,169,1541
521,169,1733
522,169,1791
523,169,1670
524,169,1412
525,169,1366
526,169,1327
527,169,1386
528,169,1684
529,169,2097
530,169,2469
531,169,2684
532,169,2965
533,169,3607
534,169,3814
535,169,3937
536,169,3644
537,169,4109
538,169,3410
539,169,2431
540,169,2609
541,169,2006
542,169,1431
543,169,1124
544,169,1110
545,169,999
546,169,821
547,169,695
548,169,694
549,169,659
550,169,603
551,169,529
552,169,490
553,169,471
554,169,463
555,169,461
556,169,461
557,169,461
558,169,476
559,169,484
560,169,490
561,169,561
562,169,668
563,169,745
564,169,733
565,169,658
566,169,570
567,169,515
568,169,512
569,169,551
570,169,635
571,169,776
572,169,975
573,169,1226
490,170,281
491,170,361
492,170,429
493,170,504
494,170,599
495,170,721
496,170,844
497,170,858
498,170,759
499,170,664
500,170,611
501,170,597
502,170,621
503,170,651
504,170,667
505,170,668
506,170,704
507,170,822
508,170,1034
509,170,1270
510,170,1303
511,170,1153
512,170,1066
513,170,1237
514,170,1564
515,170,1784
516,170,1636
517,170,1404
518,170,1331
519,170,1402
520,170,1865
521,170,2335
522,170,2352
523,170,2032
524,170,1742
525,170,1709
526,170,1603
527,170,1663
528,170,1957
529,170,2499
530,170,2979
531,170,3414
532,170,3693
533,170,3956
534,170,4105
535,170,4249
536,170,3839
537,170,4084
538,170,3412
539,170,2392
540,170,2321
541,170,1951
542,170,1525
543,170,1368
544,170,1454
545,170,1408
546,170,1166
547,170,982
548,170,951
549,170,865
550,170,752
551,170,646
552,170,560
553,170,541
554,170,544
555,170,555
556,170,567
557,170,572
558,170,613
559,170,629
560,170,628
561,170,704
562,170,884
563,170,1032
564,170,987
565,170,849
566,170,692
567,170,564
568,170,496
569,170,490
570,170,531
571,170,605
572,170,673
573,170,644
490,171,276
491,171,376
492,171,464
493,171,558
494,171,666
495,171,788
496,171,897
497,171,914
498,171,795
499,171,688
500,171,626
501,171,605
502,171,613
503,171,629
504,171,637
505,171,655
506,171,719
507,171,878
508,171,1169
509,171,1545
510,171,1585
511,171,1328
512,171,1225
513,171,1414
514,171,1608
515,171,1817
516,171,1689
517,171,1445
518,171,1281
519,171,1486
520,171,1927
521,171,2403
522,171,2414
523,171,1996
524,171,1863
525,171,1890
526,171,1854
527,171,2061
528,171,2520
529,171,3455
530,171,3852
531,171,4237
532,171,4358
533,171,4186
534,171,4466
535,171,4930
536,171,4075
537,171,3505
538,171,3078
539,171,2737
540,171,2815
541,171,2375
542,171,1854
543,171,1665
544,171,1884
545,171,1863
546,171,1504
547,171,1404
548,171,1356
549,171,1164
550,171,946
551,171,775
552,171,654
553,171,642
554,171,665
555,171,704
556,171,739
557,171,741
558,171,828
559,171,847
560,171,794
561,171,833
562,171,1070
563,171,1328
564,171,1215
565,171,1026
566,171,817
567,171,630
568,171,503
569,171,442
570,171,437
571,171,462
572,171,475
573,171,442
490,172,307
491,172,408
492,172,518
493,172,642
494,172,781
495,172,942
496,172,1097
497,172,1077
498,172,891
499,172,736
500,172,647
501,172,611
502,172,604
503,172,605
504,172,614
505,172,639
506,172,706
507,172,862
508,172,1139
509,172,1476
510,172,1580
511,172,1387
512,172,1412
513,172,1706
514,172,1914
515,172,2239
516,172,1998
517,172,1640
518,172,1350
519,172,1392
520,172,1731
521,172,2013
522,172,2102
523,172,1920
524,172,1953
525,172,2033
526,172,2311
527,172,2627
528,172,3265
529,172,4530
530,172,5127
531,172,5259
532,172,5123
533,172,4817
534,172,4647
535,172,4834
536,172,4043
537,172,3436
538,172,3244
539,172,3338
540,172,3569
541,172,2745
542,172,2010
543,172,1737
544,172,1936
545,172,1947
546,172,1719
547,172,1918
548,172,1882
549,172,1505
550,172,1139
551,172,898
552,172,780
553,172,771
554,172,819
555,172,897
556,172,974
557,172,927
558,172,1076
559,172,1093
560,172,941
561,172,897
562,172,1089
563,172,1283
564,172,1269
565,172,1116
566,172,897
567,172,677
568,172,508
569,172,383
570,172,339
571,172,329
572,172,311
573,172,243
490,173,307
491,173,438
492,173,575
493,173,725
494,173,884
495,173,1049
496,173,1193
497,173,1154
498,173,947
499,173,769
500,173,661
501,173,610
502,173,588
503,173,553
504,173,590
505,173,611
506,173,666
507,173,784
508,173,976
509,173,1195
510,173,1308
511,173,1375
512,173,1644
513,173,2014
514,173,2179
515,173,2373
516,173,2129
517,173,1814
518,173,1571
519,173,1549
520,173,1598
521,173,1706
522,173,2187
523,173,2541
524,173,2648
525,173,2512
526,173,2844
527,173,3341
528,173,4263
529,173,5670
530,173,6411
531,173,6575
532,173,6270
533,173,5666
534,173,5131
535,173,4928
536,173,4425
537,173,4106
538,173,3811
539,173,4117
540,173,3266
541,173,2576
542,173,1870
543,173,1700
544,173,1745
545,173,1846
546,173,2085
547,173,2362
548,173,2270
549,173,1696
550,173,1232
551,173,963
552,173,928
553,173,972
554,173,1020
555,173,1053
556,173,1059
557,173,965
558,173,1096
559,173,1110
560,173,962
561,173,923
562,173,1057
563,173,1215
564,173,1238
565,173,1117
566,173,907
567,173,683
568,173,504
569,173,385
570,173,300
571,173,270
572,173,244
573,173,195
490,174,276
491,174,467
492,174,623
493,174,787
494,174,950
495,174,1088
496,174,1160
497,174,1104
498,174,943
499,174,780
500,174,668
501,174,607
502,174,579
503,174,568
504,174,579
505,174,589
506,174,625
507,174,699
508,174,822
509,174,963
510,174,1167
511,174,1565
512,174,2078
513,174,2614
514,174,2601
515,174,2257
516,174,2074
517,174,1971
518,174,1919
519,174,1901
520,174,1858
521,174,1906
522,174,2547
523,174,3137
524,174,3334
525,174,3468
526,174,3699
527,174,4366
528,174,5576
529,174,6758
530,174,7655
531,174,8119
532,174,7940
533,174,7036
534,174,6004
535,174,5327
536,174,4868
537,174,4603
538,174,4284
539,174,3759
540,174,2863
541,174,2583
542,174,2224
543,174,2400
544,174,2173
545,174,2424
546,174,2767
547,174,2353
548,174,2006
549,174,1550
550,174,1172
551,174,1113
552,174,1131
553,174,1232
554,174,1370
555,174,1325
556,174,1031
557,174,869
558,174,890
559,174,900
560,174,857
561,174,903
562,174,1095
563,174,1259
564,174,1244
565,174,1090
566,174,869
567,174,649
568,174,478
569,174,364
570,174,275
571,174,241
572,174,217
573,174,187
490,175,368
491,175,514
492,175,659
493,175,826
494,175,995
495,175,1121
496,175,1160
497,175,1094
498,175,946
499,175,791
500,175,677
501,175,612
502,175,580
503,175,576
504,175,602
505,175,620
506,175,634
507,175,660
508,175,738
509,175,909
510,175,1279
511,175,1768
512,175,2457
513,175,3042
514,175,2606
515,175,2205
516,175,2088
517,175,2345
518,175,2610
519,175,2410
520,175,2251
521,175,2304
522,175,3080
523,175,3728
524,175,3997
525,175,4735
526,175,5153
527,175,5991
528,175,7185
529,175,8219
530,175,9146
531,175,10427
532,175,10318
533,175,9326
534,175,7997
535,175,6939
536,175,6241
537,175,5709
538,175,4838
539,175,4024
540,175,3317
541,175,3039
542,175,2798
543,175,3368
544,175,3006
545,175,2651
546,175,2820
547,175,2332
548,175,1692
549,175,1328
550,175,1284
551,175,1386
552,175,1353
553,175,1502
554,175,1611
555,175,1547
556,175,1146
557,175,845
558,175,721
559,175,714
560,175,739
561,175,884
562,175,1133
563,175,1333
564,175,1221
565,175,998
566,175,769
567,175,570
568,175,424
569,175,329
570,175,252
571,175,222
572,175,204
573,175,186
490,176,464
491,176,544
492,176,673
493,176,848
494,176,1045
495,176,1210
496,176,1271
497,176,1175
498,176,996
499,176,822
500,176,709
501,176,642
502,176,603
503,176,611
504,176,679
505,176,726
506,176,741
507,176,734
508,176,770
509,176,1010
510,176,1419
511,176,1996
512,176,2692
513,176,2850
514,176,2421
515,176,2142
516,176,2173
517,176,2553
518,176,3070
519,176,3533
520,176,3148
521,176,3198
522,176,3455
523,176,4114
524,176,4743
525,176,5877
526,176,7054
527,176,8122
528,176,9113
529,176,10584
530,176,12890
531,176,13990
532,176,13854
533,176,12663
534,176,10997
535,176,9254
536,176,7772
537,176,6588
538,176,5814
539,176,5062
540,176,4823
541,176,4217
542,176,3842
543,176,4306
544,176,3449
545,176,2473
546,176,2245
547,176,1931
548,176,1497
549,176,1472
550,176,1476
551,176,1682
552,176,1404
553,176,1437
554,176,1361
555,176,1299
556,176,1021
557,176,764
558,176,607
559,176,594
560,176,657
561,176,813
562,176,1038
563,176,1206
564,176,1065
565,176,837
566,176,633
567,176,472
568,176,361
569,176,290
570,176,229
571,176,207
572,176,196
573,176,186
490,177,465
491,177,539
492,177,657
493,177,831
494,177,1049
495,177,1265
496,177,1382
497,177,1252
498,177,1046
499,177,867
500,177,770
501,177,705
502,177,660
503,177,697
504,177,830
505,177,937
506,177,957
507,177,899
508,177,873
509,177,1067
510,177,1489
511,177,2075
512,177,2671
513,177,2730
514,177,2352
515,177,2174
516,177,2249
517,177,2558
518,177,2930
519,177,3257
520,177,3595
521,177,3702
522,177,3791
523,177,4485
524,177,6010
525,177,7481
526,177,9225
527,177,10587
528,177,12441
529,177,14577
530,177,16671
531,177,17907
532,177,17860
533,177,16561
534,177,15104
535,177,12322
536,177,9947
537,177,8121
538,177,7034
539,177,5936
540,177,5279
541,177,4513
542,177,3851
543,177,3772
544,177,3198
545,177,2396
546,177,1847
547,177,1756
548,177,1768
549,177,1753
550,177,1642
551,177,1392
552,177,1172
553,177,1087
554,177,1019
555,177,954
556,177,803
557,177,647
558,177,547
559,177,522
560,177,582
561,177,690
562,177,815
563,177,880
564,177,795
565,177,642
566,177,496
567,177,383
568,177,307
569,177,258
570,177,211
571,177,196
572,177,190
573,177,186
490,178,464
491,178,518
492,178,614
493,178,769
494,178,973
495,178,1188
496,178,1322
497,178,1240
498,178,1105
499,178,948
500,178,873
501,178,818
502,178,764
503,178,868
504,178,1062
505,178,1271
506,178,1295
507,178,1139
508,178,1022
509,178,1170
510,178,1576
511,178,2096
512,178,2462
513,178,2423
514,178,2340
515,178,2600
516,178,2645
517,178,2808
518,178,2838
519,178,3069
520,178,3460
521,178,3823
522,178,4430
523,178,5305
524,178,7013
525,178,9255
526,178,12164
527,178,15022
528,178,17082
529,178,20033
530,178,22807
531,178,24625
532,178,24722
533,178,22764
534,178,19304
535,178,15288
536,178,12616
537,178,9770
538,178,7807
539,178,6322
540,178,5088
541,178,4318
542,178,3594
543,178,3229
544,178,2757
545,178,2095
546,178,1926
547,178,2044
548,178,2185
549,178,1963
550,178,1486
551,178,1109
552,178,888
553,178,792
554,178,742
555,178,695
556,178,618
557,178,537
558,178,483
559,178,471
560,178,513
561,178,571
562,178,622
563,178,632
564,178,577
565,178,485
566,178,392
567,178,319
568,178,269
569,178,235
570,178,198
571,178,188
572,178,186
573,178,186
490,179,459
491,179,492
492,179,560
493,179,677
494,179,834
495,179,998
496,179,1124
497,179,1244
498,179,1196
499,179,1060
500,179,1002
501,179,963
502,179,898
503,179,1111
504,179,1307
505,179,1651
506,179,1675
507,179,1386
508,179,1222
509,179,1432
510,179,1763
511,179,2466
512,179,2983
513,179,2854
514,179,3012
515,179,3374
516,179,3250
517,179,3475
518,179,3504
519,179,3381
520,179,3765
521,179,4278
522,179,5103
523,179,6074
524,179,7912
525,179,11021
526,179,14753
527,179,17683
528,179,21558
529,179,25695
530,179,29471
531,179,32090
532,179,32465
533,179,29943
534,179,25055
535,179,19414
536,179,15383
537,179,11422
538,179,8374
539,179,6351
540,179,4974
541,179,4143
542,179,3399
543,179,2872
544,179,2563
545,179,2224
546,179,1963
547,179,1974
548,179,1751
549,179,1500
550,179,1187
551,179,891
552,179,683
553,179,608
554,179,577
555,179,554
556,179,511
557,179,465
558,179,435
559,179,434
560,179,459
561,179,486
562,179,499
563,179,488
564,179,447
565,179,389
566,179,330
567,179,282
568,179,247
569,179,220
570,179,190
571,179,182
572,179,182
573,179,186
490,180,453
491,180,482
492,180,516
493,180,588
494,180,697
495,180,835
496,180,988
497,180,1145
498,180,1183
499,180,1100
500,180,988
501,180,976
502,180,1022
503,180,1383
504,180,1537
505,180,1721
506,180,1734
507,180,1490
508,180,1488
509,180,1821
510,180,2194
511,180,2563
512,180,3063
513,180,3317
514,180,3523
515,180,4116
516,180,3688
517,180,4180
518,180,4242
519,180,3981
520,180,4764
521,180,5338
522,180,5629
523,180,6651
524,180,8839
525,180,12481
526,180,16072
527,180,20161
528,180,24956
529,180,29884
530,180,34451
531,180,37787
532,180,38509
533,180,35669
534,180,29758
535,180,22585
536,180,16305
537,180,12229
538,180,8584
539,180,6246
540,180,4813
541,180,3849
542,180,3167
543,180,2799
544,180,2728
545,180,2494
546,180,1998
547,180,1614
548,180,1327
549,180,1090
550,180,890
551,180,704
552,180,568
553,180,582
554,180,620
555,180,613
556,180,553
557,180,484
558,180,439
559,180,439
560,180,445
561,180,442
562,180,435
563,180,416
564,180,383
565,180,343
566,180,301
567,180,264
568,180,231
569,180,197
570,180,182
571,180,178
572,180,177
573,180,176
490,181,498
491,181,510
492,181,511
493,181,533
494,181,598
495,181,696
496,181,804
497,181,898
498,181,951
499,181,903
500,181,810
501,181,840
502,181,1057
503,181,1387
504,181,1485
505,181,1438
506,181,1497
507,181,1468
508,181,1636
509,181,2072
510,181,2600
511,181,2306
512,181,2499
513,181,3146
514,181,3317
515,181,3397
516,181,3333
517,181,4099
518,181,4272
519,181,4369
520,181,5391
521,181,6215
522,181,6041
523,181,7123
524,181,9451
525,181,13301
526,181,17719
527,181,21214
528,181,26009
529,181,30979
530,181,35694
531,181,39301
532,181,40280
533,181,37496
534,181,31339
535,181,23655
536,181,16690
537,181,12277
538,181,8381
539,181,6031
540,181,4714
541,181,3673
542,181,3082
543,181,2780
544,181,2749
545,181,2590
546,181,2034
547,181,1438
548,181,1075
549,181,835
550,181,691
551,181,589
552,181,577
553,181,681
554,181,800
555,181,797
556,181,671
557,181,548
558,181,489
559,181,491
560,181,481
561,181,453
562,181,420
563,181,388
564,181,356
565,181,322
566,181,284
567,181,251
568,181,209
569,181,190
570,181,181
571,181,177
572,181,173
573,181,167
490,182,592
491,182,586
492,182,546
493,182,519
494,182,529
495,182,585
496,182,647
497,182,699
498,182,725
499,182,701
500,182,667
501,182,695
502,182,899
503,182,1109
504,182,1201
505,182,1231
506,182,1432
507,182,1654
508,182,1728
509,182,1848
510,182,2027
511,182,1856
512,182,1968
513,182,2370
514,182,2513
515,182,2549
516,182,2709
517,182,3237
518,182,3447
519,182,3813
520,182,4693
521,182,5481
522,182,5920
523,182,7297
524,182,9197
525,182,12691
526,182,16038
527,182,19979
528,182,24283
529,182,28510
530,182,32554
531,182,35761
532,182,36746
533,182,34381
534,182,28909
535,182,21973
536,182,15629
537,182,11358
538,182,7743
539,182,5706
540,182,4334
541,182,3427
542,182,3281
543,182,3071
544,182,2712
545,182,2695
546,182,2182
547,182,1549
548,182,1069
549,182,735
550,182,603
551,182,549
552,182,621
553,182,804
554,182,1036
555,182,1034
556,182,798
557,182,615
558,182,583
559,182,605
560,182,567
561,182,497
562,182,435
563,182,387
564,182,349
565,182,311
566,182,257
567,182,229
568,182,207
569,182,193
570,182,185
571,182,181
572,182,175
573,182,170
490,183,774
491,183,711
492,183,606
493,183,530
494,183,500
495,183,513
496,183,541
497,183,568
498,183,578
499,183,568
500,183,561
501,183,598
502,183,731
503,183,862
504,183,968
505,183,1142
506,183,1462
507,183,1820
508,183,1822
509,183,1520
510,183,1435
511,183,1308
512,183,1277
513,183,1614
514,183,1974
515,183,2400
516,183,2545
517,183,2448
518,183,2692
519,183,3517
520,183,4606
521,183,5138
522,183,5581
523,183,6434
524,183,8210
525,183,11388
526,183,15029
527,183,17637
528,183,20710
529,183,23596
530,183,26367
531,183,28624
532,183,29334
533,183,27572
534,183,23467
535,183,18385
536,183,14099
537,183,9881
538,183,7057
539,183,5715
540,183,4421
541,183,3348
542,183,3340
543,183,3533
544,183,2881
545,183,2634
546,183,2110
547,183,1507
548,183,1048
549,183,760
550,183,642
551,183,574
552,183,636
553,183,814
554,183,1042
555,183,1038
556,183,802
557,183,635
558,183,707
559,183,795
560,183,694
561,183,554
562,183,451
563,183,388
564,183,345
565,183,308
566,183,270
567,183,246
568,183,228
569,183,215
570,183,207
571,183,200
572,183,184
573,183,171
490,184,936
491,184,808
492,184,645
493,184,537
494,184,485
495,184,469
496,184,478
497,184,488
498,184,490
499,184,487
500,184,491
501,184,533
502,184,607
503,184,694
504,184,807
505,184,1017
506,184,1293
507,184,1543
508,184,1495
509,184,1217
510,184,988
511,184,912
512,184,959
513,184,1262
514,184,1685
515,184,2184
516,184,2328
517,184,2144
518,184,2227
519,184,3008
520,184,3996
521,184,4833
522,184,5172
523,184,5709
524,184,6960
525,184,9487
526,184,12625
527,184,15444
528,184,16841
529,184,18276
530,184,19673
531,184,20836
532,184,21123
533,184,19908
534,184,17310
535,184,14716
536,184,11120
537,184,8099
538,184,6512
539,184,5093
540,184,4300
541,184,3493
542,184,3415
543,184,3164
544,184,2612
545,184,2114
546,184,1702
547,184,1292
548,184,1000
549,184,901
550,184,798
551,184,679
552,184,628
553,184,709
554,184,815
555,184,807
556,184,687
557,184,636
558,184,792
559,184,997
560,184,780
561,184,576
562,184,448
563,184,377
564,184,333
565,184,300
566,184,271
567,184,252
568,184,239
569,184,228
570,184,220
571,184,214
572,184,209
573,184,195
490,185,764
491,185,718
492,185,612
493,185,523
494,185,471
495,185,447
496,185,439
497,185,440
498,185,438
499,185,436
500,185,441
501,185,473
502,185,521
503,185,589
504,185,696
505,185,849
506,185,1016
507,185,1129
508,185,1088
509,185,915
510,185,744
511,185,675
512,185,807
513,185,1077
514,185,1435
515,185,1810
516,185,2191
517,185,2537
518,185,2274
519,185,2224
520,185,3065
521,185,3621
522,185,4066
523,185,4704
524,185,6008
525,185,7779
526,185,9944
527,185,12148
528,185,13723
529,185,14582
530,185,15130
531,185,15504
532,185,15411
533,185,14458
534,185,12677
535,185,10496
536,185,8178
537,185,6475
538,185,5550
539,185,4596
540,185,4722
541,185,3776
542,185,4002
543,185,3708
544,185,2776
545,185,1964
546,185,1382
547,185,1118
548,185,1152
549,185,1206
550,185,1058
551,185,834
552,185,674
553,185,630
554,185,636
555,185,615
556,185,559
557,185,567
558,185,680
559,185,769
560,185,664
561,185,518
562,185,414
563,185,352
564,185,314
565,185,289
566,185,270
567,185,261
568,185,256
569,185,248
570,185,237
571,185,229
572,185,224
573,185,218
490,186,608
491,186,620
492,186,563
493,186,503
494,186,463
495,186,444
496,186,432
497,186,421
498,186,411
499,186,404
500,186,404
501,186,422
502,186,456
503,186,514
504,186,591
505,186,683
506,186,767
507,186,807
508,186,773
509,186,681
510,186,600
511,186,632
512,186,810
513,186,1118
514,186,1506
515,186,1853
516,186,2300
517,186,2713
518,186,2282
519,186,1822
520,186,1920
521,186,2178
522,186,2873
523,186,3783
524,186,4853
525,186,6119
526,186,7574
527,186,9133
528,186,10218
529,186,10521
530,186,10500
531,186,10448
532,186,10199
533,186,9441
534,186,8500
535,186,7395
536,186,6404
537,186,5687
538,186,5188
539,186,4075
540,186,3911
541,186,3273
542,186,3162
543,186,3392
544,186,2583
545,186,1808
546,186,1292
547,186,1165
548,186,1394
549,186,1609
550,186,1348
551,186,1005
552,186,828
553,186,682
554,186,567
555,186,512
556,186,465
557,186,480
558,186,529
559,186,555
560,186,507
561,186,430
562,186,365
563,186,321
564,186,292
565,186,280
566,186,273
567,186,280
568,186,291
569,186,286
570,186,266
571,186,248
572,186,243
573,186,251
490,187,672
491,187,602
492,187,545
493,187,501
494,187,480
495,187,470
496,187,455
497,187,434
498,187,415
499,187,401
500,187,389
501,187,362
502,187,384
503,187,446
504,187,498
505,187,552
506,187,589
507,187,596
508,187,573
509,187,531
510,187,517
511,187,637
512,187,885
513,187,1299
514,187,1861
515,187,2318
516,187,2296
517,187,2629
518,187,2223
519,187,2057
520,187,1986
521,187,1781
522,187,2221
523,187,3274
524,187,4432
525,187,5095
526,187,5794
527,187,6928
528,187,7651
529,187,7556
530,187,7301
531,187,7035
532,187,6951
533,187,6459
534,187,6290
535,187,5800
536,187,5408
537,187,4962
538,187,4382
539,187,3757
540,187,3487
541,187,2836
542,187,2479
543,187,2534
544,187,2149
545,187,1610
546,187,1199
547,187,1203
548,187,1430
549,187,1645
550,187,1442
551,187,1301
552,187,1066
553,187,807
554,187,617
555,187,501
556,187,431
557,187,420
558,187,426
559,187,423
560,187,397
561,187,358
562,187,322
563,187,295
564,187,278
565,187,274
566,187,282
567,187,312
568,187,355
569,187,352
570,187,305
571,187,269
572,187,255
573,187,256
490,188,639
491,188,594
492,188,549
493,188,529
494,188,529
495,188,533
496,188,515
497,188,476
498,188,438
499,188,413
500,188,394
501,188,358
502,188,361
503,188,380
504,188,409
505,188,463
506,188,477
507,188,470
508,188,462
509,188,455
510,188,485
511,188,636
512,188,901
513,188,1333
514,188,1927
515,188,2384
516,188,2100
517,188,1991
518,188,1905
519,188,2308
520,188,2273
521,188,1713
522,188,1583
523,188,2595
524,188,3549
525,188,4038
526,188,4673
527,188,5658
528,188,6433
529,188,6099
530,188,5675
531,188,5106
532,188,5102
533,188,5030
534,188,5229
535,188,5369
536,188,4587
537,188,3896
538,188,3486
539,188,3818
540,188,3697
541,188,2787
542,188,2053
543,188,1872
544,188,1768
545,188,1520
546,188,1359
547,188,1429
548,188,1354
549,188,1366
550,188,1395
551,188,1609
552,188,1236
553,188,891
554,188,661
555,188,520
556,188,433
557,188,394
558,188,376
559,188,358
560,188,337
561,188,315
562,188,295
563,188,277
564,188,269
565,188,271
566,188,291
567,188,341
568,188,419
569,188,417
570,188,336
571,188,286
572,188,264
573,188,257
490,189,628
491,189,613
492,189,580
493,189,573
494,189,601
495,189,639
496,189,621
497,189,545
498,189,475
499,189,433
500,189,412
501,189,402
502,189,408
503,189,417
504,189,422
505,189,427
506,189,416
507,189,388
508,189,418
509,189,449
510,189,512
511,189,638
512,189,883
513,189,1271
514,189,1847
515,189,2393
516,189,1898
517,189,1473
518,189,1544
519,189,1849
520,189,1835
521,189,1461
522,189,1267
523,189,1875
524,189,2699
525,189,3648
526,189,4167
527,189,4647
528,189,5172
529,189,5340
530,189,5152
531,189,4414
532,189,4216
533,189,4801
534,189,5571
535,189,5026
536,189,3994
537,189,3158
538,189,2856
539,189,3177
540,189,3109
541,189,2486
542,189,1941
543,189,1825
544,189,1961
545,189,1716
546,189,1625
547,189,1836
548,189,1576
549,189,1330
550,189,1289
551,189,1320
552,189,1111
553,189,868
554,189,678
555,189,548
556,189,463
557,189,403
558,189,367
559,189,339
560,189,316
561,189,297
562,189,282
563,189,269
564,189,266
565,189,274
566,189,298
567,189,340
568,189,388
569,189,386
570,189,334
571,189,292
572,189,270
573,189,259
490,190,803
491,190,679
492,190,615
493,190,609
494,190,672
495,190,767
496,190,748
497,190,613
498,190,508
499,190,451
500,190,427
501,190,428
502,190,441
503,190,451
504,190,451
505,190,441
506,190,424
507,190,411
508,190,439
509,190,491
510,190,587
511,190,742
512,190,951
513,190,1186
514,190,1565
515,190,1802
516,190,1551
517,190,1207
518,190,1181
519,190,1302
520,190,1290
521,190,1119
522,190,1027
523,190,1492
524,190,2185
525,190,2918
526,190,3344
527,190,3580
528,190,3961
529,190,4364
530,190,4285
531,190,3736
532,190,3561
533,190,4162
534,190,4638
535,190,4438
536,190,3481
537,190,2602
538,190,2229
539,190,2342
540,190,2288
541,190,1951
542,190,1625
543,190,1656
544,190,1879
545,190,1673
546,190,1603
547,190,1825
548,190,1593
549,190,1526
550,190,1462
551,190,1198
552,190,987
553,190,886
554,190,752
555,190,621
556,190,520
557,190,447
558,190,402
559,190,364
560,190,329
561,190,302
562,190,281
563,190,256
564,190,271
565,190,284
566,190,307
567,190,336
568,190,359
569,190,354
570,190,325
571,190,295
572,190,276
573,190,273
490,191,871
491,191,708
492,191,628
493,191,626
494,191,698
495,191,789
496,191,755
497,191,617
498,191,514
499,191,458
500,191,438
501,191,454
502,191,481
503,191,503
504,191,503
505,191,483
506,191,458
507,191,446
508,191,476
509,191,546
510,191,679
511,191,900
512,191,1201
513,191,1435
514,191,1378
515,191,1323
516,191,1164
517,191,965
518,191,911
519,191,943
520,191,930
521,191,860
522,191,847
523,191,1226
524,191,1734
525,191,2286
526,191,2777
527,191,3164
528,191,3289
529,191,3385
530,191,3248
531,191,2917
532,191,2812
533,191,3453
534,191,4233
535,191,4172
536,191,3207
537,191,2299
538,191,1740
539,191,1674
540,191,1601
541,191,1388
542,191,1272
543,191,1288
544,191,1376
545,191,1313
546,191,1264
547,191,1363
548,191,1282
549,191,1448
550,191,1424
551,191,1172
552,191,1125
553,191,1090
554,191,895
555,191,709
556,191,580
557,191,507
558,191,463
559,191,415
560,191,360
561,191,321
562,191,297
563,191,285
564,191,286
565,191,300
566,191,321
567,191,343
568,191,354
569,191,347
570,191,323
571,191,296
572,191,276
573,191,271
490,192,814
491,192,680
492,192,607
493,192,601
494,192,662
495,192,730
496,192,663
497,192,562
498,192,495
499,192,458
500,192,454
501,192,485
502,192,535
503,192,582
504,192,585
505,192,544
506,192,504
507,192,484
508,192,507
509,192,587
510,192,746
511,192,1003
512,192,1399
513,192,1798
514,192,1437
515,192,1103
516,192,882
517,192,787
518,192,775
519,192,788
520,192,759
521,192,712
522,192,730
523,192,1042
524,192,1488
525,192,2058
526,192,2677
527,192,3381
528,192,3446
529,192,2904
530,192,2388
531,192,2204
532,192,2315
533,192,2925
534,192,3543
535,192,3513
536,192,2802
537,192,2023
538,192,1476
539,192,1237
540,192,1141
541,192,1009
542,192,970
543,192,963
544,192,989
545,192,975
546,192,966
547,192,1039
548,192,1098
549,192,1161
550,192,1121
551,192,1049
552,192,1243
553,192,1234
554,192,973
555,192,755
556,192,616
557,192,573
558,192,549
559,192,496
560,192,415
561,192,355
562,192,320
563,192,305
564,192,304
565,192,313
566,192,335
567,192,353
568,192,359
569,192,348
570,192,323
571,192,293
572,192,264
573,192,225
490,193,699
491,193,613
492,193,560
493,193,550
494,193,576
495,193,598
496,193,569
497,193,518
498,193,480
499,193,458
500,193,469
501,193,513
502,193,587
503,193,674
504,193,680
505,193,608
506,193,550
507,193,526
508,193,555
509,193,657
510,193,799
511,193,984
512,193,1264
513,193,1418
514,193,1228
515,193,964
516,193,797
517,193,811
518,193,916
519,193,982
520,193,915
521,193,804
522,193,772
523,193,1066
524,193,1559
525,193,2235
526,193,2905
527,193,3331
528,193,3312
529,193,2650
530,193,2018
531,193,1656
532,193,1784
533,193,2441
534,193,2999
535,193,2980
536,193,2375
537,193,1698
538,193,1250
539,193,977
540,193,837
541,193,770
542,193,758
543,193,751
544,193,756
545,193,763
546,193,917
547,193,1158
548,193,1331
549,193,1173
550,193,949
551,193,892
552,193,1033
553,193,1043
554,193,880
555,193,726
556,193,635
557,193,638
558,193,662
559,193,610
560,193,485
561,193,395
562,193,344
563,193,322
564,193,316
565,193,307
566,193,338
567,193,353
568,193,356
569,193,342
570,193,315
571,193,283
572,193,238
573,193,206
490,194,533
491,194,518
492,194,504
493,194,503
494,194,515
495,194,524
496,194,518
497,194,497
498,194,493
499,194,484
500,194,486
501,194,523
502,194,595
503,194,685
504,194,703
505,194,655
506,194,592
507,194,562
508,194,600
509,194,740
510,194,936
511,194,1153
512,194,1211
513,194,1080
514,194,958
515,194,807
516,194,759
517,194,906
518,194,1162
519,194,1347
520,194,1179
521,194,945
522,194,836
523,194,1066
524,194,1512
525,194,2126
526,194,2667
527,194,2635
528,194,2551
529,194,2126
530,194,1612
531,194,1540
532,194,1734
533,194,2412
534,194,3169
535,194,3204
536,194,2518
537,194,1857
538,194,1318
539,194,977
540,194,767
541,194,695
542,194,694
543,194,680
544,194,660
545,194,729
546,194,943
547,194,1303
548,194,1677
549,194,1289
550,194,922
551,194,746
552,194,790
553,194,800
554,194,732
555,194,655
556,194,626
557,194,667
558,194,751
559,194,702
560,194,533
561,194,427
562,194,365
563,194,338
564,194,329
565,194,322
566,194,316
567,194,322
568,194,321
569,194,307
570,194,283
571,194,255
572,194,227
573,194,199
490,195,319
491,195,417
492,195,452
493,195,473
494,195,489
495,195,504
496,195,520
497,195,543
498,195,556
499,195,537
500,195,512
501,195,518
502,195,562
503,195,627
504,195,699
505,195,688
506,195,618
507,195,588
508,195,625
509,195,784
510,195,1025
511,195,1323
512,195,1327
513,195,1034
514,195,802
515,195,673
516,195,729
517,195,953
518,195,1334
519,195,1734
520,195,1379
521,195,1035
522,195,863
523,195,987
524,195,1298
525,195,1682
526,195,1960
527,195,1940
528,195,1745
529,195,1472
530,195,1420
531,195,1571
532,195,1722
533,195,1939
534,195,2669
535,195,2918
536,195,2738
537,195,2075
538,195,1482
539,195,1040
540,195,755
541,195,762
542,195,816
543,195,805
544,195,733
545,195,712
546,195,857
547,195,1106
548,195,1277
549,195,1084
550,195,815
551,195,722
552,195,755
553,195,728
554,195,662
555,195,607
556,195,595
557,195,623
558,195,662
559,195,624
560,195,517
561,195,433
562,195,381
563,195,355
564,195,339
565,195,314
566,195,307
567,195,308
568,195,304
569,195,290
570,195,269
571,195,245
572,195,222
573,195,202
490,196,309
491,196,358
492,196,417
493,196,460
494,196,487
495,196,518
496,196,561
497,196,618
498,196,655
499,196,606
500,196,544
501,196,513
502,196,531
503,196,577
504,196,629
505,196,639
506,196,621
507,196,621
508,196,640
509,196,753
510,196,941
511,196,1131
512,196,1120
513,196,908
514,196,709
515,196,601
516,196,668
517,196,869
518,196,1178
519,196,1436
520,196,1331
521,196,1056
522,196,858
523,196,820
524,196,1037
525,196,1248
526,196,1389
527,196,1407
528,196,1312
529,196,1187
530,196,1253
531,196,1448
532,196,1547
533,196,1584
534,196,1981
535,196,2338
536,196,2449
537,196,2169
538,196,1527
539,196,1057
540,196,814
541,196,919
542,196,1074
543,196,1066
544,196,890
545,196,732
546,196,723
547,196,828
548,196,898
549,196,815
550,196,697
551,196,762
552,196,893
553,196,810
554,196,701
555,196,651
556,196,590
557,196,561
558,196,553
559,196,524
560,196,471
561,196,424
562,196,383
563,196,366
564,196,355
565,196,340
566,196,307
567,196,299
568,196,292
569,196,278
570,196,260
571,196,239
572,196,220
573,196,201
490,197,316
491,197,345
492,197,385
493,197,456
494,197,495
495,197,532
496,197,586
497,197,669
498,197,756
499,197,654
500,197,561
501,197,511
502,197,506
503,197,533
504,197,570
505,197,607
506,197,664
507,197,704
508,197,685
509,197,689
510,197,815
511,197,898
512,197,866
513,197,737
514,197,606
515,197,533
516,197,593
517,197,774
518,197,1084
519,197,1456
520,197,1448
521,197,1098
522,197,848
523,197,750
524,197,831
525,197,954
526,197,1046
527,197,1081
528,197,1005
529,197,984
530,197,1041
531,197,1148
532,197,1205
533,197,1257
534,197,1501
535,197,1779
536,197,1970
537,197,1773
538,197,1331
539,197,976
540,197,860
541,197,1082
542,197,1388
543,197,1380
544,197,1055
545,197,775
546,197,632
547,197,636
548,197,654
549,197,605
550,197,608
551,197,732
552,197,895
553,197,860
554,197,866
555,197,762
556,197,624
557,197,525
558,197,480
559,197,462
560,197,441
561,197,435
562,197,416
563,197,393
564,197,374
565,197,355
566,197,315
567,197,297
568,197,287
569,197,274
570,197,258
571,197,240
572,197,221
573,197,201
490,198,319
491,198,350
492,198,392
493,198,459
494,198,495
495,198,527
496,198,570
497,198,625
498,198,662
499,198,610
500,198,542
501,198,501
502,198,490
503,198,508
504,198,546
505,198,624
506,198,735
507,198,824
508,198,762
509,198,728
510,198,851
511,198,862
512,198,750
513,198,612
514,198,512
515,198,475
516,198,533
517,198,693
518,198,937
519,198,1189
520,198,1186
521,198,956
522,198,760
523,198,664
524,198,661
525,198,747
526,198,815
527,198,848
528,198,819
529,198,827
530,198,859
531,198,926
532,198,1002
533,198,1183
534,198,1531
535,198,1929
536,198,1935
537,198,1510
538,198,1143
539,198,882
540,198,849
541,198,1085
542,198,1395
543,198,1385
544,198,1060
545,198,770
546,198,591
547,198,523
548,198,504
549,198,486
550,198,513
551,198,605
552,198,721
553,198,848
554,198,1062
555,198,844
556,198,640
557,198,511
558,198,440
559,198,449
560,198,482
561,198,506
562,198,478
563,198,434
564,198,400
565,198,377
566,198,351
567,198,308
568,198,293
569,198,281
570,198,267
571,198,250
572,198,230
573,198,204
490,199,323
491,199,367
492,199,427
493,199,467
494,199,491
495,199,512
496,199,535
497,199,560
498,199,570
499,199,545
500,199,509
501,199,486
502,199,481
503,199,499
504,199,541
505,199,619
506,199,734
507,199,830
508,199,791
509,199,843
510,199,1007
511,199,997
512,199,786
513,199,581
514,199,481
515,199,443
516,199,515
517,199,648
518,199,844
519,199,1006
520,199,920
521,199,750
522,199,625
523,199,574
524,199,564
525,199,609
526,199,654
527,199,682
528,199,683
529,199,701
530,199,734
531,199,792
532,199,893
533,199,1127
534,199,1484
535,199,1879
536,199,1863
537,199,1427
538,199,1033
539,199,793
540,199,776
541,199,939
542,199,1129
543,199,1111
544,199,938
545,199,726
546,199,566
547,199,473
548,199,428
549,199,417
550,199,438
551,199,494
552,199,572
553,199,716
554,199,828
555,199,731
556,199,588
557,199,486
558,199,435
559,199,468
560,199,543
561,199,605
562,199,548
563,199,475
564,199,426
565,199,398
566,199,374
567,199,327
568,199,312
569,199,303
570,199,291
571,199,274
572,199,253
573,199,231
490,200,335
491,200,404
492,200,448
493,200,479
494,200,500
495,200,512
496,200,514
497,200,517
498,200,513
499,200,498
500,200,480
501,200,471
502,200,486
503,200,495
504,200,533
505,200,598
506,200,683
507,200,757
508,200,792
509,200,848
510,200,990
511,200,987
512,200,770
513,200,601
514,200,492
515,200,443
516,200,507
517,200,638
518,200,859
519,200,1124
520,200,881
521,200,676
522,200,558
523,200,504
524,200,490
525,200,502
526,200,531
527,200,550
528,200,574
529,200,601
530,200,641
531,200,699
532,200,816
533,200,996
534,200,1237
535,200,1453
536,200,1435
537,200,1181
538,200,905
539,200,722
540,200,706
541,200,861
542,200,1106
543,200,1265
544,200,1057
545,200,786
546,200,591
547,200,473
548,200,407
549,200,380
550,200,388
551,200,415
552,200,478
553,200,563
554,200,615
555,200,583
556,200,512
557,200,452
558,200,428
559,200,469
560,200,549
561,200,615
562,200,563
563,200,493
564,200,446
565,200,420
566,200,403
567,200,363
568,200,349
569,200,344
570,200,333
571,200,314
572,200,284
573,200,232
490,201,338
491,201,420
492,201,465
493,201,498
494,201,528
495,201,545
496,201,533
497,201,510
498,201,487
499,201,472
500,201,460
501,201,458
502,201,474
503,201,505
504,201,559
505,201,648
506,201,756
507,201,885
508,201,914
509,201,814
510,201,773
511,201,844
512,201,786
513,201,624
514,201,508
515,201,455
516,201,502
517,201,599
518,201,738
519,201,837
520,201,729
521,201,592
522,201,500
523,201,455
524,201,436
525,201,431
526,201,433
527,201,454
528,201,495
529,201,531
530,201,573
531,201,636
532,201,723
533,201,844
534,201,976
535,201,1073
536,201,1054
537,201,922
538,201,756
539,201,630
540,201,666
541,201,822
542,201,1065
543,201,1242
544,201,1048
545,201,786
546,201,594
547,201,476
548,201,402
549,201,358
550,201,351
551,201,368
552,201,403
553,201,449
554,201,480
555,201,474
556,201,445
557,201,417
558,201,419
559,201,454
560,201,510
561,201,552
562,201,544
563,201,515
564,201,477
565,201,453
566,201,445
567,201,437
568,201,404
569,201,401
570,201,396
571,201,376
572,201,345
573,201,300
490,202,373
491,202,436
492,202,485
493,202,522
494,202,574
495,202,612
496,202,577
497,202,528
498,202,489
499,202,466
500,202,460
501,202,464
502,202,479
503,202,520
504,202,593
505,202,715
506,202,868
507,202,939
508,202,1043
509,202,838
510,202,684
511,202,705
512,202,685
513,202,594
514,202,517
515,202,480
516,202,511
517,202,587
518,202,662
519,202,684
520,202,616
521,202,524
522,202,456
523,202,417
524,202,397
525,202,382
526,202,359
527,202,378
528,202,439
529,202,482
530,202,525
531,202,581
532,202,648
533,202,723
534,202,788
535,202,828
536,202,815
537,202,745
538,202,633
539,202,578
540,202,612
541,202,719
542,202,863
543,202,955
544,202,868
545,202,703
546,202,564
547,202,467
548,202,400
549,202,340
550,202,354
551,202,374
552,202,415
553,202,472
554,202,513
555,202,500
556,202,460
557,202,426
558,202,432
559,202,474
560,202,542
561,202,603
562,202,643
563,202,586
564,202,519
565,202,485
566,202,482
567,202,488
568,202,459
569,202,469
570,202,479
571,202,461
572,202,432
573,202,411
490,203,409
491,203,444
492,203,483
493,203,533
494,203,607
495,203,686
496,203,612
497,203,542
498,203,497
499,203,475
500,203,479
501,203,494
502,203,516
503,203,557
504,203,615
505,203,729
506,203,865
507,203,893
508,203,872
509,203,749
510,203,623
511,203,592
512,203,590
513,203,569
514,203,546
515,203,547
516,203,595
517,203,682
518,203,769
519,203,754
520,203,633
521,203,514
522,203,437
523,203,396
524,203,377
525,203,361
526,203,332
527,203,342
528,203,387
529,203,428
530,203,480
531,203,539
532,203,596
533,203,644
534,203,668
535,203,696
536,203,711
537,203,701
538,203,653
539,203,594
540,203,563
541,203,608
542,203,679
543,203,724
544,203,687
545,203,601
546,203,516
547,203,448
548,203,393
549,203,364
550,203,366
551,203,389
552,203,441
553,203,523
554,203,592
555,203,550
556,203,483
557,203,437
558,203,444
559,203,503
560,203,609
561,203,721
562,203,780
563,203,642
564,203,540
565,203,500
566,203,504
567,203,522
568,203,508
569,203,548
570,203,607
571,203,592
572,203,545
573,203,505
490,204,393
491,204,441
492,204,476
493,204,517
494,204,572
495,204,611
496,204,581
497,204,537
498,204,507
499,204,505
500,204,524
501,204,561
502,204,600
503,204,647
504,204,701
505,204,711
506,204,755
507,204,790
508,204,820
509,204,704
510,204,589
511,204,542
512,204,566
513,204,607
514,204,635
515,204,639
516,204,694
517,204,817
518,204,980
519,204,955
520,204,738
521,204,558
522,204,452
523,204,398
524,204,372
525,204,354
526,204,320
527,204,323
528,204,347
529,204,376
530,204,419
531,204,503
532,204,565
533,204,617
534,204,663
535,204,715
536,204,775
537,204,815
538,204,777
539,204,669
540,204,552
541,204,536
542,204,556
543,204,560
544,204,537
545,204,513
546,204,468
547,204,419
548,204,357
549,204,361
550,204,371
551,204,393
552,204,443
553,204,521
554,204,587
555,204,544
556,204,476
557,204,432
558,204,440
559,204,498
560,204,598
561,204,689
562,204,690
563,204,586
564,204,512
565,204,487
566,204,500
567,204,529
568,204,549
569,204,645
570,204,687
571,204,667
572,204,598
573,204,492
490,205,356
491,205,425
492,205,461
493,205,494
494,205,528
495,205,554
496,205,562
497,205,554
498,205,543
499,205,556
500,205,594
501,205,663
502,205,734
503,205,763
504,205,838
505,205,773
506,205,704
507,205,738
508,205,769
509,205,667
510,205,574
511,205,555
512,205,624
513,205,725
514,205,786
515,205,767
516,205,761
517,205,855
518,205,1003
519,205,972
520,205,753
521,205,570
522,205,460
523,205,402
524,205,373
525,205,353
526,205,316
527,205,315
528,205,331
529,205,355
530,205,398
531,205,488
532,205,557
533,205,623
534,205,693
535,205,782
536,205,900
537,205,1020
538,205,982
539,205,783
540,205,597
541,205,570
542,205,588
543,205,559
544,205,511
545,205,469
546,205,434
547,205,400
548,205,350
549,205,340
550,205,368
551,205,386
552,205,418
553,205,464
554,205,497
555,205,479
556,205,440
557,205,423
558,205,444
559,205,489
560,205,526
561,205,572
562,205,569
563,205,507
564,205,461
565,205,454
566,205,473
567,205,492
568,205,594
569,205,682
570,205,730
571,205,721
572,205,652
573,205,531
490,206,334
491,206,411
492,206,448
493,206,482
494,206,521
495,206,568
496,206,614
497,206,618
498,206,607
499,206,643
500,206,699
501,206,776
502,206,876
503,206,804
504,206,858
505,206,782
506,206,690
507,206,673
508,206,653
509,206,595
510,206,553
511,206,576
512,206,697
513,206,859
514,206,964
515,206,889
516,206,778
517,206,778
518,206,823
519,206,789
520,206,662
521,206,538
522,206,453
523,206,403
524,206,374
525,206,350
526,206,319
527,206,320
528,206,347
529,206,372
530,206,412
531,206,480
532,206,551
533,206,626
534,206,716
535,206,839
536,206,1024
537,206,1196
538,206,1150
539,206,862
540,206,659
541,206,675
542,206,721
543,206,640
544,206,535
545,206,464
546,206,426
547,206,403
548,206,377
549,206,339
550,206,361
551,206,374
552,206,390
553,206,410
554,206,423
555,206,416
556,206,400
557,206,409
558,206,451
559,206,519
560,206,532
561,206,490
562,206,462
563,206,433
564,206,413
565,206,417
566,206,446
567,206,501
568,206,591
569,206,682
570,206,749
571,206,768
572,206,724
573,206,647
490,207,349
491,207,406
492,207,446
493,207,484
494,207,536
495,207,610
496,207,680
497,207,685
498,207,681
499,207,746
500,207,775
501,207,793
502,207,791
503,207,736
504,207,745
505,207,719
506,207,712
507,207,676
508,207,600
509,207,545
510,207,533
511,207,586
512,207,724
513,207,923
514,207,1105
515,207,938
516,207,761
517,207,673
518,207,657
519,207,626
520,207,562
521,207,492
522,207,436
523,207,398
524,207,367
525,207,334
526,207,339
527,207,345
528,207,360
529,207,384
530,207,420
531,207,476
532,207,543
533,207,617
534,207,710
535,207,836
536,207,1007
537,207,1168
538,207,1074
539,207,861
540,207,706
541,207,810
542,207,894
543,207,714
544,207,558
545,207,470
546,207,429
547,207,411
548,207,391
549,207,344
550,207,338
551,207,358
552,207,369
553,207,375
554,207,377
555,207,373
556,207,371
557,207,385
558,207,429
559,207,495
560,207,500
561,207,443
562,207,401
563,207,378
564,207,372
565,207,381
566,207,410
567,207,474
568,207,561
569,207,656
570,207,742
571,207,799
572,207,776
573,207,701
490,208,349
491,208,406
492,208,448
493,208,483
494,208,534
495,208,607
496,208,673
497,208,654
498,208,678
499,208,735
500,208,705
501,208,697
502,208,670
503,208,641
504,208,645
505,208,681
506,208,735
507,208,709
508,208,607
509,208,539
510,208,518
511,208,566
512,208,671
513,208,809
514,208,897
515,208,808
516,208,669
517,208,569
518,208,535
519,208,515
520,208,485
521,208,449
522,208,416
523,208,386
524,208,344
525,208,346
526,208,351
527,208,364
528,208,387
529,208,421
530,208,455
531,208,499
532,208,551
533,208,609
534,208,686
535,208,790
536,208,877
537,208,1036
538,208,1201
539,208,920
540,208,679
541,208,678
542,208,760
543,208,707
544,208,558
545,208,469
546,208,432
547,208,419
548,208,400
549,208,352
550,208,333
551,208,331
552,208,348
553,208,349
554,208,345
555,208,340
556,208,340
557,208,347
558,208,377
559,208,411
560,208,413
561,208,386
562,208,360
563,208,344
564,208,340
565,208,344
566,208,351
567,208,435
568,208,518
569,208,605
570,208,689
571,208,754
572,208,747
573,208,701
490,209,337
491,209,404
492,209,459
493,209,495
494,209,516
495,209,555
496,209,588
497,209,587
498,209,607
499,209,629
500,209,606
501,209,588
502,209,567
503,209,558
504,209,574
505,209,614
506,209,653
507,209,638
508,209,573
509,209,525
510,209,505
511,209,530
512,209,587
513,209,656
514,209,686
515,209,638
516,209,553
517,209,482
518,209,445
519,209,437
520,209,428
521,209,412
522,209,393
523,209,369
524,209,352
525,209,352
526,209,366
527,209,395
528,209,440
529,209,489
530,209,524
531,209,558
532,209,606
533,209,655
534,209,687
535,209,706
536,209,764
537,209,872
538,209,944
539,209,794
540,209,610
541,209,580
542,209,613
543,209,587
544,209,506
545,209,451
546,209,430
547,209,422
548,209,402
549,209,359
550,209,337
551,209,322
552,209,314
553,209,310
554,209,304
555,209,308
556,209,307
557,209,310
558,209,326
559,209,344
560,209,347
561,209,337
562,209,326
563,209,318
564,209,312
565,209,299
566,209,320
567,209,396
568,209,469
569,209,539
570,209,601
571,209,639
572,209,630
573,209,587
490,210,324
491,210,401
492,210,476
493,210,527
494,210,524
495,210,514
496,210,522
497,210,525
498,210,536
499,210,542
500,210,525
501,210,507
502,210,492
503,210,488
504,210,505
505,210,533
506,210,553
507,210,544
508,210,512
509,210,493
510,210,486
511,210,500
512,210,530
513,210,564
514,210,573
515,210,533
516,210,473
517,210,422
518,210,392
519,210,380
520,210,380
521,210,374
522,210,361
523,210,329
524,210,340
525,210,352
526,210,383
527,210,444
528,210,536
529,210,608
530,210,637
531,210,658
532,210,704
533,210,765
534,210,783
535,210,739
536,210,700
537,210,730
538,210,739
539,210,625
540,210,535
541,210,508
542,210,517
543,210,486
544,210,449
545,210,427
546,210,422
547,210,419
548,210,400
549,210,363
550,210,341
551,210,321
552,210,305
553,210,296
554,210,285
555,210,276
556,210,284
557,210,287
558,210,291
559,210,298
560,210,300
561,210,298
562,210,295
563,210,291
564,210,276
565,210,281
566,210,301
567,210,343
568,210,421
569,210,474
570,210,514
571,210,532
572,210,514
573,210,450
490,211,290
491,211,401
492,211,490
493,211,575
494,211,533
495,211,495
496,211,479
497,211,477
498,211,479
499,211,480
500,211,466
501,211,448
502,211,434
503,211,429
504,211,438
505,211,454
506,211,464
507,211,460
508,211,455
509,211,457
510,211,467
511,211,489
512,211,521
513,211,567
514,211,593
515,211,532
516,211,457
517,211,401
518,211,361
519,211,337
520,211,316
521,211,314
522,211,312
523,211,322
524,211,327
525,211,346
526,211,394
527,211,497
528,211,670
529,211,791
530,211,780
531,211,768
532,211,805
533,211,915
534,211,969
535,211,854
536,211,734
537,211,698
538,211,714
539,211,666
540,211,558
541,211,481
542,211,449
543,211,426
544,211,410
545,211,407
546,211,408
547,211,402
548,211,371
549,211,359
550,211,342
551,211,318
552,211,297
553,211,283
554,211,271
555,211,261
556,211,259
557,211,269
558,211,271
559,211,275
560,211,277
561,211,276
562,211,276
563,211,264
564,211,267
565,211,282
566,211,299
567,211,322
568,211,380
569,211,416
570,211,445
571,211,455
572,211,441
573,211,400
490,212,364
491,212,430
492,212,482
493,212,516
494,212,498
495,212,461
496,212,441
497,212,432
498,212,420
499,212,428
500,212,417
501,212,398
502,212,382
503,212,372
504,212,373
505,212,379
506,212,386
507,212,392
508,212,415
509,212,437
510,212,449
511,212,475
512,212,516
513,212,594
514,212,681
515,212,559
516,212,459
517,212,397
518,212,336
519,212,298
520,212,279
521,212,291
522,212,295
523,212,303
524,212,302
525,212,322
526,212,377
527,212,507
528,212,825
529,212,1035
530,212,905
531,212,866
532,212,821
533,212,1017
534,212,1164
535,212,934
536,212,787
537,212,755
538,212,783
539,212,753
540,212,600
541,212,485
542,212,423
543,212,388
544,212,382
545,212,389
546,212,391
547,212,384
548,212,359
549,212,355
550,212,341
551,212,312
552,212,286
553,212,272
554,212,263
555,212,254
556,212,249
557,212,248
558,212,245
559,212,258
560,212,261
561,212,251
562,212,251
563,212,258
564,212,265
565,212,297
566,212,311
567,212,309
568,212,324
569,212,343
570,212,383
571,212,396
572,212,392
573,212,389
490,213,461
491,213,476
492,213,483
493,213,485
494,213,453
495,213,396
496,213,386
497,213,383
498,213,307
499,213,367
500,213,341
501,213,317
502,213,301
503,213,285
504,213,317
505,213,321
506,213,322
507,213,322
508,213,391
509,213,451
510,213,431
511,213,443
512,213,475
513,213,568
514,213,600
515,213,525
516,213,435
517,213,402
518,213,308
519,213,242
520,213,241
521,213,293
522,213,298
523,213,277
524,213,257
525,213,272
526,213,306
527,213,351
528,213,1020
529,213,1171
530,213,958
531,213,948
532,213,634
533,213,1008
534,213,1086
535,213,799
536,213,777
537,213,807
538,213,724
539,213,752
540,213,583
541,213,463
542,213,414
543,213,343
544,213,350
545,213,374
546,213,382
547,213,346
548,213,346
549,213,350
550,213,353
551,213,300
552,213,263
553,213,260
554,213,258
555,213,246
556,213,246
557,213,246
558,213,227
559,213,230
560,213,236
561,213,236
562,213,241
563,213,260
564,213,246
565,213,337
566,213,350
567,213,297
568,213,298
569,213,299
570,213,303
571,213,316
572,213,311
573,213,293
