xv,yv,rho
490,148,111
491,148,108
492,148,103
493,148,93
494,148,101
495,148,178
496,148,212
497,148,291
498,148,301
499,148,266
500,148,236
501,148,206
502,148,157
503,148,163
504,148,174
505,148,174
506,148,166
507,148,159
508,148,159
509,148,141
510,148,108
511,148,139
512,148,183
513,148,297
514,148,297
515,148,297
516,148,297
517,148,297
518,148,297
519,148,238
520,148,212
521,148,212
522,148,150
523,148,59
524,148,23
525,148,23
526,148,23
527,148,23
528,148,44
529,148,148
530,148,172
531,148,166
532,148,148
533,148,170
534,148,170
535,148,168
536,148,166
537,148,128
538,148,128
539,148,155
540,148,181
541,148,174
542,148,189
543,148,199
544,148,206
545,148,208
546,148,195
547,148,181
548,148,176
549,148,172
550,148,172
551,148,172
552,148,224
553,148,189
554,148,376
555,148,402
556,148,402
557,148,402
558,148,402
559,148,391
560,148,234
561,148,232
562,148,232
563,148,232
564,148,240
565,148,375
566,148,378
567,148,376
568,148,280
569,148,274
570,148,272
571,148,242
572,148,220
573,148,222
490,149,178
491,149,157
492,149,145
493,149,139
494,149,151
495,149,195
496,149,253
497,149,355
498,149,490
499,149,594
500,149,538
501,149,379
502,149,245
503,149,192
504,149,182
505,149,178
506,149,171
507,149,165
508,149,160
509,149,148
510,149,140
511,149,159
512,149,196
513,149,250
514,149,273
515,149,283
516,149,285
517,149,282
518,149,270
519,149,240
520,149,215
521,149,202
522,149,194
523,149,224
524,149,296
525,149,326
526,149,291
527,149,226
528,149,168
529,149,164
530,149,167
531,149,167
532,149,163
533,149,168
534,149,167
535,149,163
536,149,156
537,149,146
538,149,152
539,149,168
540,149,180
541,149,183
542,149,194
543,149,206
544,149,214
545,149,213
546,149,202
547,149,192
548,149,190
549,149,195
550,149,209
551,149,238
552,149,277
553,149,294
554,149,346
555,149,355
556,149,348
557,149,348
558,149,345
559,149,319
560,149,259
561,149,240
562,149,239
563,149,251
564,149,278
565,149,329
566,149,337
567,149,322
568,149,285
569,149,273
570,149,266
571,149,255
572,149,254
573,149,270
490,150,224
491,150,196
492,150,182
493,150,175
494,150,180
495,150,203
496,150,249
497,150,334
498,150,461
499,150,565
500,150,514
501,150,366
502,150,246
503,150,198
504,150,190
505,150,185
506,150,177
507,150,171
508,150,164
509,150,155
510,150,152
511,150,164
512,150,191
513,150,224
514,150,248
515,150,262
516,150,266
517,150,262
518,150,250
519,150,229
520,150,210
521,150,199
522,150,216
523,150,292
524,150,405
525,150,440
526,150,380
527,150,286
528,150,203
529,150,172
530,150,168
531,150,168
532,150,167
533,150,168
534,150,166
535,150,161
536,150,154
537,150,153
538,150,164
539,150,176
540,150,182
541,150,185
542,150,195
543,150,209
544,150,218
545,150,217
546,150,206
547,150,198
548,150,201
549,150,211
550,150,237
551,150,281
552,150,323
553,150,342
554,150,349
555,150,331
556,150,308
557,150,303
558,150,299
559,150,278
560,150,249
561,150,237
562,150,240
563,150,257
564,150,285
565,150,312
566,150,311
567,150,293
568,150,276
569,150,269
570,150,266
571,150,266
572,150,275
573,150,278
490,151,224
491,151,211
492,151,202
493,151,195
494,151,193
495,151,203
496,151,230
497,151,282
498,151,355
499,151,408
500,151,375
501,151,290
502,151,222
503,151,198
504,151,196
505,151,190
506,151,181
507,151,175
508,151,168
509,151,159
510,151,155
511,151,163
512,151,181
513,151,205
514,151,224
515,151,235
516,151,238
517,151,234
518,151,225
519,151,210
520,151,196
521,151,188
522,151,204
523,151,270
524,151,360
525,151,376
526,151,312
527,151,236
528,151,181
529,151,165
530,151,166
531,151,167
532,151,167
533,151,167
534,151,165
535,151,160
536,151,155
537,151,157
538,151,169
539,151,178
540,151,181
541,151,182
542,151,191
543,151,207
544,151,218
545,151,217
546,151,207
547,151,200
548,151,206
549,151,221
550,151,253
551,151,307
552,151,351
553,151,365
554,151,353
555,151,316
556,151,280
557,151,265
558,151,258
559,151,245
560,151,231
561,151,228
562,151,235
563,151,252
564,151,277
565,151,297
566,151,298
567,151,288
568,151,280
569,151,275
570,151,274
571,151,284
572,151,313
573,151,350
490,152,224
491,152,211
492,152,201
493,152,195
494,152,193
495,152,197
496,152,211
497,152,239
498,152,274
499,152,292
500,152,273
501,152,235
502,152,208
503,152,201
504,152,202
505,152,194
506,152,184
507,152,178
508,152,170
509,152,161
510,152,157
511,152,162
512,152,176
513,152,193
514,152,205
515,152,212
516,152,215
517,152,212
518,152,203
519,152,190
520,152,178
521,152,170
522,152,175
523,152,207
524,152,250
525,152,250
526,152,213
527,152,180
528,152,164
529,152,165
530,152,166
531,152,163
532,152,162
533,152,163
534,152,162
535,152,159
536,152,156
537,152,161
538,152,171
539,152,176
540,152,175
541,152,174
542,152,184
543,152,203
544,152,216
545,152,215
546,152,205
547,152,200
548,152,207
549,152,224
550,152,261
551,152,320
552,152,363
553,152,373
554,152,351
555,152,306
556,152,265
557,152,244
558,152,235
559,152,226
560,152,220
561,152,221
562,152,228
563,152,240
564,152,259
565,152,278
566,152,293
567,152,304
568,152,304
569,152,296
570,152,289
571,152,308
572,152,362
573,152,410
490,153,224
491,153,199
492,153,185
493,153,180
494,153,180
495,153,185
496,153,194
497,153,208
498,153,222
499,153,227
500,153,219
501,153,208
502,153,203
503,153,205
504,153,205
505,153,198
506,153,189
507,153,181
508,153,172
509,153,162
510,153,158
511,153,163
512,153,175
513,153,188
514,153,198
515,153,206
516,153,212
517,153,210
518,153,198
519,153,179
520,153,163
521,153,153
522,153,150
523,153,156
524,153,164
525,153,163
526,153,158
527,153,159
528,153,166
529,153,170
530,153,164
531,153,156
532,153,154
533,153,156
534,153,158
535,153,157
536,153,156
537,153,161
538,153,169
539,153,169
540,153,163
541,153,161
542,153,173
543,153,197
544,153,213
545,153,213
546,153,203
547,153,199
548,153,207
549,153,225
550,153,263
551,153,323
552,153,366
553,153,373
554,153,346
555,153,298
556,153,259
557,153,240
558,153,233
559,153,225
560,153,218
561,153,217
562,153,221
563,153,229
564,153,242
565,153,263
566,153,296
567,153,330
568,153,341
569,153,325
570,153,310
571,153,345
572,153,454
573,153,565
490,154,222
491,154,176
492,154,160
493,154,157
494,154,162
495,154,170
496,154,180
497,154,189
498,154,195
499,154,197
500,154,196
501,154,197
502,154,202
503,154,206
504,154,206
505,154,201
506,154,193
507,154,184
508,154,173
509,154,164
510,154,160
511,154,165
512,154,176
513,154,188
514,154,200
515,154,214
516,154,228
517,154,229
518,154,211
519,154,184
520,154,163
521,154,149
522,154,141
523,154,134
524,154,128
525,154,131
526,154,145
527,154,161
528,154,173
529,154,172
530,154,160
531,154,148
532,154,146
533,154,151
534,154,153
535,154,152
536,154,151
537,154,153
538,154,158
539,154,156
540,154,148
541,154,147
542,154,162
543,154,189
544,154,208
545,154,209
546,154,201
547,154,199
548,154,206
549,154,223
550,154,261
551,154,319
552,154,360
553,154,364
554,154,335
555,154,288
556,154,254
557,154,241
558,154,238
559,154,231
560,154,222
561,154,217
562,154,216
563,154,220
564,154,231
565,154,259
566,154,307
567,154,357
568,154,369
569,154,345
570,154,327
571,154,387
572,154,610
573,154,1129
490,155,106
491,155,130
492,155,137
493,155,142
494,155,151
495,155,163
496,155,173
497,155,180
498,155,184
499,155,185
500,155,188
501,155,193
502,155,199
503,155,203
504,155,203
505,155,199
506,155,192
507,155,182
508,155,173
509,155,167
510,155,165
511,155,169
512,155,179
513,155,190
514,155,205
515,155,228
516,155,248
517,155,250
518,155,230
519,155,202
520,155,179
521,155,163
522,155,150
523,155,136
524,155,125
525,155,129
526,155,148
527,155,165
528,155,174
529,155,169
530,155,155
531,155,144
532,155,144
533,155,148
534,155,150
535,155,148
536,155,142
537,155,139
538,155,142
539,155,139
540,155,133
541,155,135
542,155,153
543,155,179
544,155,197
545,155,200
546,155,197
547,155,198
548,155,204
549,155,218
550,155,251
551,155,304
552,155,342
553,155,346
554,155,317
555,155,275
556,155,248
557,155,241
558,155,241
559,155,236
560,155,225
561,155,217
562,155,212
563,155,212
564,155,225
565,155,261
566,155,320
567,155,374
568,155,383
569,155,352
570,155,325
571,155,366
572,155,556
573,155,1023
490,156,71
491,156,107
492,156,127
493,156,140
494,156,153
495,156,165
496,156,174
497,156,178
498,156,180
499,156,181
500,156,184
501,156,188
502,156,193
503,156,195
504,156,194
505,156,190
506,156,184
507,156,178
508,156,175
509,156,173
510,156,172
511,156,175
512,156,181
513,156,192
514,156,211
515,156,238
516,156,258
517,156,256
518,156,240
519,156,224
520,156,214
521,156,199
522,156,177
523,156,154
524,156,138
525,156,140
526,156,153
527,156,164
528,156,168
529,156,162
530,156,150
531,156,143
532,156,145
533,156,150
534,156,152
535,156,147
536,156,135
537,156,125
538,156,123
539,156,122
540,156,121
541,156,127
542,156,143
543,156,163
544,156,179
545,156,187
546,156,192
547,156,196
548,156,200
549,156,209
550,156,233
551,156,275
552,156,307
553,156,313
554,156,289
555,156,256
556,156,237
557,156,235
558,156,238
559,156,235
560,156,226
561,156,216
562,156,209
563,156,206
564,156,219
565,156,256
566,156,314
567,156,367
568,156,373
569,156,341
570,156,304
571,156,291
572,156,312
573,156,230
490,157,34
491,157,95
492,157,128
493,157,148
494,157,163
495,157,174
496,157,178
497,157,179
498,157,179
499,157,180
500,157,181
501,157,183
502,157,183
503,157,182
504,157,179
505,157,176
506,157,172
507,157,172
508,157,176
509,157,180
510,157,180
511,157,180
512,157,182
513,157,192
514,157,214
515,157,242
516,157,257
517,157,251
518,157,245
519,157,253
520,157,266
521,157,257
522,157,223
523,157,184
524,157,159
525,157,152
526,157,156
527,157,159
528,157,160
529,157,156
530,157,148
531,157,144
532,157,147
533,157,155
534,157,159
535,157,153
536,157,135
537,157,118
538,157,111
539,157,111
540,157,114
541,157,122
542,157,133
543,157,147
544,157,160
545,157,175
546,157,187
547,157,194
548,157,196
549,157,199
550,157,212
551,157,238
552,157,261
553,157,267
554,157,251
555,157,230
556,157,221
557,157,224
558,157,228
559,157,228
560,157,222
561,157,213
562,157,206
563,157,201
564,157,209
565,157,237
566,157,282
567,157,325
568,157,333
569,157,312
570,157,279
571,157,249
572,157,234
573,157,197
490,158,23
491,158,98
492,158,138
493,158,160
494,158,175
495,158,182
496,158,182
497,158,180
498,158,179
499,158,180
500,158,180
501,158,181
502,158,177
503,158,172
504,158,167
505,158,163
506,158,162
507,158,167
508,158,177
509,158,184
510,158,185
511,158,182
512,158,179
513,158,186
514,158,207
515,158,232
516,158,244
517,158,243
518,158,254
519,158,286
520,158,317
521,158,314
522,158,273
523,158,219
524,158,179
525,158,162
526,158,157
527,158,157
528,158,160
529,158,161
530,158,154
531,158,149
532,158,151
533,158,160
534,158,170
535,158,167
536,158,145
537,158,120
538,158,108
539,158,107
540,158,113
541,158,121
542,158,130
543,158,139
544,158,151
545,158,169
546,158,184
547,158,192
548,158,191
549,158,190
550,158,196
551,158,208
552,158,220
553,158,223
554,158,214
555,158,204
556,158,205
557,158,212
558,158,216
559,158,216
560,158,213
561,158,208
562,158,202
563,158,197
564,158,198
565,158,213
566,158,238
567,158,264
568,158,275
569,158,272
570,158,256
571,158,232
572,158,216
573,158,206
490,159,40
491,159,115
492,159,152
493,159,170
494,159,181
495,159,184
496,159,182
497,159,180
498,159,179
499,159,181
500,159,184
501,159,187
502,159,185
503,159,178
504,159,170
505,159,165
506,159,164
507,159,170
508,159,182
509,159,190
510,159,190
511,159,187
512,159,183
513,159,187
514,159,201
515,159,218
516,159,227
517,159,237
518,159,269
519,159,318
520,159,354
521,159,354
522,159,312
523,159,249
524,159,200
525,159,175
526,159,166
527,159,169
528,159,180
529,159,186
530,159,178
531,159,166
532,159,160
533,159,167
534,159,184
535,159,190
536,159,164
537,159,130
538,159,112
539,159,110
540,159,117
541,159,127
542,159,136
543,159,142
544,159,150
545,159,166
546,159,181
547,159,189
548,159,187
549,159,182
550,159,182
551,159,187
552,159,192
553,159,193
554,159,189
555,159,186
556,159,192
557,159,200
558,159,204
559,159,202
560,159,199
561,159,197
562,159,194
563,159,191
564,159,190
565,159,195
566,159,206
567,159,220
568,159,230
569,159,240
570,159,239
571,159,223
572,159,209
573,159,202
490,160,98
491,160,149
492,160,172
493,160,180
494,160,183
495,160,182
496,160,179
497,160,177
498,160,178
499,160,182
500,160,191
501,160,203
502,160,208
503,160,203
504,160,194
505,160,187
506,160,185
507,160,189
508,160,196
509,160,199
510,160,198
511,160,198
512,160,202
513,160,212
514,160,225
515,160,229
516,160,226
517,160,238
518,160,284
519,160,340
520,160,375
521,160,372
522,160,331
523,160,270
524,160,222
525,160,199
526,160,193
527,160,200
528,160,218
529,160,228
530,160,221
531,160,204
532,160,187
533,160,187
534,160,211
535,160,227
536,160,196
537,160,149
538,160,124
539,160,121
540,160,129
541,160,140
542,160,150
543,160,155
544,160,155
545,160,164
546,160,177
547,160,184
548,160,182
549,160,175
550,160,171
551,160,172
552,160,175
553,160,176
554,160,175
555,160,176
556,160,180
557,160,185
558,160,186
559,160,183
560,160,180
561,160,180
562,160,181
563,160,181
564,160,182
565,160,185
566,160,191
567,160,198
568,160,207
569,160,218
570,160,221
571,160,210
572,160,200
573,160,204
490,161,208
491,161,197
492,161,198
493,161,195
494,161,189
495,161,181
496,161,176
497,161,174
498,161,177
499,161,185
500,161,201
501,161,222
502,161,236
503,161,236
504,161,229
505,161,222
506,161,219
507,161,218
508,161,215
509,161,211
510,161,209
511,161,217
512,161,237
513,161,266
514,161,293
515,161,291
516,161,263
517,161,252
518,161,289
519,161,344
520,161,376
521,161,369
522,161,327
523,161,276
524,161,247
525,161,238
526,161,238
527,161,242
528,161,255
529,161,268
530,161,275
531,161,270
532,161,247
533,161,236
534,161,254
535,161,267
536,161,227
537,161,171
538,161,141
539,161,138
540,161,148
541,161,161
542,161,171
543,161,173
544,161,168
545,161,168
546,161,175
547,161,181
548,161,178
549,161,170
550,161,163
551,161,162
552,161,165
553,161,170
554,161,172
555,161,171
556,161,169
557,161,168
558,161,167
559,161,163
560,161,161
561,161,162
562,161,166
563,161,170
564,161,173
565,161,176
566,161,182
567,161,188
568,161,194
569,161,200
570,161,199
571,161,189
572,161,175
573,161,150
490,162,234
491,162,221
492,162,217
493,162,211
494,162,200
495,162,186
496,162,176
497,162,175
498,162,181
499,162,193
500,162,215
501,162,241
502,162,258
503,162,263
504,162,261
505,162,259
506,162,260
507,162,254
508,162,240
509,162,226
510,162,223
511,162,239
512,162,277
513,162,330
514,162,380
515,162,384
516,162,331
517,162,278
518,162,286
519,162,330
520,162,359
521,162,347
522,162,307
523,162,273
524,162,272
525,162,284
526,162,289
527,162,285
528,162,281
529,162,297
530,162,332
531,162,359
532,162,346
533,162,317
534,162,303
535,162,285
536,162,231
537,162,176
538,162,152
539,162,156
540,162,171
541,162,187
542,162,198
543,162,199
544,162,191
545,162,183
546,162,181
547,162,181
548,162,176
549,162,166
550,162,156
551,162,154
552,162,162
553,162,175
554,162,181
555,162,175
556,162,166
557,162,160
558,162,156
559,162,154
560,162,152
561,162,153
562,162,157
563,162,162
564,162,165
565,162,168
566,162,174
567,162,181
568,162,186
569,162,188
570,162,186
571,162,181
572,162,174
573,162,137
490,163,234
491,163,225
492,163,223
493,163,219
494,163,207
495,163,191
496,163,181
497,163,183
498,163,195
499,163,212
500,163,235
501,163,258
502,163,272
503,163,278
504,163,281
505,163,286
506,163,294
507,163,289
508,163,266
509,163,242
510,163,234
511,163,253
512,163,299
513,163,368
514,163,438
515,163,458
516,163,397
517,163,314
518,163,291
519,163,314
520,163,332
521,163,316
522,163,282
523,163,270
524,163,291
525,163,315
526,163,323
527,163,312
528,163,297
529,163,320
530,163,383
531,163,447
532,163,455
533,163,415
534,163,358
535,163,293
536,163,221
537,163,173
538,163,161
539,163,172
540,163,193
541,163,215
542,163,229
543,163,230
544,163,219
545,163,204
546,163,193
547,163,185
548,163,176
549,163,163
550,163,149
551,163,146
552,163,161
553,163,184
554,163,194
555,163,187
556,163,173
557,163,161
558,163,156
559,163,153
560,163,151
561,163,150
562,163,152
563,163,156
564,163,160
565,163,162
566,163,166
567,163,172
568,163,178
569,163,182
570,163,191
571,163,211
572,163,237
573,163,199
490,164,202
491,164,211
492,164,219
493,164,220
494,164,211
495,164,197
496,164,193
497,164,203
498,164,221
499,164,241
500,164,258
501,164,272
502,164,280
503,164,284
504,164,288
505,164,297
506,164,308
507,164,309
508,164,285
509,164,254
510,164,241
511,164,255
512,164,302
513,164,379
514,164,465
515,164,502
516,164,451
517,164,366
518,164,327
519,164,321
520,164,313
521,164,289
522,164,265
523,164,274
524,164,305
525,164,331
526,164,341
527,164,330
528,164,316
529,164,347
530,164,429
531,164,514
532,164,543
533,164,511
534,164,437
535,164,338
536,164,240
537,164,185
538,164,175
539,164,192
540,164,222
541,164,253
542,164,268
543,164,259
544,164,239
545,164,218
546,164,201
547,164,190
548,164,180
549,164,165
550,164,147
551,164,144
552,164,163
553,164,191
554,164,205
555,164,198
556,164,182
557,164,168
558,164,160
559,164,156
560,164,153
561,164,149
562,164,150
563,164,154
564,164,157
565,164,157
566,164,158
567,164,163
568,164,171
569,164,185
570,164,222
571,164,299
572,164,414
573,164,511
490,165,159
491,165,192
492,165,212
493,165,220
494,165,216
495,165,209
496,165,214
497,165,233
498,165,256
499,165,271
500,165,279
501,165,282
502,165,284
503,165,286
504,165,289
505,165,297
506,165,309
507,165,315
508,165,298
509,165,269
510,165,250
511,165,257
512,165,302
513,165,385
514,165,481
515,165,531
516,165,502
517,165,441
518,165,408
519,165,375
520,165,333
521,165,291
522,165,272
523,165,289
524,165,318
525,165,342
526,165,357
527,165,357
528,165,355
529,165,394
530,165,477
531,165,561
532,165,598
533,165,581
534,165,515
535,165,406
536,165,286
537,165,214
538,165,198
539,165,219
540,165,260
541,165,302
542,165,315
543,165,290
544,165,253
545,165,224
546,165,206
547,165,199
548,165,194
549,165,183
550,165,167
551,165,164
552,165,179
553,165,200
554,165,210
555,165,202
556,165,189
557,165,175
558,165,164
559,165,159
560,165,155
561,165,152
562,165,152
563,165,156
564,165,157
565,165,155
566,165,153
567,165,157
568,165,168
569,165,197
570,165,272
571,165,423
572,165,655
573,165,1026
490,166,159
491,166,189
492,166,212
493,166,224
494,166,227
495,166,229
496,166,244
497,166,268
498,166,288
499,166,296
500,166,294
501,166,288
502,166,285
503,166,285
504,166,289
505,166,294
506,166,305
507,166,318
508,166,314
509,166,293
510,166,271
511,166,271
512,166,311
513,166,391
514,166,487
515,166,548
516,166,548
517,166,527
518,166,515
519,166,477
520,166,413
521,166,351
522,166,318
523,166,320
524,166,336
525,166,359
526,166,390
527,166,416
528,166,435
529,166,474
530,166,541
531,166,604
532,166,633
533,166,620
534,166,559
535,166,452
536,166,327
537,166,247
538,166,227
539,166,251
540,166,301
541,166,350
542,166,362
543,166,327
544,166,275
545,166,235
546,166,217
547,166,215
548,166,219
549,166,216
550,166,204
551,166,198
552,166,201
553,166,208
554,166,209
555,166,201
556,166,190
557,166,178
558,166,167
559,166,159
560,166,156
561,166,155
562,166,159
563,166,162
564,166,162
565,166,159
566,166,156
567,166,158
568,166,171
569,166,211
570,166,313
571,166,499
572,166,745
573,166,1026
490,167,159
491,167,192
492,167,216
493,167,230
494,167,236
495,167,247
496,167,267
497,167,292
498,167,308
499,167,311
500,167,302
501,167,291
502,167,285
503,167,288
504,167,293
505,167,293
506,167,298
507,167,316
508,167,330
509,167,325
510,167,307
511,167,304
512,167,337
513,167,404
514,167,486
515,167,551
516,167,579
517,167,594
518,167,608
519,167,587
520,167,529
521,167,457
522,167,400
523,167,374
524,167,371
525,167,397
526,167,453
527,167,513
528,167,552
529,167,584
530,167,625
531,167,666
532,167,681
533,167,651
534,167,568
535,167,454
536,167,340
537,167,273
538,167,262
539,167,291
540,167,343
541,167,391
542,167,401
543,167,366
544,167,308
545,167,258
546,167,234
547,167,232
548,167,239
549,167,241
550,167,232
551,167,220
552,167,213
553,167,208
554,167,204
555,167,197
556,167,189
557,167,180
558,167,170
559,167,163
560,167,160
561,167,164
562,167,172
563,167,177
564,167,178
565,167,174
566,167,169
567,167,170
568,167,183
569,167,228
570,167,341
571,167,532
572,167,761
573,167,977
490,168,168
491,168,197
492,168,219
493,168,229
494,168,236
495,168,249
496,168,273
497,168,299
498,168,315
499,168,317
500,168,308
501,168,294
502,168,291
503,168,302
504,168,313
505,168,305
506,168,294
507,168,306
508,168,333
509,168,349
510,168,346
511,168,350
512,168,381
513,168,434
514,168,495
515,168,549
516,168,586
517,168,616
518,168,646
519,168,649
520,168,614
521,168,549
522,168,477
523,168,431
524,168,421
525,168,455
526,168,532
527,168,609
528,168,657
529,168,689
530,168,738
531,168,807
532,168,831
533,168,755
534,168,593
535,168,437
536,168,337
537,168,299
538,168,310
539,168,346
540,168,389
541,168,422
542,168,423
543,168,390
544,168,336
545,168,281
546,168,250
547,168,240
548,168,244
549,168,251
550,168,245
551,168,230
552,168,217
553,168,208
554,168,202
555,168,196
556,168,190
557,168,184
558,168,176
559,168,171
560,168,172
561,168,183
562,168,200
563,168,216
564,168,221
565,168,208
566,168,191
567,168,183
568,168,194
569,168,242
570,168,355
571,168,536
572,168,759
573,168,1083
490,169,163
491,169,193
492,169,214
493,169,223
494,169,229
495,169,242
496,169,266
497,169,295
498,169,314
499,169,320
500,169,314
501,169,306
502,169,314
503,169,341
504,169,358
505,169,335
506,169,298
507,169,291
508,169,319
509,169,349
510,169,368
511,169,388
512,169,428
513,169,479
514,169,521
515,169,549
516,169,565
517,169,586
518,169,619
519,169,639
520,169,628
521,169,579
522,169,508
523,169,462
524,169,459
525,169,507
526,169,598
527,169,684
528,169,745
529,169,823
530,169,982
531,169,1205
532,169,1290
533,169,1107
534,169,760
535,169,496
536,169,381
537,169,367
538,169,397
539,169,428
540,169,443
541,169,442
542,169,425
543,169,394
544,169,350
545,169,302
546,169,267
547,169,248
548,169,247
549,169,260
550,169,262
551,169,248
552,169,231
553,169,218
554,169,209
555,169,202
556,169,195
557,169,189
558,169,184
559,169,183
560,169,189
561,169,210
562,169,249
563,169,293
564,169,315
565,169,281
566,169,228
567,169,196
568,169,195
569,169,231
570,169,320
571,169,456
572,169,604
573,169,764
490,170,159
491,170,186
492,170,207
493,170,222
494,170,232
495,170,245
496,170,264
497,170,290
498,170,310
499,170,318
500,170,319
501,170,323
502,170,349
503,170,391
504,170,407
505,170,369
506,170,309
507,170,282
508,170,298
509,170,331
510,170,361
511,170,396
512,170,453
513,170,514
514,170,549
515,170,548
516,170,524
517,170,514
518,170,535
519,170,563
520,170,577
521,170,560
522,170,516
523,170,488
524,170,501
525,170,565
526,170,672
527,170,775
528,170,884
529,170,1096
530,170,1530
531,170,2091
532,170,2274
533,170,1864
534,170,1194
535,170,725
536,170,535
537,170,508
538,170,533
539,170,534
540,170,495
541,170,446
542,170,407
543,170,381
544,170,354
545,170,321
546,170,290
547,170,265
548,170,261
549,170,280
550,170,294
551,170,285
552,170,266
553,170,248
554,170,232
555,170,217
556,170,204
557,170,195
558,170,191
559,170,194
560,170,207
561,170,244
562,170,320
563,170,428
564,170,497
565,170,429
566,170,302
567,170,218
568,170,192
569,170,206
570,170,256
571,170,331
572,170,392
573,170,371
490,171,159
491,171,184
492,171,217
493,171,254
494,171,279
495,171,284
496,171,285
497,171,292
498,171,304
499,171,312
500,171,318
501,171,335
502,171,374
503,171,417
504,171,418
505,171,372
506,171,310
507,171,280
508,171,290
509,171,316
510,171,347
511,171,393
512,171,470
513,171,553
514,171,598
515,171,583
516,171,522
517,171,479
518,171,472
519,171,483
520,171,513
521,171,544
522,171,552
523,171,565
524,171,607
525,171,689
526,171,814
527,171,948
528,171,1152
529,171,1590
530,171,2401
531,171,3332
532,171,3520
533,171,2781
534,171,1769
535,171,1080
536,171,778
537,171,694
538,171,675
539,171,624
540,171,526
541,171,430
542,171,374
543,171,357
544,171,348
545,171,331
546,171,309
547,171,288
548,171,284
549,171,309
550,171,338
551,171,342
552,171,329
553,171,306
554,171,279
555,171,249
556,171,222
557,171,205
558,171,200
559,171,208
560,171,231
561,171,291
562,171,426
563,171,638
564,171,791
565,171,680
566,171,436
567,171,264
568,171,196
569,171,187
570,171,206
571,171,238
572,171,260
573,171,244
490,172,159
491,172,196
492,172,258
493,172,340
494,172,393
495,172,389
496,172,355
497,172,321
498,172,305
499,172,302
500,172,309
501,172,335
502,172,380
503,172,409
504,172,386
505,172,339
506,172,296
507,172,281
508,172,293
509,172,316
510,172,351
511,172,415
512,172,519
513,172,630
514,172,699
515,172,697
516,172,643
517,172,603
518,172,573
519,172,531
520,172,535
521,172,591
522,172,654
523,172,723
524,172,806
525,172,905
526,172,1035
527,172,1210
528,172,1559
529,172,2255
530,172,3315
531,172,4290
532,172,4248
533,172,3275
534,172,2168
535,172,1410
536,172,1026
537,172,863
538,172,775
539,172,667
540,172,528
541,172,410
542,172,354
543,172,345
544,172,344
545,172,338
546,172,327
547,172,314
548,172,314
549,172,340
550,172,380
551,172,404
552,172,406
553,172,388
554,172,352
555,172,303
556,172,253
557,172,222
558,172,217
559,172,231
560,172,264
561,172,346
562,172,541
563,172,857
564,172,1092
565,172,949
566,172,591
567,172,322
568,172,207
569,172,178
570,172,180
571,172,187
572,172,185
573,172,152
490,173,159
491,173,219
492,173,314
493,173,448
494,173,548
495,173,555
496,173,492
497,173,406
498,173,339
499,173,305
500,173,302
501,173,328
502,173,366
503,173,376
504,173,341
505,173,302
506,173,280
507,173,280
508,173,298
509,173,327
510,173,377
511,173,469
512,173,600
513,173,727
514,173,812
515,173,850
516,173,871
517,173,901
518,173,865
519,173,741
520,173,674
521,173,704
522,173,787
523,173,903
524,173,1032
525,173,1148
526,173,1278
527,173,1514
528,173,2070
529,173,3066
530,173,4271
531,173,5007
532,173,4583
533,173,3477
534,173,2454
535,173,1753
536,173,1326
537,173,1067
538,173,880
539,173,706
540,173,539
541,173,418
542,173,369
543,173,360
544,173,356
545,173,351
546,173,346
547,173,341
548,173,344
549,173,366
550,173,405
551,173,442
552,173,462
553,173,458
554,173,422
555,173,354
556,173,281
557,173,239
558,173,235
559,173,256
560,173,294
561,173,384
562,173,597
563,173,945
564,173,1203
565,173,1062
566,173,671
567,173,358
568,173,214
569,173,174
570,173,168
571,173,165
572,173,152
573,173,118
490,174,159
491,174,242
492,174,353
493,174,516
494,174,661
495,174,714
496,174,668
497,174,551
498,174,426
499,174,340
500,174,309
501,174,320
502,174,338
503,174,331
504,174,301
505,174,277
506,174,271
507,174,279
508,174,300
509,174,337
510,174,403
511,174,510
512,174,642
513,174,760
514,174,854
515,174,956
516,174,1098
517,174,1236
518,174,1205
519,174,996
520,174,844
521,174,816
522,174,884
523,174,1032
524,174,1220
525,174,1395
526,174,1577
527,174,1896
528,174,2642
529,174,3921
530,174,5300
531,174,5858
532,174,5136
533,174,3871
534,174,2882
535,174,2262
536,174,1832
537,174,1475
538,174,1152
539,174,879
540,174,658
541,174,508
542,174,447
543,174,421
544,174,391
545,174,368
546,174,356
547,174,353
548,174,358
549,174,376
550,174,408
551,174,444
552,174,474
553,174,482
554,174,447
555,174,367
556,174,282
557,174,238
558,174,240
559,174,267
560,174,303
561,174,370
562,174,528
563,174,795
564,174,997
565,174,897
566,174,589
567,174,327
568,174,200
569,174,163
570,174,157
571,174,151
572,174,137
573,174,113
490,175,252
491,175,277
492,175,366
493,175,526
494,175,703
495,175,817
496,175,822
497,175,710
498,175,540
499,175,398
500,175,331
501,175,318
502,175,315
503,175,298
504,175,278
505,175,270
506,175,273
507,175,282
508,175,303
509,175,342
510,175,411
511,175,507
512,175,612
513,175,709
514,175,816
515,175,983
516,175,1226
517,175,1442
518,175,1420
519,175,1186
520,175,1001
521,175,927
522,175,978
523,175,1171
524,175,1471
525,175,1827
526,175,2214
527,175,2646
528,175,3453
529,175,4822
530,175,6316
531,175,6898
532,175,6115
533,175,4687
534,175,3596
535,175,3003
536,175,2642
537,175,2268
538,175,1814
539,175,1398
540,175,1043
541,175,780
542,175,662
543,175,585
544,175,482
545,175,402
546,175,363
547,175,349
548,175,351
549,175,365
550,175,391
551,175,422
552,175,453
553,175,468
554,175,439
555,175,357
556,175,270
557,175,228
558,175,233
559,175,262
560,175,295
561,175,327
562,175,388
563,175,506
564,175,602
565,175,547
566,175,379
567,175,231
568,175,158
569,175,141
570,175,141
571,175,137
572,175,127
573,175,113
490,176,262
491,176,279
492,176,346
493,176,492
494,176,694
495,176,870
496,176,919
497,176,808
498,176,608
499,176,434
500,176,344
501,176,315
502,176,299
503,176,280
504,176,272
505,176,278
506,176,286
507,176,294
508,176,309
509,176,345
510,176,404
511,176,477
512,176,549
513,176,624
514,176,740
515,176,945
516,176,1230
517,176,1466
518,176,1468
519,176,1300
520,176,1161
521,176,1082
522,176,1138
523,176,1413
524,176,1928
525,176,2702
526,176,3621
527,176,4382
528,176,5223
529,176,6465
530,176,7964
531,176,8854
532,176,8308
533,176,6654
534,176,5104
535,176,4187
536,176,3781
537,176,3460
538,176,2939
539,176,2365
540,176,1790
541,176,1323
542,176,1105
543,176,934
544,176,683
545,176,483
546,176,381
547,176,340
548,176,327
549,176,333
550,176,351
551,176,376
552,176,406
553,176,428
554,176,408
555,176,335
556,176,255
557,176,215
558,176,220
559,176,253
560,176,290
561,176,303
562,176,295
563,176,301
564,176,313
565,176,283
566,176,214
567,176,152
568,176,122
569,176,119
570,176,123
571,176,123
572,176,119
573,176,113
490,177,262
491,177,261
492,177,300
493,177,426
494,177,647
495,177,869
496,177,931
497,177,800
498,177,588
499,177,419
500,177,334
501,177,303
502,177,283
503,177,270
504,177,277
505,177,302
506,177,319
507,177,323
508,177,326
509,177,346
510,177,385
511,177,434
512,177,481
513,177,545
514,177,668
515,177,893
516,177,1177
517,177,1378
518,177,1395
519,177,1327
520,177,1283
521,177,1269
522,177,1386
523,177,1782
524,177,2592
525,177,3979
526,177,5825
527,177,7497
528,177,8825
529,177,10035
530,177,11574
531,177,13247
532,177,13330
533,177,11250
534,177,8483
535,177,6328
536,177,5259
537,177,4744
538,177,4130
539,177,3413
540,177,2629
541,177,1987
542,177,1703
543,177,1436
544,177,993
545,177,623
546,177,426
547,177,337
548,177,299
549,177,288
550,177,294
551,177,309
552,177,333
553,177,357
554,177,348
555,177,293
556,177,233
557,177,203
558,177,208
559,177,244
560,177,289
561,177,300
562,177,263
563,177,219
564,177,191
565,177,168
566,177,140
567,177,116
568,177,104
569,177,105
570,177,111
571,177,114
572,177,114
573,177,113
490,178,262
491,178,242
492,178,258
493,178,356
494,178,554
495,178,761
496,178,804
497,178,676
498,178,504
499,178,379
500,178,315
501,178,287
502,178,268
503,178,265
504,178,295
505,178,348
506,178,382
507,178,382
508,178,363
509,178,359
510,178,369
511,178,387
512,178,416
513,178,470
514,178,591
515,178,815
516,178,1075
517,178,1220
518,178,1232
519,178,1223
520,178,1273
521,178,1397
522,178,1660
523,178,2211
524,178,3284
525,178,5192
526,178,8060
527,178,11293
528,178,14057
529,178,15974
530,178,17946
531,178,20920
532,178,21949
533,178,19280
534,178,14533
535,178,9958
536,178,7162
537,178,5770
538,178,4800
539,178,3907
540,178,3015
541,178,2374
542,178,2152
543,178,1878
544,178,1318
545,178,798
546,178,495
547,178,350
548,178,283
549,178,256
550,178,247
551,178,244
552,178,252
553,178,267
554,178,266
555,178,239
556,178,207
557,178,191
558,178,198
559,178,230
560,178,273
561,178,286
562,178,250
563,178,198
564,178,161
565,178,137
566,178,120
567,178,106
568,178,100
569,178,100
570,178,105
571,178,109
572,178,112
573,178,113
490,179,254
491,179,229
492,179,231
493,179,291
494,179,422
495,179,561
496,179,586
497,179,506
498,179,410
499,179,340
500,179,300
501,179,276
502,179,260
503,179,270
504,179,326
505,179,412
506,179,466
507,179,464
508,179,425
509,179,395
510,179,376
511,179,363
512,179,371
513,179,409
514,179,507
515,179,706
516,179,929
517,179,1041
518,179,1044
519,179,1041
520,179,1142
521,179,1409
522,179,1870
523,179,2640
524,179,3997
525,179,6375
526,179,10241
527,179,15209
528,179,19991
529,179,23556
530,179,26585
531,179,31167
532,179,33141
533,179,29816
534,179,22770
535,179,15001
536,179,9599
537,179,6645
538,179,4958
539,179,3780
540,179,2836
541,179,2290
542,179,2171
543,179,2006
544,179,1529
545,179,971
546,179,583
547,179,377
548,179,283
549,179,243
550,179,221
551,179,203
552,179,193
553,179,196
554,179,200
555,179,197
556,179,189
557,179,185
558,179,189
559,179,208
560,179,239
561,179,253
562,179,233
563,179,197
564,179,165
565,179,140
566,179,121
567,179,108
568,179,101
569,179,101
570,179,104
571,179,107
572,179,110
573,179,113
490,180,238
491,180,223
492,180,222
493,180,253
494,180,321
495,180,394
496,180,410
497,180,376
498,180,337
499,180,307
500,180,285
501,180,268
502,180,258
503,180,282
504,180,363
505,180,478
506,180,549
507,180,545
508,180,491
509,180,440
510,180,399
511,180,359
512,180,339
513,180,361
514,180,449
515,180,626
516,180,815
517,180,907
518,180,900
519,180,884
520,180,1006
521,180,1372
522,180,2013
523,180,3030
524,180,4715
525,180,7646
526,180,12588
527,180,19042
528,180,25316
529,180,30312
530,180,34641
531,180,41247
532,180,44666
533,180,41018
534,180,31545
535,180,20299
536,180,12073
537,180,7366
538,180,4792
539,180,3266
540,180,2294
541,180,1819
542,180,1743
543,180,1735
544,180,1516
545,180,1075
546,180,663
547,180,412
548,180,292
549,180,241
550,180,214
551,180,190
552,180,170
553,180,163
554,180,166
555,180,175
556,180,181
557,180,184
558,180,185
559,180,192
560,180,208
561,180,221
562,180,217
563,180,200
564,180,179
565,180,154
566,180,130
567,180,114
568,180,106
569,180,103
570,180,104
571,180,105
572,180,106
573,180,106
490,181,244
491,181,225
492,181,221
493,181,237
494,181,271
495,181,308
496,181,318
497,181,305
498,181,290
499,181,280
500,181,272
501,181,260
502,181,257
503,181,294
504,181,393
505,181,523
506,181,600
507,181,595
508,181,531
509,181,463
510,181,406
511,181,351
512,181,310
513,181,317
514,181,397
515,181,551
516,181,707
517,181,783
518,181,774
519,181,756
520,181,888
521,181,1297
522,181,2054
523,181,3296
524,181,5335
525,181,8842
526,181,14570
527,181,21211
528,181,26654
529,181,30953
530,181,36312
531,181,45354
532,181,50672
533,181,46926
534,181,35566
535,181,22275
536,181,12667
537,181,7159
538,181,4194
539,181,2595
540,181,1728
541,181,1318
542,181,1214
543,181,1265
544,181,1251
545,181,998
546,181,662
547,181,425
548,181,301
549,181,245
550,181,217
551,181,194
552,181,173
553,181,160
554,181,160
555,181,170
556,181,181
557,181,186
558,181,188
559,181,190
560,181,197
561,181,205
562,181,208
563,181,203
564,181,190
565,181,167
566,181,143
567,181,124
568,181,112
569,181,105
570,181,103
571,181,102
572,181,102
573,181,98
490,182,258
491,182,231
492,182,221
493,182,230
494,182,251
495,182,274
496,182,282
497,182,274
498,182,267
499,182,266
500,182,263
501,182,255
502,182,257
503,182,302
504,182,408
505,182,538
506,182,615
507,182,607
508,182,533
509,182,446
510,182,373
511,182,315
512,182,271
513,182,268
514,182,326
515,182,436
516,182,547
517,182,607
518,182,606
519,182,597
520,182,716
521,182,1079
522,182,1806
523,182,3120
524,182,5403
525,182,9300
526,182,15139
527,182,20655
528,182,23855
529,182,25953
530,182,30242
531,182,38480
532,182,43926
533,182,41212
534,182,31518
535,182,20028
536,182,11320
537,182,6109
538,182,3338
539,182,1975
540,182,1315
541,182,974
542,182,820
543,182,818
544,182,844
545,182,735
546,182,544
547,182,391
548,182,297
549,182,249
550,182,223
551,182,204
552,182,187
553,182,173
554,182,169
555,182,175
556,182,184
557,182,187
558,182,190
559,182,192
560,182,196
561,182,200
562,182,203
563,182,202
564,182,193
565,182,174
566,182,153
567,182,134
568,182,118
569,182,107
570,182,102
571,182,101
572,182,102
573,182,101
490,183,291
491,183,243
492,183,224
493,183,226
494,183,242
495,183,261
496,183,269
497,183,262
498,183,257
499,183,257
500,183,256
501,183,251
502,183,254
503,183,298
504,183,399
505,183,522
506,183,595
507,183,581
508,183,496
509,183,390
510,183,307
511,183,255
512,183,225
513,183,222
514,183,252
515,183,310
516,183,370
517,183,411
518,183,420
519,183,423
520,183,498
521,183,723
522,183,1217
523,183,2238
524,183,4227
525,183,7731
526,183,12694
527,183,16886
528,183,18747
529,183,19135
530,183,20777
531,183,25232
532,183,28940
533,183,28089
534,183,22583
535,183,15318
536,183,9058
537,183,4894
538,183,2615
539,183,1556
540,183,1071
541,183,780
542,183,599
543,183,544
544,183,550
545,183,513
546,183,432
547,183,353
548,183,290
549,183,249
550,183,228
551,183,215
552,183,201
553,183,188
554,183,181
555,183,182
556,183,186
557,183,184
558,183,184
559,183,187
560,183,191
561,183,192
562,183,193
563,183,193
564,183,188
565,183,174
566,183,156
567,183,139
568,183,121
569,183,108
570,183,103
571,183,104
572,183,105
573,183,101
490,184,301
491,184,249
492,184,225
493,184,223
494,184,235
495,184,251
496,184,258
497,184,251
498,184,244
499,184,243
500,184,244
501,184,243
502,184,246
503,184,282
504,184,365
505,184,471
506,184,532
507,184,509
508,184,420
509,184,317
510,184,244
511,184,210
512,184,199
513,184,201
514,184,216
515,184,241
516,184,269
517,184,294
518,184,307
519,184,314
520,184,351
521,184,456
522,184,713
523,184,1318
524,184,2612
525,184,4995
526,184,8490
527,184,11822
528,184,13576
529,184,13308
530,184,12824
531,184,13831
532,184,15275
533,184,15174
534,184,12908
535,184,9490
536,184,6097
537,184,3532
538,184,2003
539,184,1271
540,184,916
541,184,662
542,184,485
543,184,417
544,184,414
545,184,407
546,184,376
547,184,330
548,184,282
549,184,249
550,184,232
551,184,223
552,184,213
553,184,203
554,184,194
555,184,191
556,184,186
557,184,177
558,184,172
559,184,173
560,184,175
561,184,175
562,184,174
563,184,175
564,184,174
565,184,166
566,184,153
567,184,138
568,184,122
569,184,110
570,184,107
571,184,111
572,184,114
573,184,118
490,185,283
491,185,250
492,185,227
493,185,221
494,185,228
495,185,238
496,185,239
497,185,230
498,185,223
499,185,221
500,185,226
501,185,231
502,185,237
503,185,262
504,185,322
505,185,399
506,185,434
507,185,400
508,185,324
509,185,248
510,185,203
511,185,190
512,185,197
513,185,207
514,185,217
515,185,230
516,185,244
517,185,258
518,185,265
519,185,269
520,185,285
521,185,332
522,185,459
523,185,796
524,185,1578
525,185,3121
526,185,5624
527,185,8464
528,185,10095
529,185,9475
530,185,8104
531,185,7533
532,185,7644
533,185,7564
534,185,6769
535,185,5402
536,185,3829
537,185,2448
538,185,1520
539,185,1040
540,185,780
541,185,574
542,185,426
543,185,370
544,185,370
545,185,372
546,185,355
547,185,319
548,185,278
549,185,252
550,185,240
551,185,232
552,185,224
553,185,215
554,185,207
555,185,200
556,185,188
557,185,170
558,185,159
559,185,156
560,185,155
561,185,154
562,185,152
563,185,153
564,185,153
565,185,149
566,185,142
567,185,132
568,185,120
569,185,112
570,185,111
571,185,115
572,185,119
573,185,118
490,186,270
491,186,261
492,186,237
493,186,227
494,186,226
495,186,224
496,186,214
497,186,204
498,186,201
499,186,203
500,186,211
501,186,222
502,186,229
503,186,243
504,186,278
505,186,320
506,186,328
507,186,293
508,186,242
509,186,200
510,186,182
511,186,188
512,186,206
513,186,222
514,186,232
515,186,241
516,186,249
517,186,254
518,186,254
519,186,251
520,186,256
521,186,280
522,186,349
523,186,551
524,186,1078
525,186,2227
526,186,4233
527,186,6586
528,186,7711
529,186,6852
530,186,5447
531,186,4591
532,186,4321
533,186,4212
534,186,3881
535,186,3221
536,186,2405
537,186,1644
538,186,1113
539,186,823
540,186,647
541,186,502
542,186,400
543,186,365
544,186,365
545,186,365
546,186,349
547,186,317
548,186,283
549,186,266
550,186,257
551,186,248
552,186,237
553,186,226
554,186,218
555,186,207
556,186,190
557,186,166
558,186,150
559,186,143
560,186,140
561,186,138
562,186,136
563,186,137
564,186,135
565,186,130
566,186,127
567,186,123
568,186,117
569,186,113
570,186,113
571,186,118
572,186,125
573,186,139
490,187,365
491,187,304
492,187,266
493,187,245
494,187,234
495,187,220
496,187,201
497,187,191
498,187,193
499,187,198
500,187,206
501,187,216
502,187,222
503,187,229
504,187,243
505,187,257
506,187,251
507,187,224
508,187,195
509,187,177
510,187,176
511,187,191
512,187,213
513,187,231
514,187,242
515,187,251
516,187,257
517,187,258
518,187,252
519,187,242
520,187,241
521,187,256
522,187,297
523,187,422
524,187,774
525,187,1594
526,187,3041
527,187,4657
528,187,5248
529,187,4512
530,187,3518
531,187,2891
532,187,2683
533,187,2629
534,187,2423
535,187,1973
536,187,1477
537,187,1072
538,187,814
539,187,668
540,187,559
541,187,465
542,187,400
543,187,375
544,187,371
545,187,367
546,187,351
547,187,323
548,187,299
549,187,292
550,187,287
551,187,275
552,187,258
553,187,241
554,187,227
555,187,213
556,187,193
557,187,167
558,187,147
559,187,137
560,187,132
561,187,130
562,187,129
563,187,130
564,187,125
565,187,118
566,187,117
567,187,119
568,187,116
569,187,113
570,187,113
571,187,117
572,187,126
573,187,141
490,188,365
491,188,330
492,188,294
493,188,267
494,188,248
495,188,228
496,188,205
497,188,194
498,188,198
499,188,203
500,188,209
501,188,216
502,188,220
503,188,223
504,188,224
505,188,224
506,188,214
507,188,195
508,188,178
509,188,171
510,188,179
511,188,197
512,188,218
513,188,234
514,188,247
515,188,257
516,188,266
517,188,267
518,188,258
519,188,242
520,188,236
521,188,247
522,188,276
523,188,351
524,188,555
525,188,1019
526,188,1826
527,188,2713
528,188,3025
529,188,2623
530,188,2084
531,188,1739
532,188,1635
533,188,1616
534,188,1482
535,188,1194
536,188,919
537,188,737
538,188,640
539,188,579
540,188,517
541,188,456
542,188,409
543,188,385
544,188,376
545,188,369
546,188,353
547,188,330
548,188,313
549,188,314
550,188,315
551,188,305
552,188,285
553,188,260
554,188,238
555,188,221
556,188,200
557,188,173
558,188,150
559,188,136
560,188,129
561,188,127
562,188,129
563,188,133
564,188,125
565,188,115
566,188,117
567,188,124
568,188,125
569,188,121
570,188,118
571,188,118
572,188,127
573,188,141
490,189,369
491,189,348
492,189,309
493,189,278
494,189,257
495,189,237
496,189,215
497,189,204
498,189,207
499,189,211
500,189,214
501,189,220
502,189,225
503,189,226
504,189,221
505,189,215
506,189,204
507,189,189
508,189,177
509,189,176
510,189,187
511,189,206
512,189,224
513,189,238
514,189,251
515,189,266
516,189,282
517,189,288
518,189,275
519,189,253
520,189,242
521,189,250
522,189,273
523,189,329
524,189,452
525,189,690
526,189,1095
527,189,1585
528,189,1836
529,189,1653
530,189,1342
531,189,1135
532,189,1066
533,189,1044
534,189,960
535,189,798
536,189,657
537,189,581
538,189,553
539,189,537
540,189,508
541,189,467
542,189,423
543,189,391
544,189,375
545,189,364
546,189,348
547,189,326
548,189,313
549,189,319
550,189,326
551,189,323
552,189,307
553,189,281
554,189,255
555,189,235
556,189,214
557,189,188
558,189,161
559,189,141
560,189,131
561,189,129
562,189,134
563,189,139
564,189,131
565,189,122
566,189,128
567,189,144
568,189,150
569,189,145
570,189,134
571,189,127
572,189,133
573,189,144
490,190,491
491,190,381
492,190,312
493,190,275
494,190,255
495,190,237
496,190,216
497,190,209
498,190,213
499,190,216
500,190,220
501,190,227
502,190,236
503,190,237
504,190,228
505,190,220
506,190,212
507,190,200
508,190,191
509,190,192
510,190,204
511,190,221
512,190,234
513,190,245
514,190,260
515,190,282
516,190,306
517,190,314
518,190,296
519,190,268
520,190,253
521,190,255
522,190,275
523,190,323
524,190,413
525,190,556
526,190,793
527,190,1129
528,190,1371
529,190,1262
530,190,1031
531,190,879
532,190,823
533,190,797
534,190,742
535,190,643
536,190,553
537,190,510
538,190,507
539,190,517
540,190,514
541,190,485
542,190,435
543,190,389
544,190,363
545,190,348
546,190,329
547,190,305
548,190,292
549,190,300
550,190,312
551,190,318
552,190,315
553,190,299
554,190,278
555,190,259
556,190,242
557,190,219
558,190,187
559,190,156
560,190,139
561,190,137
562,190,143
563,190,150
564,190,143
565,190,137
566,190,152
567,190,177
568,190,189
569,190,181
570,190,160
571,190,143
572,190,143
573,190,155
490,191,538
491,191,384
492,191,297
493,191,260
494,191,245
495,191,227
496,191,206
497,191,204
498,191,213
499,191,221
500,191,226
501,191,236
502,191,248
503,191,249
504,191,241
505,191,235
506,191,232
507,191,226
508,191,220
509,191,223
510,191,233
511,191,243
512,191,251
513,191,258
514,191,274
515,191,299
516,191,325
517,191,326
518,191,301
519,191,271
520,191,257
521,191,258
522,191,274
523,191,311
524,191,376
525,191,468
526,191,598
527,191,793
528,191,963
529,191,927
530,191,812
531,191,737
532,191,707
533,191,688
534,191,648
535,191,572
536,191,490
537,191,449
538,191,456
539,191,486
540,191,501
541,191,475
542,191,419
543,191,366
544,191,334
545,191,317
546,191,297
547,191,273
548,191,257
549,191,260
550,191,273
551,191,288
552,191,303
553,191,310
554,191,305
555,191,295
556,191,284
557,191,263
558,191,225
559,191,181
560,191,156
561,191,150
562,191,156
563,191,162
564,191,158
565,191,159
566,191,181
567,191,214
568,191,232
569,191,221
570,191,190
571,191,160
572,191,150
573,191,155
490,192,499
491,192,357
492,192,273
493,192,242
494,192,232
495,192,217
496,192,199
497,192,200
498,192,214
499,192,224
500,192,231
501,192,244
502,192,258
503,192,262
504,192,257
505,192,257
506,192,259
507,192,258
508,192,258
509,192,260
510,192,267
511,192,272
512,192,273
513,192,277
514,192,288
515,192,310
516,192,328
517,192,317
518,192,287
519,192,261
520,192,254
521,192,262
522,192,280
523,192,306
524,192,346
525,192,397
526,192,450
527,192,532
528,192,629
529,192,659
530,192,649
531,192,638
532,192,631
533,192,620
534,192,588
535,192,520
536,192,433
537,192,380
538,192,387
539,192,425
540,192,447
541,192,422
542,192,369
543,192,322
544,192,295
545,192,281
546,192,265
547,192,243
548,192,224
549,192,217
550,192,223
551,192,242
552,192,272
553,192,303
554,192,321
555,192,325
556,192,319
557,192,297
558,192,253
559,192,202
560,192,173
561,192,165
562,192,168
563,192,172
564,192,173
565,192,183
566,192,210
567,192,244
568,192,260
569,192,244
570,192,205
571,192,168
572,192,149
573,192,141
490,193,468
491,193,326
492,193,254
493,193,232
494,193,226
495,193,218
496,193,208
497,193,213
498,193,224
499,193,231
500,193,237
501,193,250
502,193,266
503,193,273
504,193,273
505,193,275
506,193,279
507,193,281
508,193,283
509,193,286
510,193,290
511,193,292
512,193,293
513,193,293
514,193,298
515,193,308
516,193,312
517,193,293
518,193,264
519,193,246
520,193,251
521,193,275
522,193,307
523,193,333
524,193,354
525,193,371
526,193,376
527,193,397
528,193,456
529,193,520
530,193,562
531,193,580
532,193,584
533,193,577
534,193,550
535,193,487
536,193,396
537,193,328
538,193,319
539,193,347
540,193,366
541,193,346
542,193,310
543,193,280
544,193,265
545,193,257
546,193,244
547,193,226
548,193,206
549,193,191
550,193,190
551,193,205
552,193,238
553,193,282
554,193,317
555,193,335
556,193,335
557,193,311
558,193,263
559,193,212
560,193,185
561,193,177
562,193,176
563,193,178
564,193,185
565,193,202
566,193,229
567,193,257
568,193,267
569,193,244
570,193,201
571,193,164
572,193,143
573,193,128
490,194,345
491,194,277
492,194,241
493,194,232
494,194,232
495,194,232
496,194,234
497,194,241
498,194,244
499,194,242
500,194,243
501,194,254
502,194,270
503,194,280
504,194,283
505,194,286
506,194,289
507,194,291
508,194,294
509,194,298
510,194,301
511,194,302
512,194,302
513,194,299
514,194,294
515,194,289
516,194,280
517,194,260
518,194,238
519,194,231
520,194,248
521,194,293
522,194,353
523,194,396
524,194,414
525,194,408
526,194,378
527,194,368
528,194,410
529,194,476
530,194,524
531,194,544
532,194,549
533,194,542
534,194,516
535,194,459
536,194,372
537,194,298
538,194,271
539,194,281
540,194,291
541,194,282
542,194,265
543,194,253
544,194,248
545,194,244
546,194,234
547,194,219
548,194,201
549,194,185
550,194,178
551,194,185
552,194,210
553,194,251
554,194,294
555,194,324
556,194,333
557,194,315
558,194,270
559,194,222
560,194,195
561,194,184
562,194,179
563,194,179
564,194,186
565,194,203
566,194,226
567,194,248
568,194,252
569,194,227
570,194,188
571,194,156
572,194,137
573,194,123
490,195,214
491,195,234
492,195,239
493,195,248
494,195,254
495,195,259
496,195,268
497,195,273
498,195,267
499,195,255
500,195,249
501,195,255
502,195,269
503,195,280
504,195,286
505,195,290
506,195,292
507,195,295
508,195,298
509,195,301
510,195,304
511,195,305
512,195,302
513,195,293
514,195,276
515,195,257
516,195,241
517,195,226
518,195,213
519,195,213
520,195,236
521,195,292
522,195,374
523,195,446
524,195,484
525,195,476
526,195,428
527,195,401
528,195,426
529,195,472
530,195,501
531,195,508
532,195,506
533,195,498
534,195,477
535,195,431
536,195,359
537,195,293
538,195,258
539,195,251
540,195,251
541,195,247
542,195,241
543,195,239
544,195,238
545,195,235
546,195,227
547,195,215
548,195,200
549,195,185
550,195,175
551,195,175
552,195,188
553,195,217
554,195,256
555,195,292
556,195,312
557,195,305
558,195,271
559,195,229
560,195,201
561,195,187
562,195,178
563,195,175
564,195,179
565,195,190
566,195,205
567,195,221
568,195,223
569,195,203
570,195,172
571,195,148
572,195,134
573,195,125
490,196,208
491,196,228
492,196,249
493,196,271
494,196,283
495,196,289
496,196,296
497,196,297
498,196,285
499,196,266
500,196,254
501,196,255
502,196,264
503,196,276
504,196,285
505,196,290
506,196,294
507,196,297
508,196,299
509,196,302
510,196,304
511,196,302
512,196,295
513,196,277
514,196,252
515,196,228
516,196,212
517,196,202
518,196,195
519,196,196
520,196,213
521,196,256
522,196,330
523,196,415
524,196,480
525,196,496
526,196,463
527,196,436
528,196,445
529,196,466
530,196,472
531,196,468
532,196,463
533,196,457
534,196,443
535,196,414
536,196,364
537,196,309
538,196,270
539,196,252
540,196,244
541,196,238
542,196,234
543,196,232
544,196,231
545,196,228
546,196,221
547,196,211
548,196,197
549,196,183
550,196,172
551,196,169
552,196,173
553,196,189
554,196,215
555,196,246
556,196,270
557,196,272
558,196,249
559,196,219
560,196,198
561,196,185
562,196,176
563,196,173
564,196,174
565,196,180
566,196,189
567,196,197
568,196,197
569,196,183
570,196,160
571,196,143
572,196,132
573,196,125
490,197,214
491,197,230
492,197,256
493,197,284
494,197,299
495,197,304
496,197,306
497,197,304
498,197,293
499,197,274
500,197,259
501,197,254
502,197,259
503,197,268
504,197,280
505,197,288
506,197,293
507,197,296
508,197,298
509,197,301
510,197,301
511,197,297
512,197,282
513,197,256
514,197,229
515,197,208
516,197,196
517,197,190
518,197,186
519,197,185
520,197,193
521,197,217
522,197,267
523,197,339
524,197,407
525,197,445
526,197,443
527,197,435
528,197,439
529,197,446
530,197,444
531,197,438
532,197,434
533,197,431
534,197,423
535,197,405
536,197,370
537,197,322
538,197,284
539,197,262
540,197,250
541,197,242
542,197,235
543,197,231
544,197,228
545,197,224
546,197,216
547,197,205
548,197,190
549,197,176
550,197,167
551,197,164
552,197,165
553,197,171
554,197,185
555,197,204
556,197,221
557,197,226
558,197,215
559,197,199
560,197,189
561,197,183
562,197,179
563,197,178
564,197,180
565,197,183
566,197,186
567,197,187
568,197,185
569,197,173
570,197,156
571,197,142
572,197,132
573,197,125
490,198,214
491,198,230
492,198,254
493,198,282
494,198,297
495,198,297
496,198,293
497,198,292
498,198,287
499,198,274
500,198,261
501,198,252
502,198,251
503,198,258
504,198,271
505,198,282
506,198,287
507,198,289
508,198,292
509,198,295
510,198,296
511,198,289
512,198,268
513,198,238
514,198,212
515,198,196
516,198,189
517,198,186
518,198,183
519,198,182
520,198,184
521,198,194
522,198,225
523,198,272
524,198,323
525,198,363
526,198,387
527,198,404
528,198,415
529,198,420
530,198,419
531,198,418
532,198,417
533,198,415
534,198,410
535,198,397
536,198,369
537,198,326
538,198,289
539,198,268
540,198,257
541,198,249
542,198,241
543,198,235
544,198,229
545,198,222
546,198,213
547,198,198
548,198,181
549,198,168
550,198,162
551,198,161
552,198,163
553,198,165
554,198,171
555,198,180
556,198,190
557,198,195
558,198,191
559,198,187
560,198,186
561,198,188
562,198,190
563,198,194
564,198,197
565,198,197
566,198,193
567,198,188
568,198,184
569,198,174
570,198,160
571,198,146
572,198,137
573,198,128
490,199,216
491,199,230
492,199,250
493,199,273
494,199,282
495,199,275
496,199,268
497,199,269
498,199,273
499,199,268
500,199,258
501,199,248
502,199,244
503,199,251
504,199,265
505,199,275
506,199,278
507,199,277
508,199,280
509,199,286
510,199,288
511,199,280
512,199,256
513,199,225
514,199,202
515,199,191
516,199,187
517,199,185
518,199,184
519,199,182
520,199,181
521,199,186
522,199,208
523,199,237
524,199,267
525,199,298
526,199,330
527,199,361
528,199,378
529,199,385
530,199,389
531,199,394
532,199,398
533,199,398
534,199,394
535,199,383
536,199,359
537,199,321
538,199,288
539,199,270
540,199,262
541,199,256
542,199,250
543,199,244
544,199,236
545,199,226
546,199,213
547,199,196
548,199,177
549,199,164
550,199,160
551,199,162
552,199,164
553,199,166
554,199,171
555,199,177
556,199,182
557,199,186
558,199,187
559,199,189
560,199,193
561,199,201
562,199,208
563,199,214
564,199,215
565,199,211
566,199,202
567,199,195
568,199,192
569,199,187
570,199,174
571,199,160
572,199,151
573,199,148
490,200,224
491,200,232
492,200,248
493,200,265
494,200,270
495,200,263
496,200,257
497,200,260
498,200,265
499,200,261
500,200,250
501,200,241
502,200,239
503,200,248
504,200,263
505,200,271
506,200,270
507,200,268
508,200,269
509,200,273
510,200,276
511,200,267
512,200,242
513,200,215
514,200,196
515,200,188
516,200,187
517,200,188
518,200,188
519,200,185
520,200,181
521,200,184
522,200,203
523,200,222
524,200,238
525,200,257
526,200,282
527,200,309
528,200,322
529,200,329
530,200,341
531,200,358
532,200,371
533,200,375
534,200,372
535,200,363
536,200,343
537,200,312
538,200,285
539,200,270
540,200,264
541,200,261
542,200,259
543,200,255
544,200,247
545,200,235
546,200,219
547,200,200
548,200,180
549,200,166
550,200,162
551,200,164
552,200,167
553,200,173
554,200,182
555,200,191
556,200,191
557,200,191
558,200,192
559,200,195
560,200,202
561,200,213
562,200,221
563,200,225
564,200,223
565,200,217
566,200,211
567,200,210
568,200,216
569,200,221
570,200,209
571,200,189
572,200,172
573,200,148
490,201,224
491,201,235
492,201,251
493,201,264
494,201,268
495,201,265
496,201,262
497,201,264
498,201,263
499,201,254
500,201,239
501,201,229
502,201,232
503,201,246
504,201,262
505,201,269
506,201,268
507,201,263
508,201,261
509,201,261
510,201,259
511,201,247
512,201,225
513,201,204
514,201,193
515,201,190
516,201,192
517,201,194
518,201,193
519,201,187
520,201,178
521,201,181
522,201,198
523,201,212
524,201,220
525,201,227
526,201,238
527,201,250
528,201,253
529,201,261
530,201,284
531,201,320
532,201,346
533,201,356
534,201,356
535,201,349
536,201,332
537,201,305
538,201,281
539,201,268
540,201,264
541,201,264
542,201,265
543,201,265
544,201,260
545,201,247
546,201,230
547,201,210
548,201,189
549,201,173
550,201,166
551,201,167
552,201,172
553,201,186
554,201,209
555,201,224
556,201,215
557,201,203
558,201,198
559,201,199
560,201,206
561,201,216
562,201,222
563,201,223
564,201,222
565,201,223
566,201,229
567,201,242
568,201,266
569,201,290
570,201,278
571,201,245
572,201,220
573,201,202
490,202,224
491,202,238
492,202,254
493,202,266
494,202,270
495,202,270
496,202,269
497,202,268
498,202,263
499,202,248
500,202,230
501,202,220
502,202,225
503,202,244
504,202,264
505,202,271
506,202,269
507,202,262
508,202,254
509,202,246
510,202,236
511,202,223
512,202,208
513,202,199
514,202,198
515,202,201
516,202,206
517,202,207
518,202,199
519,202,185
520,202,172
521,202,173
522,202,187
523,202,198
524,202,202
525,202,202
526,202,202
527,202,203
528,202,204
529,202,217
530,202,251
531,202,300
532,202,333
533,202,347
534,202,349
535,202,344
536,202,328
537,202,301
538,202,277
539,202,263
540,202,259
541,202,261
542,202,266
543,202,269
544,202,268
545,202,259
546,202,242
547,202,222
548,202,200
549,202,182
550,202,173
551,202,172
552,202,179
553,202,204
554,202,245
555,202,269
556,202,246
557,202,216
558,202,201
559,202,197
560,202,200
561,202,207
562,202,211
563,202,214
564,202,219
565,202,235
566,202,262
567,202,295
568,202,338
569,202,386
570,202,376
571,202,325
572,202,286
573,202,289
490,203,224
491,203,241
492,203,257
493,203,267
494,203,271
495,203,271
496,203,271
497,203,270
498,203,264
499,203,250
500,203,232
501,203,219
502,203,223
503,203,245
504,203,270
505,203,280
506,203,274
507,203,263
508,203,250
509,203,234
510,203,217
511,203,206
512,203,203
513,203,213
514,203,230
515,203,233
516,203,233
517,203,226
518,203,208
519,203,184
520,203,167
521,203,166
522,203,176
523,203,184
524,203,187
525,203,186
526,203,185
527,203,184
528,203,187
529,203,204
530,203,243
531,203,295
532,203,331
533,203,347
534,203,351
535,203,346
536,203,329
537,203,298
538,203,267
539,203,250
540,203,246
541,203,250
542,203,258
543,203,266
544,203,268
545,203,262
546,203,248
547,203,228
548,203,207
549,203,191
550,203,181
551,203,177
552,203,184
553,203,213
554,203,263
555,203,290
556,203,259
557,203,219
558,203,198
559,203,190
560,203,191
561,203,195
562,203,200
563,203,205
564,203,218
565,203,248
566,203,296
567,203,343
568,203,396
569,203,467
570,203,474
571,203,406
572,203,333
573,203,289
490,204,240
491,204,245
492,204,257
493,204,266
494,204,267
495,204,267
496,204,269
497,204,271
498,204,268
499,204,257
500,204,241
501,204,229
502,204,232
503,204,256
504,204,287
505,204,298
506,204,289
507,204,270
508,204,249
509,204,226
510,204,208
511,204,202
512,204,222
513,204,273
514,204,324
515,204,309
516,204,278
517,204,252
518,204,223
519,204,193
520,204,174
521,204,170
522,204,174
523,204,179
524,204,182
525,204,183
526,204,184
527,204,185
528,204,190
529,204,206
530,204,243
531,204,294
532,204,335
533,204,355
534,204,361
535,204,357
536,204,336
537,204,296
538,204,253
539,204,228
540,204,222
541,204,227
542,204,238
543,204,249
544,204,256
545,204,253
546,204,240
547,204,223
548,204,208
549,204,197
550,204,188
551,204,182
552,204,183
553,204,203
554,204,242
555,204,263
556,204,238
557,204,207
558,204,189
559,204,182
560,204,182
561,204,185
562,204,190
563,204,196
564,204,210
565,204,240
566,204,289
567,204,340
568,204,403
569,204,501
570,204,541
571,204,475
572,204,370
573,204,274
490,205,240
491,205,242
492,205,254
493,205,261
494,205,260
495,205,259
496,205,263
497,205,270
498,205,272
499,205,265
500,205,252
501,205,244
502,205,254
503,205,282
504,205,315
505,205,327
506,205,313
507,205,286
508,205,255
509,205,224
510,205,206
511,205,215
512,205,274
513,205,400
514,205,508
515,205,450
516,205,349
517,205,286
518,205,247
519,205,219
520,205,199
521,205,188
522,205,184
523,205,184
524,205,186
525,205,190
526,205,192
527,205,194
528,205,197
529,205,209
530,205,239
531,205,289
532,205,339
533,205,370
534,205,380
535,205,377
536,205,354
537,205,301
538,205,242
539,205,208
540,205,197
541,205,199
542,205,207
543,205,218
544,205,228
545,205,230
546,205,222
547,205,213
548,205,207
549,205,201
550,205,193
551,205,185
552,205,181
553,205,190
554,205,212
555,205,225
556,205,212
557,205,195
558,205,185
559,205,180
560,205,178
561,205,179
562,205,181
563,205,186
564,205,196
565,205,217
566,205,250
567,205,294
568,205,366
569,205,485
570,205,561
571,205,513
572,205,401
573,205,287
490,206,224
491,206,235
492,206,250
493,206,258
494,206,255
495,206,251
496,206,257
497,206,270
498,206,279
499,206,276
500,206,264
501,206,263
502,206,282
503,206,314
504,206,344
505,206,354
506,206,341
507,206,311
508,206,270
509,206,231
510,206,213
511,206,234
512,206,330
513,206,523
514,206,682
515,206,578
516,206,408
517,206,310
518,206,269
519,206,248
520,206,231
521,206,213
522,206,200
523,206,194
524,206,195
525,206,197
526,206,200
527,206,201
528,206,201
529,206,206
530,206,227
531,206,273
532,206,331
533,206,373
534,206,389
535,206,387
536,206,361
537,206,303
538,206,236
539,206,196
540,206,183
541,206,180
542,206,181
543,206,184
544,206,192
545,206,200
546,206,204
547,206,209
548,206,214
549,206,210
550,206,197
551,206,187
552,206,182
553,206,186
554,206,197
555,206,202
556,206,196
557,206,188
558,206,184
559,206,181
560,206,179
561,206,177
562,206,173
563,206,174
564,206,182
565,206,195
566,206,218
567,206,255
568,206,331
569,206,454
570,206,543
571,206,511
572,206,420
573,206,346
490,207,210
491,207,229
492,207,249
493,207,258
494,207,253
495,207,247
496,207,254
497,207,272
498,207,288
499,207,288
500,207,276
501,207,276
502,207,299
503,207,331
504,207,357
505,207,368
506,207,361
507,207,335
508,207,293
509,207,249
510,207,225
511,207,239
512,207,319
513,207,487
514,207,623
515,207,523
516,207,370
517,207,290
518,207,266
519,207,259
520,207,248
521,207,231
522,207,213
523,207,204
524,207,202
525,207,203
526,207,204
527,207,204
528,207,201
529,207,199
530,207,207
531,207,239
532,207,292
533,207,339
534,207,357
535,207,353
536,207,327
537,207,276
538,207,219
539,207,188
540,207,178
541,207,173
542,207,167
543,207,163
544,207,168
545,207,180
546,207,197
547,207,218
548,207,230
549,207,224
550,207,204
551,207,189
552,207,184
553,207,184
554,207,187
555,207,189
556,207,186
557,207,183
558,207,181
559,207,179
560,207,177
561,207,173
562,207,167
563,207,164
564,207,169
565,207,180
566,207,199
567,207,235
568,207,307
569,207,417
570,207,493
571,207,472
572,207,409
573,207,361
490,208,208
491,208,229
492,208,250
493,208,259
494,208,252
495,208,246
496,208,254
497,208,277
498,208,297
499,208,298
500,208,284
501,208,277
502,208,292
503,208,319
504,208,346
505,208,363
506,208,364
507,208,346
508,208,309
509,208,269
510,208,244
511,208,240
512,208,272
513,208,353
514,208,420
515,208,356
516,208,272
517,208,237
518,208,239
519,208,247
520,208,246
521,208,234
522,208,218
523,208,208
524,208,205
525,208,205
526,208,206
527,208,205
528,208,202
529,208,196
530,208,195
531,208,212
532,208,254
533,208,299
534,208,316
535,208,303
536,208,277
537,208,239
538,208,201
539,208,186
540,208,181
541,208,175
542,208,165
543,208,156
544,208,159
545,208,176
546,208,203
547,208,238
548,208,254
549,208,243
550,208,216
551,208,196
552,208,185
553,208,179
554,208,175
555,208,175
556,208,175
557,208,174
558,208,172
559,208,168
560,208,166
561,208,163
562,208,160
563,208,158
564,208,161
565,208,170
566,208,187
567,208,217
568,208,274
569,208,356
570,208,414
571,208,407
572,208,376
573,208,361
490,209,195
491,209,229
492,209,253
493,209,259
494,209,251
495,209,246
496,209,258
497,209,283
498,209,302
499,209,301
500,209,281
501,209,262
502,209,262
503,209,282
504,209,311
505,209,337
506,209,346
507,209,337
508,209,310
509,209,281
510,209,261
511,209,249
512,209,245
513,209,259
514,209,269
515,209,233
516,209,197
517,209,189
518,209,203
519,209,221
520,209,229
521,209,224
522,209,214
523,209,207
524,209,205
525,209,205
526,209,206
527,209,207
528,209,208
529,209,208
530,209,209
531,209,225
532,209,264
533,209,303
534,209,311
535,209,285
536,209,256
537,209,229
538,209,206
539,209,198
540,209,193
541,209,183
542,209,170
543,209,160
544,209,163
545,209,181
546,209,214
547,209,256
548,209,276
549,209,264
550,209,233
551,209,206
552,209,188
553,209,175
554,209,165
555,209,162
556,209,163
557,209,162
558,209,159
559,209,154
560,209,151
561,209,153
562,209,154
563,209,155
564,209,158
565,209,165
566,209,179
567,209,203
568,209,243
569,209,297
570,209,338
571,209,342
572,209,325
573,209,305
490,210,183
491,210,230
492,210,257
493,210,261
494,210,252
495,210,247
496,210,258
497,210,281
498,210,296
499,210,289
500,210,263
501,210,237
502,210,228
503,210,240
504,210,266
505,210,292
506,210,306
507,210,305
508,210,292
509,210,278
510,210,269
511,210,258
512,210,243
513,210,228
514,210,213
515,210,187
516,210,167
517,210,165
518,210,177
519,210,196
520,210,208
521,210,211
522,210,208
523,210,204
524,210,202
525,210,202
526,210,205
527,210,214
528,210,232
529,210,251
530,210,272
531,210,312
532,210,362
533,210,373
534,210,349
535,210,304
536,210,274
537,210,254
538,210,235
539,210,223
540,210,211
541,210,196
542,210,180
543,210,170
544,210,172
545,210,189
546,210,223
547,210,265
548,210,286
549,210,275
550,210,243
551,210,213
552,210,192
553,210,175
554,210,161
555,210,155
556,210,153
557,210,153
558,210,151
559,210,148
560,210,148
561,210,152
562,210,156
563,210,158
564,210,159
565,210,165
566,210,177
567,210,196
568,210,222
569,210,253
570,210,278
571,210,284
572,210,270
573,210,232
490,211,157
491,211,232
492,211,263
493,211,266
494,211,256
495,211,247
496,211,252
497,211,268
498,211,277
499,211,268
500,211,245
501,211,221
502,211,209
503,211,211
504,211,224
505,211,241
506,211,253
507,211,260
508,211,263
509,211,267
510,211,268
511,211,263
512,211,250
513,211,232
514,211,212
515,211,188
516,211,172
517,211,166
518,211,168
519,211,180
520,211,194
521,211,201
522,211,202
523,211,198
524,211,195
525,211,195
526,211,203
527,211,229
528,211,289
529,211,344
530,211,396
531,211,480
532,211,546
533,211,508
534,211,417
535,211,332
536,211,298
537,211,283
538,211,262
539,211,246
540,211,228
541,211,209
542,211,192
543,211,181
544,211,183
545,211,199
546,211,229
547,211,265
548,211,283
549,211,273
550,211,244
551,211,214
552,211,193
553,211,178
554,211,164
555,211,155
556,211,151
557,211,149
558,211,148
559,211,148
560,211,151
561,211,156
562,211,161
563,211,163
564,211,164
565,211,172
566,211,182
567,211,195
568,211,210
569,211,227
570,211,240
571,211,244
572,211,236
573,211,212
490,212,212
491,212,256
492,212,274
493,212,273
494,212,260
495,212,243
496,212,242
497,212,249
498,212,247
499,212,244
500,212,233
501,212,215
502,212,202
503,212,196
504,212,200
505,212,207
506,212,214
507,212,223
508,212,243
509,212,263
510,212,264
511,212,262
512,212,256
513,212,245
514,212,229
515,212,209
516,212,196
517,212,186
518,212,171
519,212,166
520,212,179
521,212,195
522,212,197
523,212,184
524,212,176
525,212,177
526,212,189
527,212,235
528,212,388
529,212,477
530,212,503
531,212,583
532,212,619
533,212,589
534,212,469
535,212,350
536,212,331
537,212,326
538,212,285
539,212,269
540,212,241
541,212,217
542,212,200
543,212,186
544,212,190
545,212,210
546,212,232
547,212,255
548,212,266
549,212,260
550,212,240
551,212,210
552,212,188
553,212,176
554,212,166
555,212,157
556,212,153
557,212,151
558,212,147
559,212,148
560,212,152
561,212,157
562,212,161
563,212,166
564,212,168
565,212,190
566,212,200
567,212,198
568,212,204
569,212,211
570,212,217
571,212,221
572,212,219
573,212,212
490,213,287
491,213,291
492,213,287
493,213,283
494,213,264
495,213,230
496,213,230
497,213,232
498,213,204
499,213,222
500,213,230
501,213,212
502,213,199
503,213,187
504,213,187
505,213,189
506,213,189
507,213,189
508,213,240
509,213,283
510,213,262
511,213,258
512,213,258
513,213,258
514,213,252
515,213,228
516,213,228
517,213,228
518,213,172
519,213,132
520,213,152
521,213,195
522,213,199
523,213,159
524,213,141
525,213,144
526,213,150
527,213,150
528,213,561
529,213,639
530,213,430
531,213,408
532,213,240
533,213,454
534,213,443
535,213,291
536,213,373
537,213,412
538,213,285
539,213,307
540,213,250
541,213,216
542,213,208
543,213,174
544,213,183
545,213,226
546,213,234
547,213,234
548,213,238
549,213,242
550,213,242
551,213,199
552,213,170
553,213,168
554,213,166
555,213,157
556,213,157
557,213,157
558,213,144
559,213,146
560,213,150
561,213,150
562,213,155
563,213,170
564,213,159
565,213,232
566,213,242
567,213,199
568,213,199
569,213,199
570,213,202
571,213,212
572,213,208
573,213,193
