xv,yv,rho
490,148,29
491,148,28
492,148,26
493,148,21
494,148,25
495,148,61
496,148,78
497,148,120
498,148,125
499,148,106
500,148,91
501,148,75
502,148,50
503,148,54
504,148,59
505,148,59
506,148,55
507,148,51
508,148,51
509,148,43
510,148,28
511,148,42
512,148,63
513,148,123
514,148,123
515,148,123
516,148,123
517,148,123
518,148,123
519,148,92
520,148,78
521,148,78
522,148,47
523,148,8
524,148,0
525,148,0
526,148,0
527,148,0
528,148,4
529,148,46
530,148,58
531,148,55
532,148,46
533,148,57
534,148,57
535,148,56
536,148,55
537,148,37
538,148,37
539,148,49
540,148,62
541,148,59
542,148,66
543,148,72
544,148,75
545,148,76
546,148,70
547,148,62
548,148,60
549,148,58
550,148,58
551,148,58
552,148,84
553,148,66
554,148,167
555,148,182
556,148,182
557,148,182
558,148,182
559,148,176
560,148,90
561,148,89
562,148,89
563,148,89
564,148,93
565,148,166
566,148,168
567,148,167
568,148,114
569,148,111
570,148,110
571,148,94
572,148,82
573,148,83
490,149,61
491,149,46
492,149,30
493,149,21
494,149,31
495,149,69
496,149,117
497,149,126
498,149,230
499,149,1721
500,149,969
501,149,182
502,149,50
503,149,49
504,149,61
505,149,60
506,149,53
507,149,52
508,149,54
509,149,47
510,149,33
511,149,45
512,149,77
513,149,118
514,149,122
515,149,123
516,149,123
517,149,123
518,149,121
519,149,92
520,149,79
521,149,75
522,149,38
523,149,28
524,149,372
525,149,341
526,149,302
527,149,250
528,149,20
529,149,53
530,149,58
531,149,58
532,149,56
533,149,57
534,149,57
535,149,55
536,149,49
537,149,37
538,149,55
539,149,67
540,149,66
541,149,61
542,149,65
543,149,88
544,149,90
545,149,89
546,149,76
547,149,61
548,149,64
549,149,75
550,149,67
551,149,85
552,149,168
553,149,115
554,149,149
555,149,165
556,149,99
557,149,146
558,149,176
559,149,124
560,149,90
561,149,89
562,149,89
563,149,89
564,149,105
565,149,154
566,149,163
567,149,146
568,149,118
569,149,111
570,149,106
571,149,96
572,149,96
573,149,109
490,150,84
491,150,82
492,150,80
493,150,69
494,150,62
495,150,68
496,150,79
497,150,108
498,150,139
499,150,255
500,150,200
501,150,89
502,150,44
503,150,45
504,150,88
505,150,78
506,150,56
507,150,60
508,150,62
509,150,46
510,150,45
511,150,49
512,150,62
513,150,80
514,150,101
515,150,121
516,150,121
517,150,121
518,150,119
519,150,89
520,150,78
521,150,66
522,150,49
523,150,55
524,150,442
525,150,442
526,150,276
527,150,248
528,150,20
529,150,53
530,150,58
531,150,58
532,150,57
533,150,57
534,150,57
535,150,55
536,150,46
537,150,37
538,150,60
539,150,68
540,150,65
541,150,61
542,150,63
543,150,85
544,150,90
545,150,90
546,150,73
547,150,62
548,150,76
549,150,79
550,150,72
551,150,117
552,150,178
553,150,165
554,150,177
555,150,151
556,150,75
557,150,148
558,150,171
559,150,118
560,150,89
561,150,88
562,150,89
563,150,93
564,150,141
565,150,163
566,150,119
567,150,76
568,150,91
569,150,109
570,150,108
571,150,97
572,150,99
573,150,113
490,151,84
491,151,84
492,151,84
493,151,78
494,151,68
495,151,67
496,151,70
497,151,97
498,151,149
499,151,152
500,151,140
501,151,93
502,151,46
503,151,52
504,151,92
505,151,60
506,151,56
507,151,63
508,151,62
509,151,45
510,151,46
511,151,48
512,151,55
513,151,72
514,151,82
515,151,100
516,151,90
517,151,83
518,151,84
519,151,76
520,151,77
521,151,64
522,151,49
523,151,52
524,151,300
525,151,318
526,151,40
527,151,21
528,151,7
529,151,48
530,151,58
531,151,57
532,151,57
533,151,57
534,151,57
535,151,55
536,151,41
537,151,37
538,151,65
539,151,68
540,151,64
541,151,61
542,151,62
543,151,76
544,151,90
545,151,90
546,151,73
547,151,62
548,151,79
549,151,79
550,151,73
551,151,156
552,151,182
553,151,182
554,151,180
555,151,133
556,151,86
557,151,79
558,151,88
559,151,78
560,151,75
561,151,83
562,151,89
563,151,92
564,151,121
565,151,162
566,151,149
567,151,84
568,151,90
569,151,107
570,151,108
571,151,102
572,151,127
573,151,153
490,152,84
491,152,84
492,152,83
493,152,82
494,152,71
495,152,68
496,152,68
497,152,80
498,152,134
499,152,111
500,152,95
501,152,69
502,152,62
503,152,76
504,152,93
505,152,64
506,152,54
507,152,62
508,152,63
509,152,49
510,152,46
511,152,48
512,152,54
513,152,71
514,152,71
515,152,67
516,152,66
517,152,65
518,152,65
519,152,59
520,152,70
521,152,56
522,152,45
523,152,45
524,152,105
525,152,32
526,152,24
527,152,29
528,152,38
529,152,66
530,152,63
531,152,56
532,152,56
533,152,57
534,152,57
535,152,55
536,152,42
537,152,45
538,152,67
539,152,66
540,152,61
541,152,60
542,152,61
543,152,77
544,152,90
545,152,89
546,152,67
547,152,61
548,152,79
549,152,77
550,152,70
551,152,165
552,152,182
553,152,183
554,152,179
555,152,116
556,152,86
557,152,75
558,152,74
559,152,71
560,152,73
561,152,77
562,152,84
563,152,90
564,152,92
565,152,114
566,152,113
567,152,138
568,152,105
569,152,115
570,152,100
571,152,96
572,152,155
573,152,186
490,153,84
491,153,77
492,153,60
493,153,63
494,153,77
495,153,71
496,153,67
497,153,68
498,153,71
499,153,68
500,153,66
501,153,63
502,153,74
503,153,78
504,153,82
505,153,66
506,153,63
507,153,64
508,153,63
509,153,47
510,153,46
511,153,49
512,153,56
513,153,71
514,153,68
515,153,63
516,153,65
517,153,67
518,153,61
519,153,44
520,153,43
521,153,40
522,153,38
523,153,42
524,153,10
525,153,13
526,153,34
527,153,40
528,153,67
529,153,72
530,153,58
531,153,42
532,153,42
533,153,52
534,153,53
535,153,51
536,153,51
537,153,56
538,153,68
539,153,65
540,153,57
541,153,43
542,153,43
543,153,78
544,153,90
545,153,88
546,153,63
547,153,60
548,153,77
549,153,77
550,153,72
551,153,169
552,153,182
553,153,183
554,153,178
555,153,111
556,153,88
557,153,87
558,153,99
559,153,80
560,153,78
561,153,78
562,153,80
563,153,88
564,153,86
565,153,86
566,153,91
567,153,174
568,153,189
569,153,168
570,153,115
571,153,89
572,153,156
573,153,276
490,154,83
491,154,48
492,154,37
493,154,37
494,154,41
495,154,46
496,154,63
497,154,66
498,154,64
499,154,62
500,154,62
501,154,67
502,154,77
503,154,78
504,154,78
505,154,77
506,154,76
507,154,68
508,154,61
509,154,46
510,154,48
511,154,50
512,154,62
513,154,71
514,154,68
515,154,73
516,154,89
517,154,108
518,154,79
519,154,45
520,154,41
521,154,38
522,154,38
523,154,45
524,154,9
525,154,18
526,154,54
527,154,56
528,154,72
529,154,72
530,154,47
531,154,30
532,154,40
533,154,50
534,154,48
535,154,46
536,154,53
537,154,43
538,154,66
539,154,60
540,154,39
541,154,30
542,154,34
543,154,81
544,154,90
545,154,89
546,154,64
547,154,63
548,154,79
549,154,76
550,154,70
551,154,167
552,154,182
553,154,182
554,154,168
555,154,100
556,154,87
557,154,89
558,154,102
559,154,86
560,154,78
561,154,78
562,154,78
563,154,82
564,154,83
565,154,83
566,154,92
567,154,191
568,154,205
569,154,167
570,154,66
571,154,117
572,154,203
573,154,617
490,155,27
491,155,36
492,155,36
493,155,36
494,155,37
495,155,45
496,155,59
497,155,61
498,155,61
499,155,61
500,155,62
501,155,71
502,155,77
503,155,78
504,155,78
505,155,77
506,155,74
507,155,65
508,155,49
509,155,53
510,155,48
511,155,50
512,155,63
513,155,69
514,155,64
515,155,82
516,155,127
517,155,130
518,155,120
519,155,69
520,155,43
521,155,38
522,155,42
523,155,48
524,155,13
525,155,18
526,155,57
527,155,60
528,155,71
529,155,72
530,155,45
531,155,30
532,155,40
533,155,49
534,155,42
535,155,49
536,155,42
537,155,32
538,155,60
539,155,47
540,155,31
541,155,29
542,155,34
543,155,83
544,155,89
545,155,83
546,155,61
547,155,69
548,155,79
549,155,73
550,155,70
551,155,169
552,155,181
553,155,181
554,155,147
555,155,90
556,155,87
557,155,93
558,155,105
559,155,101
560,155,80
561,155,78
562,155,78
563,155,73
564,155,67
565,155,81
566,155,147
567,155,238
568,155,207
569,155,148
570,155,121
571,155,106
572,155,143
573,155,552
490,156,13
491,156,34
492,156,35
493,156,36
494,156,43
495,156,58
496,156,61
497,156,61
498,156,61
499,156,61
500,156,61
501,156,67
502,156,71
503,156,77
504,156,77
505,156,72
506,156,65
507,156,64
508,156,51
509,156,62
510,156,51
511,156,56
512,156,65
513,156,65
514,156,63
515,156,82
516,156,125
517,156,122
518,156,101
519,156,72
520,156,54
521,156,44
522,156,45
523,156,49
524,156,25
525,156,32
526,156,58
527,156,60
528,156,62
529,156,63
530,156,38
531,156,36
532,156,49
533,156,50
534,156,43
535,156,51
536,156,31
537,156,25
538,156,30
539,156,29
540,156,29
541,156,31
542,156,40
543,156,67
544,156,68
545,156,66
546,156,61
547,156,74
548,156,77
549,156,65
550,156,67
551,156,127
552,156,161
553,156,176
554,156,127
555,156,88
556,156,86
557,156,92
558,156,103
559,156,105
560,156,88
561,156,79
562,156,77
563,156,62
564,156,69
565,156,92
566,156,151
567,156,250
568,156,205
569,156,148
570,156,138
571,156,76
572,156,77
573,156,87
490,157,1
491,157,30
492,157,36
493,157,38
494,157,56
495,157,62
496,157,61
497,157,61
498,157,61
499,157,61
500,157,61
501,157,61
502,157,62
503,157,67
504,157,61
505,157,65
506,157,53
507,157,57
508,157,65
509,157,67
510,157,66
511,157,67
512,157,64
513,157,67
514,157,81
515,157,126
516,157,130
517,157,94
518,157,69
519,157,73
520,157,156
521,157,132
522,157,66
523,157,51
524,157,49
525,157,50
526,157,55
527,157,55
528,157,55
529,157,43
530,157,41
531,157,41
532,157,44
533,157,51
534,157,60
535,157,53
536,157,27
537,157,22
538,157,22
539,157,23
540,157,29
541,157,31
542,157,38
543,157,35
544,157,35
545,157,51
546,157,69
547,157,78
548,157,68
549,157,64
550,157,67
551,157,76
552,157,91
553,157,134
554,157,108
555,157,80
556,157,75
557,157,86
558,157,83
559,157,96
560,157,87
561,157,78
562,157,77
563,157,64
564,157,63
565,157,92
566,157,88
567,157,206
568,157,205
569,157,145
570,157,123
571,157,62
572,157,76
573,157,71
490,158,0
491,158,38
492,158,49
493,158,54
494,158,76
495,158,75
496,158,62
497,158,61
498,158,61
499,158,61
500,158,61
501,158,61
502,158,56
503,158,46
504,158,44
505,158,49
506,158,39
507,158,47
508,158,66
509,158,68
510,158,68
511,158,65
512,158,45
513,158,46
514,158,72
515,158,126
516,158,127
517,158,75
518,158,68
519,158,100
520,158,184
521,158,185
522,158,127
523,158,56
524,158,50
525,158,50
526,158,50
527,158,39
528,158,37
529,158,42
530,158,41
531,158,41
532,158,42
533,158,54
534,158,69
535,158,68
536,158,48
537,158,23
538,158,22
539,158,22
540,158,31
541,158,31
542,158,33
543,158,33
544,158,34
545,158,62
546,158,72
547,158,73
548,158,64
549,158,63
550,158,71
551,158,72
552,158,73
553,158,73
554,158,61
555,158,59
556,158,60
557,158,85
558,158,79
559,158,79
560,158,78
561,158,78
562,158,77
563,158,69
564,158,59
565,158,67
566,158,78
567,158,95
568,158,73
569,158,105
570,158,108
571,158,64
572,158,77
573,158,75
490,159,3
491,159,51
492,159,54
493,159,56
494,159,72
495,159,78
496,159,63
497,159,61
498,159,62
499,159,62
500,159,62
501,159,63
502,159,48
503,159,43
504,159,43
505,159,40
506,159,35
507,159,34
508,159,60
509,159,69
510,159,69
511,159,68
512,159,55
513,159,41
514,159,43
515,159,72
516,159,103
517,159,67
518,159,80
519,159,144
520,159,189
521,159,190
522,159,171
523,159,72
524,159,51
525,159,50
526,159,48
527,159,34
528,159,44
529,159,61
530,159,44
531,159,41
532,159,42
533,159,55
534,159,62
535,159,68
536,159,47
537,159,23
538,159,22
539,159,22
540,159,31
541,159,32
542,159,37
543,159,39
544,159,35
545,159,64
546,159,72
547,159,72
548,159,69
549,159,56
550,159,64
551,159,63
552,159,71
553,159,71
554,159,59
555,159,57
556,159,61
557,159,88
558,159,80
559,159,77
560,159,77
561,159,77
562,159,77
563,159,70
564,159,64
565,159,60
566,159,67
567,159,64
568,159,57
569,159,101
570,159,121
571,159,76
572,159,77
573,159,73
490,160,24
491,160,56
492,160,56
493,160,55
494,160,59
495,160,62
496,160,59
497,160,62
498,160,62
499,160,62
500,160,63
501,160,81
502,160,90
503,160,65
504,160,60
505,160,60
506,160,63
507,160,60
508,160,78
509,160,78
510,160,69
511,160,68
512,160,67
513,160,62
514,160,51
515,160,43
516,160,44
517,160,55
518,160,139
519,160,186
520,160,191
521,160,191
522,160,183
523,160,138
524,160,52
525,160,51
526,160,46
527,160,38
528,160,112
529,160,136
530,160,80
531,160,46
532,160,38
533,160,35
534,160,40
535,160,154
536,160,38
537,160,22
538,160,22
539,160,25
540,160,32
541,160,34
542,160,53
543,160,59
544,160,35
545,160,44
546,160,65
547,160,70
548,160,68
549,160,53
550,160,50
551,160,52
552,160,60
553,160,55
554,160,50
555,160,55
556,160,73
557,160,75
558,160,69
559,160,65
560,160,61
561,160,62
562,160,63
563,160,67
564,160,67
565,160,63
566,160,67
567,160,66
568,160,65
569,160,79
570,160,112
571,160,95
572,160,75
573,160,74
490,161,76
491,161,85
492,161,77
493,161,66
494,161,58
495,161,55
496,161,55
497,161,56
498,161,56
499,161,57
500,161,61
501,161,82
502,161,113
503,161,108
504,161,86
505,161,72
506,161,69
507,161,70
508,161,79
509,161,78
510,161,69
511,161,69
512,161,72
513,161,82
514,161,134
515,161,87
516,161,50
517,161,48
518,161,145
519,161,189
520,161,191
521,161,189
522,161,175
523,161,79
524,161,83
525,161,77
526,161,72
527,161,59
528,161,132
529,161,126
530,161,116
531,161,98
532,161,41
533,161,32
534,161,60
535,161,248
536,161,146
537,161,33
538,161,30
539,161,42
540,161,41
541,161,49
542,161,59
543,161,66
544,161,42
545,161,35
546,161,61
547,161,65
548,161,66
549,161,56
550,161,50
551,161,50
552,161,50
553,161,50
554,161,51
555,161,49
556,161,48
557,161,46
558,161,52
559,161,42
560,161,39
561,161,40
562,161,46
563,161,57
564,161,59
565,161,58
566,161,65
567,161,66
568,161,67
569,161,67
570,161,69
571,161,57
572,161,46
573,161,47
490,162,90
491,162,89
492,162,89
493,162,88
494,162,84
495,162,60
496,162,55
497,162,55
498,162,55
499,162,55
500,162,60
501,162,108
502,162,117
503,162,117
504,162,115
505,162,110
506,162,112
507,162,98
508,162,82
509,162,80
510,162,73
511,162,79
512,162,126
513,162,155
514,162,272
515,162,268
516,162,141
517,162,38
518,162,80
519,162,180
520,162,189
521,162,182
522,162,140
523,162,42
524,162,127
525,162,146
526,162,157
527,162,152
528,162,92
529,162,117
530,162,130
531,162,258
532,162,118
533,162,51
534,162,150
535,162,241
536,162,82
537,162,35
538,162,36
539,162,54
540,162,62
541,162,74
542,162,74
543,162,70
544,162,62
545,162,40
546,162,59
547,162,65
548,162,65
549,162,53
550,162,49
551,162,49
552,162,49
553,162,54
554,162,71
555,162,60
556,162,45
557,162,43
558,162,50
559,162,43
560,162,41
561,162,50
562,162,55
563,162,53
564,162,51
565,162,48
566,162,63
567,162,67
568,162,68
569,162,68
570,162,66
571,162,47
572,162,41
573,162,41
490,163,90
491,163,89
492,163,90
493,163,90
494,163,88
495,163,62
496,163,55
497,163,55
498,163,56
499,163,66
500,163,83
501,163,115
502,163,117
503,163,117
504,163,117
505,163,119
506,163,153
507,163,166
508,163,109
509,163,82
510,163,80
511,163,91
512,163,142
513,163,154
514,163,244
515,163,338
516,163,242
517,163,34
518,163,46
519,163,136
520,163,180
521,163,174
522,163,72
523,163,61
524,163,140
525,163,152
526,163,161
527,163,166
528,163,73
529,163,94
530,163,137
531,163,309
532,163,293
533,163,203
534,163,81
535,163,50
536,163,36
537,163,34
538,163,43
539,163,57
540,163,61
541,163,76
542,163,88
543,163,100
544,163,98
545,163,87
546,163,65
547,163,64
548,163,64
549,163,53
550,163,46
551,163,42
552,163,44
553,163,85
554,163,93
555,163,63
556,163,51
557,163,44
558,163,46
559,163,50
560,163,47
561,163,44
562,163,45
563,163,52
564,163,52
565,163,49
566,163,51
567,163,63
568,163,66
569,163,63
570,163,57
571,163,41
572,163,42
573,163,72
490,164,73
491,164,86
492,164,89
493,164,89
494,164,84
495,164,57
496,164,55
497,164,56
498,164,71
499,164,97
500,164,114
501,164,117
502,164,117
503,164,117
504,164,117
505,164,118
506,164,141
507,164,170
508,164,120
509,164,82
510,164,80
511,164,82
512,164,108
513,164,149
514,164,204
515,164,340
516,164,258
517,164,68
518,164,75
519,164,94
520,164,156
521,164,138
522,164,37
523,164,98
524,164,144
525,164,153
526,164,160
527,164,167
528,164,78
529,164,107
530,164,167
531,164,321
532,164,329
533,164,317
534,164,227
535,164,89
536,164,36
537,164,39
538,164,56
539,164,59
540,164,70
541,164,88
542,164,96
543,164,117
544,164,107
545,164,97
546,164,66
547,164,64
548,164,64
549,164,52
550,164,16
551,164,11
552,164,17
553,164,86
554,164,95
555,164,78
556,164,67
557,164,51
558,164,45
559,164,56
560,164,55
561,164,38
562,164,34
563,164,51
564,164,53
565,164,52
566,164,44
567,164,52
568,164,58
569,164,58
570,164,57
571,164,49
572,164,79
573,164,244
490,165,51
491,165,58
492,165,77
493,165,89
494,165,82
495,165,57
496,165,57
497,165,77
498,165,120
499,165,117
500,165,117
501,165,117
502,165,117
503,165,117
504,165,117
505,165,117
506,165,125
507,165,162
508,165,123
509,165,84
510,165,80
511,165,80
512,165,86
513,165,149
514,165,272
515,165,345
516,165,274
517,165,112
518,165,226
519,165,100
520,165,89
521,165,64
522,165,57
523,165,135
524,165,148
525,165,153
526,165,163
527,165,166
528,165,73
529,165,122
530,165,213
531,165,324
532,165,331
533,165,330
534,165,321
535,165,244
536,165,50
537,165,45
538,165,58
539,165,67
540,165,96
541,165,159
542,165,187
543,165,99
544,165,70
545,165,85
546,165,66
547,165,64
548,165,65
549,165,62
550,165,18
551,165,26
552,165,41
553,165,90
554,165,95
555,165,76
556,165,69
557,165,64
558,165,50
559,165,56
560,165,53
561,165,47
562,165,43
563,165,52
564,165,53
565,165,52
566,165,40
567,165,40
568,165,52
569,165,54
570,165,57
571,165,155
572,165,419
573,165,554
490,166,51
491,166,55
492,166,81
493,166,92
494,166,90
495,166,72
496,166,84
497,166,124
498,166,139
499,166,135
500,166,124
501,166,117
502,166,117
503,166,117
504,166,117
505,166,118
506,166,124
507,166,163
508,166,140
509,166,113
510,166,83
511,166,80
512,166,86
513,166,140
514,166,294
515,166,344
516,166,270
517,166,192
518,166,348
519,166,251
520,166,106
521,166,58
522,166,76
523,166,127
524,166,137
525,166,150
526,166,163
527,166,162
528,166,96
529,166,138
530,166,261
531,166,327
532,166,331
533,166,331
534,166,330
535,166,312
536,166,101
537,166,54
538,166,63
539,166,83
540,166,103
541,166,197
542,166,216
543,166,127
544,166,71
545,166,66
546,166,65
547,166,70
548,166,83
549,166,99
550,166,78
551,166,92
552,166,92
553,166,89
554,166,82
555,166,72
556,166,67
557,166,64
558,166,49
559,166,50
560,166,46
561,166,46
562,166,53
563,166,53
564,166,52
565,166,47
566,166,39
567,166,38
568,166,43
569,166,46
570,166,58
571,166,255
572,166,508
573,166,554
490,167,51
491,167,68
492,167,92
493,167,94
494,167,94
495,167,101
496,167,132
497,167,141
498,167,142
499,167,141
500,167,130
501,167,116
502,167,115
503,167,115
504,167,117
505,167,117
506,167,91
507,167,155
508,167,169
509,167,170
510,167,99
511,167,85
512,167,118
513,167,161
514,167,215
515,167,314
516,167,302
517,167,318
518,167,376
519,167,370
520,167,312
521,167,191
522,167,159
523,167,154
524,167,122
525,167,119
526,167,146
527,167,287
528,167,345
529,167,318
530,167,327
531,167,331
532,167,331
533,167,331
534,167,327
535,167,294
536,167,132
537,167,89
538,167,88
539,167,96
540,167,130
541,167,217
542,167,223
543,167,200
544,167,129
545,167,74
546,167,81
547,167,111
548,167,119
549,167,121
550,167,101
551,167,93
552,167,81
553,167,71
554,167,69
555,167,68
556,167,65
557,167,64
558,167,52
559,167,47
560,167,43
561,167,44
562,167,54
563,167,52
564,167,49
565,167,51
566,167,58
567,167,60
568,167,57
569,167,48
570,167,57
571,167,166
572,167,397
573,167,524
490,168,56
491,168,87
492,168,94
493,168,94
494,168,93
495,168,95
496,168,113
497,168,140
498,168,142
499,168,142
500,168,137
501,168,104
502,168,95
503,168,98
504,168,120
505,168,119
506,168,95
507,168,113
508,168,188
509,168,194
510,168,165
511,168,118
512,168,155
513,168,166
514,168,182
515,168,259
516,168,307
517,168,328
518,168,377
519,168,379
520,168,376
521,168,361
522,168,250
523,168,222
524,168,188
525,168,158
526,168,295
527,168,375
528,168,383
529,168,379
530,168,347
531,168,332
532,168,331
533,168,329
534,168,280
535,168,137
536,168,95
537,168,91
538,168,91
539,168,105
540,168,188
541,168,223
542,168,224
543,168,210
544,168,166
545,168,93
546,168,81
547,168,84
548,168,92
549,168,119
550,168,91
551,168,76
552,168,71
553,168,68
554,168,69
555,168,68
556,168,65
557,168,64
558,168,62
559,168,51
560,168,48
561,168,55
562,168,71
563,168,56
564,168,53
565,168,62
566,168,64
567,168,64
568,168,63
569,168,64
570,168,161
571,168,390
572,168,439
573,168,589
490,169,54
491,169,86
492,169,93
493,169,91
494,169,76
495,169,83
496,169,92
497,169,135
498,169,142
499,169,142
500,169,141
501,169,117
502,169,93
503,169,118
504,169,204
505,169,130
506,169,86
507,169,68
508,169,157
509,169,186
510,169,195
511,169,192
512,169,226
513,169,257
514,169,269
515,169,290
516,169,304
517,169,322
518,169,373
519,169,379
520,169,378
521,169,354
522,169,213
523,169,197
524,169,210
525,169,228
526,169,342
527,169,382
528,169,384
529,169,372
530,169,337
531,169,334
532,169,345
533,169,376
534,169,103
535,169,45
536,169,88
537,169,93
538,169,110
539,169,186
540,169,221
541,169,224
542,169,221
543,169,186
544,169,168
545,169,90
546,169,90
547,169,70
548,169,69
549,169,106
550,169,101
551,169,76
552,169,74
553,169,74
554,169,73
555,169,73
556,169,67
557,169,67
558,169,67
559,169,63
560,169,64
561,169,69
562,169,101
563,169,126
564,169,125
565,169,91
566,169,66
567,169,62
568,169,61
569,169,62
570,169,90
571,169,260
572,169,387
573,169,394
490,170,51
491,170,64
492,170,86
493,170,66
494,170,57
495,170,82
496,170,89
497,170,130
498,170,141
499,170,142
500,170,141
501,170,129
502,170,127
503,170,197
504,170,309
505,170,229
506,170,94
507,170,69
508,170,85
509,170,136
510,170,185
511,170,156
512,170,224
513,170,288
514,170,290
515,170,262
516,170,223
517,170,210
518,170,305
519,170,360
520,170,366
521,170,314
522,170,184
523,170,176
524,170,177
525,170,186
526,170,290
527,170,378
528,170,379
529,170,361
530,170,358
531,170,537
532,170,779
533,170,1294
534,170,113
535,170,71
536,170,106
537,170,147
538,170,327
539,170,308
540,170,232
541,170,222
542,170,203
543,170,177
544,170,174
545,170,156
546,170,140
547,170,94
548,170,68
549,170,131
550,170,150
551,170,97
552,170,86
553,170,77
554,170,74
555,170,74
556,170,71
557,170,70
558,170,65
559,170,66
560,170,68
561,170,71
562,170,111
563,170,134
564,170,163
565,170,87
566,170,61
567,170,58
568,170,58
569,170,58
570,170,64
571,170,105
572,170,155
573,170,164
490,171,51
491,171,53
492,171,56
493,171,58
494,171,59
495,171,82
496,171,88
497,171,119
498,171,140
499,171,142
500,171,141
501,171,137
502,171,140
503,171,260
504,171,273
505,171,248
506,171,96
507,171,84
508,171,99
509,171,131
510,171,131
511,171,122
512,171,203
513,171,282
514,171,269
515,171,236
516,171,164
517,171,53
518,171,34
519,171,100
520,171,201
521,171,291
522,171,191
523,171,182
524,171,186
525,171,192
526,171,378
527,171,455
528,171,455
529,171,449
530,171,627
531,171,3573
532,171,4848
533,171,2481
534,171,472
535,171,398
536,171,354
537,171,384
538,171,447
539,171,424
540,171,271
541,171,183
542,171,85
543,171,152
544,171,165
545,171,146
546,171,138
547,171,106
548,171,70
549,171,123
550,171,198
551,171,127
552,171,118
553,171,110
554,171,85
555,171,75
556,171,71
557,171,66
558,171,60
559,171,65
560,171,69
561,171,73
562,171,123
563,171,204
564,171,743
565,171,300
566,171,60
567,171,49
568,171,57
569,171,58
570,171,58
571,171,61
572,171,71
573,171,95
490,172,51
491,172,52
492,172,58
493,172,153
494,172,150
495,172,97
496,172,91
497,172,92
498,172,117
499,172,137
500,172,122
501,172,110
502,172,168
503,172,302
504,172,122
505,172,126
506,172,100
507,172,108
508,172,131
509,172,136
510,172,128
511,172,119
512,172,141
513,172,236
514,172,425
515,172,488
516,172,108
517,172,123
518,172,143
519,172,65
520,172,46
521,172,263
522,172,341
523,172,317
524,172,370
525,172,329
526,172,702
527,172,674
528,172,650
529,172,727
530,172,959
531,172,4487
532,172,4359
533,172,1818
534,172,1057
535,172,492
536,172,454
537,172,455
538,172,458
539,172,438
540,172,257
541,172,80
542,172,88
543,172,150
544,172,137
545,172,138
546,172,139
547,172,127
548,172,104
549,172,106
550,172,210
551,172,242
552,172,206
553,172,183
554,172,138
555,172,113
556,172,77
557,172,70
558,172,65
559,172,79
560,172,87
561,172,93
562,172,133
563,172,290
564,172,1431
565,172,731
566,172,86
567,172,44
568,172,46
569,172,57
570,172,58
571,172,58
572,172,58
573,172,48
490,173,51
491,173,52
492,173,69
493,173,313
494,173,502
495,173,285
496,173,170
497,173,92
498,173,89
499,173,104
500,173,100
501,173,108
502,173,232
503,173,276
504,173,110
505,173,96
506,173,95
507,173,114
508,173,132
509,173,136
510,173,136
511,173,153
512,173,355
513,173,518
514,173,549
515,173,548
516,173,466
517,173,395
518,173,508
519,173,281
520,173,296
521,173,371
522,173,444
523,173,601
524,173,732
525,173,738
526,173,753
527,173,653
528,173,769
529,173,1867
530,173,2315
531,173,4085
532,173,1825
533,173,1613
534,173,1277
535,173,562
536,173,465
537,173,459
538,173,451
539,173,330
540,173,182
541,173,100
542,173,147
543,173,155
544,173,156
545,173,160
546,173,162
547,173,161
548,173,160
549,173,160
550,173,181
551,173,261
552,173,272
553,173,273
554,173,267
555,173,237
556,173,130
557,173,68
558,173,90
559,173,122
560,173,124
561,173,127
562,173,164
563,173,709
564,173,1562
565,173,1072
566,173,153
567,173,47
568,173,44
569,173,57
570,173,58
571,173,58
572,173,55
573,173,32
490,174,51
491,174,64
492,174,95
493,174,271
494,174,481
495,174,537
496,174,462
497,174,151
498,174,99
499,174,92
500,174,100
501,174,121
502,174,167
503,174,121
504,174,95
505,174,94
506,174,95
507,174,104
508,174,122
509,174,133
510,174,144
511,174,274
512,174,447
513,174,500
514,174,503
515,174,482
516,174,536
517,174,909
518,174,1242
519,174,399
520,174,350
521,174,424
522,174,442
523,174,488
524,174,723
525,174,766
526,174,711
527,174,615
528,174,1098
529,174,2317
530,174,4610
531,174,5236
532,174,3110
533,174,1717
534,174,1603
535,174,1394
536,174,633
537,174,482
538,174,434
539,174,251
540,174,173
541,174,152
542,174,156
543,174,156
544,174,156
545,174,161
546,174,162
547,174,162
548,174,163
549,174,164
550,174,174
551,174,199
552,174,245
553,174,276
554,174,272
555,174,160
556,174,68
557,174,61
558,174,92
559,174,124
560,174,127
561,174,130
562,174,145
563,174,513
564,174,1162
565,174,939
566,174,350
567,174,59
568,174,46
569,174,56
570,174,58
571,174,56
572,174,48
573,174,30
490,175,99
491,175,101
492,175,112
493,175,260
494,175,421
495,175,491
496,175,545
497,175,519
498,175,274
499,175,116
500,175,115
501,175,151
502,175,140
503,175,98
504,175,96
505,175,102
506,175,108
507,175,110
508,175,113
509,175,131
510,175,158
511,175,250
512,175,314
513,175,375
514,175,401
515,175,470
516,175,727
517,175,1371
518,175,1275
519,175,407
520,175,376
521,175,404
522,175,411
523,175,483
524,175,780
525,175,877
526,175,669
527,175,626
528,175,1341
529,175,2363
530,175,5072
531,175,5339
532,175,4049
533,175,1780
534,175,1644
535,175,1751
536,175,1676
537,175,870
538,175,401
539,175,242
540,175,221
541,175,154
542,175,168
543,175,169
544,175,159
545,175,157
546,175,149
547,175,153
548,175,162
549,175,173
550,175,197
551,175,200
552,175,206
553,175,257
554,175,269
555,175,133
556,175,63
557,175,61
558,175,89
559,175,121
560,175,128
561,175,126
562,175,68
563,175,63
564,175,95
565,175,89
566,175,52
567,175,23
568,175,27
569,175,42
570,175,54
571,175,43
572,175,32
573,175,30
490,176,104
491,176,104
492,176,112
493,176,254
494,176,404
495,176,448
496,176,566
497,176,594
498,176,407
499,176,143
500,176,120
501,176,154
502,176,143
503,176,100
504,176,103
505,176,110
506,176,111
507,176,111
508,176,115
509,176,134
510,176,201
511,176,251
512,176,257
513,176,261
514,176,272
515,176,407
516,176,531
517,176,1141
518,176,1111
519,176,503
520,176,763
521,176,403
522,176,352
523,176,675
524,176,968
525,176,1024
526,176,1378
527,176,850
528,176,847
529,176,2028
530,176,5084
531,176,4728
532,176,3397
533,176,1749
534,176,1671
535,176,2123
536,176,2432
537,176,2400
538,176,1293
539,176,1173
540,176,697
541,176,258
542,176,415
543,176,415
544,176,193
545,176,140
546,176,124
547,176,135
548,176,143
549,176,146
550,176,181
551,176,194
552,176,199
553,176,234
554,176,269
555,176,166
556,176,65
557,176,58
558,176,61
559,176,84
560,176,129
561,176,154
562,176,87
563,176,38
564,176,27
565,176,35
566,176,32
567,176,20
568,176,20
569,176,23
570,176,39
571,176,31
572,176,30
573,176,30
490,177,104
491,177,102
492,177,74
493,177,49
494,177,251
495,177,685
496,177,904
497,177,604
498,177,195
499,177,129
500,177,110
501,177,145
502,177,110
503,177,95
504,177,94
505,177,114
506,177,114
507,177,114
508,177,118
509,177,131
510,177,163
511,177,244
512,177,246
513,177,247
514,177,279
515,177,418
516,177,622
517,177,1138
518,177,746
519,177,859
520,177,1076
521,177,617
522,177,392
523,177,810
524,177,1023
525,177,1701
526,177,6850
527,177,4893
528,177,3264
529,177,3501
530,177,5462
531,177,7632
532,177,7360
533,177,2804
534,177,2047
535,177,2260
536,177,2807
537,177,4486
538,177,3076
539,177,2959
540,177,2468
541,177,624
542,177,1077
543,177,1192
544,177,252
545,177,187
546,177,171
547,177,120
548,177,92
549,177,91
550,177,94
551,177,108
552,177,145
553,177,206
554,177,246
555,177,130
556,177,62
557,177,58
558,177,58
559,177,64
560,177,178
561,177,193
562,177,113
563,177,43
564,177,26
565,177,33
566,177,33
567,177,21
568,177,19
569,177,20
570,177,27
571,177,30
572,177,30
573,177,30
490,178,104
491,178,87
492,178,47
493,178,41
494,178,184
495,178,890
496,178,707
497,178,259
498,178,152
499,178,134
500,178,108
501,178,120
502,178,93
503,178,79
504,178,91
505,178,175
506,178,176
507,178,159
508,178,122
509,178,129
510,178,133
511,178,162
512,178,135
513,178,125
514,178,246
515,178,390
516,178,1046
517,178,713
518,178,567
519,178,721
520,178,831
521,178,987
522,178,936
523,178,1080
524,178,1288
525,178,2329
526,178,3915
527,178,8690
528,178,11645
529,178,9525
530,178,6399
531,178,11199
532,178,16606
533,178,13772
534,178,7894
535,178,3348
536,178,3371
537,178,4312
538,178,3121
539,178,3034
540,178,2177
541,178,722
542,178,1956
543,178,1982
544,178,318
545,178,194
546,178,187
547,178,125
548,178,90
549,178,88
550,178,87
551,178,72
552,178,59
553,178,113
554,178,97
555,178,65
556,178,59
557,178,58
558,178,58
559,178,64
560,178,181
561,178,193
562,178,103
563,178,47
564,178,27
565,178,32
566,178,33
567,178,21
568,178,20
569,178,20
570,178,24
571,178,30
572,178,30
573,178,30
490,179,100
491,179,74
492,179,46
493,179,60
494,179,100
495,179,303
496,179,210
497,179,176
498,179,173
499,179,136
500,179,121
501,179,119
502,179,94
503,179,78
504,179,85
505,179,204
506,179,246
507,179,276
508,179,136
509,179,181
510,179,160
511,179,63
512,179,219
513,179,228
514,179,44
515,179,223
516,179,506
517,179,542
518,179,531
519,179,440
520,179,346
521,179,753
522,179,1084
523,179,1190
524,179,2169
525,179,2982
526,179,5115
527,179,7990
528,179,13645
529,179,11218
530,179,8345
531,179,23912
532,179,24539
533,179,16835
534,179,10984
535,179,4526
536,179,3667
537,179,3164
538,179,3036
539,179,2870
540,179,1491
541,179,1143
542,179,2189
543,179,2280
544,179,658
545,179,214
546,179,188
547,179,121
548,179,89
549,179,87
550,179,85
551,179,50
552,179,27
553,179,37
554,179,62
555,179,65
556,179,66
557,179,62
558,179,58
559,179,53
560,179,70
561,179,154
562,179,79
563,179,68
564,179,47
565,179,33
566,179,30
567,179,24
568,179,23
569,179,23
570,179,25
571,179,29
572,179,30
573,179,30
490,180,92
491,180,71
492,180,77
493,180,88
494,180,93
495,180,133
496,180,138
497,180,122
498,180,167
499,180,129
500,180,121
501,180,110
502,180,84
503,180,78
504,180,96
505,180,321
506,180,353
507,180,354
508,180,202
509,180,221
510,180,218
511,180,154
512,180,44
513,180,215
514,180,88
515,180,293
516,180,513
517,180,536
518,180,523
519,180,318
520,180,294
521,180,535
522,180,1088
523,180,1354
524,180,2437
525,180,3397
526,180,6321
527,180,12093
528,180,16123
529,180,37706
530,180,21814
531,180,26556
532,180,28228
533,180,25760
534,180,29035
535,180,14015
536,180,6699
537,180,3768
538,180,2896
539,180,1807
540,180,709
541,180,630
542,180,762
543,180,1128
544,180,1835
545,180,354
546,180,191
547,180,119
548,180,89
549,180,87
550,180,85
551,180,58
552,180,46
553,180,25
554,180,32
555,180,58
556,180,66
557,180,66
558,180,63
559,180,49
560,180,49
561,180,75
562,180,80
563,180,79
564,180,76
565,180,45
566,180,27
567,180,25
568,180,25
569,180,26
570,180,27
571,180,27
572,180,28
573,180,27
490,181,95
491,181,76
492,181,77
493,181,90
494,181,92
495,181,118
496,181,129
497,181,100
498,181,99
499,181,88
500,181,116
501,181,106
502,181,79
503,181,80
504,181,134
505,181,331
506,181,366
507,181,363
508,181,255
509,181,226
510,181,223
511,181,212
512,181,101
513,181,44
514,181,150
515,181,332
516,181,514
517,181,530
518,181,517
519,181,314
520,181,302
521,181,672
522,181,1133
523,181,2007
524,181,2739
525,181,3093
526,181,5269
527,181,16598
528,181,20146
529,181,23753
530,181,12228
531,181,46093
532,181,47853
533,181,48299
534,181,29429
535,181,7143
536,181,7573
537,181,4441
538,181,1865
539,181,885
540,181,607
541,181,554
542,181,263
543,181,401
544,181,1503
545,181,1148
546,181,235
547,181,131
548,181,93
549,181,86
550,181,83
551,181,64
552,181,53
553,181,38
554,181,35
555,181,53
556,181,66
557,181,67
558,181,70
559,181,60
560,181,67
561,181,58
562,181,79
563,181,80
564,181,79
565,181,68
566,181,37
567,181,28
568,181,26
569,181,27
570,181,27
571,181,26
572,181,25
573,181,24
490,182,102
491,182,58
492,182,74
493,182,85
494,182,92
495,182,115
496,182,124
497,182,96
498,182,90
499,182,115
500,182,106
501,182,104
502,182,79
503,182,81
504,182,155
505,182,336
506,182,365
507,182,362
508,182,254
509,182,221
510,182,200
511,182,173
512,182,108
513,182,56
514,182,98
515,182,230
516,182,339
517,182,423
518,182,403
519,182,203
520,182,257
521,182,503
522,182,969
523,182,2079
524,182,5461
525,182,3648
526,182,14430
527,182,20208
528,182,17071
529,182,10610
530,182,12221
531,182,31731
532,182,42898
533,182,30265
534,182,19921
535,182,8992
536,182,3340
537,182,2048
538,182,984
539,182,626
540,182,588
541,182,457
542,182,190
543,182,180
544,182,252
545,182,261
546,182,173
547,182,163
548,182,106
549,182,86
550,182,84
551,182,80
552,182,62
553,182,54
554,182,53
555,182,58
556,182,73
557,182,68
558,182,75
559,182,75
560,182,75
561,182,74
562,182,80
563,182,80
564,182,79
565,182,60
566,182,51
567,182,47
568,182,29
569,182,27
570,182,23
571,182,20
572,182,19
573,182,25
490,183,120
491,183,65
492,183,80
493,183,77
494,183,91
495,183,110
496,183,126
497,183,97
498,183,93
499,183,117
500,183,114
501,183,101
502,183,78
503,183,84
504,183,192
505,183,339
506,183,368
507,183,366
508,183,299
509,183,162
510,183,70
511,183,62
512,183,58
513,183,57
514,183,64
515,183,71
516,183,44
517,183,82
518,183,128
519,183,76
520,183,121
521,183,147
522,183,163
523,183,242
524,183,841
525,183,3357
526,183,14091
527,183,15199
528,183,11752
529,183,9974
530,183,10047
531,183,9491
532,183,16211
533,183,22660
534,183,17466
535,183,14183
536,183,5422
537,183,1477
538,183,654
539,183,596
540,183,581
541,183,358
542,183,178
543,183,168
544,183,170
545,183,171
546,183,168
547,183,164
548,183,109
549,183,87
550,183,85
551,183,84
552,183,81
553,183,64
554,183,54
555,183,56
556,183,76
557,183,59
558,183,67
559,183,75
560,183,76
561,183,76
562,183,78
563,183,79
564,183,78
565,183,54
566,183,51
567,183,48
568,183,29
569,183,24
570,183,18
571,183,22
572,183,31
573,183,25
490,184,125
491,184,78
492,184,84
493,184,74
494,184,87
495,184,104
496,184,132
497,184,97
498,184,95
499,184,103
500,184,110
501,184,97
502,184,78
503,184,80
504,184,123
505,184,217
506,184,358
507,184,351
508,184,227
509,184,73
510,184,52
511,184,52
512,184,55
513,184,57
514,184,62
515,184,64
516,184,55
517,184,81
518,184,103
519,184,102
520,184,111
521,184,113
522,184,113
523,184,128
524,184,387
525,184,1030
526,184,1819
527,184,3187
528,184,9406
529,184,9066
530,184,3757
531,184,3176
532,184,3523
533,184,4114
534,184,3641
535,184,3154
536,184,2387
537,184,1359
538,184,623
539,184,590
540,184,571
541,184,237
542,184,118
543,184,128
544,184,166
545,184,168
546,184,168
547,184,159
548,184,96
549,184,86
550,184,85
551,184,84
552,184,84
553,184,75
554,184,57
555,184,63
556,184,78
557,184,52
558,184,50
559,184,61
560,184,69
561,184,66
562,184,45
563,184,64
564,184,75
565,184,64
566,184,52
567,184,50
568,184,36
569,184,22
570,184,20
571,184,34
572,184,38
573,184,32
490,185,116
491,185,79
492,185,76
493,185,74
494,185,74
495,185,97
496,185,125
497,185,95
498,185,87
499,185,72
500,185,72
501,185,101
502,185,81
503,185,81
504,185,92
505,185,237
506,185,308
507,185,190
508,185,101
509,185,56
510,185,51
511,185,52
512,185,70
513,185,80
514,185,63
515,185,83
516,185,96
517,185,102
518,185,103
519,185,103
520,185,108
521,185,111
522,185,113
523,185,146
524,185,561
525,185,916
526,185,1111
527,185,3461
528,185,9255
529,185,5754
530,185,3020
531,185,2825
532,185,2549
533,185,2359
534,185,2440
535,185,2400
536,185,2292
537,185,1402
538,185,523
539,185,510
540,185,532
541,185,261
542,185,72
543,185,106
544,185,165
545,185,168
546,185,167
547,185,142
548,185,89
549,185,86
550,185,85
551,185,85
552,185,84
553,185,84
554,185,79
555,185,81
556,185,74
557,185,45
558,185,44
559,185,46
560,185,46
561,185,46
562,185,40
563,185,40
564,185,48
565,185,56
566,185,49
567,185,40
568,185,30
569,185,21
570,185,29
571,185,37
572,185,36
573,185,32
490,186,109
491,186,91
492,186,54
493,186,81
494,186,82
495,186,89
496,186,60
497,186,63
498,186,56
499,186,57
500,186,61
501,186,101
502,186,82
503,186,81
504,186,88
505,186,189
506,186,112
507,186,69
508,186,57
509,186,51
510,186,50
511,186,53
512,186,89
513,186,100
514,186,93
515,186,102
516,186,103
517,186,103
518,186,103
519,186,91
520,186,87
521,186,108
522,186,110
523,186,104
524,186,157
525,186,636
526,186,1631
527,186,7000
528,186,8928
529,186,3347
530,186,2805
531,186,2582
532,186,2085
533,186,1943
534,186,2344
535,186,1964
536,186,1355
537,186,528
538,186,362
539,186,346
540,186,246
541,186,179
542,186,101
543,186,158
544,186,168
545,186,168
546,186,166
547,186,126
548,186,88
549,186,90
550,186,88
551,186,86
552,186,84
553,186,84
554,186,84
555,186,83
556,186,70
557,186,44
558,186,41
559,186,38
560,186,38
561,186,39
562,186,35
563,186,36
564,186,37
565,186,30
566,186,31
567,186,34
568,186,33
569,186,31
570,186,35
571,186,31
572,186,32
573,186,42
490,187,161
491,187,135
492,187,75
493,187,80
494,187,90
495,187,90
496,187,31
497,187,47
498,187,66
499,187,58
500,187,66
501,187,87
502,187,82
503,187,81
504,187,80
505,187,84
506,187,78
507,187,64
508,187,51
509,187,50
510,187,51
511,187,59
512,187,87
513,187,96
514,187,102
515,187,103
516,187,103
517,187,103
518,187,102
519,187,87
520,187,73
521,187,95
522,187,102
523,187,99
524,187,104
525,187,240
526,187,1667
527,187,5030
528,187,4169
529,187,2066
530,187,1998
531,187,893
532,187,1419
533,187,2019
534,187,1984
535,187,591
536,187,366
537,187,325
538,187,344
539,187,340
540,187,232
541,187,202
542,187,169
543,187,168
544,187,168
545,187,168
546,187,166
547,187,132
548,187,97
549,187,137
550,187,134
551,187,106
552,187,88
553,187,85
554,187,84
555,187,84
556,187,76
557,187,44
558,187,40
559,187,38
560,187,37
561,187,37
562,187,26
563,187,46
564,187,28
565,187,19
566,187,29
567,187,34
568,187,26
569,187,25
570,187,31
571,187,29
572,187,32
573,187,43
490,188,161
491,188,159
492,188,141
493,188,110
494,188,104
495,188,101
496,188,54
497,188,41
498,188,95
499,188,76
500,188,76
501,188,78
502,188,81
503,188,81
504,188,79
505,188,77
506,188,76
507,188,61
508,188,51
509,188,50
510,188,51
511,188,69
512,188,86
513,188,89
514,188,97
515,188,103
516,188,103
517,188,104
518,188,102
519,188,77
520,188,72
521,188,93
522,188,99
523,188,100
524,188,108
525,188,164
526,188,345
527,188,666
528,188,643
529,188,548
530,188,524
531,188,439
532,188,466
533,188,592
534,188,556
535,188,269
536,188,247
537,188,269
538,188,299
539,188,312
540,188,217
541,188,189
542,188,170
543,188,168
544,188,168
545,188,168
546,188,167
547,188,147
548,188,115
549,188,153
550,188,155
551,188,145
552,188,125
553,188,91
554,188,85
555,188,84
556,188,82
557,188,48
558,188,40
559,188,37
560,188,33
561,188,39
562,188,23
563,188,58
564,188,35
565,188,18
566,188,23
567,188,37
568,188,26
569,188,17
570,188,25
571,188,23
572,188,31
573,188,43
490,189,163
491,189,160
492,189,142
493,189,107
494,189,104
495,189,104
496,189,92
497,189,61
498,189,76
499,189,79
500,189,79
501,189,77
502,189,82
503,189,83
504,189,78
505,189,77
506,189,75
507,189,56
508,189,51
509,189,50
510,189,53
511,189,79
512,189,87
513,189,88
514,189,91
515,189,103
516,189,105
517,189,119
518,189,114
519,189,75
520,189,77
521,189,97
522,189,99
523,189,110
524,189,198
525,189,241
526,189,261
527,189,353
528,189,614
529,189,843
530,189,449
531,189,412
532,189,398
533,189,402
534,189,383
535,189,255
536,189,242
537,189,243
538,189,246
539,189,249
540,189,222
541,189,208
542,189,172
543,189,168
544,189,168
545,189,168
546,189,168
547,189,153
548,189,120
549,189,154
550,189,157
551,189,156
552,189,153
553,189,114
554,189,86
555,189,84
556,189,82
557,189,52
558,189,39
559,189,35
560,189,33
561,189,40
562,189,21
563,189,66
564,189,37
565,189,18
566,189,23
567,189,45
568,189,44
569,189,45
570,189,36
571,189,23
572,189,38
573,189,44
490,190,233
491,190,158
492,190,134
493,190,106
494,190,104
495,190,103
496,190,88
497,190,82
498,190,82
499,190,80
500,190,79
501,190,80
502,190,96
503,190,108
504,190,79
505,190,77
506,190,76
507,190,58
508,190,51
509,190,51
510,190,63
511,190,86
512,190,88
513,190,90
514,190,101
515,190,104
516,190,125
517,190,184
518,190,155
519,190,107
520,190,95
521,190,99
522,190,99
523,190,108
524,190,230
525,190,253
526,190,262
527,190,487
528,190,2700
529,190,705
530,190,407
531,190,395
532,190,393
533,190,393
534,190,388
535,190,303
536,190,242
537,190,240
538,190,242
539,190,259
540,190,288
541,190,286
542,190,204
543,190,168
544,190,167
545,190,168
546,190,164
547,190,119
548,190,105
549,190,150
550,190,156
551,190,156
552,190,155
553,190,126
554,190,93
555,190,86
556,190,85
557,190,71
558,190,44
559,190,32
560,190,33
561,190,33
562,190,31
563,190,71
564,190,33
565,190,23
566,190,32
567,190,76
568,190,63
569,190,57
570,190,41
571,190,24
572,190,45
573,190,49
490,191,260
491,191,140
492,191,83
493,191,99
494,191,104
495,191,99
496,191,34
497,191,78
498,191,91
499,191,86
500,191,80
501,191,82
502,191,111
503,191,113
504,191,79
505,191,79
506,191,89
507,191,79
508,191,63
509,191,59
510,191,84
511,191,91
512,191,89
513,191,93
514,191,103
515,191,109
516,191,182
517,191,179
518,191,138
519,191,105
520,191,99
521,191,99
522,191,99
523,191,102
524,191,152
525,191,242
526,191,250
527,191,252
528,191,377
529,191,375
530,191,355
531,191,363
532,191,361
533,191,360
534,191,365
535,191,323
536,191,197
537,191,206
538,191,235
539,191,256
540,191,294
541,191,292
542,191,245
543,191,145
544,191,141
545,191,154
546,191,135
547,191,91
548,191,85
549,191,96
550,191,134
551,191,136
552,191,153
553,191,154
554,191,145
555,191,112
556,191,117
557,191,135
558,191,114
559,191,40
560,191,37
561,191,33
562,191,51
563,191,74
564,191,56
565,191,32
566,191,41
567,191,107
568,191,119
569,191,122
570,191,80
571,191,36
572,191,46
573,191,49
490,192,237
491,192,89
492,192,74
493,192,77
494,192,101
495,192,99
496,192,29
497,192,39
498,192,89
499,192,89
500,192,80
501,192,89
502,192,118
503,192,112
504,192,83
505,192,101
506,192,117
507,192,118
508,192,117
509,192,118
510,192,125
511,192,124
512,192,111
513,192,103
514,192,105
515,192,124
516,192,195
517,192,151
518,192,111
519,192,85
520,192,97
521,192,99
522,192,99
523,192,100
524,192,107
525,192,190
526,192,183
527,192,125
528,192,166
529,192,280
530,192,289
531,192,290
532,192,290
533,192,289
534,192,288
535,192,257
536,192,107
537,192,82
538,192,139
539,192,237
540,192,286
541,192,231
542,192,144
543,192,103
544,192,101
545,192,102
546,192,98
547,192,86
548,192,74
549,192,48
550,192,56
551,192,59
552,192,111
553,192,153
554,192,156
555,192,154
556,192,158
557,192,161
558,192,147
559,192,66
560,192,46
561,192,58
562,192,60
563,192,63
564,192,53
565,192,37
566,192,74
567,192,105
568,192,137
569,192,135
570,192,83
571,192,46
572,192,44
573,192,43
490,193,219
491,193,81
492,193,73
493,193,74
494,193,94
495,193,88
496,193,43
497,193,49
498,193,90
499,193,87
500,193,81
501,193,97
502,193,119
503,193,118
504,193,111
505,193,119
506,193,120
507,193,120
508,193,121
509,193,126
510,193,127
511,193,127
512,193,128
513,193,128
514,193,122
515,193,147
516,193,175
517,193,126
518,193,85
519,193,81
520,193,92
521,193,99
522,193,109
523,193,108
524,193,107
525,193,133
526,193,140
527,193,106
528,193,100
529,193,218
530,193,281
531,193,285
532,193,285
533,193,285
534,193,285
535,193,279
536,193,191
537,193,77
538,193,78
539,193,163
540,193,231
541,193,118
542,193,100
543,193,98
544,193,98
545,193,98
546,193,97
547,193,85
548,193,65
549,193,48
550,193,46
551,193,45
552,193,58
553,193,145
554,193,156
555,193,159
556,193,163
557,193,158
558,193,74
559,193,37
560,193,66
561,193,62
562,193,61
563,193,61
564,193,59
565,193,87
566,193,107
567,193,127
568,193,139
569,193,124
570,193,55
571,193,44
572,193,43
573,193,37
490,194,149
491,194,77
492,194,73
493,194,76
494,194,75
495,194,75
496,194,78
497,194,116
498,194,95
499,194,92
500,194,85
501,194,103
502,194,119
503,194,120
504,194,120
505,194,120
506,194,120
507,194,123
508,194,125
509,194,127
510,194,127
511,194,128
512,194,131
513,194,132
514,194,132
515,194,132
516,194,137
517,194,109
518,194,81
519,194,80
520,194,89
521,194,108
522,194,218
523,194,161
524,194,126
525,194,164
526,194,116
527,194,94
528,194,110
529,194,231
530,194,282
531,194,282
532,194,284
533,194,283
534,194,282
535,194,273
536,194,141
537,194,73
538,194,70
539,194,77
540,194,101
541,194,93
542,194,91
543,194,96
544,194,98
545,194,98
546,194,93
547,194,81
548,194,75
549,194,58
550,194,57
551,194,56
552,194,56
553,194,100
554,194,149
555,194,161
556,194,163
557,194,160
558,194,105
559,194,54
560,194,70
561,194,64
562,194,62
563,194,62
564,194,63
565,194,94
566,194,91
567,194,125
568,194,136
569,194,97
570,194,50
571,194,44
572,194,40
573,194,34
490,195,79
491,195,74
492,195,82
493,195,106
494,195,81
495,195,83
496,195,115
497,195,138
498,195,105
499,195,93
500,195,91
501,195,93
502,195,117
503,195,120
504,195,120
505,195,120
506,195,120
507,195,121
508,195,123
509,195,127
510,195,127
511,195,129
512,195,132
513,195,132
514,195,127
515,195,80
516,195,72
517,195,78
518,195,66
519,195,67
520,195,67
521,195,99
522,195,300
523,195,372
524,195,357
525,195,358
526,195,132
527,195,100
528,195,201
529,195,274
530,195,272
531,195,238
532,195,256
533,195,245
534,195,233
535,195,213
536,195,111
537,195,76
538,195,72
539,195,74
540,195,78
541,195,85
542,195,86
543,195,89
544,195,93
545,195,96
546,195,87
547,195,80
548,195,77
549,195,60
550,195,58
551,195,56
552,195,52
553,195,57
554,195,101
555,195,155
556,195,161
557,195,163
558,195,150
559,195,81
560,195,72
561,195,68
562,195,58
563,195,56
564,195,54
565,195,55
566,195,60
567,195,75
568,195,113
569,195,71
570,195,47
571,195,43
572,195,36
573,195,35
490,196,76
491,196,77
492,196,102
493,196,138
494,196,127
495,196,126
496,196,141
497,196,142
498,196,129
499,196,97
500,196,93
501,196,86
502,196,105
503,196,119
504,196,120
505,196,120
506,196,121
507,196,122
508,196,124
509,196,127
510,196,128
511,196,129
512,196,132
513,196,129
514,196,106
515,196,68
516,196,65
517,196,65
518,196,63
519,196,62
520,196,63
521,196,71
522,196,75
523,196,220
524,196,313
525,196,373
526,196,245
527,196,196
528,196,248
529,196,250
530,196,212
531,196,196
532,196,196
533,196,195
534,196,195
535,196,193
536,196,184
537,196,133
538,196,104
539,196,103
540,196,88
541,196,86
542,196,85
543,196,86
544,196,86
545,196,87
546,196,81
547,196,80
548,196,79
549,196,64
550,196,58
551,196,54
552,196,52
553,196,52
554,196,56
555,196,90
556,196,133
557,196,155
558,196,114
559,196,82
560,196,71
561,196,66
562,196,53
563,196,52
564,196,52
565,196,52
566,196,60
567,196,64
568,196,67
569,196,55
570,196,44
571,196,39
572,196,35
573,196,35
490,197,79
491,197,80
492,197,103
493,197,140
494,197,142
495,197,142
496,197,143
497,197,143
498,197,140
499,197,108
500,197,97
501,197,96
502,197,101
503,197,114
504,197,119
505,197,121
506,197,126
507,197,127
508,197,127
509,197,127
510,197,127
511,197,129
512,197,130
513,197,101
514,197,70
515,197,65
516,197,65
517,197,65
518,197,64
519,197,55
520,197,66
521,197,60
522,197,58
523,197,99
524,197,195
525,197,296
526,197,237
527,197,197
528,197,202
529,197,212
530,197,194
531,197,192
532,197,192
533,197,192
534,197,192
535,197,192
536,197,189
537,197,137
538,197,107
539,197,105
540,197,102
541,197,88
542,197,86
543,197,85
544,197,85
545,197,84
546,197,82
547,197,79
548,197,71
549,197,63
550,197,52
551,197,50
552,197,52
553,197,51
554,197,52
555,197,54
556,197,66
557,197,89
558,197,58
559,197,55
560,197,62
561,197,67
562,197,53
563,197,52
564,197,53
565,197,53
566,197,62
567,197,63
568,197,63
569,197,62
570,197,46
571,197,38
572,197,36
573,197,35
490,198,79
491,198,79
492,198,87
493,198,130
494,198,142
495,198,140
496,198,139
497,198,139
498,198,140
499,198,113
500,198,101
501,198,98
502,198,96
503,198,90
504,198,111
505,198,124
506,198,126
507,198,126
508,198,126
509,198,127
510,198,127
511,198,128
512,198,113
513,198,70
514,198,65
515,198,65
516,198,65
517,198,65
518,198,63
519,198,52
520,198,72
521,198,44
522,198,70
523,198,87
524,198,96
525,198,131
526,198,173
527,198,191
528,198,193
529,198,193
530,198,192
531,198,192
532,198,192
533,198,192
534,198,192
535,198,192
536,198,188
537,198,126
538,198,106
539,198,105
540,198,105
541,198,99
542,198,89
543,198,86
544,198,84
545,198,83
546,198,81
547,198,74
548,198,47
549,198,45
550,198,48
551,198,52
552,198,54
553,198,52
554,198,52
555,198,52
556,198,55
557,198,56
558,198,53
559,198,55
560,198,59
561,198,59
562,198,54
563,198,65
564,198,73
565,198,71
566,198,67
567,198,63
568,198,63
569,198,62
570,198,47
571,198,38
572,198,38
573,198,37
490,199,80
491,199,81
492,199,83
493,199,126
494,199,137
495,199,98
496,199,67
497,199,74
498,199,109
499,199,111
500,199,106
501,199,100
502,199,83
503,199,82
504,199,97
505,199,124
506,199,109
507,199,102
508,199,108
509,199,121
510,199,127
511,199,127
512,199,115
513,199,75
514,199,64
515,199,64
516,199,65
517,199,64
518,199,56
519,199,68
520,199,67
521,199,37
522,199,83
523,199,87
524,199,88
525,199,91
526,199,118
527,199,188
528,199,191
529,199,191
530,199,191
531,199,191
532,199,191
533,199,190
534,199,188
535,199,189
536,199,183
537,199,138
538,199,107
539,199,105
540,199,105
541,199,105
542,199,102
543,199,89
544,199,85
545,199,83
546,199,80
547,199,71
548,199,53
549,199,45
550,199,48
551,199,53
552,199,55
553,199,53
554,199,53
555,199,55
556,199,57
557,199,65
558,199,62
559,199,66
560,199,68
561,199,71
562,199,73
563,199,94
564,199,99
565,199,96
566,199,80
567,199,64
568,199,63
569,199,62
570,199,48
571,199,46
572,199,46
573,199,46
490,200,84
491,200,83
492,200,87
493,200,108
494,200,112
495,200,80
496,200,73
497,200,101
498,200,111
499,200,111
500,200,105
501,200,99
502,200,84
503,200,90
504,200,119
505,200,113
506,200,102
507,200,100
508,200,100
509,200,104
510,200,126
511,200,125
512,200,95
513,200,75
514,200,63
515,200,62
516,200,64
517,200,62
518,200,64
519,200,74
520,200,58
521,200,44
522,200,85
523,200,87
524,200,87
525,200,88
526,200,98
527,200,180
528,200,164
529,200,169
530,200,158
531,200,164
532,200,167
533,200,161
534,200,154
535,200,155
536,200,152
537,200,119
538,200,106
539,200,105
540,200,105
541,200,105
542,200,105
543,200,107
544,200,103
545,200,85
546,200,78
547,200,72
548,200,52
549,200,46
550,200,50
551,200,55
552,200,56
553,200,56
554,200,56
555,200,57
556,200,58
557,200,66
558,200,70
559,200,69
560,200,70
561,200,86
562,200,98
563,200,98
564,200,86
565,200,82
566,200,67
567,200,64
568,200,65
569,200,65
570,200,56
571,200,48
572,200,46
573,200,46
490,201,84
491,201,85
492,201,102
493,201,111
494,201,112
495,201,109
496,201,108
497,201,111
498,201,112
499,201,108
500,201,84
501,201,77
502,201,78
503,201,103
504,201,112
505,201,109
506,201,109
507,201,105
508,201,99
509,201,102
510,201,123
511,201,122
512,201,79
513,201,64
514,201,62
515,201,62
516,201,63
517,201,64
518,201,74
519,201,75
520,201,60
521,201,52
522,201,85
523,201,87
524,201,87
525,201,86
526,201,88
527,201,107
528,201,59
529,201,57
530,201,61
531,201,139
532,201,152
533,201,152
534,201,152
535,201,152
536,201,150
537,201,118
538,201,106
539,201,105
540,201,105
541,201,105
542,201,106
543,201,114
544,201,112
545,201,98
546,201,80
547,201,77
548,201,66
549,201,47
550,201,52
551,201,55
552,201,56
553,201,56
554,201,59
555,201,73
556,201,66
557,201,70
558,201,71
559,201,70
560,201,76
561,201,102
562,201,100
563,201,89
564,201,84
565,201,83
566,201,71
567,201,66
568,201,85
569,201,112
570,201,91
571,201,78
572,201,55
573,201,73
490,202,84
491,202,86
492,202,106
493,202,111
494,202,112
495,202,112
496,202,112
497,202,112
498,202,111
499,202,94
500,202,69
501,202,67
502,202,72
503,202,104
504,202,110
505,202,110
506,202,109
507,202,105
508,202,99
509,202,98
510,202,84
511,202,81
512,202,64
513,202,62
514,202,62
515,202,63
516,202,70
517,202,72
518,202,76
519,202,73
520,202,49
521,202,38
522,202,79
523,202,83
524,202,76
525,202,69
526,202,58
527,202,53
528,202,50
529,202,50
530,202,57
531,202,145
532,202,151
533,202,152
534,202,152
535,202,152
536,202,150
537,202,127
538,202,107
539,202,105
540,202,105
541,202,105
542,202,107
543,202,114
544,202,115
545,202,113
546,202,99
547,202,83
548,202,76
549,202,54
550,202,55
551,202,55
552,202,54
553,202,55
554,202,87
555,202,195
556,202,83
557,202,72
558,202,72
559,202,71
560,202,69
561,202,74
562,202,73
563,202,72
564,202,76
565,202,72
566,202,76
567,202,78
568,202,104
569,202,335
570,202,142
571,202,117
572,202,112
573,202,119
490,203,84
491,203,88
492,203,110
493,203,112
494,203,112
495,203,112
496,203,112
497,203,112
498,203,111
499,203,99
500,203,73
501,203,67
502,203,67
503,203,81
504,203,120
505,203,111
506,203,109
507,203,102
508,203,99
509,203,96
510,203,65
511,203,63
512,203,62
513,203,62
514,203,62
515,203,65
516,203,99
517,203,105
518,203,78
519,203,58
520,203,33
521,203,43
522,203,58
523,203,59
524,203,58
525,203,57
526,203,57
527,203,52
528,203,50
529,203,52
530,203,77
531,203,147
532,203,151
533,203,152
534,203,152
535,203,151
536,203,150
537,203,123
538,203,105
539,203,103
540,203,104
541,203,105
542,203,111
543,203,115
544,203,115
545,203,115
546,203,113
547,203,102
548,203,79
549,203,65
550,203,58
551,203,56
552,203,50
553,203,55
554,203,171
555,203,328
556,203,93
557,203,71
558,203,71
559,203,70
560,203,68
561,203,70
562,203,71
563,203,71
564,203,71
565,203,79
566,203,221
567,203,246
568,203,97
569,203,374
570,203,291
571,203,134
572,203,119
573,203,119
490,204,93
491,204,94
492,204,110
493,204,112
494,204,111
495,204,109
496,204,111
497,204,112
498,204,111
499,204,110
500,204,106
501,204,77
502,204,67
503,204,72
504,204,143
505,204,125
506,204,109
507,204,101
508,204,99
509,204,91
510,204,64
511,204,62
512,204,62
513,204,62
514,204,65
515,204,80
516,204,115
517,204,115
518,204,72
519,204,33
520,204,34
521,204,55
522,204,57
523,204,57
524,204,57
525,204,58
526,204,61
527,204,61
528,204,58
529,204,66
530,204,89
531,204,146
532,204,152
533,204,152
534,204,152
535,204,152
536,204,151
537,204,116
538,204,82
539,204,70
540,204,85
541,204,85
542,204,107
543,204,113
544,204,115
545,204,114
546,204,104
547,204,78
548,204,70
549,204,69
550,204,70
551,204,70
552,204,54
553,204,47
554,204,76
555,204,160
556,204,66
557,204,57
558,204,54
559,204,52
560,204,49
561,204,65
562,204,70
563,204,70
564,204,71
565,204,73
566,204,125
567,204,264
568,204,94
569,204,354
570,204,447
571,204,224
572,204,124
573,204,111
490,205,93
491,205,86
492,205,103
493,205,111
494,205,105
495,205,90
496,205,109
497,205,111
498,205,102
499,205,107
500,205,108
501,205,82
502,205,71
503,205,77
504,205,163
505,205,169
506,205,127
507,205,103
508,205,97
509,205,73
510,205,63
511,205,62
512,205,62
513,205,66
514,205,169
515,205,94
516,205,116
517,205,117
518,205,104
519,205,66
520,205,53
521,205,58
522,205,57
523,205,59
524,205,63
525,205,67
526,205,73
527,205,73
528,205,74
529,205,73
530,205,77
531,205,123
532,205,157
533,205,159
534,205,158
535,205,162
536,205,174
537,205,113
538,205,59
539,205,54
540,205,55
541,205,56
542,205,63
543,205,85
544,205,109
545,205,111
546,205,79
547,205,70
548,205,70
549,205,71
550,205,69
551,205,70
552,205,50
553,205,47
554,205,65
555,205,78
556,205,66
557,205,66
558,205,65
559,205,59
560,205,56
561,205,57
562,205,62
563,205,66
564,205,70
565,205,71
566,205,73
567,205,83
568,205,73
569,205,198
570,205,459
571,205,354
572,205,135
573,205,118
490,206,84
491,206,74
492,206,99
493,206,114
494,206,88
495,206,83
496,206,102
497,206,113
498,206,131
499,206,114
500,206,89
501,206,89
502,206,128
503,206,144
504,206,173
505,206,175
506,206,170
507,206,140
508,206,92
509,206,64
510,206,62
511,206,62
512,206,64
513,206,169
514,206,1691
515,206,342
516,206,128
517,206,118
518,206,117
519,206,115
520,206,112
521,206,80
522,206,62
523,206,67
524,206,73
525,206,73
526,206,74
527,206,76
528,206,75
529,206,70
530,206,63
531,206,106
532,206,231
533,206,239
534,206,225
535,206,241
536,206,264
537,206,182
538,206,66
539,206,54
540,206,54
541,206,54
542,206,56
543,206,44
544,206,53
545,206,81
546,206,59
547,206,64
548,206,71
549,206,90
550,206,66
551,206,69
552,206,59
553,206,62
554,206,77
555,206,73
556,206,65
557,206,64
558,206,63
559,206,65
560,206,58
561,206,64
562,206,50
563,206,50
564,206,65
565,206,70
566,206,71
567,206,71
568,206,69
569,206,137
570,206,443
571,206,291
572,206,158
573,206,150
490,207,77
491,207,80
492,207,98
493,207,127
494,207,105
495,207,86
496,207,85
497,207,96
498,207,141
499,207,137
500,207,90
501,207,89
502,207,155
503,207,173
504,207,175
505,207,176
506,207,175
507,207,172
508,207,139
509,207,68
510,207,64
511,207,63
512,207,63
513,207,119
514,207,966
515,207,169
516,207,115
517,207,115
518,207,118
519,207,118
520,207,116
521,207,92
522,207,74
523,207,73
524,207,74
525,207,74
526,207,76
527,207,77
528,207,74
529,207,69
530,207,54
531,207,54
532,207,128
533,207,172
534,207,165
535,207,178
536,207,170
537,207,129
538,207,49
539,207,58
540,207,62
541,207,61
542,207,52
543,207,38
544,207,38
545,207,50
546,207,53
547,207,78
548,207,91
549,207,106
550,207,53
551,207,56
552,207,58
553,207,74
554,207,77
555,207,70
556,207,65
557,207,65
558,207,66
559,207,71
560,207,73
561,207,74
562,207,49
563,207,47
564,207,49
565,207,58
566,207,69
567,207,71
568,207,83
569,207,279
570,207,434
571,207,228
572,207,162
573,207,159
490,208,76
491,208,73
492,208,105
493,208,118
494,208,98
495,208,86
496,208,84
497,208,101
498,208,137
499,208,143
500,208,114
501,208,94
502,208,132
503,208,168
504,208,173
505,208,175
506,208,176
507,208,174
508,208,151
509,208,91
510,208,91
511,208,77
512,208,64
513,208,64
514,208,117
515,208,46
516,208,50
517,208,74
518,208,111
519,208,116
520,208,116
521,208,109
522,208,78
523,208,74
524,208,74
525,208,75
526,208,77
527,208,77
528,208,73
529,208,69
530,208,57
531,208,43
532,208,53
533,208,132
534,208,85
535,208,102
536,208,104
537,208,96
538,208,19
539,208,59
540,208,64
541,208,64
542,208,54
543,208,38
544,208,40
545,208,53
546,208,56
547,208,114
548,208,134
549,208,90
550,208,59
551,208,60
552,208,66
553,208,60
554,208,53
555,208,61
556,208,64
557,208,61
558,208,66
559,208,61
560,208,59
561,208,65
562,208,48
563,208,47
564,208,47
565,208,49
566,208,62
567,208,70
568,208,75
569,208,169
570,208,188
571,208,161
572,208,159
573,208,159
490,209,70
491,209,87
492,209,117
493,209,113
494,209,89
495,209,86
496,209,90
497,209,137
498,209,145
499,209,146
500,209,141
501,209,127
502,209,80
503,209,94
504,209,137
505,209,172
506,209,175
507,209,173
508,209,140
509,209,116
510,209,115
511,209,112
512,209,83
513,209,63
514,209,62
515,209,43
516,209,39
517,209,42
518,209,61
519,209,91
520,209,92
521,209,89
522,209,75
523,209,74
524,209,74
525,209,76
526,209,77
527,209,76
528,209,72
529,209,71
530,209,60
531,209,48
532,209,19
533,209,150
534,209,181
535,209,46
536,209,44
537,209,35
538,209,32
539,209,70
540,209,66
541,209,64
542,209,55
543,209,38
544,209,48
545,209,56
546,209,61
547,209,134
548,209,140
549,209,127
550,209,85
551,209,72
552,209,70
553,209,53
554,209,36
555,209,50
556,209,56
557,209,54
558,209,49
559,209,30
560,209,29
561,209,35
562,209,46
563,209,47
564,209,47
565,209,48
566,209,56
567,209,66
568,209,72
569,209,99
570,209,189
571,209,164
572,209,155
573,209,127
490,210,63
491,210,103
492,210,118
493,210,104
494,210,88
495,210,86
496,210,87
497,210,138
498,210,146
499,210,142
500,210,99
501,210,46
502,210,55
503,210,68
504,210,109
505,210,144
506,210,161
507,210,161
508,210,121
509,210,115
510,210,116
511,210,115
512,210,95
513,210,66
514,210,61
515,210,42
516,210,39
517,210,39
518,210,42
519,210,71
520,210,75
521,210,75
522,210,74
523,210,74
524,210,74
525,210,74
526,210,74
527,210,75
528,210,76
529,210,76
530,210,70
531,210,52
532,210,26
533,210,126
534,210,207
535,210,138
536,210,138
537,210,136
538,210,109
539,210,92
540,210,80
541,210,69
542,210,58
543,210,42
544,210,51
545,210,56
546,210,62
547,210,136
548,210,141
549,210,138
550,210,100
551,210,72
552,210,70
553,210,60
554,210,37
555,210,41
556,210,45
557,210,48
558,210,50
559,210,42
560,210,39
561,210,47
562,210,49
563,210,48
564,210,49
565,210,50
566,210,58
567,210,66
568,210,76
569,210,89
570,210,97
571,210,111
572,210,120
573,210,89
490,211,50
491,211,114
492,211,120
493,211,115
494,211,99
495,211,88
496,211,89
497,211,116
498,211,142
499,211,123
500,211,80
501,211,73
502,211,68
503,211,65
504,211,67
505,211,69
506,211,77
507,211,96
508,211,93
509,211,98
510,211,115
511,211,114
512,211,110
513,211,93
514,211,74
515,211,55
516,211,41
517,211,40
518,211,40
519,211,66
520,211,73
521,211,74
522,211,74
523,211,74
524,211,74
525,211,73
526,211,74
527,211,75
528,211,79
529,211,90
530,211,93
531,211,91
532,211,154
533,211,116
534,211,199
535,211,70
536,211,104
537,211,107
538,211,98
539,211,98
540,211,96
541,211,83
542,211,67
543,211,62
544,211,67
545,211,57
546,211,65
547,211,135
548,211,140
549,211,137
550,211,80
551,211,70
552,211,70
553,211,68
554,211,55
555,211,45
556,211,41
557,211,42
558,211,47
559,211,49
560,211,48
561,211,58
562,211,59
563,211,58
564,211,57
565,211,46
566,211,52
567,211,68
568,211,81
569,211,89
570,211,86
571,211,86
572,211,87
573,211,78
490,212,78
491,212,118
492,212,120
493,212,119
494,212,110
495,212,89
496,212,88
497,212,91
498,212,112
499,212,88
500,212,88
501,212,85
502,212,69
503,212,64
504,212,64
505,212,64
506,212,66
507,212,68
508,212,74
509,212,97
510,212,112
511,212,108
512,212,105
513,212,103
514,212,89
515,212,83
516,212,65
517,212,56
518,212,45
519,212,65
520,212,72
521,212,73
522,212,74
523,212,72
524,212,71
525,212,63
526,212,61
527,212,67
528,212,138
529,212,308
530,212,362
531,212,487
532,212,2027
533,212,477
534,212,202
535,212,75
536,212,142
537,212,145
538,212,107
539,212,101
540,212,91
541,212,80
542,212,69
543,212,64
544,212,69
545,212,74
546,212,83
547,212,128
548,212,128
549,212,125
550,212,85
551,212,74
552,212,69
553,212,68
554,212,58
555,212,50
556,212,49
557,212,45
558,212,44
559,212,46
560,212,47
561,212,56
562,212,60
563,212,58
564,212,50
565,212,48
566,212,61
567,212,71
568,212,72
569,212,75
570,212,77
571,212,79
572,212,79
573,212,78
490,213,118
491,213,120
492,213,118
493,213,116
494,213,105
495,213,87
496,213,87
497,213,89
498,213,74
499,213,83
500,213,87
501,213,78
502,213,72
503,213,65
504,213,65
505,213,66
506,213,66
507,213,66
508,213,93
509,213,116
510,213,104
511,213,102
512,213,102
513,213,102
514,213,99
515,213,86
516,213,86
517,213,86
518,213,58
519,213,39
520,213,48
521,213,70
522,213,72
523,213,51
524,213,43
525,213,44
526,213,47
527,213,47
528,213,274
529,213,319
530,213,198
531,213,185
532,213,93
533,213,211
534,213,205
535,213,120
536,213,165
537,213,187
538,213,117
539,213,128
540,213,98
541,213,80
542,213,76
543,213,59
544,213,63
545,213,85
546,213,90
547,213,90
548,213,92
549,213,94
550,213,94
551,213,72
552,213,57
553,213,56
554,213,55
555,213,50
556,213,50
557,213,50
558,213,44
559,213,45
560,213,47
561,213,47
562,213,49
563,213,57
564,213,51
565,213,89
566,213,94
567,213,72
568,213,72
569,213,72
570,213,73
571,213,78
572,213,76
573,213,68
