xv,yv,rho
490,148,78
491,148,76
492,148,72
493,148,64
494,148,70
495,148,133
496,148,160
497,148,226
498,148,234
499,148,205
500,148,180
501,148,155
502,148,115
503,148,120
504,148,129
505,148,129
506,148,122
507,148,117
508,148,117
509,148,102
510,148,76
511,148,100
512,148,136
513,148,231
514,148,231
515,148,231
516,148,231
517,148,231
518,148,231
519,148,182
520,148,160
521,148,160
522,148,110
523,148,37
524,148,11
525,148,11
526,148,11
527,148,11
528,148,26
529,148,108
530,148,127
531,148,122
532,148,108
533,148,126
534,148,126
535,148,124
536,148,122
537,148,91
538,148,91
539,148,113
540,148,134
541,148,129
542,148,141
543,148,150
544,148,155
545,148,157
546,148,146
547,148,134
548,148,131
549,148,127
550,148,127
551,148,127
552,148,170
553,148,141
554,148,297
555,148,319
556,148,319
557,148,319
558,148,319
559,148,310
560,148,178
561,148,177
562,148,177
563,148,177
564,148,183
565,148,296
566,148,299
567,148,297
568,148,216
569,148,211
570,148,210
571,148,185
572,148,167
573,148,168
490,149,133
491,149,115
492,149,103
493,149,97
494,149,107
495,149,144
496,149,193
497,149,288
498,149,469
499,149,679
500,149,587
501,149,345
502,149,185
503,149,136
504,149,135
505,149,133
506,149,126
507,149,122
508,149,118
509,149,107
510,149,100
511,149,115
512,149,148
513,149,195
514,149,214
515,149,223
516,149,225
517,149,222
518,149,212
519,149,184
520,149,163
521,149,148
522,149,137
523,149,180
524,149,293
525,149,330
526,149,287
527,149,214
528,149,131
529,149,119
530,149,124
531,149,124
532,149,121
533,149,124
534,149,124
535,149,120
536,149,114
537,149,105
538,149,113
539,149,127
540,149,135
541,149,136
542,149,145
543,149,158
544,149,165
545,149,164
546,149,153
547,149,142
548,149,142
549,149,146
550,149,156
551,149,184
552,149,223
553,149,233
554,149,274
555,149,277
556,149,265
557,149,272
558,149,275
559,149,249
560,149,196
561,149,181
562,149,181
563,149,190
564,149,217
565,149,262
566,149,267
567,149,250
568,149,219
569,149,210
570,149,204
571,149,194
572,149,193
573,149,208
490,150,170
491,150,150
492,150,139
493,150,131
494,150,132
495,150,150
496,150,183
497,150,251
498,150,385
499,150,535
500,150,467
501,150,288
502,150,170
503,150,138
504,150,144
505,150,140
506,150,131
507,150,127
508,150,122
509,150,113
510,150,108
511,150,118
512,150,141
513,150,171
514,150,193
515,150,206
516,150,210
517,150,207
518,150,197
519,150,176
520,150,158
521,150,145
522,150,152
523,150,234
524,150,393
525,150,433
526,150,352
527,150,251
528,150,150
529,150,122
530,150,123
531,150,125
532,150,124
533,150,125
534,150,123
535,150,119
536,150,111
537,150,109
538,150,122
539,150,134
540,150,137
541,150,137
542,150,145
543,150,160
544,150,170
545,150,167
546,150,155
547,150,147
548,150,150
549,150,158
550,150,177
551,150,221
552,150,265
553,150,278
554,150,281
555,150,258
556,150,230
557,150,235
558,150,239
559,150,216
560,150,188
561,150,178
562,150,182
563,150,197
564,150,226
565,150,251
566,150,243
567,150,219
568,150,205
569,150,205
570,150,203
571,150,201
572,150,209
573,150,215
490,151,170
491,151,163
492,151,157
493,151,150
494,151,145
495,151,150
496,151,168
497,151,208
498,151,273
499,151,329
500,151,293
501,151,209
502,151,152
503,151,142
504,151,150
505,151,143
506,151,133
507,151,130
508,151,126
509,151,115
510,151,111
511,151,117
512,151,132
513,151,153
514,151,170
515,151,180
516,151,182
517,151,178
518,151,171
519,151,159
520,151,148
521,151,137
522,151,143
523,151,208
524,151,325
525,151,337
526,151,248
527,151,170
528,151,119
529,151,116
530,151,123
531,151,124
532,151,124
533,151,124
534,151,122
535,151,117
536,151,110
537,151,112
538,151,127
539,151,136
540,151,136
541,151,135
542,151,142
543,151,157
544,151,169
545,151,167
546,151,155
547,151,148
548,151,154
549,151,164
550,151,190
551,151,245
552,151,288
553,151,299
554,151,286
555,151,246
556,151,206
557,151,196
558,151,195
559,151,182
560,151,171
561,151,171
562,151,178
563,151,193
564,151,218
565,151,239
566,151,234
567,151,216
568,151,208
569,151,209
570,151,207
571,151,213
572,151,240
573,151,275
490,152,170
491,152,162
492,152,155
493,152,150
494,152,146
495,152,147
496,152,155
497,152,178
498,152,209
499,152,221
500,152,202
501,152,169
502,152,149
503,152,151
504,152,156
505,152,145
506,152,135
507,152,132
508,152,127
509,152,117
510,152,113
511,152,117
512,152,128
513,152,143
514,152,153
515,152,157
516,152,158
517,152,156
518,152,149
519,152,139
520,152,132
521,152,123
522,152,122
523,152,148
524,152,195
525,152,188
526,152,143
527,152,117
528,152,111
529,152,122
530,152,125
531,152,121
532,152,120
533,152,121
534,152,121
535,152,117
536,152,112
537,152,117
538,152,130
539,152,134
540,152,131
541,152,128
542,152,135
543,152,154
544,152,168
545,152,166
546,152,152
547,152,147
548,152,154
549,152,166
550,152,195
551,152,257
552,152,297
553,152,305
554,152,284
555,152,236
556,152,195
557,152,178
558,152,174
559,152,166
560,152,162
561,152,165
562,152,171
563,152,182
564,152,198
565,152,215
566,152,226
567,152,236
568,152,236
569,152,228
570,152,216
571,152,227
572,152,277
573,152,325
490,153,170
491,153,150
492,153,137
493,153,134
494,153,136
495,153,138
496,153,144
497,153,154
498,153,165
499,153,166
500,153,159
501,153,151
502,153,151
503,153,156
504,153,157
505,153,149
506,153,141
507,153,136
508,153,128
509,153,117
510,153,113
511,153,118
512,153,129
513,153,141
514,153,146
515,153,151
516,153,156
517,153,156
518,153,144
519,153,127
520,153,116
521,153,108
522,153,104
523,153,106
524,153,108
525,153,104
526,153,103
527,153,110
528,153,123
529,153,130
530,153,123
531,153,112
532,153,111
533,153,115
534,153,116
535,153,115
536,153,114
537,153,119
538,153,129
539,153,129
540,153,120
541,153,115
542,153,124
543,153,150
544,153,166
545,153,164
546,153,150
547,153,146
548,153,154
549,153,165
550,153,196
551,153,260
552,153,299
553,153,305
554,153,279
555,153,229
556,153,192
557,153,179
558,153,177
559,153,169
560,153,163
561,153,163
562,153,166
563,153,172
564,153,181
565,153,196
566,153,225
567,153,266
568,153,278
569,153,258
570,153,230
571,153,249
572,153,344
573,153,457
490,154,168
491,154,128
492,154,113
493,154,111
494,154,115
495,154,123
496,154,133
497,154,140
498,154,143
499,154,143
500,154,143
501,154,146
502,154,152
503,154,157
504,154,158
505,154,153
506,154,146
507,154,138
508,154,128
509,154,118
510,154,115
511,154,120
512,154,131
513,154,141
514,154,148
515,154,160
516,154,176
517,154,179
518,154,161
519,154,132
520,154,113
521,154,103
522,154,99
523,154,92
524,154,80
525,154,83
526,154,103
527,154,120
528,154,133
529,154,133
530,154,117
531,154,103
532,154,104
533,154,110
534,154,112
535,154,111
536,154,110
537,154,113
538,154,121
539,154,117
540,154,106
541,154,101
542,154,115
543,154,145
544,154,163
545,154,161
546,154,149
547,154,146
548,154,154
549,154,164
550,154,195
551,154,258
552,154,296
553,154,299
554,154,269
555,154,220
556,154,190
557,154,183
558,154,183
559,154,176
560,154,167
561,154,162
562,154,162
563,154,164
564,154,171
565,154,191
566,154,236
567,154,294
568,154,306
569,154,273
570,154,239
571,154,277
572,154,468
573,154,940
490,155,74
491,155,93
492,155,95
493,155,98
494,155,106
495,155,117
496,155,128
497,155,133
498,155,135
499,155,136
500,155,138
501,155,144
502,155,151
503,155,156
504,155,156
505,155,152
506,155,146
507,155,137
508,155,127
509,155,121
510,155,119
511,155,123
512,155,133
513,155,142
514,155,152
515,155,174
516,155,198
517,155,202
518,155,182
519,155,149
520,155,126
521,155,113
522,155,105
523,155,95
524,155,80
525,155,86
526,155,109
527,155,126
528,155,134
529,155,130
530,155,112
531,155,100
532,155,102
533,155,108
534,155,109
535,155,107
536,155,102
537,155,99
538,155,105
539,155,102
540,155,93
541,155,92
542,155,108
543,155,138
544,155,154
545,155,154
546,155,147
547,155,148
548,155,153
549,155,160
550,155,188
551,155,246
552,155,283
553,155,285
554,155,253
555,155,208
556,155,185
557,155,184
558,155,188
559,155,183
560,155,171
561,155,163
562,155,159
563,155,157
564,155,164
565,155,195
566,155,255
567,155,317
568,155,320
569,155,279
570,155,242
571,155,262
572,155,420
573,155,849
490,156,47
491,156,76
492,156,90
493,156,98
494,156,110
495,156,122
496,156,129
497,156,132
498,156,133
499,156,134
500,156,136
501,156,141
502,156,146
503,156,149
504,156,148
505,156,145
506,156,138
507,156,133
508,156,128
509,156,128
510,156,126
511,156,129
512,156,135
513,156,142
514,156,157
515,156,184
516,156,207
517,156,204
518,156,185
519,156,166
520,156,158
521,156,145
522,156,126
523,156,108
524,156,94
525,156,97
526,156,114
527,156,124
528,156,127
529,156,121
530,156,107
531,156,100
532,156,104
533,156,110
534,156,111
535,156,107
536,156,94
537,156,85
538,156,86
539,156,85
540,156,84
541,156,88
542,156,102
543,156,123
544,156,135
545,156,140
546,156,143
547,156,148
548,156,150
549,156,153
550,156,173
551,156,217
552,156,250
553,156,257
554,156,229
555,156,193
556,156,178
557,156,180
558,156,185
559,156,184
560,156,173
561,156,163
562,156,156
563,156,151
564,156,160
565,156,194
566,156,253
567,156,314
568,156,314
569,156,274
570,156,232
571,156,207
572,156,223
573,156,175
490,157,19
491,157,69
492,157,93
493,157,107
494,157,121
495,157,131
496,157,133
497,157,133
498,157,133
499,157,133
500,157,134
501,157,135
502,157,136
503,157,135
504,157,133
505,157,130
506,157,126
507,157,126
508,157,131
509,157,135
510,157,135
511,157,134
512,157,134
513,157,142
514,157,163
515,157,193
516,157,207
517,157,193
518,157,181
519,157,191
520,157,213
521,157,205
522,157,169
523,157,132
524,157,112
525,157,109
526,157,115
527,157,117
528,157,117
529,157,112
530,157,104
531,157,101
532,157,106
533,157,114
534,157,119
535,157,113
536,157,94
537,157,78
538,157,74
539,157,75
540,157,79
541,157,85
542,157,93
543,157,104
544,157,114
545,157,128
546,157,141
547,157,147
548,157,146
549,157,145
550,157,156
551,157,179
552,157,202
553,157,211
554,157,195
555,157,172
556,157,164
557,157,170
558,157,175
559,157,176
560,157,170
561,157,162
562,157,155
563,157,148
564,157,153
565,157,177
566,157,220
567,157,270
568,157,276
569,157,250
570,157,216
571,157,180
572,157,169
573,157,148
490,158,11
491,158,74
492,158,103
493,158,119
494,158,134
495,158,140
496,158,137
497,158,134
498,158,133
499,158,133
500,158,133
501,158,133
502,158,129
503,158,123
504,158,118
505,158,116
506,158,113
507,158,119
508,158,132
509,158,139
510,158,140
511,158,135
512,158,129
513,158,132
514,158,154
515,158,184
516,158,194
517,158,181
518,158,186
519,158,221
520,158,262
521,158,261
522,158,218
523,158,161
524,158,127
525,158,116
526,158,113
527,158,110
528,158,113
529,158,114
530,158,108
531,158,104
532,158,107
533,158,118
534,158,128
535,158,127
536,158,104
537,158,80
538,158,71
539,158,72
540,158,78
541,158,84
542,158,90
543,158,96
544,158,106
545,158,125
546,158,140
547,158,146
548,158,143
549,158,140
550,158,144
551,158,154
552,158,164
553,158,168
554,158,158
555,158,148
556,158,150
557,158,161
558,158,165
559,158,165
560,158,162
561,158,158
562,158,153
563,158,146
564,158,145
565,158,156
566,158,177
567,158,203
568,158,210
569,158,210
570,158,197
571,158,171
572,158,159
573,158,155
490,159,23
491,159,87
492,159,115
493,159,127
494,159,138
495,159,141
496,159,137
497,159,134
498,159,133
499,159,134
500,159,136
501,159,138
502,159,135
503,159,126
504,159,119
505,159,115
506,159,114
507,159,120
508,159,134
509,159,143
510,159,143
511,159,138
512,159,131
513,159,129
514,159,141
515,159,161
516,159,170
517,159,172
518,159,202
519,159,253
520,159,294
521,159,295
522,159,255
523,159,189
524,159,142
525,159,123
526,159,116
527,159,116
528,159,131
529,159,138
530,159,128
531,159,115
532,159,110
533,159,118
534,159,136
535,159,147
536,159,119
537,159,86
538,159,73
539,159,74
540,159,81
541,159,89
542,159,96
543,159,101
544,159,106
545,159,122
546,159,138
547,159,144
548,159,140
549,159,134
550,159,134
551,159,138
552,159,143
553,159,143
554,159,137
555,159,135
556,159,143
557,159,154
558,159,156
559,159,154
560,159,151
561,159,150
562,159,147
563,159,143
564,159,140
565,159,142
566,159,151
567,159,160
568,159,168
569,159,184
570,159,188
571,159,170
572,159,157
573,159,151
490,160,68
491,160,113
492,160,129
493,160,133
494,160,136
495,160,135
496,160,132
497,160,131
498,160,132
499,160,134
500,160,142
501,160,154
502,160,159
503,160,152
504,160,142
505,160,135
506,160,134
507,160,138
508,160,147
509,160,150
510,160,148
511,160,146
512,160,146
513,160,151
514,160,160
515,160,161
516,160,157
517,160,169
518,160,221
519,160,279
520,160,311
521,160,309
522,160,273
523,160,209
524,160,161
525,160,141
526,160,135
527,160,142
528,160,169
529,160,182
530,160,167
531,160,145
532,160,125
533,160,125
534,160,155
535,160,187
536,160,150
537,160,101
538,160,81
539,160,82
540,160,90
541,160,100
542,160,110
543,160,113
544,160,110
545,160,117
546,160,132
547,160,139
548,160,137
549,160,128
550,160,124
551,160,125
552,160,128
553,160,128
554,160,126
555,160,128
556,160,134
557,160,141
558,160,140
559,160,136
560,160,133
561,160,133
562,160,135
563,160,136
564,160,136
565,160,136
566,160,141
567,160,145
568,160,152
569,160,166
570,160,174
571,160,162
572,160,150
573,160,153
490,161,157
491,161,152
492,161,151
493,161,146
494,161,140
495,161,133
496,161,128
497,161,127
498,161,129
499,161,134
500,161,148
501,161,171
502,161,186
503,161,185
504,161,175
505,161,166
506,161,164
507,161,162
508,161,161
509,161,158
510,161,155
511,161,160
512,161,176
513,161,202
514,161,230
515,161,223
516,161,188
517,161,175
518,161,223
519,161,284
520,161,312
521,161,304
522,161,264
523,161,207
524,161,183
525,161,178
526,161,177
527,161,182
528,161,199
529,161,213
530,161,214
531,161,207
532,161,174
533,161,159
534,161,194
535,161,234
536,161,187
537,161,122
538,161,95
539,161,97
540,161,107
541,161,118
542,161,128
543,161,128
544,161,119
545,161,118
546,161,129
547,161,136
548,161,134
549,161,125
550,161,118
551,161,117
552,161,120
553,161,124
554,161,125
555,161,123
556,161,122
557,161,122
558,161,121
559,161,117
560,161,114
561,161,116
562,161,121
563,161,126
564,161,128
565,161,130
566,161,135
567,161,140
568,161,144
569,161,150
570,161,150
571,161,139
572,161,126
573,161,110
490,162,178
491,162,171
492,162,168
493,162,162
494,162,152
495,162,137
496,162,128
497,162,126
498,162,130
499,162,139
500,162,158
501,162,187
502,162,205
503,162,208
504,162,204
505,162,202
506,162,203
507,162,198
508,162,182
509,162,168
510,162,165
511,162,179
512,162,216
513,162,267
514,162,324
515,162,328
516,162,260
517,162,193
518,162,209
519,162,266
520,162,297
521,162,285
522,162,238
523,162,199
524,162,209
525,162,227
526,162,233
527,162,226
528,162,214
529,162,227
530,162,263
531,162,298
532,162,271
533,162,234
534,162,234
535,162,239
536,162,180
537,162,123
538,162,105
539,162,113
540,162,126
541,162,140
542,162,150
543,162,150
544,162,141
545,162,132
546,162,133
547,162,135
548,162,132
549,162,122
550,162,113
551,162,111
552,162,117
553,162,130
554,162,137
555,162,129
556,162,119
557,162,114
558,162,112
559,162,110
560,162,108
561,162,110
562,162,115
563,162,119
564,162,121
565,162,123
566,162,129
567,162,136
568,162,140
569,162,140
570,162,136
571,162,126
572,162,120
573,162,99
490,163,178
491,163,173
492,163,173
493,163,170
494,163,159
495,163,141
496,163,130
497,163,131
498,163,141
499,163,156
500,163,178
501,163,201
502,163,214
503,163,218
504,163,219
505,163,225
506,163,237
507,163,235
508,163,208
509,163,181
510,163,173
511,163,190
512,163,233
513,163,295
514,163,372
515,163,401
516,163,327
517,163,220
518,163,201
519,163,241
520,163,269
521,163,254
522,163,208
523,163,196
524,163,228
525,163,255
526,163,263
527,163,248
528,163,218
529,163,235
530,163,302
531,163,383
532,163,385
533,163,334
534,163,274
535,163,216
536,163,151
537,163,114
538,163,111
539,163,125
540,163,142
541,163,162
542,163,176
543,163,178
544,163,170
545,163,156
546,163,144
547,163,138
548,163,132
549,163,119
550,163,104
551,163,101
552,163,115
553,163,141
554,163,152
555,163,141
556,163,126
557,163,115
558,163,112
559,163,111
560,163,109
561,163,108
562,163,109
563,163,114
564,163,117
565,163,118
566,163,121
567,163,128
568,163,133
569,163,134
570,163,133
571,163,141
572,163,164
573,163,150
490,164,151
491,164,160
492,164,169
493,164,170
494,164,160
495,164,143
496,164,137
497,164,146
498,164,165
499,164,184
500,164,200
501,164,213
502,164,219
503,164,221
504,164,223
505,164,231
506,164,247
507,164,252
508,164,223
509,164,190
510,164,176
511,164,187
512,164,227
513,164,296
514,164,386
515,164,435
516,164,372
517,164,265
518,164,233
519,164,237
520,164,241
521,164,219
522,164,188
523,164,203
524,164,241
525,164,266
526,164,274
527,164,259
528,164,227
529,164,253
530,164,338
531,164,437
532,164,466
533,164,431
534,164,355
535,164,256
536,164,162
537,164,122
538,164,122
539,164,139
540,164,164
541,164,194
542,164,209
543,164,202
544,164,185
545,164,167
546,164,150
547,164,141
548,164,133
549,164,118
550,164,96
551,164,92
552,164,111
553,164,147
554,164,162
555,164,152
556,164,136
557,164,123
558,164,116
559,164,115
560,164,112
561,164,107
562,164,106
563,164,112
564,164,115
565,164,114
566,164,114
567,164,118
568,164,125
569,164,132
570,164,152
571,164,210
572,164,314
573,164,411
490,165,117
491,165,143
492,165,161
493,165,169
494,165,163
495,165,152
496,165,155
497,165,175
498,165,199
499,165,213
500,165,218
501,165,220
502,165,220
503,165,221
504,165,223
505,165,229
506,165,244
507,165,254
508,165,234
509,165,201
510,165,181
511,165,184
512,165,221
513,165,299
514,165,401
515,165,457
516,165,413
517,165,337
518,165,318
519,165,284
520,165,242
521,165,203
522,165,189
523,165,218
524,165,250
525,165,270
526,165,281
527,165,275
528,165,253
529,165,288
530,165,378
531,165,470
532,165,505
533,165,493
534,165,437
535,165,333
536,165,208
537,165,145
538,165,138
539,165,159
540,165,198
541,165,244
542,165,257
543,165,225
544,165,188
545,165,165
546,165,151
547,165,147
548,165,145
549,165,134
550,165,114
551,165,111
552,165,128
553,165,155
554,165,164
555,165,155
556,165,142
557,165,130
558,165,120
559,165,117
560,165,114
561,165,109
562,165,110
563,165,114
564,165,115
565,165,113
566,165,109
567,165,111
568,165,119
569,165,136
570,165,191
571,165,327
572,165,541
573,165,852
490,166,117
491,166,140
492,166,161
493,166,173
494,166,173
495,166,171
496,166,185
497,166,210
498,166,230
499,166,235
500,166,230
501,166,223
502,166,220
503,166,220
504,166,222
505,166,226
506,166,237
507,166,255
508,166,250
509,166,226
510,166,198
511,166,194
512,166,226
513,166,303
514,166,404
515,166,465
516,166,451
517,166,423
518,166,430
519,166,389
520,166,314
521,166,250
522,166,227
523,166,241
524,166,257
525,166,275
526,166,301
527,166,322
528,166,326
529,166,361
530,166,432
531,166,497
532,166,524
533,166,518
534,166,477
535,166,383
536,166,250
537,166,174
538,166,161
539,166,183
540,166,232
541,166,289
542,166,301
543,166,258
544,166,204
545,166,170
546,166,158
547,166,161
548,166,168
549,166,168
550,166,155
551,166,151
552,166,155
553,166,161
554,166,160
555,166,152
556,166,142
557,166,132
558,166,122
559,166,116
560,166,112
561,166,112
562,166,115
563,166,118
564,166,117
565,166,114
566,166,111
567,166,111
568,166,118
569,166,142
570,166,222
571,166,399
572,166,627
573,166,852
490,167,117
491,167,145
492,167,167
493,167,178
494,167,182
495,167,190
496,167,211
497,167,234
498,167,247
499,167,247
500,167,237
501,167,223
502,167,217
503,167,219
504,167,225
505,167,223
506,167,226
507,167,250
508,167,269
509,167,261
510,167,233
511,167,222
512,167,250
513,167,310
514,167,391
515,167,457
516,167,479
517,167,493
518,167,520
519,167,501
520,167,439
521,167,365
522,167,310
523,167,289
524,167,281
525,167,298
526,167,355
527,167,421
528,167,456
529,167,477
530,167,505
531,167,533
532,167,544
533,167,529
534,167,470
535,167,375
536,167,261
537,167,197
538,167,188
539,167,215
540,167,268
541,167,323
542,167,336
543,167,299
544,167,239
545,167,190
546,167,173
547,167,179
548,167,189
549,167,193
550,167,182
551,167,170
552,167,162
553,167,157
554,167,152
555,167,147
556,167,141
557,167,134
558,167,124
559,167,117
560,167,114
561,167,117
562,167,124
563,167,127
564,167,126
565,167,124
566,167,123
567,167,123
568,167,129
569,167,155
570,167,245
571,167,423
572,167,633
573,167,810
490,168,124
491,168,152
492,168,171
493,168,178
494,168,180
495,168,190
496,168,213
497,168,238
498,168,251
499,168,252
500,168,241
501,168,223
502,168,216
503,168,227
504,168,243
505,168,232
506,168,218
507,168,235
508,168,272
509,168,287
510,168,276
511,168,269
512,168,295
513,168,338
514,168,391
515,168,447
516,168,483
517,168,515
518,168,552
519,168,558
520,168,528
521,168,466
522,168,389
523,168,343
524,168,327
525,168,353
526,168,434
527,168,514
528,168,551
529,168,560
530,168,572
531,168,607
532,168,626
533,168,579
534,168,445
535,168,319
536,168,238
537,168,211
538,168,224
539,168,260
540,168,309
541,168,347
542,168,352
543,168,321
544,168,267
545,168,211
546,168,184
547,168,180
548,168,187
549,168,197
550,168,189
551,168,172
552,168,160
553,168,153
554,168,149
555,168,146
556,168,141
557,168,137
558,168,130
559,168,124
560,168,123
561,168,132
562,168,147
563,168,156
564,168,158
565,168,148
566,168,138
567,168,134
568,168,140
569,168,174
570,168,275
571,168,449
572,168,641
573,168,901
490,169,120
491,169,149
492,169,166
493,169,169
494,169,169
495,169,180
496,169,203
497,169,232
498,169,250
499,169,253
500,169,246
501,169,232
502,169,234
503,169,266
504,169,293
505,169,266
506,169,219
507,169,213
508,169,251
509,169,285
510,169,299
511,169,310
512,169,346
513,169,390
514,169,424
515,169,448
516,169,462
517,169,485
518,169,524
519,169,549
520,169,541
521,169,491
522,169,408
523,169,361
524,169,355
525,169,396
526,169,489
527,169,567
528,169,601
529,169,626
530,169,709
531,169,889
532,169,983
533,169,848
534,169,519
535,169,311
536,169,248
537,169,258
538,169,301
539,169,338
540,169,358
541,169,361
542,169,348
543,169,320
544,169,279
545,169,230
546,169,199
547,169,181
548,169,182
549,169,200
550,169,202
551,169,184
552,169,168
553,169,160
554,169,154
555,169,150
556,169,145
557,169,141
558,169,137
559,169,135
560,169,138
561,169,154
562,169,185
563,169,219
564,169,237
565,169,202
566,169,159
567,169,139
568,169,139
569,169,165
570,169,244
571,169,377
572,169,506
573,169,627
490,170,117
491,170,139
492,170,154
493,170,161
494,170,165
495,170,176
496,170,196
497,170,226
498,170,246
499,170,253
500,170,250
501,170,248
502,170,270
503,170,323
504,170,352
505,170,309
506,170,233
507,170,201
508,170,223
509,170,260
510,170,286
511,170,311
512,170,364
513,170,422
514,170,449
515,170,440
516,170,408
517,170,397
518,170,428
519,170,465
520,170,484
521,170,464
522,170,401
523,170,365
524,170,372
525,170,424
526,170,532
527,170,619
528,170,674
529,170,787
530,170,1129
531,170,1744
532,170,2003
533,170,1598
534,170,879
535,170,474
536,170,365
537,170,384
538,170,439
539,170,448
540,170,406
541,170,359
542,170,324
543,170,305
544,170,284
545,170,254
546,170,225
547,170,198
548,170,191
549,170,217
550,170,234
551,170,217
552,170,197
553,170,182
554,170,169
555,170,159
556,170,150
557,170,144
558,170,141
559,170,142
560,170,150
561,170,174
562,170,232
563,170,324
564,170,402
565,170,322
566,170,204
567,170,146
568,170,134
569,170,145
570,170,184
571,170,253
572,170,310
573,170,293
490,171,117
491,171,131
492,171,153
493,171,183
494,171,200
495,171,202
496,171,205
497,171,220
498,171,237
499,171,246
500,171,248
501,171,258
502,171,298
503,171,354
504,171,359
505,171,310
506,171,236
507,171,205
508,171,216
509,171,242
510,171,264
511,171,294
512,171,364
513,171,445
514,171,487
515,171,463
516,171,380
517,171,324
518,171,323
519,171,344
520,171,389
521,171,431
522,171,426
523,171,425
524,171,452
525,171,521
526,171,651
527,171,751
528,171,863
529,171,1167
530,171,1953
531,171,3198
532,171,3521
533,171,2599
534,171,1433
535,171,795
536,171,587
537,171,563
538,171,579
539,171,539
540,171,433
541,171,332
542,171,279
543,171,276
544,171,275
545,171,262
546,171,242
547,171,217
548,171,208
549,171,238
550,171,274
551,171,271
552,171,253
553,171,232
554,171,208
555,171,184
556,171,162
557,171,149
558,171,145
559,171,151
560,171,165
561,171,202
562,171,309
563,171,522
564,171,730
565,171,580
566,171,312
567,171,170
568,171,132
569,171,132
570,171,145
571,171,171
572,171,192
573,171,187
490,172,117
491,172,138
492,172,186
493,172,268
494,172,315
495,172,295
496,172,257
497,172,230
498,172,227
499,172,231
500,172,236
501,172,257
502,172,310
503,172,348
504,172,312
505,172,264
506,172,222
507,172,212
508,172,226
509,172,243
510,172,262
511,172,305
512,172,401
513,172,514
514,172,591
515,172,578
516,172,483
517,172,431
518,172,410
519,172,364
520,172,381
521,172,461
522,172,526
523,172,582
524,172,650
525,172,731
526,172,857
527,172,966
528,172,1189
529,172,1741
530,172,2787
531,172,4093
532,172,4072
533,172,2911
534,172,1759
535,172,1072
536,172,783
537,172,693
538,172,650
539,172,563
540,172,420
541,172,299
542,172,255
543,172,262
544,172,268
545,172,265
546,172,256
547,172,242
548,172,236
549,172,262
550,172,310
551,172,335
552,172,333
553,172,314
554,172,280
555,172,236
556,172,189
557,172,161
558,172,159
559,172,172
560,172,192
561,172,244
562,172,406
563,172,754
564,172,1093
565,172,891
566,172,459
567,172,210
568,172,135
569,172,126
570,172,130
571,172,135
572,172,134
573,172,111
490,173,117
491,173,154
492,173,236
493,173,383
494,173,488
495,173,469
496,173,388
497,173,295
498,173,240
499,173,221
500,173,223
501,173,253
502,173,304
503,173,317
504,173,265
505,173,225
506,173,208
507,173,213
508,173,231
509,173,251
510,173,285
511,173,366
512,173,500
513,173,629
514,173,706
515,173,722
516,173,712
517,173,747
518,173,730
519,173,576
520,173,514
521,173,567
522,173,653
523,173,764
524,173,885
525,173,967
526,173,1044
527,173,1175
528,173,1618
529,173,2543
530,173,3750
531,173,4603
532,173,4015
533,173,2854
534,173,1959
535,173,1361
536,173,1006
537,173,816
538,173,688
539,173,548
540,173,398
541,173,294
542,173,268
543,173,274
544,173,277
545,173,277
546,173,274
547,173,270
548,173,270
549,173,288
550,173,328
551,173,368
552,173,389
553,173,388
554,173,358
555,173,293
556,173,218
557,173,176
558,173,177
559,173,199
560,173,223
561,173,281
562,173,470
563,173,873
564,173,1239
565,173,1043
566,173,556
567,173,245
568,173,140
569,173,124
570,173,124
571,173,122
572,173,112
573,173,84
490,174,117
491,174,173
492,174,266
493,174,435
494,174,589
495,174,631
496,174,571
497,174,438
498,174,315
499,174,243
500,174,226
501,174,246
502,174,271
503,174,261
504,174,225
505,174,205
506,174,202
507,174,212
508,174,230
509,174,258
510,174,312
511,174,417
512,174,551
513,174,657
514,174,726
515,174,798
516,174,934
517,174,1123
518,174,1112
519,174,822
520,174,661
521,174,650
522,174,713
523,174,847
524,174,1019
525,174,1133
526,174,1211
527,174,1392
528,174,2049
529,174,3344
530,174,4856
531,174,5416
532,174,4445
533,174,3113
534,174,2309
535,174,1836
536,174,1449
537,174,1118
538,174,839
539,174,619
540,174,450
541,174,343
542,174,317
543,174,311
544,174,295
545,174,285
546,174,281
547,174,280
548,174,284
549,174,297
550,174,325
551,174,361
552,174,392
553,174,408
554,174,380
555,174,296
556,174,209
557,174,171
558,174,181
559,174,209
560,174,233
561,174,274
562,174,407
563,174,708
564,174,984
565,174,863
566,174,498
567,174,233
568,174,134
569,174,117
570,174,118
571,174,113
572,174,101
573,174,80
490,175,193
491,175,205
492,175,276
493,175,431
494,175,604
495,175,713
496,175,724
497,175,616
498,175,442
499,175,300
500,175,247
501,175,248
502,175,248
503,175,226
504,175,207
505,175,203
506,175,206
507,175,214
508,175,230
509,175,261
510,175,321
511,175,413
512,175,509
513,175,586
514,175,664
515,175,804
516,175,1060
517,175,1347
518,175,1315
519,175,981
520,175,791
521,175,720
522,175,754
523,175,924
524,175,1177
525,175,1421
526,175,1654
527,175,1865
528,175,2530
529,175,3923
530,175,5616
531,175,6153
532,175,5139
533,175,3614
534,175,2761
535,175,2434
536,175,2194
537,175,1831
538,175,1364
539,175,1012
540,175,734
541,175,523
542,175,467
543,175,432
544,175,351
545,175,298
546,175,278
547,175,273
548,175,278
549,175,292
550,175,315
551,175,341
552,175,370
553,175,394
554,175,372
555,175,283
556,175,194
557,175,161
558,175,173
559,175,204
560,175,230
561,175,243
562,175,271
563,175,376
564,175,487
565,175,437
566,175,274
567,175,148
568,175,101
569,175,99
570,175,104
571,175,100
572,175,91
573,175,80
490,176,201
491,176,208
492,176,257
493,176,387
494,176,580
495,176,759
496,176,826
497,176,722
498,176,512
499,176,334
500,176,259
501,176,248
502,176,235
503,176,212
504,176,204
505,176,211
506,176,217
507,176,222
508,176,233
509,176,265
510,176,321
511,176,389
512,176,443
513,176,492
514,176,576
515,176,754
516,176,1045
517,176,1335
518,176,1316
519,176,1091
520,176,967
521,176,852
522,176,860
523,176,1095
524,176,1509
525,176,2142
526,176,2940
527,176,3312
528,176,3796
529,176,4929
530,176,6551
531,176,7386
532,176,6657
533,176,4907
534,176,3695
535,176,3239
536,176,3178
537,176,3025
538,176,2483
539,176,1975
540,176,1450
541,176,982
542,176,856
543,176,752
544,176,506
545,176,344
546,176,281
547,176,258
548,176,253
549,176,261
550,176,280
551,176,302
552,176,331
553,176,361
554,176,349
555,176,269
556,176,185
557,176,151
558,176,158
559,176,191
560,176,232
561,176,239
562,176,209
563,176,194
564,176,204
565,176,184
566,176,134
567,176,92
568,176,77
569,176,80
570,176,88
571,176,88
572,176,84
573,176,80
490,177,201
491,177,192
492,177,208
493,177,308
494,177,532
495,177,797
496,177,873
497,177,714
498,177,477
499,177,314
500,177,249
501,177,235
502,177,217
503,177,201
504,177,206
505,177,230
506,177,244
507,177,245
508,177,244
509,177,263
510,177,303
511,177,350
512,177,383
513,177,423
514,177,518
515,177,724
516,177,1017
517,177,1231
518,177,1213
519,177,1141
520,177,1120
521,177,1045
522,177,1074
523,177,1379
524,177,2037
525,177,3323
526,177,5193
527,177,6434
528,177,7164
529,177,7839
530,177,9131
531,177,10950
532,177,11085
533,177,8829
534,177,6330
535,177,4730
536,177,4307
537,177,4273
538,177,3748
539,177,3131
540,177,2357
541,177,1632
542,177,1476
543,177,1287
544,177,783
545,177,444
546,177,309
547,177,250
548,177,222
549,177,215
550,177,222
551,177,236
552,177,263
553,177,297
554,177,294
555,177,233
556,177,169
557,177,143
558,177,148
559,177,184
560,177,240
561,177,252
562,177,202
563,177,146
564,177,117
565,177,104
566,177,89
567,177,74
568,177,67
569,177,70
570,177,77
571,177,80
572,177,80
573,177,80
490,178,201
491,178,176
492,178,171
493,178,245
494,178,452
495,178,712
496,178,743
497,178,570
498,178,387
499,178,280
500,178,236
501,178,220
502,178,201
503,178,193
504,178,219
505,178,275
506,178,305
507,178,300
508,178,274
509,178,271
510,178,282
511,178,297
512,178,319
513,178,355
514,178,450
515,178,671
516,178,951
517,178,1063
518,178,1032
519,178,1028
520,178,1090
521,178,1183
522,178,1352
523,178,1744
524,178,2570
525,178,4187
526,178,6880
527,178,9915
528,178,12258
529,178,13210
530,178,14238
531,178,17723
532,178,19241
533,178,16452
534,178,11810
535,178,7620
536,178,5642
537,178,4961
538,178,4271
539,178,3553
540,178,2670
541,178,1996
542,178,1983
543,178,1791
544,178,1099
545,178,578
546,178,352
547,178,254
548,178,206
549,178,188
550,178,181
551,178,176
552,178,183
553,178,205
554,178,208
555,178,179
556,178,149
557,178,137
558,178,142
559,178,172
560,178,227
561,178,244
562,178,197
563,178,140
564,178,106
565,178,91
566,178,81
567,178,71
568,178,66
569,178,67
570,178,72
571,178,77
572,178,79
573,178,80
490,179,195
491,179,166
492,179,156
493,179,197
494,179,320
495,179,476
496,179,486
497,179,394
498,179,311
499,179,258
500,179,230
501,179,212
502,179,193
503,179,193
504,179,242
505,179,336
506,179,390
507,179,383
508,179,332
509,179,307
510,179,290
511,179,273
512,179,284
513,179,309
514,179,366
515,179,555
516,179,791
517,179,878
518,179,852
519,179,823
520,179,901
521,179,1150
522,179,1530
523,179,2114
524,179,3174
525,179,5043
526,179,8392
527,179,13043
528,179,17577
529,179,20434
530,179,21946
531,179,27194
532,179,29428
533,179,25938
534,179,19344
535,179,11967
536,179,7510
537,179,5416
538,179,4229
539,179,3310
540,179,2403
541,179,1917
542,179,2016
543,179,1938
544,179,1359
545,179,752
546,179,417
547,179,268
548,179,204
549,179,179
550,179,163
551,179,143
552,179,130
553,179,136
554,179,144
555,179,143
556,179,138
557,179,135
558,179,136
559,179,150
560,179,185
561,179,205
562,179,180
563,179,145
564,179,118
565,179,98
566,179,83
567,179,73
568,179,68
569,179,69
570,179,72
571,179,75
572,179,77
573,179,80
490,180,182
491,180,164
492,180,159
493,180,180
494,180,233
495,180,303
496,180,312
497,180,281
498,180,258
499,180,237
500,180,221
501,180,205
502,180,189
503,180,201
504,180,276
505,180,404
506,180,475
507,180,465
508,180,397
509,180,355
510,180,322
511,180,279
512,180,252
513,180,270
514,180,328
515,180,502
516,180,698
517,180,775
518,180,745
519,180,680
520,180,754
521,180,1084
522,180,1639
523,180,2451
524,180,3761
525,180,5995
526,180,10364
527,180,16721
528,180,23156
529,180,28245
530,180,30251
531,180,37137
532,180,40681
533,180,37397
534,180,28742
535,180,17447
536,180,9967
537,180,6054
538,180,3978
539,180,2696
540,180,1800
541,180,1414
542,180,1469
543,180,1584
544,180,1434
545,180,932
546,180,508
547,180,295
548,180,209
549,180,178
550,180,160
551,180,136
552,180,116
553,180,108
554,180,114
555,180,126
556,180,135
557,180,137
558,180,135
559,180,137
560,180,151
561,180,167
562,180,164
563,180,152
564,180,135
565,180,112
566,180,91
567,180,78
568,180,72
569,180,71
570,180,72
571,180,73
572,180,74
573,180,74
490,181,187
491,181,166
492,181,163
493,181,175
494,181,200
495,181,232
496,181,240
497,181,226
498,181,218
499,181,213
500,181,209
501,181,198
502,181,187
503,181,211
504,181,305
505,181,445
506,181,519
507,181,509
508,181,436
509,181,378
510,181,335
511,181,284
512,181,231
513,181,228
514,181,299
515,181,459
516,181,620
517,181,688
518,181,658
519,181,588
520,181,672
521,181,1037
522,181,1702
523,181,2753
524,181,4350
525,181,7037
526,181,12478
527,181,19260
528,181,24217
529,181,27615
530,181,31300
531,181,42537
532,181,48920
533,181,45079
534,181,32968
535,181,18868
536,181,10232
537,181,5759
538,181,3327
539,181,1999
540,181,1290
541,181,976
542,181,915
543,181,1057
544,181,1186
545,181,925
546,181,543
547,181,317
548,181,219
549,181,182
550,181,163
551,181,143
552,181,124
553,181,110
554,181,111
555,181,124
556,181,136
557,181,140
558,181,140
559,181,140
560,181,144
561,181,152
562,181,157
563,181,156
564,181,147
565,181,126
566,181,103
567,181,87
568,181,77
569,181,73
570,181,71
571,181,71
572,181,70
573,181,68
490,182,198
491,182,169
492,182,162
493,182,172
494,182,189
495,182,211
496,182,218
497,182,206
498,182,201
499,182,204
500,182,204
501,182,194
502,182,187
503,182,219
504,182,321
505,182,459
506,182,532
507,182,520
508,182,442
509,182,361
510,182,302
511,182,251
512,182,201
513,182,188
514,182,241
515,182,353
516,182,463
517,182,521
518,182,506
519,182,455
520,182,534
521,182,845
522,182,1478
523,182,2648
524,182,4615
525,182,7967
526,182,14113
527,182,19496
528,182,21304
529,182,21697
530,182,25027
531,182,35212
532,182,41841
533,182,38742
534,182,28393
535,182,16768
536,182,8895
537,182,4606
538,182,2434
539,182,1436
540,182,987
541,182,731
542,182,580
543,182,603
544,182,698
545,182,609
546,182,421
547,182,294
548,182,221
549,182,185
550,182,169
551,182,154
552,182,139
553,182,125
554,182,121
555,182,129
556,182,139
557,182,142
558,182,144
559,182,146
560,182,149
561,182,151
562,182,155
563,182,156
564,182,149
565,182,131
566,182,112
567,182,97
568,182,83
569,182,74
570,182,69
571,182,69
572,182,69
573,182,70
490,183,226
491,183,178
492,183,164
493,183,168
494,183,183
495,183,203
496,183,212
497,183,201
498,183,195
499,183,201
500,183,201
501,183,192
502,183,186
503,183,219
504,183,317
505,183,445
506,183,518
507,183,504
508,183,415
509,183,306
510,183,228
511,183,186
512,183,160
513,183,153
514,183,176
515,183,223
516,183,270
517,183,308
518,183,316
519,183,298
520,183,343
521,183,497
522,183,840
523,183,1621
524,183,3290
525,183,6534
526,183,11851
527,183,15676
528,183,16506
529,183,15682
530,183,16355
531,183,20933
532,183,25336
533,183,25131
534,183,20066
535,183,13362
536,183,7487
537,183,3729
538,183,1864
539,183,1136
540,183,838
541,183,604
542,183,426
543,183,381
544,183,409
545,183,389
546,183,328
547,183,272
548,183,219
549,183,187
550,183,172
551,183,164
552,183,153
553,183,140
554,183,132
555,183,135
556,183,140
557,183,137
558,183,138
559,183,143
560,183,146
561,183,147
562,183,147
563,183,149
564,183,145
565,183,131
566,183,116
567,183,102
568,183,85
569,183,73
570,183,69
571,183,71
572,183,74
573,183,70
490,184,234
491,184,185
492,184,166
493,184,165
494,184,178
495,184,196
496,184,206
497,184,195
498,184,187
499,184,188
500,184,189
501,184,186
502,184,181
503,184,204
504,184,281
505,184,394
506,184,463
507,184,440
508,184,344
509,184,235
510,184,169
511,184,145
512,184,140
513,184,142
514,184,151
515,184,167
516,184,186
517,184,209
518,184,223
519,184,223
520,184,242
521,184,296
522,184,431
523,184,808
524,184,1741
525,184,3647
526,184,6825
527,184,9931
528,184,11793
529,184,11048
530,184,9667
531,184,10139
532,184,11601
533,184,11940
534,184,10278
535,184,7645
536,184,4824
537,184,2669
538,184,1453
539,184,967
540,184,744
541,184,517
542,184,345
543,184,295
544,184,308
545,184,311
546,184,293
547,184,259
548,184,213
549,184,185
550,184,174
551,184,169
552,184,162
553,184,152
554,184,144
555,184,143
556,184,141
557,184,130
558,184,125
559,184,129
560,184,132
561,184,131
562,184,128
563,184,131
564,184,133
565,184,126
566,184,114
567,184,102
568,184,86
569,184,75
570,184,73
571,184,78
572,184,82
573,184,84
490,185,219
491,185,185
492,185,165
493,185,163
494,185,171
495,185,184
496,185,188
497,185,177
498,185,168
499,185,165
500,185,170
501,185,177
502,185,176
503,185,191
504,185,245
505,185,331
506,185,370
507,185,328
508,185,247
509,185,174
510,185,138
511,185,134
512,185,145
513,185,154
514,185,160
515,185,170
516,185,181
517,185,192
518,185,199
519,185,200
520,185,208
521,185,230
522,185,290
523,185,487
524,185,1010
525,185,2111
526,185,4198
527,185,7119
528,185,9155
529,185,8112
530,185,6213
531,185,5407
532,185,5447
533,185,5502
534,185,5059
535,185,4187
536,185,3042
537,185,1918
538,185,1151
539,185,815
540,185,641
541,185,448
542,185,303
543,185,268
544,185,284
545,185,292
546,185,282
547,185,249
548,185,208
549,185,187
550,185,179
551,185,174
552,185,169
553,185,163
554,185,157
555,185,153
556,185,142
557,185,123
558,185,113
559,185,112
560,185,113
561,185,111
562,185,108
563,185,110
564,185,113
565,185,111
566,185,104
567,185,96
568,185,84
569,185,77
570,185,78
571,185,83
572,185,86
573,185,84
490,186,208
491,186,195
492,186,172
493,186,167
494,186,169
495,186,169
496,186,158
497,186,149
498,186,146
499,186,146
500,186,155
501,186,169
502,186,172
503,186,179
504,186,210
505,186,256
506,186,259
507,186,218
508,186,171
509,186,137
510,186,127
511,186,136
512,186,157
513,186,172
514,186,178
515,186,186
516,186,192
517,186,195
518,186,194
519,186,188
520,186,190
521,186,204
522,186,236
523,186,346
524,186,696
525,186,1584
526,186,3467
527,186,6160
528,186,7412
529,186,5984
530,186,4363
531,186,3530
532,186,3288
533,186,3260
534,186,3096
535,186,2592
536,186,1931
537,186,1272
538,186,834
539,186,635
540,186,509
541,186,382
542,186,292
543,186,275
544,186,287
545,186,291
546,186,278
547,186,245
548,186,211
549,186,199
550,186,194
551,186,187
552,186,178
553,186,171
554,186,166
555,186,159
556,186,143
557,186,119
558,186,106
559,186,101
560,186,99
561,186,98
562,186,95
563,186,97
564,186,95
565,186,91
566,186,90
567,186,88
568,186,82
569,186,78
570,186,80
571,186,83
572,186,89
573,186,100
490,187,288
491,187,235
492,187,199
493,187,183
494,187,177
495,187,165
496,187,142
497,187,134
498,187,140
499,187,144
500,187,152
501,187,164
502,187,167
503,187,170
504,187,180
505,187,194
506,187,186
507,187,160
508,187,136
509,187,124
510,187,125
511,187,141
512,187,164
513,187,179
514,187,188
515,187,194
516,187,198
517,187,199
518,187,193
519,187,180
520,187,177
521,187,189
522,187,209
523,187,269
524,187,492
525,187,1146
526,187,2564
527,187,4386
528,187,4873
529,187,3784
530,187,2785
531,187,2231
532,187,2131
533,187,2195
534,187,2050
535,187,1565
536,187,1111
537,187,787
538,187,612
539,187,523
540,187,437
541,187,358
542,187,305
543,187,293
544,187,295
545,187,293
546,187,280
547,187,251
548,187,227
549,187,227
550,187,226
551,187,213
552,187,196
553,187,181
554,187,171
555,187,163
556,187,146
557,187,120
558,187,103
559,187,96
560,187,93
561,187,91
562,187,90
563,187,94
564,187,87
565,187,79
566,187,80
567,187,83
568,187,80
569,187,77
570,187,78
571,187,81
572,187,89
573,187,102
490,188,288
491,188,262
492,188,231
493,188,206
494,188,192
495,188,175
496,188,149
497,188,139
498,188,149
499,188,153
500,188,157
501,188,163
502,188,166
503,188,167
504,188,167
505,188,167
506,188,158
507,188,140
508,188,126
509,188,121
510,188,128
511,188,147
512,188,166
513,188,180
514,188,189
515,188,197
516,188,204
517,188,206
518,188,197
519,188,179
520,188,173
521,188,184
522,188,200
523,188,237
524,188,356
525,188,677
526,188,1357
527,188,2205
528,188,2431
529,188,1963
530,188,1515
531,188,1251
532,188,1227
533,188,1281
534,188,1180
535,188,878
536,188,651
537,188,538
538,188,494
539,188,463
540,188,408
541,188,356
542,188,317
543,188,302
544,188,298
545,188,294
546,188,283
547,188,259
548,188,242
549,188,250
550,188,254
551,188,244
552,188,223
553,188,198
554,188,179
555,188,167
556,188,151
557,188,125
558,188,105
559,188,95
560,188,91
561,188,90
562,188,90
563,188,98
564,188,88
565,188,76
566,188,78
567,188,87
568,188,86
569,188,82
570,188,79
571,188,80
572,188,89
573,188,102
490,189,291
491,189,276
492,189,243
493,189,215
494,189,200
495,189,185
496,189,163
497,189,152
498,189,157
499,189,159
500,189,161
501,189,165
502,189,171
503,189,172
504,189,166
505,189,160
506,189,152
507,189,136
508,189,125
509,189,125
510,189,135
511,189,155
512,189,170
513,189,180
514,189,190
515,189,203
516,189,218
517,189,226
518,189,214
519,189,189
520,189,179
521,189,187
522,189,203
523,189,241
524,189,326
525,189,473
526,189,757
527,189,1185
528,189,1467
529,189,1268
530,189,983
531,189,821
532,189,791
533,189,798
534,189,735
535,189,585
536,189,480
537,189,441
538,189,436
539,189,431
540,189,407
541,189,373
542,189,333
543,189,307
544,189,297
545,189,292
546,189,279
547,189,257
548,189,243
549,189,255
550,189,265
551,189,262
552,189,246
553,189,218
554,189,192
555,189,176
556,189,160
557,189,136
558,189,113
559,189,97
560,189,90
561,189,90
562,189,94
563,189,105
564,189,93
565,189,80
566,189,86
567,189,104
568,189,108
569,189,103
570,189,93
571,189,86
572,189,93
573,189,104
490,190,395
491,190,297
492,190,240
493,190,211
494,190,198
495,190,184
496,190,164
497,190,157
498,190,162
499,190,164
500,190,165
501,190,171
502,190,182
503,190,183
504,190,172
505,190,164
506,190,158
507,190,145
508,190,135
509,190,136
510,190,149
511,190,166
512,190,177
513,190,185
514,190,197
515,190,216
516,190,243
517,190,257
518,190,238
519,190,207
520,190,191
521,190,193
522,190,206
523,190,244
524,190,322
525,190,422
526,190,597
527,190,949
528,190,1308
529,190,1102
530,190,814
531,190,677
532,190,642
533,190,632
534,190,592
535,190,504
536,190,428
537,190,400
538,190,407
539,190,423
540,190,427
541,190,403
542,190,352
543,190,307
544,190,288
545,190,279
546,190,263
547,190,237
548,190,224
549,190,238
550,190,253
551,190,258
552,190,254
553,190,236
554,190,212
555,190,195
556,190,183
557,190,164
558,190,136
559,190,108
560,190,95
561,190,94
562,190,102
563,190,114
564,190,102
565,190,91
566,190,105
567,190,134
568,190,144
569,190,137
570,190,115
571,190,98
572,190,101
573,190,113
490,191,434
491,191,292
492,191,219
493,191,195
494,191,189
495,191,174
496,191,148
497,191,150
498,191,163
499,191,168
500,191,170
501,191,179
502,191,193
503,191,194
504,191,181
505,191,177
506,191,176
507,191,169
508,191,162
509,191,164
510,191,175
511,191,186
512,191,190
513,191,195
514,191,207
515,191,233
516,191,266
517,191,269
518,191,241
519,191,209
520,191,195
521,191,195
522,191,205
523,191,232
524,191,292
525,191,366
526,191,455
527,191,631
528,191,847
529,191,766
530,191,639
531,191,584
532,191,569
533,191,561
534,191,533
535,191,465
536,191,382
537,191,348
538,191,366
539,191,404
540,191,426
541,191,403
542,191,344
543,191,287
544,191,261
545,191,251
546,191,233
547,191,206
548,191,192
549,191,198
550,191,214
551,191,229
552,191,244
553,191,250
554,191,242
555,191,230
556,191,223
557,191,210
558,191,176
559,191,131
560,191,108
561,191,106
562,191,114
563,191,123
564,191,115
565,191,110
566,191,131
567,191,169
568,191,188
569,191,179
570,191,145
571,191,114
572,191,107
573,191,113
490,192,401
491,192,263
492,192,194
493,192,178
494,192,179
495,192,164
496,192,138
497,192,141
498,192,161
499,192,170
500,192,174
501,192,186
502,192,202
503,192,204
504,192,196
505,192,197
506,192,202
507,192,202
508,192,201
509,192,203
510,192,210
511,192,213
512,192,211
513,192,212
514,192,221
515,192,245
516,192,270
517,192,258
518,192,223
519,192,196
520,192,191
521,192,197
522,192,209
523,192,225
524,192,259
525,192,305
526,192,335
527,192,384
528,192,479
529,192,509
530,192,509
531,192,508
532,192,507
533,192,502
534,192,481
535,192,420
536,192,326
537,192,277
538,192,296
539,192,350
540,192,380
541,192,349
542,192,291
543,192,243
544,192,222
545,192,215
546,192,202
547,192,181
548,192,163
549,192,154
550,192,161
551,192,178
552,192,210
553,192,244
554,192,259
555,192,261
556,192,259
557,192,244
558,192,202
559,192,149
560,192,124
561,192,121
562,192,125
563,192,129
564,192,126
565,192,132
566,192,159
567,192,195
568,192,214
569,192,201
570,192,158
571,192,121
572,192,107
573,192,102
490,193,375
491,193,238
492,193,180
493,193,169
494,193,171
495,193,163
496,193,147
497,193,153
498,193,169
499,193,175
500,193,178
501,193,192
502,193,209
503,193,214
504,193,211
505,193,214
506,193,218
507,193,221
508,193,222
509,193,225
510,193,229
511,193,230
512,193,230
513,193,229
514,193,234
515,193,247
516,193,256
517,193,233
518,193,199
519,193,182
520,193,187
521,193,208
522,193,236
523,193,249
524,193,262
525,193,280
526,193,274
527,193,275
528,193,325
529,193,399
530,193,449
531,193,469
532,193,473
533,193,470
534,193,453
535,193,401
536,193,305
537,193,234
538,193,231
539,193,274
540,193,300
541,193,272
542,193,233
543,193,208
544,193,199
545,193,195
546,193,186
547,193,170
548,193,150
549,193,134
550,193,132
551,193,143
552,193,175
553,193,224
554,193,257
555,193,272
556,193,272
557,193,252
558,193,201
559,193,151
560,193,134
561,193,131
562,193,131
563,193,133
564,193,138
565,193,154
566,193,180
567,193,209
568,193,220
569,193,197
570,193,151
571,193,117
572,193,102
573,193,91
490,194,271
491,194,202
492,194,174
493,194,171
494,194,172
495,194,172
496,194,175
497,194,186
498,194,188
499,194,184
500,194,183
501,194,195
502,194,212
503,194,219
504,194,221
505,194,223
506,194,225
507,194,227
508,194,230
509,194,233
510,194,235
511,194,237
512,194,238
513,194,236
514,194,232
515,194,228
516,194,223
517,194,202
518,194,177
519,194,170
520,194,185
521,194,228
522,194,292
523,194,323
524,194,329
525,194,321
526,194,278
527,194,259
528,194,301
529,194,378
530,194,429
531,194,445
532,194,448
533,194,444
534,194,427
535,194,378
536,194,287
537,194,211
538,194,190
539,194,206
540,194,221
541,194,211
542,194,196
543,194,190
544,194,189
545,194,187
546,194,179
547,194,166
548,194,150
549,194,134
550,194,127
551,194,131
552,194,152
553,194,193
554,194,236
555,194,264
556,194,272
557,194,256
558,194,210
559,194,162
560,194,144
561,194,137
562,194,133
563,194,133
564,194,139
565,194,156
566,194,176
567,194,199
568,194,205
569,194,179
570,194,137
571,194,111
572,194,98
573,194,87
490,195,162
491,195,172
492,195,178
493,195,190
494,195,192
495,195,196
496,195,208
497,195,217
498,195,208
499,195,194
500,195,187
501,195,194
502,195,209
503,195,219
504,195,223
505,195,225
506,195,227
507,195,229
508,195,232
509,195,235
510,195,237
511,195,239
512,195,239
513,195,232
514,195,216
515,195,195
516,195,181
517,195,168
518,195,156
519,195,154
520,195,173
521,195,228
522,195,320
523,195,394
524,195,426
525,195,410
526,195,336
527,195,299
528,195,334
529,195,388
530,195,411
531,195,411
532,195,410
533,195,404
534,195,387
535,195,348
536,195,275
537,195,212
538,195,184
539,195,182
540,195,185
541,195,182
542,195,180
543,195,180
544,195,181
545,195,180
546,195,174
547,195,164
548,195,151
549,195,137
550,195,128
551,195,126
552,195,134
553,195,160
554,195,198
555,195,236
556,195,256
557,195,252
558,195,217
559,195,174
560,195,151
561,195,139
562,195,131
563,195,128
564,195,130
565,195,139
566,195,153
567,195,170
568,195,176
569,195,154
570,195,124
571,195,105
572,195,95
573,195,89
490,196,157
491,196,171
492,196,192
493,196,215
494,196,223
495,196,228
496,196,236
497,196,239
498,196,225
499,196,204
500,196,191
501,196,192
502,196,204
503,196,215
504,196,222
505,196,226
506,196,229
507,196,231
508,196,233
509,196,236
510,196,237
511,196,238
512,196,233
513,196,218
514,196,194
515,196,168
516,196,155
517,196,148
518,196,142
519,196,141
520,196,152
521,196,186
522,196,258
523,196,348
524,196,419
525,196,437
526,196,383
527,196,347
528,196,361
529,196,382
530,196,380
531,196,370
532,196,366
533,196,362
534,196,353
535,196,332
536,196,289
537,196,237
538,196,204
539,196,190
540,196,183
541,196,178
542,196,175
543,196,175
544,196,175
545,196,174
546,196,168
547,196,161
548,196,150
549,196,136
550,196,127
551,196,122
552,196,124
553,196,134
554,196,158
555,196,189
556,196,216
557,196,221
558,196,198
559,196,166
560,196,148
561,196,138
562,196,128
563,196,124
564,196,125
565,196,129
566,196,137
567,196,146
568,196,148
569,196,134
570,196,114
571,196,101
572,196,93
573,196,89
490,197,162
491,197,173
492,197,198
493,197,227
494,197,241
495,197,244
496,197,245
497,197,244
498,197,233
499,197,212
500,197,197
501,197,193
502,197,198
503,197,207
504,197,218
505,197,225
506,197,229
507,197,231
508,197,233
509,197,235
510,197,236
511,197,233
512,197,221
513,197,196
514,197,170
515,197,152
516,197,144
517,197,140
518,197,136
519,197,135
520,197,139
521,197,152
522,197,191
523,197,260
524,197,333
525,197,378
526,197,366
527,197,350
528,197,354
529,197,359
530,197,353
531,197,345
532,197,342
533,197,341
534,197,337
535,197,327
536,197,298
537,197,253
538,197,217
539,197,201
540,197,191
541,197,183
542,197,177
543,197,174
544,197,172
545,197,170
546,197,164
547,197,155
548,197,142
549,197,130
550,197,122
551,197,119
552,197,119
553,197,122
554,197,131
555,197,148
556,197,165
557,197,172
558,197,159
559,197,145
560,197,139
561,197,135
562,197,130
563,197,129
564,197,131
565,197,133
566,197,136
567,197,138
568,197,137
569,197,128
570,197,112
571,197,100
572,197,93
573,197,89
490,198,162
491,198,172
492,198,194
493,198,224
494,198,238
495,198,236
496,198,230
497,198,230
498,198,228
499,198,214
500,198,200
501,198,192
502,198,190
503,198,196
504,198,209
505,198,221
506,198,225
507,198,226
508,198,228
509,198,231
510,198,233
511,198,228
512,198,208
513,198,178
514,198,154
515,198,143
516,198,140
517,198,138
518,198,135
519,198,133
520,198,134
521,198,136
522,198,160
523,198,199
524,198,244
525,198,285
526,198,307
527,198,324
528,198,334
529,198,337
530,198,335
531,198,333
532,198,332
533,198,331
534,198,329
535,198,321
536,198,298
537,198,255
538,198,220
539,198,205
540,198,198
541,198,191
542,198,183
543,198,177
544,198,173
545,198,168
546,198,161
547,198,148
548,198,131
549,198,120
550,198,117
551,198,118
552,198,119
553,198,120
554,198,122
555,198,129
556,198,137
557,198,142
558,198,138
559,198,135
560,198,136
561,198,138
562,198,139
563,198,145
564,198,149
565,198,148
566,198,144
567,198,139
568,198,136
569,198,128
570,198,114
571,198,103
572,198,97
573,198,91
490,199,163
491,199,172
492,199,189
493,199,214
494,199,222
495,199,210
496,199,198
497,199,202
498,199,211
499,199,208
500,199,199
501,199,190
502,199,183
503,199,188
504,199,203
505,199,214
506,199,214
507,199,212
508,199,215
509,199,222
510,199,228
511,199,222
512,199,199
513,199,168
514,199,148
515,199,140
516,199,138
517,199,137
518,199,136
519,199,136
520,199,133
521,199,132
522,199,153
523,199,176
524,199,197
525,199,222
526,199,255
527,199,292
528,199,308
529,199,312
530,199,313
531,199,317
532,199,319
533,199,318
534,199,315
535,199,309
536,199,289
537,199,251
538,199,220
539,199,207
540,199,202
541,199,198
542,199,192
543,199,186
544,199,179
545,199,171
546,199,161
547,199,146
548,199,128
549,199,116
550,199,115
551,199,118
552,199,121
553,199,121
554,199,123
555,199,127
556,199,132
557,199,136
558,199,137
559,199,139
560,199,144
561,199,151
562,199,158
563,199,166
564,199,168
565,199,163
566,199,153
567,199,144
568,199,140
569,199,136
570,199,124
571,199,113
572,199,108
573,199,108
490,200,170
491,200,175
492,200,188
493,200,205
494,200,209
495,200,196
496,200,189
497,200,196
498,200,205
499,200,203
500,200,193
501,200,183
502,200,179
503,200,188
504,200,204
505,200,210
506,200,207
507,200,203
508,200,204
509,200,211
510,200,219
511,200,212
512,200,187
513,200,160
514,200,144
515,200,138
516,200,138
517,200,139
518,200,140
519,200,140
520,200,133
521,200,133
522,200,154
523,200,169
524,200,179
525,200,191
526,200,217
527,200,250
528,200,259
529,200,261
530,200,268
531,200,285
532,200,295
533,200,296
534,200,293
535,200,287
536,200,271
537,200,241
538,200,216
539,200,206
540,200,203
541,200,202
542,200,200
543,200,198
544,200,191
545,200,178
546,200,165
547,200,149
548,200,130
549,200,118
550,200,117
551,200,120
552,200,123
553,200,125
554,200,132
555,200,139
556,200,139
557,200,141
558,200,143
559,200,146
560,200,153
561,200,164
562,200,173
563,200,175
564,200,172
565,200,165
566,200,156
567,200,151
568,200,156
569,200,162
570,200,149
571,200,133
572,200,122
573,200,108
490,201,170
491,201,178
492,201,192
493,201,205
494,201,208
495,201,203
496,201,200
497,201,204
498,201,205
499,201,196
500,201,180
501,201,171
502,201,173
503,201,189
504,201,205
505,201,209
506,201,206
507,201,202
508,201,199
509,201,201
510,201,203
511,201,194
512,201,171
513,201,150
514,201,140
515,201,139
516,201,142
517,201,145
518,201,146
519,201,142
520,201,131
521,201,131
522,201,151
523,201,164
524,201,168
525,201,171
526,201,179
527,201,191
528,201,186
529,201,188
530,201,208
531,201,249
532,201,273
533,201,279
534,201,279
535,201,274
536,201,261
537,201,235
538,201,214
539,201,205
540,201,203
541,201,203
542,201,205
543,201,207
544,201,202
545,201,190
546,201,175
547,201,158
548,201,139
549,201,124
550,201,121
551,201,122
552,201,125
553,201,134
554,201,155
555,201,173
556,201,160
557,201,150
558,201,148
559,201,149
560,201,156
561,201,168
562,201,173
563,201,172
564,201,168
565,201,166
566,201,167
567,201,174
568,201,197
569,201,229
570,201,210
571,201,178
572,201,159
573,201,151
490,202,170
491,202,181
492,202,197
493,202,207
494,202,210
495,202,209
496,202,209
497,202,209
498,202,204
499,202,189
500,202,170
501,202,160
502,202,166
503,202,186
504,202,205
505,202,210
506,202,207
507,202,201
508,202,195
509,202,189
510,202,180
511,202,168
512,202,153
513,202,143
514,202,142
515,202,145
516,202,154
517,202,157
518,202,151
519,202,138
520,202,123
521,202,123
522,202,141
523,202,152
524,202,152
525,202,149
526,202,147
527,202,146
528,202,141
529,202,149
530,202,181
531,202,234
532,202,264
533,202,273
534,202,274
535,202,271
536,202,259
537,202,234
538,202,212
539,202,202
540,202,201
541,202,202
542,202,207
543,202,211
544,202,210
545,202,203
546,202,188
547,202,170
548,202,150
549,202,133
550,202,126
551,202,125
552,202,128
553,202,149
554,202,196
555,202,230
556,202,194
557,202,161
558,202,150
559,202,148
560,202,150
561,202,157
562,202,160
563,202,160
564,202,163
565,202,174
566,202,200
567,202,225
568,202,264
569,202,330
570,202,307
571,202,248
572,202,214
573,202,224
490,203,170
491,203,184
492,203,199
493,203,208
494,203,210
495,203,210
496,203,211
497,203,210
498,203,205
499,203,191
500,203,172
501,203,159
502,203,162
503,203,183
504,203,210
505,203,217
506,203,211
507,203,201
508,203,191
509,203,178
510,203,161
511,203,149
512,203,144
513,203,148
514,203,161
515,203,166
516,203,176
517,203,175
518,203,157
519,203,132
520,203,115
521,203,117
522,203,129
523,203,136
524,203,137
525,203,135
526,203,133
527,203,131
528,203,131
529,203,143
530,203,180
531,203,233
532,203,264
533,203,274
534,203,275
535,203,272
536,203,259
537,203,231
538,203,203
539,203,191
540,203,190
541,203,194
542,203,202
543,203,209
544,203,212
545,203,208
546,203,195
547,203,176
548,203,157
549,203,142
550,203,133
551,203,129
552,203,132
553,203,159
554,203,222
555,203,262
556,203,210
557,203,164
558,203,146
559,203,141
560,203,142
561,203,146
562,203,150
563,203,152
564,203,162
565,203,191
566,203,245
567,203,285
568,203,318
569,203,410
570,203,409
571,203,323
572,203,252
573,203,224
490,204,183
491,204,187
492,204,199
493,204,207
494,204,207
495,204,206
496,204,208
497,204,210
498,204,208
499,204,200
500,204,184
501,204,168
502,204,167
503,204,190
504,204,226
505,204,235
506,204,223
507,204,206
508,204,189
509,204,171
510,204,151
511,204,143
512,204,152
513,204,188
514,204,240
515,204,222
516,204,207
517,204,194
518,204,166
519,204,135
520,204,119
521,204,121
522,204,127
523,204,131
524,204,133
525,204,134
526,204,136
527,204,136
528,204,138
529,204,150
530,204,183
531,204,233
532,204,267
533,204,280
534,204,283
535,204,281
536,204,266
537,204,228
538,204,187
539,204,168
540,204,167
541,204,173
542,204,184
543,204,196
544,204,203
545,204,201
546,204,187
547,204,169
548,204,155
549,204,147
550,204,141
551,204,135
552,204,130
553,204,146
554,204,190
555,204,220
556,204,183
557,204,150
558,204,137
559,204,132
560,204,132
561,204,137
562,204,142
563,204,146
564,204,156
565,204,182
566,204,233
567,204,279
568,204,317
569,204,434
570,204,485
571,204,398
572,204,286
573,204,211
490,205,183
491,205,183
492,205,195
493,205,203
494,205,200
495,205,196
496,205,202
497,205,209
498,205,211
499,205,206
500,205,192
501,205,181
502,205,187
503,205,213
504,205,252
505,205,263
506,205,246
507,205,220
508,205,192
509,205,165
510,205,147
511,205,148
512,205,188
513,205,310
514,205,458
515,205,362
516,205,262
517,205,217
518,205,188
519,205,162
520,205,145
521,205,137
522,205,134
523,205,135
524,205,138
525,205,141
526,205,145
527,205,146
528,205,147
529,205,155
530,205,179
531,205,227
532,205,275
533,205,298
534,205,304
535,205,305
536,205,288
537,205,236
538,205,176
539,205,147
540,205,141
541,205,145
542,205,154
543,205,166
544,205,178
545,205,180
546,205,169
547,205,158
548,205,154
549,205,151
550,205,145
551,205,138
552,205,130
553,205,135
554,205,158
555,205,173
556,205,157
557,205,142
558,205,136
559,205,132
560,205,130
561,205,132
562,205,134
563,205,138
564,205,145
565,205,160
566,205,186
567,205,218
568,205,268
569,205,400
570,205,505
571,205,443
572,205,317
573,205,223
490,206,170
491,206,176
492,206,192
493,206,201
494,206,194
495,206,188
496,206,196
497,206,209
498,206,220
499,206,214
500,206,199
501,206,197
502,206,219
503,206,249
504,206,279
505,206,288
506,206,275
507,206,246
508,206,206
509,206,168
510,206,150
511,206,161
512,206,243
513,206,475
514,206,742
515,206,542
516,206,324
517,206,237
518,206,210
519,206,194
520,206,180
521,206,162
522,206,148
523,206,144
524,206,146
525,206,149
526,206,152
527,206,152
528,206,151
529,206,152
530,206,166
531,206,212
532,206,276
533,206,314
534,206,325
535,206,327
536,206,309
537,206,248
538,206,174
539,206,139
540,206,131
541,206,130
542,206,130
543,206,132
544,206,141
545,206,150
546,206,149
547,206,154
548,206,160
549,206,160
550,206,147
551,206,138
552,206,133
553,206,137
554,206,147
555,206,152
556,206,145
557,206,139
558,206,137
559,206,135
560,206,133
561,206,132
562,206,126
563,206,127
564,206,133
565,206,143
566,206,157
567,206,180
568,206,237
569,206,369
570,206,485
571,206,438
572,206,333
573,206,272
490,207,158
491,207,172
492,207,192
493,207,204
494,207,195
495,207,185
496,207,190
497,207,208
498,207,228
499,207,227
500,207,210
501,207,210
502,207,238
503,207,269
504,207,292
505,207,300
506,207,293
507,207,271
508,207,229
509,207,183
510,207,161
511,207,165
512,207,228
513,207,419
514,207,639
515,207,461
516,207,281
517,207,218
518,207,208
519,207,207
520,207,198
521,207,179
522,207,160
523,207,152
524,207,152
525,207,153
526,207,155
527,207,154
528,207,151
529,207,146
530,207,147
531,207,174
532,207,229
533,207,275
534,207,289
535,207,288
536,207,269
537,207,218
538,207,157
539,207,134
540,207,130
541,207,127
542,207,120
543,207,113
544,207,117
545,207,129
546,207,142
547,207,165
548,207,179
549,207,172
550,207,150
551,207,137
552,207,135
553,207,138
554,207,142
555,207,142
556,207,139
557,207,137
558,207,137
559,207,136
560,207,135
561,207,131
562,207,122
563,207,118
564,207,122
565,207,131
566,207,145
567,207,168
568,207,229
569,207,349
570,207,438
571,207,395
572,207,323
573,207,285
490,208,157
491,208,173
492,208,195
493,208,203
494,208,193
495,208,183
496,208,190
497,208,213
498,208,237
499,208,238
500,208,221
501,208,212
502,208,229
503,208,257
504,208,281
505,208,296
506,208,297
507,208,282
508,208,246
509,208,204
510,208,182
511,208,173
512,208,188
513,208,261
514,208,353
515,208,263
516,208,185
517,208,170
518,208,184
519,208,197
520,208,196
521,208,183
522,208,166
523,208,156
524,208,154
525,208,155
526,208,156
527,208,155
528,208,151
529,208,144
530,208,136
531,208,143
532,208,180
533,208,230
534,208,243
535,208,228
536,208,209
537,208,176
538,208,138
539,208,132
540,208,134
541,208,130
542,208,119
543,208,109
544,208,111
545,208,125
546,208,149
547,208,187
548,208,204
549,208,189
550,208,159
551,208,143
552,208,137
553,208,132
554,208,129
555,208,130
556,208,131
557,208,130
558,208,129
559,208,125
560,208,123
561,208,122
562,208,116
563,208,113
564,208,115
565,208,122
566,208,136
567,208,157
568,208,203
569,208,286
570,208,345
571,208,327
572,208,295
573,208,285
490,209,146
491,209,176
492,209,199
493,209,202
494,209,190
495,209,183
496,209,195
497,209,223
498,209,244
499,209,243
500,209,222
501,209,200
502,209,196
503,209,215
504,209,247
505,209,273
506,209,284
507,209,275
508,209,247
509,209,219
510,209,203
511,209,190
512,209,177
513,209,179
514,209,192
515,209,154
516,209,128
517,209,130
518,209,149
519,209,170
520,209,177
521,209,172
522,209,162
523,209,156
524,209,154
525,209,155
526,209,155
527,209,155
528,209,154
529,209,151
530,209,143
531,209,144
532,209,175
533,209,228
534,209,243
535,209,209
536,209,182
537,209,162
538,209,144
539,209,144
540,209,144
541,209,136
542,209,123
543,209,112
544,209,115
545,209,129
546,209,159
547,209,206
548,209,225
549,209,211
550,209,177
551,209,153
552,209,140
553,209,127
554,209,117
555,209,117
556,209,119
557,209,119
558,209,116
559,209,108
560,209,106
561,209,109
562,209,111
563,209,112
564,209,113
565,209,118
566,209,130
567,209,148
568,209,178
569,209,229
570,209,271
571,209,272
572,209,257
573,209,237
490,210,136
491,210,180
492,210,204
493,210,203
494,210,190
495,210,184
496,210,195
497,210,223
498,210,240
499,210,232
500,210,202
501,210,172
502,210,162
503,210,175
504,210,204
505,210,232
506,210,247
507,210,245
508,210,229
509,210,216
510,210,211
511,210,202
512,210,184
513,210,165
514,210,150
515,210,126
516,210,111
517,210,112
518,210,125
519,210,146
520,210,158
521,210,160
522,210,156
523,210,153
524,210,153
525,210,153
526,210,154
527,210,158
528,210,168
529,210,178
530,210,186
531,210,211
532,210,261
533,210,280
534,210,276
535,210,232
536,210,209
537,210,196
538,210,180
539,210,171
540,210,161
541,210,147
542,210,132
543,210,121
544,210,123
545,210,136
546,210,166
547,210,213
548,210,234
549,210,222
550,210,188
551,210,160
552,210,144
553,210,129
554,210,114
555,210,110
556,210,110
557,210,111
558,210,109
559,210,105
560,210,105
561,210,110
562,210,114
563,210,115
564,210,115
565,210,119
566,210,129
567,210,144
568,210,164
569,210,191
570,210,214
571,210,220
572,210,210
573,210,177
490,211,115
491,211,183
492,211,209
493,211,209
494,211,195
495,211,185
496,211,191
497,211,211
498,211,222
499,211,211
500,211,185
501,211,162
502,211,150
503,211,152
504,211,165
505,211,179
506,211,191
507,211,198
508,211,199
509,211,204
510,211,208
511,211,206
512,211,194
513,211,176
514,211,156
515,211,135
516,211,120
517,211,115
518,211,119
519,211,134
520,211,147
521,211,152
522,211,152
523,211,150
524,211,148
525,211,147
526,211,151
527,211,167
528,211,211
529,211,257
530,211,302
531,211,396
532,211,502
533,211,426
534,211,328
535,211,245
536,211,224
537,211,218
538,211,201
539,211,189
540,211,175
541,211,159
542,211,143
543,211,133
544,211,135
545,211,145
546,211,171
547,211,213
548,211,231
549,211,219
550,211,187
551,211,159
552,211,145
553,211,133
554,211,120
555,211,111
556,211,108
557,211,107
558,211,108
559,211,108
560,211,110
561,211,116
562,211,121
563,211,121
564,211,120
565,211,123
566,211,132
567,211,144
568,211,158
569,211,171
570,211,180
571,211,184
572,211,179
573,211,160
490,212,160
491,212,201
492,212,216
493,212,214
494,212,200
495,212,184
496,212,183
497,212,191
498,212,193
499,212,188
500,212,176
501,212,161
502,212,150
503,212,144
504,212,146
505,212,151
506,212,156
507,212,164
508,212,181
509,212,199
510,212,204
511,212,204
512,212,199
513,212,189
514,212,175
515,212,157
516,212,144
517,212,135
518,212,123
519,212,123
520,212,135
521,212,148
522,212,149
523,212,140
524,212,134
525,212,132
526,212,139
527,212,174
528,212,304
529,212,394
530,212,441
531,212,582
532,212,709
533,212,580
534,212,394
535,212,264
536,212,253
537,212,253
538,212,219
539,212,206
540,212,184
541,212,164
542,212,150
543,212,138
544,212,142
545,212,157
546,212,177
547,212,202
548,212,213
549,212,206
550,212,183
551,212,157
552,212,141
553,212,133
554,212,123
555,212,115
556,212,111
557,212,109
558,212,107
559,212,108
560,212,111
561,212,117
562,212,121
563,212,124
564,212,123
565,212,137
566,212,147
567,212,147
568,212,153
569,212,158
570,212,163
571,212,166
572,212,165
573,212,160
490,213,223
491,213,226
492,213,223
493,213,219
494,213,203
495,213,175
496,213,175
497,213,177
498,213,153
499,213,168
500,213,175
501,213,160
502,213,150
503,213,139
504,213,139
505,213,141
506,213,141
507,213,141
508,213,183
509,213,219
510,213,201
511,213,198
512,213,198
513,213,198
514,213,193
515,213,173
516,213,173
517,213,173
518,213,127
519,213,95
520,213,111
521,213,146
522,213,150
523,213,117
524,213,102
525,213,104
526,213,110
527,213,110
528,213,454
529,213,520
530,213,342
531,213,324
532,213,183
533,213,362
534,213,353
535,213,226
536,213,294
537,213,327
538,213,221
539,213,239
540,213,192
541,213,163
542,213,157
543,213,129
544,213,136
545,213,172
546,213,178
547,213,178
548,213,182
549,213,185
550,213,185
551,213,150
552,213,126
553,213,124
554,213,122
555,213,115
556,213,115
557,213,115
558,213,104
559,213,106
560,213,110
561,213,110
562,213,113
563,213,126
564,213,117
565,213,177
566,213,185
567,213,150
568,213,150
569,213,150
570,213,151
571,213,160
572,213,157
573,213,145
