xv,yv,rho
490,148,318
491,148,443
492,148,578
493,148,425
494,148,306
495,148,337
496,148,348
497,148,204
498,148,205
499,148,185
500,148,172
501,148,373
502,148,341
503,148,423
504,148,585
505,148,869
506,148,1376
507,148,853
508,148,566
509,148,394
510,148,328
511,148,372
512,148,360
513,148,458
514,148,518
515,148,523
516,148,583
517,148,705
518,148,945
519,148,1337
520,148,1315
521,148,853
522,148,524
523,148,263
524,148,192
525,148,294
526,148,439
527,148,569
528,148,596
529,148,599
530,148,497
531,148,397
532,148,318
533,148,320
534,148,267
535,148,283
536,148,362
537,148,353
538,148,398
539,148,460
540,148,487
541,148,460
542,148,489
543,148,490
544,148,467
545,148,430
546,148,323
547,148,351
548,148,352
549,148,362
550,148,377
551,148,465
552,148,699
553,148,962
554,148,1435
555,148,1177
556,148,906
557,148,757
558,148,682
559,148,665
560,148,423
561,148,450
562,148,448
563,148,416
564,148,387
565,148,514
566,148,505
567,148,376
568,148,287
569,148,278
570,148,186
571,148,168
572,148,154
573,148,155
490,149,401
491,149,457
492,149,513
493,149,443
494,149,375
495,149,363
496,149,358
497,149,238
498,149,228
499,149,220
500,149,225
501,149,369
502,149,394
503,149,454
504,149,563
505,149,720
506,149,858
507,149,709
508,149,552
509,149,473
510,149,477
511,149,507
512,149,492
513,149,491
514,149,497
515,149,507
516,149,561
517,149,660
518,149,810
519,149,970
520,149,951
521,149,749
522,149,558
523,149,433
524,149,431
525,149,541
526,149,709
527,149,873
528,149,888
529,149,761
530,149,600
531,149,468
532,149,379
533,149,340
534,149,323
535,149,352
536,149,423
537,149,501
538,149,601
539,149,679
540,149,692
541,149,669
542,149,677
543,149,662
544,149,593
545,149,507
546,149,433
547,149,423
548,149,448
549,149,493
550,149,540
551,149,594
552,149,710
553,149,850
554,149,994
555,149,925
556,149,794
557,149,690
558,149,626
559,149,603
560,149,558
561,149,581
562,149,570
563,149,513
564,149,467
565,149,485
566,149,460
567,149,386
568,149,322
569,149,293
570,149,196
571,149,185
572,149,179
573,149,183
490,150,422
491,150,430
492,150,441
493,150,415
494,150,386
495,150,381
496,150,388
497,150,386
498,150,361
499,150,260
500,150,259
501,150,381
502,150,404
503,150,440
504,150,498
505,150,569
506,150,610
507,150,562
508,150,504
509,150,523
510,150,604
511,150,670
512,150,612
513,150,537
514,150,496
515,150,490
516,150,522
517,150,584
518,150,663
519,150,728
520,150,718
521,150,636
522,150,556
523,150,539
524,150,607
525,150,730
526,150,908
527,150,1117
528,150,1118
529,150,897
530,150,689
531,150,528
532,150,422
533,150,370
534,150,363
535,150,405
536,150,500
537,150,647
538,150,829
539,150,962
540,150,961
541,150,932
542,150,909
543,150,899
544,150,753
545,150,600
546,150,513
547,150,503
548,150,563
549,150,649
550,150,725
551,150,759
552,150,763
553,150,771
554,150,789
555,150,748
556,150,675
557,150,608
558,150,573
559,150,580
560,150,619
561,150,701
562,150,692
563,150,585
564,150,520
565,150,508
566,150,468
567,150,403
568,150,341
569,150,309
570,150,293
571,150,202
572,150,198
573,150,188
490,151,387
491,151,387
492,151,389
493,151,382
494,151,379
495,151,392
496,151,419
497,151,442
498,151,446
499,151,436
500,151,412
501,151,278
502,151,387
503,151,406
504,151,432
505,151,460
506,151,472
507,151,459
508,151,467
509,151,537
510,151,674
511,151,836
512,151,686
513,151,563
514,151,501
515,151,488
516,151,509
517,151,532
518,151,563
519,151,588
520,151,591
521,151,571
522,151,563
523,151,617
524,151,741
525,151,901
526,151,1003
527,151,1101
528,151,1110
529,151,960
530,151,781
531,151,607
532,151,480
533,151,411
534,151,401
535,151,449
536,151,564
537,151,762
538,151,1039
539,151,1282
540,151,1250
541,151,1223
542,151,1105
543,151,1172
544,151,872
545,151,663
546,151,574
547,151,598
548,151,706
549,151,847
550,151,967
551,151,979
552,151,888
553,151,785
554,151,704
555,151,646
556,151,587
557,151,537
558,151,522
559,151,544
560,151,609
561,151,702
562,151,696
563,151,592
564,151,553
565,151,562
566,151,491
567,151,411
568,151,350
569,151,323
570,151,315
571,151,224
572,151,228
573,151,230
490,152,363
491,152,347
492,152,350
493,152,357
494,152,373
495,152,408
496,152,453
497,152,492
498,152,505
499,152,488
500,152,451
501,152,403
502,152,264
503,152,365
504,152,377
505,152,385
506,152,389
507,152,391
508,152,421
509,152,490
510,152,593
511,152,672
512,152,618
513,152,543
514,152,511
515,152,533
516,152,558
517,152,558
518,152,547
519,152,555
520,152,586
521,152,616
522,152,636
523,152,675
524,152,811
525,152,1012
526,152,1091
527,152,1079
528,152,1206
529,152,1145
530,152,924
531,152,706
532,152,551
533,152,471
534,152,460
535,152,494
536,152,595
537,152,786
538,152,1067
539,152,1340
540,152,1434
541,152,1404
542,152,1095
543,152,993
544,152,809
545,152,656
546,152,608
547,152,699
548,152,879
549,152,1070
550,152,1244
551,152,1230
552,152,1025
553,152,836
554,152,698
555,152,603
556,152,534
557,152,489
558,152,477
559,152,497
560,152,544
561,152,595
562,152,592
563,152,534
564,152,534
565,152,548
566,152,476
567,152,395
568,152,349
569,152,334
570,152,339
571,152,252
572,152,267
573,152,264
490,153,165
491,153,288
492,153,319
493,153,343
494,153,380
495,153,434
496,153,500
497,153,555
498,153,568
499,153,534
500,153,480
501,153,425
502,153,373
503,153,244
504,153,331
505,153,329
506,153,332
507,153,343
508,153,369
509,153,416
510,153,477
511,153,522
512,153,521
513,153,516
514,153,565
515,153,641
516,153,685
517,153,664
518,153,613
519,153,610
520,153,676
521,153,752
522,153,771
523,153,748
524,153,790
525,153,923
526,153,1012
527,153,1108
528,153,1354
529,153,1312
530,153,1036
531,153,802
532,153,644
533,153,578
534,153,573
535,153,582
536,153,615
537,153,729
538,153,915
539,153,1128
540,153,1215
541,153,1195
542,153,987
543,153,813
544,153,689
545,153,608
546,153,619
547,153,773
548,153,1023
549,153,1305
550,153,1401
551,153,1350
552,153,1093
553,153,871
554,153,708
555,153,594
556,153,513
557,153,462
558,153,448
559,153,460
560,153,488
561,153,514
562,153,512
563,153,488
564,153,483
565,153,473
566,153,428
567,153,374
568,153,347
569,153,346
570,153,363
571,153,287
572,153,331
573,153,352
490,154,160
491,154,183
492,154,304
493,154,349
494,154,400
495,154,470
496,154,558
497,154,641
498,154,651
499,154,587
500,154,512
501,154,449
502,154,397
503,154,348
504,154,220
505,154,203
506,154,286
507,154,302
508,154,324
509,154,354
510,154,392
511,154,428
512,154,462
513,154,534
514,154,661
515,154,814
516,154,900
517,154,839
518,154,730
519,154,707
520,154,815
521,154,963
522,154,972
523,154,846
524,154,754
525,154,829
526,154,935
527,154,1112
528,154,1339
529,154,1186
530,154,1057
531,154,920
532,154,796
533,154,750
534,154,770
535,154,756
536,154,705
537,154,688
538,154,770
539,154,879
540,154,933
541,154,918
542,154,800
543,154,667
544,154,593
545,154,564
546,154,620
547,154,790
548,154,1048
549,154,1326
550,154,1389
551,154,1264
552,154,1080
553,154,890
554,154,731
555,154,610
556,154,519
557,154,458
558,154,440
559,154,450
560,154,469
561,154,482
562,154,479
563,154,464
564,154,453
565,154,431
566,154,389
567,154,356
568,154,345
569,154,352
570,154,270
571,154,319
572,154,426
573,154,667
490,155,93
491,155,233
492,155,307
493,155,373
494,155,439
495,155,511
496,155,604
497,155,710
498,155,719
499,155,629
500,155,552
501,155,493
502,155,435
503,155,379
504,155,324
505,155,199
506,155,186
507,155,273
508,155,293
509,155,315
510,155,343
511,155,382
512,155,449
513,155,568
514,155,754
515,155,990
516,155,1162
517,155,1024
518,155,853
519,155,811
520,155,921
521,155,1135
522,155,1133
523,155,913
524,155,774
525,155,865
526,155,983
527,155,1020
528,155,1111
529,155,1102
530,155,1165
531,155,1124
532,155,994
533,155,982
534,155,1058
535,155,1028
536,155,881
537,155,754
538,155,735
539,155,781
540,155,799
541,155,765
542,155,682
543,155,606
544,155,565
545,155,561
546,155,623
547,155,774
548,155,991
549,155,1192
550,155,1251
551,155,1179
552,155,1113
553,155,976
554,155,807
555,155,658
556,155,546
557,155,478
558,155,462
559,155,480
560,155,505
561,155,518
562,155,506
563,155,478
564,155,453
565,155,423
566,155,382
567,155,354
568,155,350
569,155,359
570,155,273
571,155,314
572,155,400
573,155,609
490,156,169
491,156,239
492,156,325
493,156,416
494,156,507
495,156,578
496,156,619
497,156,671
498,156,680
499,156,647
500,156,627
501,156,569
502,156,491
503,156,417
504,156,356
505,156,303
506,156,189
507,156,191
508,156,281
509,156,294
510,156,318
511,156,363
512,156,447
513,156,577
514,156,771
515,156,1014
516,156,1194
517,156,1075
518,156,978
519,156,977
520,156,938
521,156,1013
522,156,995
523,156,857
524,156,778
525,156,906
526,156,1100
527,156,986
528,156,949
529,156,1076
530,156,1288
531,156,1305
532,156,1156
533,156,1215
534,156,1391
535,156,1344
536,156,1086
537,156,905
538,156,941
539,156,1014
540,156,1002
541,156,888
542,156,756
543,156,702
544,156,698
545,156,688
546,156,690
547,156,822
548,156,1044
549,156,1258
550,156,1326
551,156,1298
552,156,1312
553,156,1143
554,156,915
555,156,715
556,156,575
557,156,496
558,156,497
559,156,539
560,156,591
561,156,616
562,156,591
563,156,537
564,156,484
565,156,438
566,156,399
567,156,368
568,156,367
569,156,376
570,156,388
571,156,397
572,156,269
573,156,164
490,157,116
491,157,232
492,157,345
493,157,469
494,157,599
495,157,689
496,157,671
497,157,635
498,157,649
499,157,716
500,157,755
501,157,677
502,157,558
503,157,458
504,157,387
505,157,335
506,157,215
507,157,301
508,157,303
509,157,213
510,157,224
511,157,365
512,157,442
513,157,556
514,157,716
515,157,898
516,157,1020
517,157,1016
518,157,1114
519,157,1209
520,157,1047
521,157,884
522,157,822
523,157,752
524,157,729
525,157,823
526,157,906
527,157,864
528,157,843
529,157,991
530,157,1179
531,157,1246
532,157,1221
533,157,1404
534,157,1592
535,157,1470
536,157,1216
537,157,1084
538,157,1254
539,157,1419
540,157,1386
541,157,1155
542,157,945
543,157,926
544,157,951
545,157,908
546,157,848
547,157,909
548,157,1157
549,157,1459
550,157,1522
551,157,1416
552,157,1562
553,157,1302
554,157,992
555,157,744
556,157,585
557,157,509
558,157,533
559,157,613
560,157,712
561,157,765
562,157,713
563,157,614
564,157,526
565,157,463
566,157,418
567,157,386
568,157,381
569,157,384
570,157,386
571,157,376
572,157,338
573,157,262
490,158,99
491,158,234
492,158,361
493,158,501
494,158,661
495,158,813
496,158,717
497,158,647
498,158,673
499,158,788
500,158,916
501,158,768
502,158,613
503,158,494
504,158,419
505,158,379
506,158,365
507,158,366
508,158,361
509,158,351
510,158,355
511,158,388
512,158,445
513,158,538
514,158,669
515,158,823
516,158,959
517,158,1038
518,158,1169
519,158,1247
520,158,1053
521,158,860
522,158,742
523,158,700
524,158,700
525,158,743
526,158,766
527,158,753
528,158,784
529,158,950
530,158,1146
531,158,1310
532,158,1379
533,158,1483
534,158,1622
535,158,1474
536,158,1320
537,158,1356
538,158,1608
539,158,1898
540,158,1839
541,158,1442
542,158,1181
543,158,1264
544,158,1342
545,158,1216
546,158,1023
547,158,949
548,158,1148
549,158,1427
550,158,1469
551,158,1290
552,158,1337
553,158,1217
554,158,937
555,158,707
556,158,563
557,158,504
558,158,551
559,158,666
560,158,823
561,158,935
562,158,830
563,158,683
564,158,569
565,158,489
566,158,431
567,158,397
568,158,395
569,158,402
570,158,400
571,158,380
572,158,340
573,158,280
490,159,127
491,159,254
492,159,369
493,159,491
494,159,616
495,159,698
496,159,671
497,159,633
498,159,677
499,159,792
500,159,867
501,159,783
502,159,643
503,159,527
504,159,460
505,159,443
506,159,448
507,159,453
508,159,444
509,159,427
510,159,416
511,159,428
512,159,469
513,159,554
514,159,691
515,159,882
516,159,1094
517,159,1226
518,159,1156
519,159,1101
520,159,966
521,159,838
522,159,773
523,159,774
524,159,802
525,159,801
526,159,764
527,159,744
528,159,849
529,159,1141
530,159,1485
531,159,1782
532,159,1789
533,159,1549
534,159,1485
535,159,1461
536,159,1566
537,159,1708
538,159,1884
539,159,2049
540,159,1938
541,159,1565
542,159,1488
543,159,1648
544,159,1825
545,159,1520
546,159,1157
547,159,923
548,159,998
549,159,1141
550,159,1165
551,159,1058
552,159,1037
553,159,948
554,159,778
555,159,618
556,159,513
557,159,477
558,159,533
559,159,652
560,159,813
561,159,932
562,159,843
563,159,733
564,159,623
565,159,517
566,159,442
567,159,411
568,159,427
569,159,454
570,159,455
571,159,422
572,159,369
573,159,291
490,160,221
491,160,304
492,160,397
493,160,488
494,160,561
495,160,613
496,160,625
497,160,636
498,160,719
499,160,869
500,160,981
501,160,870
502,160,709
503,160,590
504,160,537
505,160,537
506,160,568
507,160,585
508,160,567
509,160,531
510,160,504
511,160,502
512,160,525
513,160,602
514,160,742
515,160,953
516,160,1220
517,160,1479
518,160,1249
519,160,1037
520,160,921
521,160,867
522,160,904
523,160,967
524,160,1030
525,160,1007
526,160,905
527,160,857
528,160,1025
529,160,1370
530,160,1810
531,160,2244
532,160,2184
533,160,1782
534,160,1548
535,160,1639
536,160,1889
537,160,2151
538,160,2280
539,160,1927
540,160,1717
541,160,1548
542,160,1747
543,160,2028
544,160,1925
545,160,1559
546,160,1164
547,160,906
548,160,843
549,160,902
550,160,921
551,160,863
552,160,816
553,160,738
554,160,628
555,160,525
556,160,455
557,160,435
558,160,482
559,160,572
560,160,682
561,160,759
562,160,783
563,160,802
564,160,672
565,160,536
566,160,451
567,160,434
568,160,482
569,160,552
570,160,560
571,160,498
572,160,432
573,160,398
490,161,268
491,161,356
492,161,447
493,161,546
494,161,606
495,161,637
496,161,694
497,161,700
498,161,745
499,161,877
500,161,982
501,161,887
502,161,769
503,161,689
504,161,644
505,161,668
506,161,738
507,161,779
508,161,744
509,161,678
510,161,639
511,161,622
512,161,624
513,161,676
514,161,794
515,161,971
516,161,1179
517,161,1305
518,161,1199
519,161,1032
520,161,940
521,161,1004
522,161,1135
523,161,1247
524,161,1330
525,161,1279
526,161,1081
527,161,982
528,161,1150
529,161,1534
530,161,2061
531,161,2611
532,161,2223
533,161,1895
534,161,1811
535,161,1973
536,161,2092
537,161,2233
538,161,2055
539,161,1853
540,161,1611
541,161,1579
542,161,1778
543,161,2001
544,161,1736
545,161,1351
546,161,1060
547,161,828
548,161,763
549,161,819
550,161,869
551,161,849
552,161,766
553,161,652
554,161,550
555,161,465
556,161,409
557,161,391
558,161,419
559,161,476
560,161,543
561,161,611
562,161,694
563,161,749
564,161,640
565,161,519
566,161,449
567,161,456
568,161,532
569,161,647
570,161,662
571,161,569
572,161,475
573,161,352
490,162,389
491,162,415
492,162,497
493,162,618
494,162,681
495,162,730
496,162,828
497,162,789
498,162,759
499,162,811
500,162,856
501,162,871
502,162,885
503,162,827
504,162,785
505,162,826
506,162,945
507,162,1030
508,162,959
509,162,863
510,162,832
511,162,797
512,162,774
513,162,814
514,162,901
515,162,1048
516,162,1212
517,162,1302
518,162,1228
519,162,1095
520,162,1054
521,162,1191
522,162,1400
523,162,1576
524,162,1526
525,162,1436
526,162,1210
527,162,1084
528,162,1225
529,162,1578
530,162,2029
531,162,2342
532,162,2237
533,162,2036
534,162,2121
535,162,2403
536,162,2421
537,162,2143
538,162,2069
539,162,2145
540,162,1974
541,162,1905
542,162,1811
543,162,1653
544,162,1473
545,162,1151
546,162,1001
547,162,867
548,162,825
549,162,943
550,162,1054
551,162,1043
552,162,901
553,162,720
554,162,565
555,162,456
556,162,385
557,162,352
558,162,363
559,162,395
560,162,438
561,162,493
562,162,551
563,162,577
564,162,532
565,162,470
566,162,439
567,162,467
568,162,543
569,162,632
570,162,663
571,162,630
572,162,572
573,162,431
490,163,396
491,163,437
492,163,514
493,163,608
494,163,669
495,163,755
496,163,860
497,163,834
498,163,814
499,163,798
500,163,815
501,163,912
502,163,1078
503,163,986
504,163,958
505,163,984
506,163,1112
507,163,1289
508,163,1132
509,163,1066
510,163,1079
511,163,1022
512,163,968
513,163,1027
514,163,1125
515,163,1302
516,163,1548
517,163,1718
518,163,1566
519,163,1332
520,163,1199
521,163,1339
522,163,1629
523,163,1751
524,163,1719
525,163,1585
526,163,1374
527,163,1233
528,163,1399
529,163,1787
530,163,2293
531,163,2664
532,163,2625
533,163,2434
534,163,2423
535,163,2662
536,163,2633
537,163,2364
538,163,2578
539,163,2823
540,163,2617
541,163,2494
542,163,2211
543,163,1741
544,163,1523
545,163,1283
546,163,1172
547,163,1005
548,163,952
549,163,1144
550,163,1359
551,163,1349
552,163,1100
553,163,827
554,163,615
555,163,473
556,163,381
557,163,231
558,163,315
559,163,336
560,163,367
561,163,403
562,163,436
563,163,452
564,163,443
565,163,431
566,163,443
567,163,494
568,163,571
569,163,645
570,163,701
571,163,771
572,163,798
573,163,670
490,164,368
491,164,449
492,164,543
493,164,632
494,164,683
495,164,733
496,164,793
497,164,856
498,164,923
499,164,854
500,164,803
501,164,910
502,164,1066
503,164,1104
504,164,1208
505,164,1166
506,164,1135
507,164,1171
508,164,1136
509,164,1222
510,164,1338
511,164,1234
512,164,1159
513,164,1289
514,164,1425
515,164,1502
516,164,1840
517,164,2223
518,164,1885
519,164,1572
520,164,1394
521,164,1401
522,164,1611
523,164,1843
524,164,2230
525,164,2207
526,164,1855
527,164,1570
528,164,1625
529,164,2056
530,164,2698
531,164,3379
532,164,3237
533,164,3048
534,164,2790
535,164,2727
536,164,2622
537,164,2546
538,164,3018
539,164,3644
540,164,3296
541,164,2923
542,164,2459
543,164,1827
544,164,1829
545,164,1508
546,164,1353
547,164,1102
548,164,1026
549,164,1259
550,164,1583
551,164,1572
552,164,1211
553,164,883
554,164,643
555,164,486
556,164,388
557,164,321
558,164,206
559,164,297
560,164,324
561,164,350
562,164,372
563,164,387
564,164,399
565,164,425
566,164,494
567,164,595
568,164,702
569,164,775
570,164,837
571,164,991
572,164,1157
573,164,1202
490,165,344
491,165,483
492,165,633
493,165,775
494,165,816
495,165,778
496,165,776
497,165,860
498,165,933
499,165,856
500,165,785
501,165,858
502,165,1002
503,165,1223
504,165,1486
505,165,1317
506,165,1144
507,165,1068
508,165,1081
509,165,1221
510,165,1364
511,165,1291
512,165,1280
513,165,1531
514,165,1768
515,165,1753
516,165,1912
517,165,2109
518,165,2052
519,165,1915
520,165,1632
521,165,1488
522,165,1625
523,165,2088
524,165,2612
525,165,2614
526,165,2119
527,165,1789
528,165,1832
529,165,2265
530,165,2887
531,165,3669
532,165,4048
533,165,3737
534,165,3582
535,165,3237
536,165,2919
537,165,2894
538,165,3200
539,165,3633
540,165,4149
541,165,3243
542,165,2408
543,165,1862
544,165,1889
545,165,1786
546,165,1291
547,165,1058
548,165,980
549,165,1159
550,165,1368
551,165,1356
552,165,1107
553,165,834
554,165,623
555,165,482
556,165,393
557,165,332
558,165,207
559,165,206
560,165,312
561,165,337
562,165,358
563,165,376
564,165,400
565,165,458
566,165,562
567,165,715
568,165,880
569,165,960
570,165,989
571,165,1150
572,165,1421
573,165,1759
490,166,355
491,166,502
492,166,685
493,166,886
494,166,930
495,166,839
496,166,796
497,166,831
498,166,844
499,166,793
500,166,746
501,166,800
502,166,955
503,166,1188
504,166,1424
505,166,1404
506,166,1188
507,166,1028
508,166,1004
509,166,1094
510,166,1181
511,166,1203
512,166,1319
513,166,1605
514,166,1880
515,166,1902
516,166,2011
517,166,2264
518,166,2290
519,166,2180
520,166,1874
521,166,1760
522,166,1775
523,166,2059
524,166,2391
525,166,2405
526,166,2105
527,166,1898
528,166,2104
529,166,2581
530,166,3103
531,166,3790
532,166,4023
533,166,4487
534,166,4290
535,166,4067
536,166,3763
537,166,3632
538,166,3663
539,166,4079
540,166,4016
541,166,3128
542,166,2342
543,166,1761
544,166,1613
545,166,1561
546,166,1166
547,166,960
548,166,875
549,166,965
550,166,1062
551,166,1046
552,166,903
553,166,724
554,166,573
555,166,469
556,166,402
557,166,360
558,166,337
559,166,332
560,166,349
561,166,374
562,166,400
563,166,422
564,166,446
565,166,503
566,166,613
567,166,790
568,166,1011
569,166,1090
570,166,1067
571,166,1182
572,166,1468
573,166,1806
490,167,325
491,167,468
492,167,634
493,167,813
494,167,874
495,167,864
496,167,894
497,167,899
498,167,832
499,167,758
500,167,715
501,167,761
502,167,907
503,167,1130
504,167,1356
505,167,1359
506,167,1161
507,167,1006
508,167,964
509,167,1021
510,167,1081
511,167,1135
512,167,1294
513,167,1567
514,167,1843
515,167,2066
516,167,2187
517,167,2450
518,167,2636
519,167,2696
520,167,2194
521,167,2167
522,167,2053
523,167,2041
524,167,2317
525,167,2408
526,167,2227
527,167,2082
528,167,2345
529,167,2933
530,167,3492
531,167,3664
532,167,4066
533,167,4456
534,167,4697
535,167,4974
536,167,4554
537,167,4531
538,167,4175
539,167,3906
540,167,3659
541,167,2987
542,167,2146
543,167,1853
544,167,1797
545,167,1533
546,167,1194
547,167,943
548,167,812
549,167,818
550,167,839
551,167,811
552,167,725
553,167,620
554,167,530
555,167,468
556,167,433
557,167,413
558,167,407
559,167,409
560,167,423
561,167,459
562,167,501
563,167,529
564,167,541
565,167,560
566,167,633
567,167,762
568,167,915
569,167,989
570,167,1016
571,167,1148
572,167,1434
573,167,1753
490,168,335
491,168,461
492,168,611
493,168,755
494,168,816
495,168,932
496,168,1065
497,168,1074
498,168,943
499,168,803
500,168,719
501,168,730
502,168,832
503,168,987
504,168,1124
505,168,1141
506,168,1057
507,168,1001
508,168,1055
509,168,1141
510,168,1190
511,168,1222
512,168,1361
513,168,1669
514,168,2059
515,168,2396
516,168,2449
517,168,2394
518,168,2610
519,168,2408
520,168,2403
521,168,2663
522,168,2418
523,168,2359
524,168,2597
525,168,2804
526,168,2491
527,168,2259
528,168,2463
529,168,3032
530,168,3554
531,168,3677
532,168,4016
533,168,4711
534,168,4934
535,168,5015
536,168,5405
537,168,5543
538,168,4654
539,168,3850
540,168,3565
541,168,2982
542,168,2211
543,168,1948
544,168,1886
545,168,1607
546,168,1273
547,168,1015
548,168,868
549,168,803
550,168,758
551,168,699
552,168,631
553,168,571
554,168,533
555,168,519
556,168,512
557,168,507
558,168,517
559,168,525
560,168,539
561,168,596
562,168,667
563,168,710
564,168,701
565,168,664
566,168,653
567,168,699
568,168,771
569,168,828
570,168,887
571,168,1026
572,168,1289
573,168,1701
490,169,320
491,169,443
492,169,586
493,169,727
494,169,814
495,169,1004
496,169,1229
497,169,1251
498,169,1051
499,169,860
500,169,736
501,169,701
502,169,750
503,169,838
504,169,919
505,169,955
506,169,976
507,169,1080
508,169,1263
509,169,1436
510,169,1489
511,169,1452
512,169,1506
513,169,1806
514,169,2250
515,169,2708
516,169,2489
517,169,2254
518,169,2277
519,169,2281
520,169,2497
521,169,2778
522,169,2884
523,169,2770
524,169,2787
525,169,2934
526,169,2627
527,169,2441
528,169,2559
529,169,2979
530,169,3392
531,169,3667
532,169,4133
533,169,4980
534,169,5363
535,169,5661
536,169,5429
537,169,5766
538,169,5042
539,169,4088
540,169,4057
541,169,3265
542,169,2585
543,169,2132
544,169,1951
545,169,1733
546,169,1454
547,169,1223
548,169,1132
549,169,1012
550,169,876
551,169,725
552,169,637
553,169,606
554,169,615
555,169,642
556,169,662
557,169,669
558,169,696
559,169,707
560,169,708
561,169,787
562,169,904
563,169,974
564,169,931
565,169,823
566,169,719
567,169,665
568,169,663
569,169,685
570,169,734
571,169,837
572,169,1001
573,169,1208
490,170,298
491,170,417
492,170,544
493,170,670
494,170,799
495,170,1019
496,170,1227
497,170,1300
498,170,1143
499,170,928
500,170,768
501,170,689
502,170,686
503,170,727
504,170,781
505,170,844
506,170,969
507,170,1198
508,170,1523
509,170,1838
510,170,1907
511,170,1760
512,170,1703
513,170,1908
514,170,2232
515,170,2452
516,170,2323
517,170,2098
518,170,2056
519,170,2251
520,170,2987
521,170,3669
522,170,3721
523,170,3209
524,170,2883
525,170,2775
526,170,2947
527,170,2952
528,170,2960
529,170,3232
530,170,3653
531,170,4095
532,170,4564
533,170,5151
534,170,5562
535,170,5910
536,170,5873
537,170,5753
538,170,5091
539,170,4134
540,170,3850
541,170,3385
542,170,3026
543,170,2776
544,170,2524
545,170,2338
546,170,2009
547,170,1723
548,170,1582
549,170,1377
550,170,1132
551,170,908
552,170,747
553,170,724
554,170,775
555,170,853
556,170,906
557,170,918
558,170,968
559,170,977
560,170,953
561,170,1009
562,170,1181
563,170,1305
564,170,1201
565,170,1002
566,170,814
567,170,676
568,170,602
569,170,579
570,170,602
571,170,652
572,170,696
573,170,647
490,171,259
491,171,399
492,171,528
493,171,663
494,171,828
495,171,1085
496,171,1339
497,171,1518
498,171,1251
499,171,984
500,171,792
501,171,684
502,171,644
503,171,656
504,171,701
505,171,796
506,171,973
507,171,1271
508,171,1694
509,171,2173
510,171,2295
511,171,2075
512,171,1977
513,171,2191
514,171,2380
515,171,2495
516,171,2346
517,171,2087
518,171,1979
519,171,2377
520,171,3044
521,171,3746
522,171,3832
523,171,3278
524,171,3072
525,171,2961
526,171,3387
527,171,3487
528,171,3507
529,171,3960
530,171,4328
531,171,4652
532,171,4943
533,171,5160
534,171,5772
535,171,6522
536,171,6055
537,171,5430
538,171,4904
539,171,4476
540,171,4339
541,171,3879
542,171,3606
543,171,3407
544,171,3140
545,171,2974
546,171,2549
547,171,2354
548,171,2188
549,171,1854
550,171,1463
551,171,1134
552,171,918
553,171,908
554,171,1005
555,171,1150
556,171,1249
557,171,1244
558,171,1327
559,171,1321
560,171,1214
561,171,1191
562,171,1387
563,171,1627
564,171,1395
565,171,1131
566,171,892
567,171,703
568,171,578
569,171,526
570,171,523
571,171,539
572,171,535
573,171,487
490,172,300
491,172,411
492,172,547
493,172,705
494,172,938
495,172,1202
496,172,1456
497,172,1480
498,172,1238
499,172,987
500,172,794
501,172,676
502,172,618
503,172,606
504,172,654
505,172,759
506,172,942
507,172,1240
508,172,1662
509,172,2144
510,172,2561
511,172,2289
512,172,2218
513,172,2530
514,172,2705
515,172,2871
516,172,2585
517,172,2216
518,172,1996
519,172,2166
520,172,2757
521,172,3261
522,172,3535
523,172,3431
524,172,3479
525,172,3229
526,172,3322
527,172,3599
528,172,4169
529,172,5197
530,172,5561
531,172,5517
532,172,5500
533,172,5595
534,172,5834
535,172,6273
536,172,5762
537,172,5301
538,172,5273
539,172,5170
540,172,5119
541,172,4250
542,172,3785
543,172,3566
544,172,3324
545,172,3214
546,172,2937
547,172,3022
548,172,2863
549,172,2336
550,172,1781
551,172,1363
552,172,1138
553,172,1148
554,172,1295
555,172,1488
556,172,1644
557,172,1552
558,172,1685
559,172,1658
560,172,1413
561,172,1269
562,172,1383
563,172,1492
564,172,1380
565,172,1156
566,172,919
567,172,707
568,172,568
569,172,495
570,172,485
571,172,497
572,172,457
573,172,323
490,173,167
491,173,419
492,173,592
493,173,781
494,173,1000
495,173,1240
496,173,1474
497,173,1462
498,173,1222
499,173,974
500,173,787
501,173,667
502,173,599
503,173,411
504,173,630
505,173,726
506,173,881
507,173,1123
508,173,1458
509,173,1863
510,173,2170
511,173,2230
512,173,2351
513,173,2746
514,173,2897
515,173,2998
516,173,2695
517,173,2356
518,173,2175
519,173,2262
520,173,2505
521,173,2905
522,173,3911
523,173,4650
524,173,4715
525,173,4010
526,173,4008
527,173,4309
528,173,5088
529,173,6315
530,173,6755
531,173,6761
532,173,6568
533,173,6350
534,173,6253
535,173,6315
536,173,6005
537,173,5759
538,173,5563
539,173,5732
540,173,4765
541,173,4116
542,173,3604
543,173,3430
544,173,3274
545,173,3276
546,173,3397
547,173,3569
548,173,3363
549,173,2616
550,173,1977
551,173,1544
552,173,1437
553,173,1467
554,173,1605
555,173,1798
556,173,1785
557,173,1626
558,173,1720
559,173,1679
560,173,1434
561,173,1296
562,173,1336
563,173,1400
564,173,1324
565,173,1138
566,173,915
567,173,700
568,173,556
569,173,478
570,173,473
571,173,541
572,173,496
573,173,334
490,174,228
491,174,442
492,174,634
493,174,836
494,174,1064
495,174,1291
496,174,1386
497,174,1307
498,174,1144
499,174,942
500,174,779
501,174,672
502,174,615
503,174,605
504,174,654
505,174,722
506,174,830
507,174,993
508,174,1240
509,174,1486
510,174,1840
511,174,2213
512,174,2592
513,174,3248
514,174,3280
515,174,2926
516,174,2681
517,174,2538
518,174,2544
519,174,2652
520,174,2779
521,174,3061
522,174,3934
523,174,4688
524,174,4986
525,174,5517
526,174,5112
527,174,5354
528,174,6335
529,174,7135
530,174,7642
531,174,8042
532,174,8093
533,174,7614
534,174,7098
535,174,6760
536,174,6449
537,174,6166
538,174,5836
539,174,5284
540,174,4458
541,174,4065
542,174,3751
543,174,3901
544,174,3831
545,174,4008
546,174,4148
547,174,3762
548,174,3195
549,174,2552
550,174,2005
551,174,1819
552,174,1803
553,174,1909
554,174,2065
555,174,1968
556,174,1735
557,174,1486
558,174,1445
559,174,1395
560,174,1287
561,174,1275
562,174,1424
563,174,1525
564,174,1422
565,174,1188
566,174,929
567,174,684
568,174,530
569,174,440
570,174,404
571,174,397
572,174,358
573,174,280
490,175,299
491,175,488
492,175,669
493,175,869
494,175,1091
495,175,1302
496,175,1369
497,175,1261
498,175,1091
499,175,921
500,175,789
501,175,704
502,175,665
503,175,678
504,175,743
505,175,807
506,175,866
507,175,936
508,175,1104
509,175,1385
510,175,1808
511,175,2348
512,175,3104
513,175,3728
514,175,3341
515,175,2947
516,175,2760
517,175,3000
518,175,3352
519,175,3267
520,175,3312
521,175,3538
522,175,4307
523,175,4958
524,175,5304
525,175,6157
526,175,6146
527,175,6550
528,175,7329
529,175,7827
530,175,6167
531,175,9575
532,175,9808
533,175,9378
534,175,8700
535,175,8120
536,175,7622
537,175,7139
538,175,6261
539,175,5476
540,175,4737
541,175,4376
542,175,4222
543,175,4735
544,175,4437
545,175,4621
546,175,4240
547,175,3739
548,175,3074
549,175,2443
550,175,2195
551,175,2187
552,175,2152
553,175,2335
554,175,2408
555,175,2302
556,175,1801
557,175,1365
558,175,1178
559,175,1114
560,175,1108
561,175,1260
562,175,1531
563,175,1730
564,175,1530
565,175,1212
566,175,912
567,175,667
568,175,487
569,175,387
570,175,327
571,175,294
572,175,261
573,175,218
490,176,444
491,176,542
492,176,694
493,176,884
494,176,1097
495,176,1288
496,176,1388
497,176,1313
498,176,1146
499,176,977
500,176,863
501,176,794
502,176,767
503,176,808
504,176,922
505,176,1012
506,176,1054
507,176,1084
508,176,1224
509,176,1513
510,176,1885
511,176,2476
512,176,3408
513,176,3648
514,176,3318
515,176,2999
516,176,2967
517,176,3321
518,176,3910
519,176,4636
520,176,4320
521,176,4590
522,176,4865
523,176,5352
524,176,5884
525,176,6790
526,176,7442
527,176,7659
528,176,5785
529,176,6467
530,176,10343
531,176,11369
532,176,11586
533,176,11163
534,176,10517
535,176,9679
536,176,8714
537,176,7759
538,176,7001
539,176,6190
540,176,5553
541,176,4934
542,176,5025
543,176,5690
544,176,4839
545,176,4241
546,176,3757
547,176,3249
548,176,2770
549,176,2560
550,176,2419
551,176,2588
552,176,2230
553,176,2296
554,176,2120
555,176,1990
556,176,1609
557,176,1230
558,176,965
559,176,898
560,176,959
561,176,1164
562,176,1453
563,176,1656
564,176,1447
565,176,1125
566,176,832
567,176,602
568,176,430
569,176,333
570,176,269
571,176,232
572,176,206
573,176,181
490,177,446
491,177,556
492,177,702
493,177,895
494,177,1133
495,177,1383
496,177,1547
497,177,1445
498,177,1264
499,177,1103
500,177,1011
501,177,955
502,177,937
503,177,1021
504,177,1207
505,177,1352
506,177,1389
507,177,1355
508,177,1472
509,177,1804
510,177,2293
511,177,2804
512,177,3569
513,177,3768
514,177,3501
515,177,3218
516,177,3172
517,177,3486
518,177,3958
519,177,4426
520,177,4975
521,177,5254
522,177,5538
523,177,5822
524,177,6930
525,177,7878
526,177,8663
527,177,6531
528,177,6940
529,177,7752
530,177,8703
531,177,9314
532,177,9410
533,177,9127
534,177,12161
535,177,11055
536,177,9933
537,177,8776
538,177,7922
539,177,6878
540,177,6195
541,177,5241
542,177,4935
543,177,4954
544,177,4822
545,177,4448
546,177,3622
547,177,3042
548,177,2933
549,177,2832
550,177,2635
551,177,2347
552,177,2008
553,177,1834
554,177,1675
555,177,1525
556,177,1286
557,177,1023
558,177,811
559,177,745
560,177,813
561,177,977
562,177,1171
563,177,1268
564,177,1154
565,177,927
566,177,698
567,177,513
568,177,369
569,177,285
570,177,228
571,177,195
572,177,176
573,177,163
490,178,452
491,178,554
492,178,685
493,178,865
494,178,1096
495,178,1357
496,178,1554
497,178,1516
498,178,1429
499,178,1306
500,178,1231
501,178,1188
502,178,1173
503,178,1330
504,178,1578
505,178,1809
506,178,1842
507,178,1724
508,178,1786
509,178,2150
510,178,2743
511,178,3097
512,178,3728
513,178,4179
514,178,3843
515,178,3672
516,178,3664
517,178,3830
518,178,4044
519,178,4438
520,178,4925
521,178,5330
522,178,5809
523,178,6474
524,178,7716
525,178,9098
526,178,10345
527,178,11180
528,178,8616
529,178,9581
530,178,10604
531,178,11250
532,178,11284
533,178,10713
534,178,9795
535,178,8700
536,178,11055
537,178,9697
538,178,8376
539,178,7159
540,178,5993
541,178,5254
542,178,4607
543,178,4324
544,178,4236
545,178,3897
546,178,3206
547,178,3147
548,178,3307
549,178,3069
550,178,2461
551,178,1948
552,178,1618
553,178,1390
554,178,1261
555,178,1119
556,178,1017
557,178,886
558,178,751
559,178,674
560,178,685
561,178,778
562,178,881
563,178,920
564,178,851
565,178,708
566,178,554
567,178,422
568,178,320
569,178,243
570,178,196
571,178,170
572,178,157
573,178,153
490,179,468
491,179,564
492,179,669
493,179,805
494,179,988
495,179,1204
496,179,1398
497,179,1601
498,179,1621
499,179,1534
500,179,1471
501,179,1444
502,179,1419
503,179,1679
504,179,1918
505,179,2274
506,179,2304
507,179,2080
508,179,2201
509,179,2540
510,179,2864
511,179,3520
512,179,4140
513,179,4454
514,179,4258
515,179,4414
516,179,4316
517,179,4495
518,179,4621
519,179,4715
520,179,5138
521,179,5665
522,179,6379
523,179,7152
524,179,8460
525,179,10075
526,179,11420
527,179,8985
528,179,10030
529,179,11388
530,179,12646
531,179,13421
532,179,13438
533,179,12632
534,179,11227
535,179,9707
536,179,12023
537,179,10465
538,179,8642
539,179,7125
540,179,5913
541,179,5128
542,179,4385
543,179,3883
544,179,3705
545,179,3448
546,179,3066
547,179,2993
548,179,2751
549,179,2485
550,179,2076
551,179,1619
552,179,1276
553,179,1105
554,179,1031
555,179,1032
556,179,1033
557,179,947
558,179,790
559,179,668
560,179,618
561,179,632
562,179,667
563,179,671
564,179,622
565,179,533
566,179,434
567,179,344
568,179,268
569,179,145
570,179,117
571,179,104
572,179,97
573,179,92
490,180,499
491,180,609
492,180,700
493,180,783
494,180,879
495,180,1051
496,180,1282
497,180,1532
498,180,1666
499,180,1650
500,180,1532
501,180,1541
502,180,1597
503,180,1992
504,180,2178
505,180,2377
506,180,2406
507,180,2246
508,180,2520
509,180,3073
510,180,3208
511,180,3643
512,180,4190
513,180,4471
514,180,4613
515,180,5169
516,180,4771
517,180,5165
518,180,5289
519,180,5246
520,180,5891
521,180,6426
522,180,6876
523,180,7703
524,180,9084
525,180,10688
526,180,8613
527,180,9592
528,180,11041
529,180,12672
530,180,14118
531,180,15010
532,180,15040
533,180,14096
534,180,12376
535,180,10381
536,180,8768
537,180,10581
538,180,8661
539,180,7018
540,180,5830
541,180,5011
542,180,4280
543,180,3881
544,180,3892
545,180,3692
546,180,3106
547,180,2593
548,180,2222
549,180,1911
550,180,1607
551,180,1295
552,180,1053
553,180,1027
554,180,1061
555,180,1138
556,180,1237
557,180,1153
558,180,898
559,180,718
560,180,618
561,180,565
562,180,548
563,180,523
564,180,478
565,180,417
566,180,348
567,180,283
568,180,227
569,180,125
570,180,105
571,180,95
572,180,90
573,180,86
490,181,591
491,181,713
492,181,803
493,181,838
494,181,842
495,181,902
496,181,1071
497,181,1250
498,181,1402
499,181,1438
500,181,1454
501,181,1577
502,181,1637
503,181,1976
504,181,2108
505,181,2095
506,181,2189
507,181,2238
508,181,2533
509,181,2957
510,181,3596
511,181,3461
512,181,3824
513,181,4316
514,181,4452
515,181,4562
516,181,4575
517,181,5164
518,181,5373
519,181,5608
520,181,6481
521,181,7253
522,181,7236
523,181,8242
524,181,9500
525,181,11163
526,181,12539
527,181,9947
528,181,11377
529,181,13032
530,181,14502
531,181,15419
532,181,15464
533,181,14499
534,181,12700
535,181,10556
536,181,8718
537,181,10499
538,181,8573
539,181,6954
540,181,5793
541,181,4832
542,181,4236
543,181,3957
544,181,3968
545,181,3771
546,181,3110
547,181,2371
548,181,1864
549,181,1500
550,181,1248
551,181,1067
552,181,1018
553,181,1141
554,181,1293
555,181,1308
556,181,1343
557,181,1228
558,181,973
559,181,798
560,181,682
561,181,598
562,181,523
563,181,459
564,181,405
565,181,352
566,181,293
567,181,172
568,181,142
569,181,117
570,181,103
571,181,95
572,181,88
573,181,81
490,182,759
491,182,864
492,182,961
493,182,947
494,182,837
495,182,794
496,182,859
497,182,973
498,182,1083
499,182,1178
500,182,1385
501,182,1685
502,182,1569
503,182,1650
504,182,1763
505,182,1852
506,182,2097
507,182,2377
508,182,2533
509,182,2722
510,182,2980
511,182,3057
512,182,3632
513,182,3881
514,182,3805
515,182,3966
516,182,4138
517,182,4532
518,182,4835
519,182,5480
520,182,6358
521,182,6865
522,182,7235
523,182,8293
524,182,9291
525,182,10812
526,182,8657
527,182,9564
528,182,10892
529,182,12367
530,182,13674
531,182,14493
532,182,14533
533,182,13658
534,182,12031
535,182,10110
536,182,8471
537,182,10134
538,182,8345
539,182,6955
540,182,5725
541,182,4831
542,182,4549
543,182,4296
544,182,3942
545,182,3821
546,182,3186
547,182,2419
548,182,1782
549,182,1305
550,182,1052
551,182,965
552,182,1049
553,182,1292
554,182,1587
555,182,1591
556,182,1314
557,182,1148
558,182,1014
559,182,947
560,182,842
561,182,697
562,182,562
563,182,458
564,182,383
565,182,334
566,182,288
567,182,247
568,182,212
569,182,130
570,182,116
571,182,106
572,182,95
573,182,84
490,183,1101
491,183,1024
492,183,1015
493,183,948
494,183,794
495,183,701
496,183,687
497,183,751
498,183,826
499,183,953
500,183,1134
501,183,1295
502,183,1290
503,183,1302
504,183,1449
505,183,1727
506,183,2133
507,183,2510
508,183,2582
509,183,2374
510,183,2387
511,183,2588
512,183,2973
513,183,3232
514,183,3412
515,183,3884
516,183,4059
517,183,4028
518,183,4340
519,183,5096
520,183,6093
521,183,6559
522,183,6912
523,183,7583
524,183,8724
525,183,10291
526,183,11627
527,183,9066
528,183,9929
529,183,11017
530,183,12011
531,183,12630
532,183,12636
533,183,11925
534,183,10669
535,183,9340
536,183,11320
537,183,9632
538,183,8056
539,183,6966
540,183,5838
541,183,4981
542,183,4917
543,183,4885
544,183,4141
545,183,3783
546,183,3113
547,183,2362
548,183,1756
549,183,1329
550,183,1100
551,183,1023
552,183,1077
553,183,1305
554,183,1591
555,183,1588
556,183,1305
557,183,1099
558,183,1148
559,183,1209
560,183,1049
561,183,814
562,183,614
563,183,477
564,183,398
565,183,352
566,183,313
567,183,277
568,183,247
569,183,222
570,183,204
571,183,183
572,183,111
573,183,86
490,184,1422
491,184,1146
492,184,928
493,184,821
494,184,701
495,184,616
496,184,583
497,184,609
498,184,653
499,184,748
500,184,854
501,184,947
502,184,983
503,184,1035
504,184,1224
505,184,1555
506,184,1980
507,184,2327
508,184,2249
509,184,2116
510,184,1927
511,184,2017
512,184,2291
513,184,2601
514,184,3080
515,184,3690
516,184,3911
517,184,3869
518,184,3979
519,184,4614
520,184,5456
521,184,6255
522,184,6451
523,184,6999
524,184,7994
525,184,9420
526,184,10864
527,184,11861
528,184,8995
529,184,9646
530,184,10293
531,184,10680
532,184,10628
533,184,10076
534,184,9234
535,184,11724
536,184,10319
537,184,8830
538,184,7880
539,184,6702
540,184,5919
541,184,5088
542,184,4922
543,184,4584
544,184,3979
545,184,3338
546,184,2745
547,184,2173
548,184,1746
549,184,1536
550,184,1312
551,184,1212
552,184,1192
553,184,1209
554,184,1302
555,184,1282
556,184,1135
557,184,1069
558,184,1238
559,184,1481
560,184,1170
561,184,866
562,184,634
563,184,487
564,184,433
565,184,403
566,184,366
567,184,327
568,184,294
569,184,275
570,184,253
571,184,226
572,184,192
573,184,101
490,185,1094
491,185,982
492,185,825
493,185,703
494,185,614
495,185,556
496,185,548
497,185,576
498,185,604
499,185,614
500,185,628
501,185,698
502,185,743
503,185,817
504,185,1008
505,185,1285
506,185,1598
507,185,1834
508,185,2069
509,185,1994
510,185,1663
511,185,1547
512,185,1793
513,185,2174
514,185,2726
515,185,3272
516,185,3754
517,185,4125
518,185,3929
519,185,3955
520,185,4682
521,185,5206
522,185,5906
523,185,6229
524,185,7279
525,185,8466
526,185,9641
527,185,10692
528,185,11473
529,185,12189
530,185,12746
531,185,13023
532,185,12853
533,185,12191
534,185,11203
535,185,10145
536,185,8910
537,185,7856
538,185,7358
539,185,6416
540,185,6388
541,185,5330
542,185,5488
543,185,5057
544,185,4075
545,185,3172
546,185,2440
547,185,2027
548,185,1951
549,185,1928
550,185,1717
551,185,1497
552,185,1433
553,185,1238
554,185,1085
555,185,996
556,185,914
557,185,929
558,185,1073
559,185,1173
560,185,1023
561,185,790
562,185,600
563,185,506
564,185,498
565,185,497
566,185,455
567,185,402
568,185,371
569,185,352
570,185,318
571,185,278
572,185,242
573,185,220
490,186,773
491,186,786
492,186,709
493,186,624
494,186,568
495,186,546
496,186,565
497,186,615
498,186,654
499,186,607
500,186,554
501,186,541
502,186,569
503,186,646
504,186,802
505,186,996
506,186,1201
507,186,1429
508,186,1616
509,186,1581
510,186,1377
511,186,1311
512,186,1582
513,186,2082
514,186,2679
515,186,3188
516,186,3692
517,186,4113
518,186,3828
519,186,3649
520,186,3868
521,186,4346
522,186,4911
523,186,5470
524,186,6376
525,186,7314
526,186,8192
527,186,9113
528,186,9881
529,186,10306
530,186,10494
531,186,10578
532,186,10393
533,186,9873
534,186,9242
535,186,8507
536,186,7748
537,186,7132
538,186,6743
539,186,5883
540,186,5516
541,186,4905
542,186,4710
543,186,4768
544,186,3854
545,186,2986
546,186,2333
547,186,2085
548,186,2237
549,186,2430
550,186,2114
551,186,1744
552,186,1592
553,186,1278
554,186,1004
555,186,827
556,186,727
557,186,748
558,186,826
559,186,864
560,186,786
561,186,647
562,186,528
563,186,523
564,186,589
565,186,648
566,186,579
567,186,498
568,186,484
569,186,466
570,186,405
571,186,337
572,186,285
573,186,257
490,187,721
491,187,688
492,187,639
493,187,596
494,187,582
495,187,585
496,187,615
497,187,681
498,187,780
499,187,632
500,187,526
501,187,474
502,187,473
503,187,519
504,187,632
505,187,755
506,187,900
507,187,1049
508,187,1156
509,187,1157
510,187,1102
511,187,1169
512,187,1576
513,187,2194
514,187,2929
515,187,3522
516,187,3580
517,187,3973
518,187,3738
519,187,3815
520,187,3852
521,187,3749
522,187,4116
523,187,5069
524,187,6116
525,187,6597
526,187,6970
527,187,7705
528,187,8370
529,187,8452
530,187,8382
531,187,8274
532,187,8194
533,187,7931
534,187,7809
535,187,7419
536,187,6975
537,187,6460
538,187,5775
539,187,5360
540,187,5020
541,187,4440
542,187,4139
543,187,3994
544,187,3468
545,187,2803
546,187,2261
547,187,2152
548,187,2326
549,187,2527
550,187,2275
551,187,2054
552,187,1709
553,187,1307
554,187,989
555,187,765
556,187,630
557,187,607
558,187,626
559,187,631
560,187,585
561,187,512
562,187,471
563,187,519
564,187,649
565,187,827
566,187,671
567,187,576
568,187,627
569,187,612
570,187,502
571,187,393
572,187,316
573,187,268
490,188,638
491,188,636
492,188,619
493,188,629
494,188,661
495,188,691
496,188,687
497,188,695
498,188,685
499,188,594
500,188,500
501,188,443
502,188,428
503,188,452
504,188,518
505,188,595
506,188,681
507,188,766
508,188,831
509,188,865
510,188,914
511,188,1088
512,188,1572
513,188,2216
514,188,2956
515,188,3509
516,188,3343
517,188,3347
518,188,3480
519,188,4022
520,188,4025
521,188,3499
522,188,3475
523,188,4441
524,188,5345
525,188,5753
526,188,6133
527,188,6742
528,188,7391
529,188,7244
530,188,7001
531,188,6683
532,188,6660
533,188,6703
534,188,6875
535,188,6989
536,188,6224
537,188,5500
538,188,5324
539,188,5276
540,188,5092
541,188,4238
542,188,4028
543,188,3662
544,188,3241
545,188,2806
546,188,2449
547,188,2402
548,188,2305
549,188,2292
550,188,2274
551,188,2437
552,188,1901
553,188,1414
554,188,1035
555,188,766
556,188,610
557,188,534
558,188,509
559,188,490
560,188,456
561,188,413
562,188,414
563,188,466
564,188,566
565,188,650
566,188,616
567,188,610
568,188,729
569,188,719
570,188,559
571,188,423
572,188,332
573,188,272
490,189,605
491,189,639
492,189,652
493,189,700
494,189,785
495,189,862
496,189,849
497,189,753
498,189,654
499,189,562
500,189,486
501,189,443
502,189,431
503,189,446
504,189,473
505,189,501
506,189,550
507,189,595
508,189,651
509,189,722
510,189,853
511,189,1114
512,189,1563
513,189,2150
514,189,2834
515,189,3489
516,189,3028
517,189,2750
518,189,3006
519,189,3400
520,189,3396
521,189,3020
522,189,2924
523,189,3634
524,189,4507
525,189,5399
526,189,5742
527,189,5974
528,189,6329
529,189,6491
530,189,6384
531,189,5862
532,189,5746
533,189,6205
534,189,6959
535,189,6457
536,189,5583
537,189,4766
538,189,4494
539,189,4528
540,189,4420
541,189,4057
542,189,4308
543,189,3685
544,189,3499
545,189,3042
546,189,2721
547,189,2826
548,189,2530
549,189,2253
550,189,2224
551,189,2114
552,189,1803
553,189,1431
554,189,1101
555,189,848
556,189,660
557,189,540
558,189,473
559,189,437
560,189,401
561,189,371
562,189,369
563,189,398
564,189,452
565,189,498
566,189,510
567,189,553
568,189,639
569,189,632
570,189,524
571,189,411
572,189,329
573,189,271
490,190,772
491,190,711
492,190,702
493,190,768
494,190,907
495,190,1055
496,190,1041
497,190,893
498,190,718
499,190,578
500,190,492
501,190,465
502,190,474
503,190,493
504,190,503
505,190,500
506,190,499
507,190,515
508,190,587
509,190,714
510,190,928
511,190,1248
512,190,1651
513,190,2052
514,190,2516
515,190,2757
516,190,2526
517,190,2254
518,190,2376
519,190,2581
520,190,2575
521,190,2382
522,190,2371
523,190,3023
524,190,3884
525,190,4695
526,190,5087
527,190,5276
528,190,5342
529,190,5609
530,190,5514
531,190,5092
532,190,5015
533,190,5512
534,190,5919
535,190,5780
536,190,4944
537,190,4068
538,190,3659
539,190,3581
540,190,3486
541,190,3412
542,190,3503
543,190,3184
544,190,3321
545,190,2942
546,190,2676
547,190,2810
548,190,2531
549,190,2419
550,190,2230
551,190,1958
552,190,1710
553,190,1545
554,190,1282
555,190,990
556,190,755
557,190,600
558,190,526
559,190,475
560,190,425
561,190,377
562,190,350
563,190,352
564,190,374
565,190,400
566,190,422
567,190,466
568,190,513
569,190,509
570,190,449
571,190,376
572,190,317
573,190,273
490,191,850
491,191,764
492,191,748
493,191,812
494,191,962
495,191,1098
496,191,1091
497,191,980
498,191,756
499,191,599
500,191,520
501,191,511
502,191,547
503,191,584
504,191,589
505,191,562
506,191,531
507,191,530
508,191,610
509,191,776
510,191,1053
511,191,1446
512,191,1910
513,191,2259
514,191,2253
515,191,2176
516,191,1971
517,191,1770
518,191,1804
519,191,1896
520,191,1884
521,191,1799
522,191,1872
523,191,2476
524,191,3225
525,191,4100
526,191,4922
527,191,5112
528,191,4823
529,191,4704
530,191,4502
531,191,4116
532,191,4165
533,191,4677
534,191,5458
535,191,5419
536,191,4518
537,191,3611
538,191,2962
539,191,2718
540,191,2499
541,191,2578
542,191,2816
543,191,2763
544,191,2555
545,191,2441
546,191,2332
547,191,2353
548,191,2224
549,191,2329
550,191,2241
551,191,1937
552,191,1838
553,191,1822
554,191,1497
555,191,1129
556,191,861
557,191,719
558,191,649
559,191,588
560,191,510
561,191,429
562,191,368
563,191,338
564,191,337
565,191,347
566,191,364
567,191,397
568,191,422
569,191,420
570,191,389
571,191,343
572,191,305
573,191,278
490,192,820
491,192,779
492,192,768
493,192,789
494,192,925
495,192,1037
496,192,959
497,192,867
498,192,710
499,192,591
500,192,539
501,192,565
502,192,640
503,192,713
504,192,721
505,192,662
506,192,599
507,192,580
508,192,648
509,192,839
510,192,1157
511,192,1585
512,192,2108
513,192,2634
514,192,2214
515,192,1831
516,192,1541
517,192,1416
518,192,1437
519,192,1479
520,192,1442
521,192,1386
522,192,1493
523,192,2002
524,192,2711
525,192,3584
526,192,4429
527,192,4700
528,192,4599
529,192,4057
530,192,3585
531,192,3417
532,192,3666
533,192,4193
534,192,4597
535,192,4730
536,192,4059
537,192,3214
538,192,2508
539,192,2037
540,192,1902
541,192,1982
542,192,2150
543,192,2137
544,192,1984
545,192,2030
546,192,2286
547,192,2343
548,192,2144
549,192,2029
550,192,1918
551,192,1787
552,192,1931
553,192,1860
554,192,1524
555,192,1169
556,192,938
557,192,884
558,192,838
559,192,770
560,192,645
561,192,513
562,192,413
563,192,352
564,192,324
565,192,318
566,192,326
567,192,351
568,192,365
569,192,374
570,192,371
571,192,350
572,192,305
573,192,238
490,193,728
491,193,751
492,193,752
493,193,728
494,193,787
495,193,838
496,193,796
497,193,729
498,193,642
499,193,573
500,193,552
501,193,610
502,193,722
503,193,851
504,193,869
505,193,773
506,193,683
507,193,649
508,193,719
509,193,942
510,193,1245
511,193,1583
512,193,1965
513,193,2143
514,193,1916
515,193,1580
516,193,1358
517,193,1371
518,193,1517
519,193,1609
520,193,1526
521,193,1391
522,193,1427
523,193,1887
524,193,2590
525,193,3423
526,193,4111
527,193,4378
528,193,4263
529,193,3543
530,193,3281
531,193,3062
532,193,3271
533,193,3803
534,193,4151
535,193,4231
536,193,3659
537,193,2886
538,193,2225
539,193,1738
540,193,1516
541,193,1511
542,193,1577
543,193,1576
544,193,1538
545,193,1759
546,193,2151
547,193,2313
548,193,2212
549,193,1992
550,193,1708
551,193,1591
552,193,1667
553,193,1606
554,193,1343
555,193,1103
556,193,1024
557,193,1086
558,193,1074
559,193,998
560,193,796
561,193,601
562,193,461
563,193,375
564,193,325
565,193,295
566,193,211
567,193,321
568,193,346
569,193,370
570,193,393
571,193,391
572,193,335
573,193,252
490,194,564
491,194,601
492,194,625
493,194,627
494,194,648
495,194,683
496,194,676
497,194,650
498,194,614
499,194,583
500,194,574
501,194,629
502,194,743
503,194,884
504,194,927
505,194,872
506,194,772
507,194,722
508,194,795
509,194,1058
510,194,1406
511,194,1754
512,194,1877
513,194,1739
514,194,1555
515,194,1334
516,194,1269
517,194,1471
518,194,1802
519,194,2020
520,194,1835
521,194,1564
522,194,1516
523,194,1814
524,194,2427
525,194,3173
526,194,3764
527,194,3867
528,194,3766
529,194,3230
530,194,3277
531,194,2919
532,194,2903
533,194,3439
534,194,4279
535,194,4367
536,194,3713
537,194,2997
538,194,2273
539,194,1716
540,194,1340
541,194,1254
542,194,1265
543,194,1264
544,194,1287
545,194,1488
546,194,1797
547,194,2099
548,194,2535
549,194,2056
550,194,1634
551,194,1411
552,194,1404
553,194,1334
554,194,1163
555,194,1013
556,194,1054
557,194,1226
558,194,1238
559,194,1154
560,194,880
561,194,650
562,194,490
563,194,392
564,194,328
565,194,274
566,194,285
567,194,307
568,194,332
569,194,369
570,194,423
571,194,458
572,194,377
573,194,275
490,195,271
491,195,427
492,195,497
493,195,533
494,195,562
495,195,599
496,195,635
497,195,673
498,195,685
499,195,653
500,195,616
501,195,628
502,195,706
503,195,823
504,195,951
505,195,947
506,195,832
507,195,779
508,195,851
509,195,1124
510,195,1498
511,195,1915
512,195,1951
513,195,1610
514,195,1304
515,195,1124
516,195,1209
517,195,1533
518,195,2018
519,195,2526
520,195,2103
521,195,1827
522,195,1655
523,195,1687
524,195,2081
525,195,2576
526,195,2925
527,195,2988
528,195,3154
529,195,2741
530,195,2709
531,195,2697
532,195,2792
533,195,2967
534,195,3724
535,195,4028
536,195,3902
537,195,3206
538,195,2483
539,195,1827
540,195,1344
541,195,1254
542,195,1283
543,195,1272
544,195,1217
545,195,1289
546,195,1471
547,195,1796
548,195,2025
549,195,1828
550,195,1470
551,195,1401
552,195,1419
553,195,1306
554,195,1115
555,195,972
556,195,988
557,195,1083
558,195,1084
559,195,1015
560,195,822
561,195,633
562,195,493
563,195,402
564,195,335
565,195,279
566,195,280
567,195,294
568,195,315
569,195,352
570,195,408
571,195,447
572,195,370
573,195,277
490,196,241
491,196,341
492,196,416
493,196,472
494,196,518
495,196,580
496,196,662
497,196,758
498,196,814
499,196,754
500,196,678
501,196,642
502,196,669
503,196,760
504,196,859
505,196,880
506,196,842
507,196,838
508,196,894
509,196,1100
510,196,1396
511,196,1663
512,196,1659
513,196,1394
514,196,1121
515,196,983
516,196,1108
517,196,1441
518,196,1882
519,196,2194
520,196,2125
521,196,2142
522,196,1863
523,196,1661
524,196,1681
525,196,1908
526,196,2162
527,196,2385
528,196,2472
529,196,2264
530,196,2196
531,196,2427
532,196,2533
533,196,2573
534,196,3030
535,196,3467
536,196,3633
537,196,3365
538,196,2579
539,196,1896
540,196,1444
541,196,1448
542,196,1574
543,196,1556
544,196,1370
545,196,1212
546,196,1232
547,196,1450
548,196,1693
549,196,1655
550,196,1430
551,196,1494
552,196,1643
553,196,1456
554,196,1196
555,196,1034
556,196,917
557,196,914
558,196,887
559,196,823
560,196,709
561,196,589
562,196,483
563,196,415
564,196,361
565,196,311
566,196,269
567,196,281
568,196,296
569,196,318
570,196,346
571,196,354
572,196,311
573,196,247
490,197,238
491,197,317
492,197,381
493,197,444
494,197,504
495,197,580
496,197,684
497,197,817
498,197,950
499,197,825
500,197,750
501,197,677
502,197,665
503,197,728
504,197,792
505,197,827
506,197,897
507,197,958
508,197,976
509,197,1043
510,197,1247
511,197,1375
512,197,1328
513,197,1135
514,197,935
515,197,848
516,197,975
517,197,1293
518,197,1731
519,197,2170
520,197,2209
521,197,2241
522,197,2027
523,197,1767
524,197,1551
525,197,1554
526,197,1833
527,197,2188
528,197,2200
529,197,1892
530,197,1785
531,197,1925
532,197,2034
533,197,2151
534,197,2503
535,197,2887
536,197,3138
537,197,2930
538,197,2358
539,197,1804
540,197,1495
541,197,1634
542,197,1922
543,197,1905
544,197,1551
545,197,1238
546,197,1122
547,197,1260
548,197,1480
549,197,1482
550,197,1317
551,197,1433
552,197,1626
553,197,1501
554,197,1392
555,197,1183
556,197,962
557,197,940
558,197,882
559,197,752
560,197,652
561,197,589
562,197,528
563,197,461
564,197,399
565,197,341
566,197,281
567,197,276
568,197,280
569,197,288
570,197,295
571,197,289
572,197,261
573,197,216
490,198,313
491,198,352
492,198,401
493,198,451
494,198,503
495,198,569
496,198,656
497,198,757
498,198,824
499,198,840
500,198,798
501,198,724
502,198,731
503,198,792
504,198,870
505,198,895
506,198,1004
507,198,1134
508,198,1102
509,198,1111
510,198,1285
511,198,1310
512,198,1161
513,198,946
514,198,780
515,198,737
516,198,874
517,198,1180
518,198,1566
519,198,1897
520,198,1959
521,198,2087
522,198,2379
523,198,1849
524,198,1457
525,198,1317
526,198,1535
527,198,1803
528,198,1813
529,198,1586
530,198,1455
531,198,1500
532,198,1604
533,198,1893
534,198,2368
535,198,2868
536,198,2921
537,198,2480
538,198,2007
539,198,1595
540,198,1430
541,198,1631
542,198,1948
543,198,1938
544,198,1572
545,198,1215
546,198,1010
547,198,1047
548,198,1159
549,198,1177
550,198,1102
551,198,1177
552,198,1307
553,198,1403
554,198,1605
555,198,1269
556,198,961
557,198,906
558,198,836
559,198,720
560,198,675
561,198,678
562,198,619
563,198,530
564,198,447
565,198,380
566,198,319
567,198,198
568,198,268
569,198,271
570,198,269
571,198,258
572,198,234
573,198,198
490,199,334
491,199,395
492,199,447
493,199,484
494,199,513
495,199,555
496,199,608
497,199,662
498,199,704
499,199,736
500,199,746
501,199,782
502,199,856
503,199,878
504,199,1014
505,199,954
506,199,1039
507,199,1184
508,199,1177
509,199,1267
510,199,1467
511,199,1453
512,199,1182
513,199,886
514,199,721
515,199,683
516,199,845
517,199,1136
518,199,1494
519,199,1746
520,199,1695
521,199,1770
522,199,1830
523,199,1564
524,199,1253
525,199,1119
526,199,1328
527,199,1621
528,199,1635
529,199,1390
530,199,1369
531,199,1386
532,199,1427
533,199,1700
534,199,2186
535,199,2680
536,199,2692
537,199,2210
538,199,1712
539,199,1356
540,199,1279
541,199,1462
542,199,1691
543,199,1683
544,199,1464
545,199,1155
546,199,919
547,199,907
548,199,1013
549,199,1094
550,199,1004
551,199,936
552,199,1002
553,199,1157
554,199,1255
555,199,1102
556,199,851
557,199,764
558,199,708
559,199,662
560,199,739
561,199,812
562,199,724
563,199,598
564,199,494
565,199,416
566,199,350
567,199,207
568,199,189
569,199,263
570,199,259
571,199,246
572,199,226
573,199,209
490,200,373
491,200,454
492,200,515
493,200,540
494,200,551
495,200,571
496,200,582
497,200,595
498,200,614
499,200,642
500,200,697
501,200,830
502,200,1000
503,200,894
504,200,905
505,200,926
506,200,1013
507,200,1139
508,200,1218
509,200,1299
510,200,1461
511,200,1439
512,200,1152
513,200,902
514,200,724
515,200,676
516,200,836
517,200,1129
518,200,1517
519,200,1897
520,200,1597
521,200,1353
522,200,1335
523,200,1174
524,200,995
525,200,951
526,200,1162
527,200,1453
528,200,1480
529,200,1270
530,200,1376
531,200,1375
532,200,1291
533,200,1426
534,200,1813
535,200,2113
536,200,2112
537,200,1807
538,200,1430
539,200,1133
540,200,1141
541,200,1339
542,200,1637
543,200,1804
544,200,1546
545,200,1184
546,200,899
547,200,870
548,200,1006
549,200,1220
550,200,982
551,200,820
552,200,791
553,200,878
554,200,930
555,200,860
556,200,728
557,200,638
558,200,611
559,200,640
560,200,751
561,200,841
562,200,764
563,200,642
564,200,534
565,200,453
566,200,390
567,200,327
568,200,204
569,200,192
570,200,184
571,200,173
572,200,154
573,200,115
490,201,410
491,201,526
492,201,610
493,201,619
494,201,617
495,201,634
496,201,617
497,201,584
498,201,566
499,201,581
500,201,649
501,201,757
502,201,845
503,201,827
504,201,836
505,201,941
506,201,1112
507,201,1314
508,201,1369
509,201,1272
510,201,1215
511,201,1263
512,201,1154
513,201,908
514,201,731
515,201,677
516,201,808
517,201,1050
518,201,1339
519,201,1510
520,201,1368
521,201,1194
522,201,1009
523,201,844
524,201,764
525,201,774
526,201,929
527,201,1118
528,201,1180
529,201,1115
530,201,1155
531,201,1140
532,201,1095
533,201,1176
534,201,1405
535,201,1576
536,201,1574
537,201,1398
538,201,1162
539,201,998
540,201,1076
541,201,1326
542,201,1612
543,201,1766
544,201,1529
545,201,1173
546,201,885
547,201,799
548,201,859
549,201,921
550,201,818
551,201,695
552,201,644
553,201,662
554,201,690
555,201,658
556,201,591
557,201,550
558,201,549
559,201,616
560,201,719
561,201,791
562,201,770
563,201,696
564,201,593
565,201,505
566,201,440
567,201,385
568,201,333
569,201,308
570,201,209
571,201,198
572,201,180
573,201,146
490,202,460
491,202,582
492,202,712
493,202,683
494,202,700
495,202,737
496,202,688
497,202,612
498,202,559
499,202,556
500,202,601
501,202,670
502,202,730
503,202,762
504,202,839
505,202,1020
506,202,1258
507,202,1383
508,202,1533
509,202,1285
510,202,1089
511,202,1068
512,202,997
513,202,845
514,202,722
515,202,689
516,202,790
517,202,978
518,202,1168
519,202,1301
520,202,1357
521,202,1212
522,202,919
523,202,717
524,202,611
525,202,627
526,202,732
527,202,924
528,202,1108
529,202,1112
530,202,980
531,202,943
532,202,912
533,202,954
534,202,1076
535,202,1177
536,202,1190
537,202,1105
538,202,952
539,202,902
540,202,996
541,202,1227
542,202,1479
543,202,1564
544,202,1472
545,202,1147
546,202,859
547,202,707
548,202,686
549,202,681
550,202,637
551,202,582
552,202,570
553,202,632
554,202,675
555,202,640
556,202,571
557,202,527
558,202,554
559,202,648
560,202,778
561,202,878
562,202,916
563,202,809
564,202,666
565,202,553
566,202,492
567,202,439
568,202,388
569,202,370
570,202,261
571,202,255
572,202,239
573,202,201
490,203,475
491,203,558
492,203,638
493,203,666
494,203,743
495,203,845
496,203,742
497,203,641
498,203,575
499,203,557
500,203,592
501,203,648
502,203,706
503,203,774
504,203,870
505,203,1047
506,203,1281
507,203,1365
508,203,1336
509,203,1175
510,203,984
511,203,892
512,203,841
513,203,779
514,203,735
515,203,770
516,203,875
517,203,1062
518,203,1239
519,203,1281
520,203,1320
521,203,1160
522,203,851
523,203,642
524,203,540
525,203,549
526,203,676
527,203,900
528,203,1179
529,203,1204
530,203,981
531,203,826
532,203,782
533,203,799
534,203,857
535,203,946
536,203,1010
537,203,1019
538,203,962
539,203,886
540,203,907
541,203,1038
542,203,1194
543,203,1384
544,203,1337
545,203,1055
546,203,804
547,203,668
548,203,579
549,203,535
550,203,512
551,203,497
552,203,561
553,203,667
554,203,747
555,203,681
556,203,587
557,203,538
558,203,579
559,203,700
560,203,877
561,203,1037
562,203,1103
563,203,892
564,203,707
565,203,597
566,203,539
567,203,487
568,203,446
569,203,452
570,203,474
571,203,480
572,203,468
573,203,482
490,204,425
491,204,495
492,204,558
493,204,609
494,204,693
495,204,753
496,204,720
497,204,655
498,204,609
499,204,616
500,204,668
501,204,747
502,204,821
503,204,894
504,204,975
505,204,1029
506,204,1156
507,204,1227
508,204,1297
509,204,1124
510,204,919
511,204,796
512,204,773
513,204,792
514,204,849
515,204,920
516,204,1010
517,204,1208
518,204,1454
519,204,1444
520,204,1190
521,204,995
522,204,760
523,204,585
524,204,497
525,204,503
526,204,608
527,204,786
528,204,975
529,204,1000
530,204,866
531,204,752
532,204,707
533,204,734
534,204,824
535,204,949
536,204,1087
537,204,1176
538,204,1143
539,204,1007
540,204,874
541,204,913
542,204,1014
543,204,1096
544,204,1050
545,204,881
546,204,798
547,204,693
548,204,558
549,204,477
550,204,445
551,204,463
552,204,542
553,204,653
554,204,733
555,204,669
556,204,581
557,204,542
558,204,591
559,204,718
560,204,886
561,204,1016
562,204,995
563,204,827
564,204,677
565,204,626
566,204,582
567,204,527
568,204,505
569,204,537
570,204,574
571,204,583
572,204,552
573,204,487
490,205,364
491,205,437
492,205,497
493,205,559
494,205,632
495,205,691
496,205,716
497,205,708
498,205,688
499,205,719
500,205,794
501,205,907
502,205,1007
503,205,1047
504,205,1135
505,205,1073
506,205,1038
507,205,1137
508,205,1211
509,205,1053
510,205,871
511,205,779
512,205,816
513,205,914
514,205,1024
515,205,1130
516,205,1176
517,205,1247
518,205,1451
519,205,1422
520,205,1131
521,205,860
522,205,674
523,205,535
524,205,460
525,205,457
526,205,523
527,205,630
528,205,733
529,205,759
530,205,713
531,205,672
532,205,679
533,205,764
534,205,894
535,205,1069
536,205,1279
537,205,1469
538,205,1443
539,205,1208
540,205,984
541,205,952
542,205,977
543,205,937
544,205,847
545,205,795
546,205,813
547,205,734
548,205,548
549,205,447
550,205,416
551,205,432
552,205,496
553,205,572
554,205,614
555,205,587
556,205,541
557,205,547
558,205,624
559,205,737
560,205,851
561,205,939
562,205,849
563,205,715
564,205,627
565,205,632
566,205,607
567,205,540
568,205,553
569,205,602
570,205,655
571,205,675
572,205,642
573,205,553
490,206,327
491,206,403
492,206,465
493,206,536
494,206,622
495,206,717
496,206,801
497,206,818
498,206,803
499,206,859
500,206,951
501,206,1061
502,206,1191
503,206,1094
504,206,1153
505,206,1064
506,206,975
507,206,1000
508,206,995
509,206,899
510,206,795
511,206,775
512,206,892
513,206,1075
514,206,1223
515,206,1316
516,206,1282
517,206,1158
518,206,1192
519,206,1148
520,206,963
521,206,753
522,206,591
523,206,478
524,206,428
525,206,416
526,206,451
527,206,509
528,206,567
529,206,596
530,206,600
531,206,618
532,206,699
533,206,847
534,206,1036
535,206,1232
536,206,1493
537,206,1729
538,206,1705
539,206,1376
540,206,1146
541,206,1142
542,206,1164
543,206,1028
544,206,838
545,206,729
546,206,691
547,206,621
548,206,501
549,206,414
550,206,394
551,206,407
552,206,454
553,206,501
554,206,523
555,206,510
556,206,496
557,206,544
558,206,655
559,206,798
560,206,846
561,206,860
562,206,745
563,206,614
564,206,545
565,206,543
566,206,539
567,206,533
568,206,571
569,206,639
570,206,719
571,206,768
572,206,755
573,206,703
490,207,336
491,207,400
492,207,465
493,207,542
494,207,643
495,207,771
496,207,886
497,207,914
498,207,906
499,207,993
500,207,1046
501,207,1076
502,207,1069
503,207,1004
504,207,1054
505,207,1041
506,207,984
507,207,953
508,207,857
509,207,761
510,207,716
511,207,761
512,207,925
513,207,1167
514,207,1422
515,207,1280
516,207,1152
517,207,1001
518,207,917
519,207,878
520,207,772
521,207,639
522,207,536
523,207,479
524,207,442
525,207,418
526,207,417
527,207,448
528,207,487
529,207,520
530,207,551
531,207,614
532,207,745
533,207,950
534,207,1214
535,207,1450
536,207,1571
537,207,1754
538,207,1649
539,207,1422
540,207,1252
541,207,1363
542,207,1429
543,207,1150
544,207,883
545,207,690
546,207,599
547,207,528
548,207,455
549,207,401
550,207,389
551,207,413
552,207,462
553,207,505
554,207,513
555,207,488
556,207,470
557,207,518
558,207,627
559,207,758
560,207,776
561,207,691
562,207,604
563,207,512
564,207,457
565,207,448
566,207,457
567,207,492
568,207,554
569,207,646
570,207,751
571,207,842
572,207,848
573,207,801
490,208,348
491,208,415
492,208,483
493,208,551
494,208,645
495,208,762
496,208,863
497,208,852
498,208,884
499,208,961
500,208,933
501,208,929
502,208,889
503,208,876
504,208,951
505,208,976
506,208,995
507,208,965
508,208,815
509,208,698
510,208,650
511,208,714
512,208,862
513,208,1057
514,208,1213
515,208,1168
516,208,976
517,208,825
518,208,816
519,208,823
520,208,721
521,208,599
522,208,537
523,208,523
524,208,495
525,208,458
526,208,438
527,208,450
528,208,492
529,208,539
530,208,582
531,208,646
532,208,792
533,208,1021
534,208,1333
535,208,1678
536,208,1559
537,208,1614
538,208,1795
539,208,1453
540,208,1198
541,208,1215
542,208,1296
543,208,1186
544,208,902
545,208,680
546,208,549
547,208,477
548,208,424
549,208,391
550,208,390
551,208,434
552,208,506
553,208,573
554,208,575
555,208,515
556,208,462
557,208,467
558,208,533
559,208,604
560,208,610
561,208,549
562,208,481
563,208,422
564,208,380
565,208,369
566,208,378
567,208,435
568,208,512
569,208,612
570,208,720
571,208,815
572,208,829
573,208,801
490,209,351
491,209,440
492,209,526
493,209,591
494,209,630
495,209,687
496,209,730
497,209,732
498,209,756
499,209,787
500,209,768
501,209,745
502,209,712
503,209,721
504,209,769
505,209,805
506,209,850
507,209,832
508,209,731
509,209,637
510,209,599
511,209,648
512,209,757
513,209,886
514,209,976
515,209,940
516,209,811
517,209,721
518,209,760
519,209,872
520,209,701
521,209,584
522,209,576
523,209,617
524,209,599
525,209,525
526,209,488
527,209,514
528,209,588
529,209,655
530,209,698
531,209,738
532,209,846
533,209,1044
534,209,1273
535,209,1424
536,209,1377
537,209,1388
538,209,1437
539,209,1270
540,209,1100
541,209,1159
542,209,1165
543,209,1039
544,209,824
545,209,637
546,209,513
547,209,444
548,209,401
549,209,379
550,209,397
551,209,452
552,209,550
553,209,664
554,209,663
555,209,547
556,209,452
557,209,411
558,209,433
559,209,464
560,209,465
561,209,432
562,209,386
563,209,348
564,209,317
565,209,305
566,209,318
567,209,374
568,209,456
569,209,545
570,209,629
571,209,689
572,209,691
573,209,651
490,210,356
491,210,470
492,210,587
493,210,666
494,210,655
495,210,624
496,210,617
497,210,610
498,210,619
499,210,629
500,210,614
501,210,592
502,210,571
503,210,580
504,210,610
505,210,638
506,210,675
507,210,669
508,210,619
509,210,568
510,210,551
511,210,598
512,210,689
513,210,791
514,210,841
515,210,788
516,210,679
517,210,622
518,210,635
519,210,662
520,210,606
521,210,598
522,210,651
523,210,708
524,210,694
525,210,573
526,210,540
527,210,617
528,210,754
529,210,856
530,210,898
531,210,891
532,210,931
533,210,1122
534,210,1351
535,210,1380
536,210,1220
537,210,1152
538,210,1148
539,210,1026
540,210,991
541,210,1072
542,210,1151
543,210,932
544,210,723
545,210,570
546,210,472
547,210,413
548,210,374
549,210,369
550,210,391
551,210,444
552,210,537
553,210,648
554,210,643
555,210,522
556,210,422
557,210,366
558,210,355
559,210,363
560,210,362
561,210,344
562,210,317
563,210,289
564,210,264
565,210,255
566,210,267
567,210,223
568,210,390
569,210,463
570,210,523
571,210,556
572,210,545
573,210,480
490,211,333
491,211,487
492,211,628
493,211,753
494,211,670
495,211,588
496,211,536
497,211,511
498,211,502
499,211,505
500,211,490
501,211,470
502,211,456
503,211,463
504,211,485
505,211,507
506,211,529
507,211,532
508,211,518
509,211,506
510,211,519
511,211,583
512,211,695
513,211,834
514,211,914
515,211,817
516,211,663
517,211,552
518,211,516
519,211,507
520,211,512
521,211,621
522,211,783
523,211,653
524,211,611
525,211,546
526,211,559
527,211,720
528,211,966
529,211,1134
530,211,1173
531,211,1084
532,211,1040
533,211,1197
534,211,1329
535,211,1285
536,211,1127
537,211,1037
538,211,1057
539,211,1002
540,211,889
541,211,883
542,211,890
543,211,772
544,211,625
545,211,512
546,211,437
547,211,380
548,211,240
549,211,345
550,211,371
551,211,406
552,211,462
553,211,516
554,211,509
555,211,440
556,211,369
557,211,322
558,211,298
559,211,294
560,211,291
561,211,280
562,211,260
563,211,237
564,211,158
565,211,159
566,211,168
567,211,191
568,211,325
569,211,378
570,211,422
571,211,444
572,211,438
573,211,403
490,212,391
491,212,498
492,212,595
493,212,652
494,212,606
495,212,525
496,212,469
497,212,432
498,212,390
499,212,408
500,212,379
501,212,357
502,212,346
503,212,356
504,212,385
505,212,402
506,212,415
507,212,423
508,212,441
509,212,461
510,212,491
511,212,564
512,212,697
513,212,893
514,212,1074
515,212,870
516,212,659
517,212,513
518,212,428
519,212,402
520,212,454
521,212,596
522,212,768
523,212,616
524,212,496
525,212,469
526,212,535
527,212,754
528,212,1156
529,212,1460
530,212,1364
531,212,1244
532,212,1102
533,212,1319
534,212,1546
535,212,1284
536,212,1073
537,212,1022
538,212,1096
539,212,1059
540,212,853
541,212,723
542,212,676
543,212,596
544,212,515
545,212,452
546,212,404
547,212,353
548,212,215
549,212,319
550,212,349
551,212,359
552,212,377
553,212,397
554,212,391
555,212,354
556,212,314
557,212,281
558,212,253
559,212,236
560,212,231
561,212,222
562,212,149
563,212,143
564,212,139
565,212,152
566,212,160
567,212,165
568,212,184
569,212,205
570,212,320
571,212,340
572,212,347
573,212,377
490,213,463
491,213,506
492,213,549
493,213,570
494,213,523
495,213,435
496,213,396
497,213,374
498,213,154
499,213,353
500,213,251
501,213,158
502,213,151
503,213,232
504,213,309
505,213,316
506,213,320
507,213,320
508,213,380
509,213,440
510,213,447
511,213,507
512,213,629
513,213,860
514,213,996
515,213,827
516,213,596
517,213,472
518,213,336
519,213,308
520,213,359
521,213,516
522,213,610
523,213,532
524,213,398
525,213,345
526,213,422
527,213,592
528,213,1303
529,213,1533
530,213,1510
531,213,1504
532,213,947
533,213,1323
534,213,1512
535,213,1169
536,213,959
537,213,957
538,213,1030
539,213,1051
540,213,774
541,213,558
542,213,507
543,213,431
544,213,405
545,213,395
546,213,381
547,213,335
548,213,170
549,213,209
550,213,349
551,213,315
552,213,298
553,213,308
554,213,306
555,213,284
556,213,266
557,213,251
558,213,206
559,213,115
560,213,117
561,213,117
562,213,118
563,213,127
564,213,119
565,213,162
566,213,168
567,213,144
568,213,145
569,213,147
570,213,150
571,213,157
572,213,155
573,213,145
