xv,yv,rho
490,148,205
491,148,204
492,148,200
493,148,182
494,148,191
495,148,300
496,148,346
497,148,450
498,148,463
499,148,416
500,148,377
501,148,375
502,148,307
503,148,332
504,148,377
505,148,438
506,148,550
507,148,416
508,148,355
509,148,298
510,148,232
511,148,273
512,148,304
513,148,459
514,148,512
515,148,518
516,148,530
517,148,555
518,148,607
519,148,635
520,148,599
521,148,486
522,148,338
523,148,164
524,148,95
525,148,114
526,148,143
527,148,169
528,148,206
529,148,345
530,148,355
531,148,328
532,148,291
533,148,320
534,148,286
535,148,284
536,148,315
537,148,260
538,148,267
539,148,316
540,148,360
541,148,350
542,148,368
543,148,377
544,148,380
545,148,379
546,148,323
547,148,337
548,148,332
549,148,326
550,148,334
551,148,351
552,148,464
553,148,480
554,148,811
555,148,779
556,148,720
557,148,690
558,148,675
559,148,652
560,148,375
561,148,371
562,148,370
563,148,370
564,148,380
565,148,560
566,148,565
567,148,562
568,148,433
569,148,426
570,148,423
571,148,383
572,148,353
573,148,356
490,149,301
491,149,271
492,149,259
493,149,251
494,149,269
495,149,328
496,149,392
497,149,471
498,149,520
499,149,520
500,149,491
501,149,466
502,149,407
503,149,381
504,149,388
505,149,413
506,149,435
507,149,392
508,149,347
509,149,310
510,149,287
511,149,304
512,149,325
513,149,394
514,149,456
515,149,481
516,149,497
517,149,514
518,149,538
519,149,549
520,149,522
521,149,457
522,149,388
523,149,335
524,149,330
525,149,357
526,149,390
527,149,427
528,149,424
529,149,400
530,149,366
531,149,336
532,149,315
533,149,312
534,149,290
535,149,305
536,149,308
537,149,301
538,149,318
539,149,354
540,149,387
541,149,395
542,149,397
543,149,394
544,149,389
545,149,381
546,149,366
547,149,363
548,149,366
549,149,376
550,149,394
551,149,430
552,149,495
553,149,553
554,149,659
555,149,670
556,149,642
557,149,614
558,149,587
559,149,540
560,149,420
561,149,389
562,149,385
563,149,395
564,149,424
565,149,488
566,149,506
567,149,496
568,149,452
569,149,433
570,149,423
571,149,410
572,149,405
573,149,420
490,150,364
491,150,318
492,150,298
493,150,293
494,150,309
495,150,352
496,150,415
497,150,509
498,150,571
499,150,565
500,150,535
501,150,477
502,150,440
503,150,400
504,150,385
505,150,385
506,150,383
507,150,363
508,150,336
509,150,314
510,150,305
511,150,310
512,150,322
513,150,359
514,150,398
515,150,443
516,150,460
517,150,470
518,150,475
519,150,472
520,150,453
521,150,427
522,150,413
523,150,431
524,150,473
525,150,506
526,150,537
527,150,592
528,150,561
529,150,450
530,150,381
531,150,343
532,150,323
533,150,316
534,150,308
535,150,309
536,150,314
537,150,325
538,150,356
539,150,404
540,150,451
541,150,461
542,150,440
543,150,417
544,150,401
545,150,388
546,150,382
547,150,386
548,150,401
549,150,426
550,150,457
551,150,492
552,150,531
553,150,568
554,150,602
555,150,600
556,150,576
557,150,548
558,150,520
559,150,481
560,150,411
561,150,389
562,150,389
563,150,403
564,150,428
565,150,459
566,150,473
567,150,469
568,150,451
569,150,439
570,150,435
571,150,436
572,150,441
573,150,431
490,151,363
491,151,335
492,151,318
493,151,315
494,151,330
495,151,378
496,151,430
497,151,496
498,151,551
499,151,569
500,151,543
501,151,462
502,151,429
503,151,395
504,151,377
505,151,369
506,151,360
507,151,346
508,151,329
509,151,314
510,151,305
511,151,295
512,151,314
513,151,341
514,151,368
515,151,409
516,151,426
517,151,430
518,151,426
519,151,416
520,151,401
521,151,393
522,151,405
523,151,456
524,151,523
525,151,578
526,151,569
527,151,555
528,151,524
529,151,447
530,151,396
531,151,356
532,151,331
533,151,318
534,151,310
535,151,310
536,151,319
537,151,341
538,151,387
539,151,464
540,151,555
541,151,564
542,151,494
543,151,440
544,151,410
545,151,394
546,151,394
547,151,410
548,151,441
549,151,485
550,151,526
551,151,555
552,151,572
553,151,579
554,151,578
555,151,558
556,151,528
557,151,498
558,151,467
559,151,416
560,151,390
561,151,381
562,151,384
563,151,399
564,151,420
565,151,443
566,151,458
567,151,461
568,151,456
569,151,452
570,151,457
571,151,475
572,151,503
573,151,528
490,152,363
491,152,338
492,152,323
493,152,323
494,152,348
495,152,376
496,152,414
497,152,459
498,152,496
499,152,509
500,152,489
501,152,444
502,152,386
503,152,379
504,152,369
505,152,360
506,152,350
507,152,338
508,152,324
509,152,309
510,152,287
511,152,292
512,152,307
513,152,327
514,152,347
515,152,369
516,152,398
517,152,403
518,152,394
519,152,379
520,152,364
521,152,359
522,152,378
523,152,428
524,152,501
525,152,585
526,152,574
527,152,496
528,152,542
529,152,519
530,152,438
531,152,374
532,152,337
533,152,318
534,152,312
535,152,311
536,152,319
537,152,346
538,152,399
539,152,497
540,152,643
541,152,650
542,152,522
543,152,446
544,152,411
545,152,395
546,152,404
547,152,435
548,152,493
549,152,566
550,152,617
551,152,622
552,152,610
553,152,595
554,152,568
555,152,534
556,152,497
557,152,460
558,152,410
559,152,388
560,152,379
561,152,376
562,152,380
563,152,391
564,152,411
565,152,434
566,152,454
567,152,466
568,152,470
569,152,474
570,152,489
571,152,529
572,152,585
573,152,606
490,153,360
491,153,327
492,153,317
493,153,327
494,153,344
495,153,366
496,153,399
497,153,436
498,153,458
499,153,456
500,153,438
501,153,411
502,153,384
503,153,351
504,153,356
505,153,353
506,153,343
507,153,331
508,153,314
509,153,290
510,153,283
511,153,291
512,153,304
513,153,322
514,153,341
515,153,360
516,153,375
517,153,392
518,153,381
519,153,360
520,153,341
521,153,335
522,153,346
523,153,376
524,153,425
525,153,477
526,153,480
527,153,485
528,153,612
529,153,593
530,153,465
531,153,383
532,153,342
533,153,325
534,153,321
535,153,318
536,153,318
537,153,336
538,153,379
539,153,451
540,153,538
541,153,545
542,153,476
543,153,425
544,153,400
545,153,390
546,153,408
547,153,453
548,153,541
549,153,672
550,153,713
551,153,671
552,153,629
553,153,601
554,153,565
555,153,523
556,153,478
557,153,419
558,153,394
559,153,385
560,153,401
561,153,401
562,153,402
563,153,390
564,153,406
565,153,430
566,153,457
567,153,479
568,153,491
569,153,500
570,153,529
571,153,603
572,153,726
573,153,808
490,154,358
491,154,307
492,154,313
493,154,320
494,154,332
495,154,357
496,154,397
497,154,442
498,154,455
499,154,431
500,154,406
501,154,388
502,154,376
503,154,363
504,154,337
505,154,325
506,154,315
507,154,305
508,154,295
509,154,286
510,154,287
511,154,293
512,154,306
513,154,327
514,154,351
515,154,392
516,154,408
517,154,407
518,154,387
519,154,346
520,154,324
521,154,326
522,154,326
523,154,336
524,154,359
525,154,387
526,154,411
527,154,487
528,154,613
529,154,504
530,154,444
531,154,406
532,154,369
533,154,343
534,154,344
535,154,338
536,154,325
537,154,321
538,154,342
539,154,380
540,154,416
541,154,424
542,154,405
543,154,388
544,154,380
545,154,381
546,154,403
547,154,450
548,154,539
549,154,670
550,154,708
551,154,655
552,154,623
553,154,600
554,154,564
555,154,518
556,154,474
557,154,439
558,154,422
559,154,413
560,154,410
561,154,407
562,154,407
563,154,413
564,154,430
565,154,434
566,154,463
567,154,492
568,154,508
569,154,520
570,154,558
571,154,673
572,154,941
573,154,1531
490,155,196
491,155,259
492,155,287
493,155,308
494,155,329
495,155,354
496,155,397
497,155,459
498,155,467
499,155,420
500,155,392
501,155,381
502,155,373
503,155,365
504,155,353
505,155,323
506,155,309
507,155,301
508,155,293
509,155,289
510,155,291
511,155,298
512,155,316
513,155,354
514,155,384
515,155,418
516,155,443
517,155,435
518,155,414
519,155,387
520,155,363
521,155,345
522,155,333
523,155,334
524,155,355
525,155,401
526,155,446
527,155,441
528,155,482
529,155,456
530,155,498
531,155,487
532,155,415
533,155,382
534,155,398
535,155,383
536,155,347
537,155,317
538,155,309
539,155,322
540,155,336
541,155,345
542,155,348
543,155,351
544,155,357
545,155,367
546,155,391
547,155,430
548,155,494
549,155,570
550,155,607
551,155,604
552,155,632
553,155,616
554,155,567
555,155,511
556,155,466
557,155,436
558,155,426
559,155,423
560,155,420
561,155,416
562,155,413
563,155,417
564,155,433
565,155,460
566,155,470
567,155,495
568,155,510
569,155,518
570,155,546
571,155,640
572,155,869
573,155,1396
490,156,162
491,156,222
492,156,270
493,156,310
494,156,346
495,156,371
496,156,386
497,156,417
498,156,422
499,156,402
500,156,401
501,156,392
502,156,377
503,156,364
504,156,352
505,156,337
506,156,307
507,156,302
508,156,298
509,156,294
510,156,297
511,156,306
512,156,339
513,156,366
514,156,398
515,156,434
516,156,464
517,156,461
518,156,446
519,156,427
520,156,406
521,156,382
522,156,365
523,156,357
524,156,376
525,156,440
526,156,541
527,156,452
528,156,407
529,156,461
530,156,572
531,156,568
532,156,456
533,156,462
534,156,508
535,156,467
536,156,384
537,156,326
538,156,306
539,156,300
540,156,294
541,156,300
542,156,309
543,156,321
544,156,335
545,156,357
546,156,387
547,156,434
548,156,505
549,156,586
550,156,619
551,156,637
552,156,704
553,156,652
554,156,568
555,156,499
556,156,453
557,156,427
558,156,426
559,156,432
560,156,438
561,156,439
562,156,429
563,156,422
564,156,430
565,156,457
566,156,487
567,156,484
568,156,494
569,156,493
570,156,496
571,156,517
572,156,534
573,156,367
490,157,99
491,157,196
492,157,266
493,157,326
494,157,384
495,157,427
496,157,409
497,157,384
498,157,387
499,157,419
500,157,448
501,157,422
502,157,387
503,157,362
504,157,347
505,157,333
506,157,309
507,157,324
508,157,324
509,157,306
510,157,308
511,157,316
512,157,348
513,157,374
514,157,407
515,157,445
516,157,477
517,157,491
518,157,487
519,157,476
520,157,460
521,157,436
522,157,408
523,157,388
524,157,388
525,157,418
526,157,450
527,157,415
528,157,381
529,157,431
530,157,497
531,157,496
532,157,449
533,157,555
534,157,658
535,157,554
536,157,423
537,157,349
538,157,345
539,157,330
540,157,309
541,157,297
542,157,295
543,157,302
544,157,321
545,157,348
546,157,387
547,157,447
548,157,549
549,157,689
550,157,714
551,157,673
552,157,815
553,157,669
554,157,549
555,157,475
556,157,433
557,157,415
558,157,423
559,157,442
560,157,469
561,157,483
562,157,460
563,157,431
564,157,424
565,157,439
566,157,464
567,157,454
568,157,460
569,157,456
570,157,445
571,157,435
572,157,411
573,157,323
490,158,79
491,158,193
492,158,275
493,158,343
494,158,421
495,158,507
496,158,439
497,158,390
498,158,392
499,158,446
500,158,524
501,158,451
502,158,396
503,158,364
504,158,346
505,158,336
506,158,333
507,158,337
508,158,340
509,158,340
510,158,340
511,158,345
512,158,360
513,158,384
514,158,421
515,158,467
516,158,518
517,158,552
518,158,551
519,158,537
520,158,519
521,158,493
522,158,458
523,158,422
524,158,401
525,158,396
526,158,396
527,158,382
528,158,370
529,158,407
530,158,439
531,158,445
532,158,467
533,158,571
534,158,674
535,158,565
536,158,452
537,158,438
538,158,447
539,158,409
540,158,354
541,158,317
542,158,301
543,158,301
544,158,313
545,158,340
546,158,379
547,158,440
548,158,539
549,158,673
550,158,685
551,158,586
552,158,629
553,158,571
554,158,493
555,158,437
556,158,406
557,158,397
558,158,413
559,158,447
560,158,504
561,158,554
562,158,496
563,158,437
564,158,412
565,158,414
566,158,428
567,158,413
568,158,419
569,158,416
570,158,406
571,158,391
572,158,371
573,158,335
490,159,109
491,159,219
492,159,292
493,159,349
494,159,402
495,159,438
496,159,413
497,159,382
498,159,389
499,159,433
500,159,473
501,159,443
502,159,403
503,159,374
504,159,357
505,159,354
506,159,356
507,159,360
508,159,362
509,159,362
510,159,361
511,159,365
512,159,378
513,159,405
514,159,448
515,159,511
516,159,596
517,159,669
518,159,639
519,159,598
520,159,571
521,159,542
522,159,512
523,159,479
524,159,451
525,159,424
526,159,399
527,159,385
528,159,404
529,159,481
530,159,551
531,159,586
532,159,553
533,159,528
534,159,551
535,159,523
536,159,556
537,159,594
538,159,644
539,159,539
540,159,419
541,159,349
542,159,317
543,159,308
544,159,315
545,159,336
546,159,367
547,159,410
548,159,471
549,159,532
550,159,537
551,159,490
552,159,484
553,159,464
554,159,427
555,159,396
556,159,378
557,159,376
558,159,394
559,159,428
560,159,487
561,159,539
562,159,482
563,159,422
564,159,393
565,159,387
566,159,392
567,159,375
568,159,380
569,159,385
570,159,379
571,159,370
572,159,374
573,159,332
490,160,207
491,160,274
492,160,320
493,160,353
494,160,378
495,160,389
496,160,380
497,160,372
498,160,416
499,160,492
500,160,565
501,160,512
502,160,450
503,160,411
504,160,390
505,160,392
506,160,401
507,160,406
508,160,402
509,160,393
510,160,388
511,160,395
512,160,409
513,160,441
514,160,489
515,160,559
516,160,674
517,160,829
518,160,711
519,160,637
520,160,603
521,160,585
522,160,569
523,160,545
524,160,538
525,160,512
526,160,466
527,160,440
528,160,492
529,160,595
530,160,740
531,160,847
532,160,736
533,160,598
534,160,530
535,160,591
536,160,714
537,160,853
538,160,917
539,160,649
540,160,468
541,160,378
542,160,339
543,160,324
544,160,335
545,160,349
546,160,361
547,160,382
548,160,408
549,160,431
550,160,432
551,160,414
552,160,402
553,160,394
554,160,378
555,160,362
556,160,352
557,160,353
558,160,366
559,160,388
560,160,420
561,160,439
562,160,418
563,160,387
564,160,368
565,160,362
566,160,364
567,160,348
568,160,356
569,160,384
570,160,387
571,160,381
572,160,373
573,160,375
490,161,339
491,161,341
492,161,352
493,161,362
494,161,368
495,161,367
496,161,364
497,161,378
498,161,423
499,161,504
500,161,580
501,161,534
502,161,477
503,161,444
504,161,433
505,161,448
506,161,471
507,161,483
508,161,465
509,161,439
510,161,432
511,161,441
512,161,460
513,161,493
514,161,541
515,161,594
516,161,660
517,161,715
518,161,675
519,161,632
520,161,610
521,161,621
522,161,632
523,161,632
524,161,650
525,161,629
526,161,546
527,161,502
528,161,557
529,161,685
530,161,904
531,161,1182
532,161,910
533,161,706
534,161,689
535,161,766
536,161,787
537,161,857
538,161,711
539,161,581
540,161,466
541,161,411
542,161,377
543,161,362
544,161,376
545,161,391
546,161,393
547,161,383
548,161,376
549,161,396
550,161,409
551,161,407
552,161,392
553,161,374
554,161,354
555,161,343
556,161,333
557,161,333
558,161,339
559,161,349
560,161,361
561,161,368
562,161,363
563,161,351
564,161,343
565,161,341
566,161,346
567,161,353
568,161,364
569,161,374
570,161,381
571,161,380
572,161,360
573,161,303
490,162,378
491,162,356
492,162,368
493,162,372
494,162,369
495,162,367
496,162,373
497,162,390
498,162,418
499,162,469
500,162,509
501,162,505
502,162,484
503,162,472
504,162,479
505,162,511
506,162,563
507,162,601
508,162,551
509,162,498
510,162,498
511,162,506
512,162,525
513,162,570
514,162,613
515,162,637
516,162,650
517,162,651
518,162,630
519,162,611
520,162,620
521,162,660
522,162,707
523,162,748
524,162,696
525,162,672
526,162,593
527,162,550
528,162,596
529,162,706
530,162,867
531,162,992
532,162,908
533,162,782
534,162,851
535,162,1018
536,162,976
537,162,706
538,162,587
539,162,528
540,162,502
541,162,566
542,162,516
543,162,427
544,162,443
545,162,470
546,162,464
547,162,426
548,162,400
549,162,441
550,162,481
551,162,480
552,162,440
553,162,399
554,162,369
555,162,348
556,162,332
557,162,319
558,162,319
559,162,321
560,162,325
561,162,328
562,162,327
563,162,325
564,162,324
565,162,326
566,162,336
567,162,349
568,162,362
569,162,375
570,162,396
571,162,414
572,162,400
573,162,301
490,163,378
491,163,357
492,163,358
493,163,379
494,163,381
495,163,385
496,163,404
497,163,439
498,163,472
499,163,478
500,163,478
501,163,487
502,163,493
503,163,506
504,163,523
505,163,558
506,163,638
507,163,744
508,163,627
509,163,576
510,163,597
511,163,590
512,163,594
513,163,663
514,163,722
515,163,728
516,163,685
517,163,659
518,163,632
519,163,612
520,163,628
521,163,682
522,163,778
523,163,780
524,163,738
525,163,691
526,163,637
527,163,599
528,163,628
529,163,718
530,163,838
531,163,940
532,163,1058
533,163,989
534,163,955
535,163,1069
536,163,1004
537,163,737
538,163,609
539,163,784
540,163,875
541,163,821
542,163,679
543,163,501
544,163,529
545,163,593
546,163,581
547,163,491
548,163,439
549,163,519
550,163,622
551,163,622
552,163,518
553,163,437
554,163,389
555,163,359
556,163,334
557,163,300
558,163,306
559,163,307
560,163,306
561,163,307
562,163,308
563,163,309
564,163,311
565,163,320
566,163,335
567,163,355
568,163,378
569,163,404
570,163,448
571,163,515
572,163,547
573,163,430
490,164,333
491,164,341
492,164,355
493,164,388
494,164,397
495,164,408
496,164,441
497,164,506
498,164,571
499,164,541
500,164,506
501,164,495
502,164,521
503,164,558
504,164,589
505,164,591
506,164,625
507,164,658
508,164,619
509,164,659
510,164,734
511,164,679
512,164,657
513,164,771
514,164,866
515,164,856
516,164,797
517,164,791
518,164,759
519,164,702
520,164,648
521,164,665
522,164,718
523,164,788
524,164,1070
525,164,1090
526,164,914
527,164,771
528,164,723
529,164,867
530,164,1077
531,164,1298
532,164,1461
533,164,1303
534,164,1158
535,164,975
536,164,862
537,164,714
538,164,826
539,164,1123
540,164,1352
541,164,1155
542,164,860
543,164,571
544,164,597
545,164,707
546,164,688
547,164,539
548,164,468
549,164,576
550,164,754
551,164,754
552,164,575
553,164,462
554,164,404
555,164,370
556,164,344
557,164,319
558,164,289
559,164,295
560,164,297
561,164,299
562,164,300
563,164,300
564,164,310
565,164,322
566,164,343
567,164,376
568,164,421
569,164,467
570,164,534
571,164,683
572,164,852
573,164,913
490,165,275
491,165,325
492,165,357
493,165,399
494,165,416
495,165,430
496,165,466
497,165,535
498,165,601
499,165,569
500,165,529
501,165,516
502,165,556
503,165,620
504,165,699
505,165,682
506,165,635
507,165,606
508,165,608
509,165,676
510,165,753
511,165,701
512,165,699
513,165,882
514,165,1045
515,165,992
516,165,917
517,165,982
518,165,953
519,165,845
520,165,736
521,165,675
522,165,703
523,165,978
524,165,1329
525,165,1349
526,165,1054
527,165,866
528,165,821
529,165,1005
530,165,1307
531,165,1700
532,165,1971
533,165,1666
534,165,1558
535,165,1248
536,165,1035
537,165,868
538,165,990
539,165,1374
540,165,1901
541,165,1404
542,165,977
543,165,630
544,165,613
545,165,649
546,165,617
547,165,521
548,165,467
549,165,547
550,165,649
551,165,646
552,165,541
553,165,457
554,165,407
555,165,375
556,165,349
557,165,326
558,165,291
559,165,282
560,165,281
561,165,300
562,165,305
563,165,309
564,165,317
565,165,331
566,165,359
567,165,414
568,165,496
569,165,562
570,165,638
571,165,837
572,165,1154
573,165,1619
490,166,276
491,166,341
492,166,382
493,166,421
494,166,444
495,166,455
496,166,483
497,166,529
498,166,561
499,166,555
500,166,534
501,166,529
502,166,584
503,166,672
504,166,794
505,166,799
506,166,688
507,166,613
508,166,596
509,166,631
510,166,663
511,166,663
512,166,730
513,166,908
514,166,1076
515,166,1055
516,166,1075
517,166,1221
518,166,1202
519,166,1018
520,166,858
521,166,807
522,166,778
523,166,948
524,166,1159
525,166,1182
526,166,1029
527,166,916
528,166,932
529,166,1113
530,166,1390
531,166,1769
532,166,1841
533,166,1993
534,166,1965
535,166,1720
536,166,1413
537,166,1311
538,166,1151
539,166,1319
540,166,1492
541,166,1236
542,166,950
543,166,743
544,166,726
545,166,652
546,166,555
547,166,491
548,166,457
549,166,497
550,166,534
551,166,529
552,166,483
553,166,436
554,166,401
555,166,374
556,166,353
557,166,335
558,166,320
559,166,311
560,166,310
561,166,318
562,166,326
563,166,333
564,166,337
565,166,349
566,166,378
567,166,446
568,166,569
569,166,647
570,166,710
571,166,901
572,166,1233
573,166,1630
490,167,276
491,167,345
492,167,389
493,167,428
494,167,463
495,167,501
496,167,548
497,167,572
498,167,559
499,167,547
500,167,537
501,167,549
502,167,596
503,167,684
504,167,804
505,167,806
506,167,693
507,167,616
508,167,585
509,167,605
510,167,621
511,167,642
512,167,728
513,167,864
514,167,999
515,167,1140
516,167,1166
517,167,1327
518,167,1341
519,167,1151
520,167,1017
521,167,1018
522,167,913
523,167,854
524,167,965
525,167,996
526,167,970
527,167,964
528,167,1034
529,167,1225
530,167,1491
531,167,1731
532,167,1901
533,167,1963
534,167,2157
535,167,2299
536,167,1794
537,167,1966
538,167,1628
539,167,1191
540,167,1168
541,167,1045
542,167,816
543,167,856
544,167,925
545,167,769
546,167,604
547,167,505
548,167,458
549,167,470
550,167,480
551,167,471
552,167,447
553,167,419
554,167,394
555,167,373
556,167,357
557,167,346
558,167,338
559,167,333
560,167,334
561,167,349
562,167,369
563,167,384
564,167,387
565,167,384
566,167,398
567,167,444
568,167,529
569,167,612
570,167,715
571,167,921
572,167,1239
573,167,1563
490,168,288
491,168,349
492,168,392
493,168,434
494,168,483
495,168,557
496,168,644
497,168,667
498,168,619
499,168,577
500,168,553
501,168,558
502,168,593
503,168,650
504,168,707
505,168,704
506,168,647
507,168,603
508,168,607
509,168,641
510,168,640
511,168,668
512,168,776
513,168,943
514,168,1159
515,168,1381
516,168,1384
517,168,1282
518,168,1445
519,168,1227
520,168,1154
521,168,1275
522,168,1068
523,168,978
524,168,915
525,168,903
526,168,946
527,168,1029
528,168,1187
529,168,1422
530,168,1714
531,168,1953
532,168,2056
533,168,2339
534,168,2305
535,168,2069
536,168,2173
537,168,2788
538,168,2052
539,168,1356
540,168,1413
541,168,1217
542,168,868
543,168,887
544,168,952
545,168,795
546,168,628
547,168,527
548,168,484
549,168,474
550,168,470
551,168,456
552,168,437
553,168,416
554,168,396
555,168,381
556,168,373
557,168,367
558,168,364
559,168,364
560,168,370
561,168,404
562,168,448
563,168,481
564,168,486
565,168,461
566,168,435
567,168,440
568,168,481
569,168,554
570,168,674
571,168,876
572,168,1187
573,168,1672
490,169,282
491,169,348
492,169,395
493,169,442
494,169,504
495,169,598
496,169,730
497,169,750
498,169,656
499,169,595
500,169,566
501,169,565
502,169,593
503,169,628
504,169,650
505,169,639
506,169,609
507,169,612
508,169,677
509,169,742
510,169,769
511,169,776
512,169,837
513,169,1017
514,169,1293
515,169,1624
516,169,1416
517,169,1198
518,169,1236
519,169,1166
520,169,1166
521,169,1244
522,169,1245
523,169,1153
524,169,1025
525,169,1040
526,169,1094
527,169,1197
528,169,1398
529,169,1709
530,169,2047
531,169,2320
532,169,2487
533,169,2728
534,169,2838
535,169,2798
536,169,2507
537,169,2994
538,169,2406
539,169,1619
540,169,1889
541,169,1432
542,169,1051
543,169,852
544,169,840
545,169,754
546,169,636
547,169,559
548,169,574
549,169,558
550,169,529
551,169,481
552,169,457
553,169,436
554,169,418
555,169,407
556,169,403
557,169,404
558,169,411
559,169,416
560,169,425
561,169,487
562,169,576
563,169,646
564,169,651
565,169,595
566,169,517
567,169,463
568,169,458
569,169,502
570,169,597
571,169,748
572,169,950
573,169,1204
490,170,275
491,170,351
492,170,407
493,170,463
494,170,526
495,170,604
496,170,688
497,170,700
498,170,643
499,170,596
500,170,573
501,170,573
502,170,598
503,170,623
504,170,630
505,170,614
506,170,607
507,170,663
508,170,775
509,170,908
510,170,945
511,170,895
512,170,886
513,170,1029
514,170,1238
515,170,1382
516,170,1281
517,170,1137
518,170,1092
519,170,1127
520,170,1480
521,170,1842
522,170,1823
523,170,1378
524,170,1211
525,170,1261
526,170,1307
527,170,1458
528,170,1747
529,170,2243
530,170,2746
531,170,3179
532,170,3340
533,170,3186
534,170,3187
535,170,3102
536,170,2679
537,170,3008
538,170,2445
539,170,1588
540,170,1595
541,170,1352
542,170,1062
543,170,968
544,170,1047
545,170,1008
546,170,842
547,170,720
548,170,728
549,170,686
550,170,628
551,170,572
552,170,524
553,170,495
554,170,474
555,170,455
556,170,454
557,170,468
558,170,493
559,170,506
560,170,520
561,170,596
562,170,753
563,170,892
564,170,883
565,170,781
566,170,642
567,170,520
568,170,456
569,170,456
570,170,507
571,170,588
572,170,659
573,170,630
490,171,300
491,171,369
492,171,442
493,171,518
494,171,594
495,171,670
496,171,733
497,171,730
498,171,666
499,171,611
500,171,584
501,171,584
502,171,602
503,171,620
504,171,618
505,171,607
506,171,625
507,171,701
508,171,870
509,171,1118
510,171,1162
511,171,1017
512,171,984
513,171,1135
514,171,1316
515,171,1440
516,171,1353
517,171,1198
518,171,1076
519,171,1229
520,171,1535
521,171,1907
522,171,1901
523,171,1404
524,171,1353
525,171,1452
526,171,1558
527,171,1825
528,171,2279
529,171,3124
530,171,3645
531,171,4106
532,171,4177
533,171,3769
534,171,3660
535,171,3845
536,171,2979
537,171,2510
538,171,2168
539,171,1888
540,171,1983
541,171,1656
542,171,1255
543,171,1122
544,171,1344
545,171,1321
546,171,1038
547,171,1001
548,171,989
549,171,878
550,171,758
551,171,669
552,171,596
553,171,580
554,171,561
555,171,528
556,171,528
557,171,562
558,171,629
559,171,650
560,171,636
561,171,702
562,171,925
563,171,1178
564,171,1118
565,171,975
566,171,781
567,171,595
568,171,471
569,171,420
570,171,425
571,171,455
572,171,471
573,171,435
490,172,303
491,172,396
492,172,497
493,172,604
494,172,710
495,172,817
496,172,920
497,172,893
498,172,751
499,172,648
500,172,599
501,172,589
502,172,598
503,172,606
504,172,601
505,172,598
506,172,617
507,172,695
508,172,866
509,172,1113
510,172,1169
511,172,1066
512,172,1160
513,172,1354
514,172,1582
515,172,1819
516,172,1633
517,172,1389
518,172,1165
519,172,1170
520,172,1419
521,172,1615
522,172,1675
523,172,1462
524,172,1527
525,172,1676
526,172,1962
527,172,2330
528,172,2960
529,172,4100
530,172,4857
531,172,5155
532,172,5026
533,172,4533
534,172,4023
535,172,3855
536,172,3081
537,172,2548
538,172,2329
539,172,2380
540,172,2637
541,172,1940
542,172,1367
543,172,1156
544,172,1365
545,172,1354
546,172,1146
547,172,1372
548,172,1370
549,172,1110
550,172,891
551,172,760
552,172,691
553,172,691
554,172,684
555,172,651
556,172,623
557,172,665
558,172,807
559,172,831
560,172,746
561,172,765
562,172,977
563,172,1189
564,172,1225
565,172,1105
566,172,884
567,172,654
568,172,485
569,172,375
570,172,344
571,172,340
572,172,325
573,172,263
490,173,303
491,173,428
492,173,558
493,173,696
494,173,829
495,173,945
496,173,1036
497,173,986
498,173,815
499,173,683
500,173,612
501,173,587
502,173,583
503,173,576
504,173,577
505,173,571
506,173,588
507,173,649
508,173,768
509,173,914
510,173,993
511,173,1060
512,173,1376
513,173,1697
514,173,1794
515,173,1948
516,173,1789
517,173,1588
518,173,1394
519,173,1345
520,173,1338
521,173,1386
522,173,1751
523,173,2015
524,173,2156
525,173,2126
526,173,2462
527,173,2988
528,173,3853
529,173,5169
530,173,6098
531,173,6403
532,173,6098
533,173,5368
534,173,4596
535,173,4134
536,173,3592
537,173,3257
538,173,2860
539,173,3140
540,173,2355
541,173,1824
542,173,1295
543,173,1146
544,173,1181
545,173,1225
546,173,1441
547,173,1718
548,173,1684
549,173,1251
550,173,956
551,173,796
552,173,779
553,173,823
554,173,845
555,173,801
556,173,715
557,173,694
558,173,825
559,173,851
560,173,771
561,173,799
562,173,967
563,173,1157
564,173,1224
565,173,1125
566,173,906
567,173,666
568,173,484
569,173,376
570,173,309
571,173,287
572,173,263
573,173,212
490,174,300
491,174,462
492,174,610
493,174,770
494,174,921
495,174,1029
496,174,1066
497,174,996
498,174,850
499,174,713
500,174,624
501,174,582
502,174,565
503,174,558
504,174,554
505,174,546
506,174,559
507,174,601
508,174,677
509,174,777
510,174,909
511,174,1232
512,174,1653
513,174,2090
514,174,2119
515,174,1864
516,174,1803
517,174,1769
518,174,1699
519,174,1633
520,174,1564
521,174,1572
522,174,2109
523,174,2622
524,174,2838
525,174,2942
526,174,3239
527,174,3952
528,174,5012
529,174,6325
530,174,7441
531,174,7880
532,174,7662
533,174,6634
534,174,5470
535,174,4634
536,174,4013
537,174,3750
538,174,3445
539,174,2896
540,174,2138
541,174,1967
542,174,1639
543,174,1775
544,174,1508
545,174,1742
546,174,2060
547,174,1658
548,174,1435
549,174,1137
550,174,890
551,174,891
552,174,888
553,174,959
554,174,1068
555,174,1015
556,174,796
557,174,652
558,174,682
559,174,706
560,174,703
561,174,777
562,174,969
563,174,1145
564,174,1176
565,174,1059
566,174,846
567,174,622
568,174,453
569,174,353
570,174,284
571,174,258
572,174,236
573,174,205
490,175,400
491,175,512
492,175,645
493,175,811
494,175,978
495,175,1093
496,175,1113
497,175,1037
498,175,891
499,175,743
500,175,638
501,175,582
502,175,555
503,175,546
504,175,556
505,175,559
506,175,564
507,175,580
508,175,631
509,175,737
510,175,1017
511,175,1356
512,175,1887
513,175,2454
514,175,2088
515,175,1854
516,175,1848
517,175,2097
518,175,2293
519,175,2003
520,175,1848
521,175,1852
522,175,2603
523,175,3183
524,175,3417
525,175,4217
526,175,4648
527,175,5543
528,175,6729
529,175,7811
530,175,9437
531,175,10263
532,175,10009
533,175,8873
534,175,7397
535,175,6137
536,175,5193
537,175,4633
538,175,4055
539,175,3303
540,175,2647
541,175,2392
542,175,2091
543,175,2609
544,175,2241
545,175,1906
546,175,2109
547,175,1690
548,175,1185
549,175,945
550,175,963
551,175,1067
552,175,1005
553,175,1049
554,175,1230
555,175,1182
556,175,865
557,175,650
558,175,575
559,175,589
560,175,623
561,175,744
562,175,948
563,175,1129
564,175,1066
565,175,905
566,175,711
567,175,528
568,175,394
569,175,316
570,175,259
571,175,238
572,175,222
573,175,204
490,176,459
491,176,530
492,176,651
493,176,822
494,176,1015
495,176,1169
496,176,1214
497,176,1116
498,176,942
499,176,772
500,176,660
501,176,595
502,176,558
503,176,553
504,176,594
505,176,623
506,176,634
507,176,633
508,176,654
509,176,829
510,176,1114
511,176,1549
512,176,2091
513,176,2229
514,176,1907
515,176,1799
516,176,1914
517,176,2240
518,176,2635
519,176,3023
520,176,2561
521,176,2396
522,176,2882
523,176,3544
524,176,4137
525,176,5348
526,176,6662
527,176,7923
528,176,9186
529,176,10808
530,176,13139
531,176,14121
532,176,13877
533,176,12490
534,176,10515
535,176,8550
536,176,7033
537,176,5881
538,176,5151
539,176,4393
540,176,4140
541,176,3502
542,176,3091
543,176,3530
544,176,2682
545,176,1776
546,176,1622
547,176,1375
548,176,1021
549,176,1055
550,176,1073
551,176,1294
552,176,1047
553,176,964
554,176,1027
555,176,983
556,176,775
557,176,602
558,176,505
559,176,515
560,176,569
561,176,679
562,176,839
563,176,974
564,176,873
565,176,710
566,176,553
567,176,421
568,176,330
569,176,277
570,176,235
571,176,222
572,176,214
573,176,204
490,177,460
491,177,520
492,177,625
493,177,790
494,177,996
495,177,1189
496,177,1282
497,177,1156
498,177,962
499,177,789
500,177,689
501,177,623
502,177,579
503,177,592
504,177,685
505,177,759
506,177,779
507,177,746
508,177,722
509,177,857
510,177,1125
511,177,1549
512,177,2054
513,177,2120
514,177,1835
515,177,1777
516,177,1924
517,177,2193
518,177,2470
519,177,2662
520,177,2617
521,177,2634
522,177,3066
523,177,3866
524,177,5488
525,177,7024
526,177,9014
527,177,10859
528,177,13137
529,177,15550
530,177,17783
531,177,19153
532,177,19091
533,177,17518
534,177,15329
535,177,12076
536,177,9450
537,177,7564
538,177,6455
539,177,5334
540,177,4656
541,177,3879
542,177,3214
543,177,3106
544,177,2566
545,177,1858
546,177,1339
547,177,1235
548,177,1244
549,177,1236
550,177,1193
551,177,1015
552,177,878
553,177,772
554,177,777
555,177,737
556,177,629
557,177,529
558,177,474
559,177,469
560,177,519
561,177,588
562,177,662
563,177,698
564,177,635
565,177,527
566,177,421
567,177,335
568,177,279
569,177,247
570,177,217
571,177,210
572,177,207
573,177,204
490,178,459
491,178,496
492,178,578
493,178,720
494,178,907
495,178,1093
496,178,1194
497,178,1100
498,178,968
499,178,801
500,178,735
501,178,682
502,178,627
503,178,694
504,178,833
505,178,995
506,178,1023
507,178,917
508,178,823
509,178,904
510,178,1178
511,178,1540
512,178,1802
513,178,1748
514,178,1721
515,178,2086
516,178,2174
517,178,2349
518,178,2293
519,178,2378
520,178,2552
521,178,3063
522,178,3813
523,178,4709
524,178,6492
525,178,8874
526,178,12172
527,178,15748
528,178,18531
529,178,21975
530,178,25150
531,178,27350
532,178,27546
533,178,25185
534,178,20858
535,178,15972
536,178,12512
537,178,9354
538,178,7316
539,178,5816
540,178,4619
541,178,3833
542,178,3152
543,178,2807
544,178,2328
545,178,1684
546,178,1491
547,178,1527
548,178,1602
549,178,1237
550,178,990
551,178,796
552,178,675
553,178,607
554,178,588
555,178,560
556,178,507
557,178,457
558,178,432
559,178,435
560,178,471
561,178,507
562,178,528
563,178,519
564,178,472
565,178,404
566,178,336
567,178,283
568,178,248
569,178,228
570,178,205
571,178,202
572,178,203
573,178,204
490,179,451
491,179,469
492,179,524
493,179,628
494,179,770
495,179,907
496,179,987
497,179,1067
498,179,992
499,179,812
500,179,806
501,179,771
502,179,695
503,179,854
504,179,989
505,179,1297
506,179,1332
507,179,1101
508,179,954
509,179,1088
510,179,1262
511,179,1855
512,179,2299
513,179,2095
514,179,2295
515,179,2700
516,179,2569
517,179,2836
518,179,2868
519,179,2700
520,179,3142
521,179,3515
522,179,4423
523,179,5460
524,179,7406
525,179,10807
526,179,15269
527,179,19184
528,179,23997
529,179,28838
530,179,33301
531,179,36609
532,179,37256
533,179,34219
534,179,28144
535,179,21106
536,179,15799
537,179,11165
538,179,7950
539,179,5880
540,179,4473
541,179,3615
542,179,3002
543,179,2589
544,179,2103
545,179,1726
546,179,1538
547,179,1509
548,179,1253
549,179,999
550,179,761
551,179,625
552,179,524
553,179,486
554,179,470
555,179,456
556,179,431
557,179,406
558,179,396
559,179,405
560,179,430
561,179,447
562,179,448
563,179,427
564,179,389
565,179,341
566,179,296
567,179,259
568,179,234
569,179,218
570,179,199
571,179,197
572,179,199
573,179,204
490,180,437
491,180,454
492,180,480
493,180,545
494,180,640
495,180,751
496,180,855
497,180,952
498,180,916
499,180,770
500,180,776
501,180,766
502,180,774
503,180,1070
504,180,1179
505,180,1355
506,180,1388
507,180,1179
508,180,1159
509,180,1383
510,180,1619
511,180,1895
512,180,2334
513,180,2543
514,180,2713
515,180,3416
516,180,2881
517,180,3455
518,180,3500
519,180,3111
520,180,3975
521,180,4542
522,180,4818
523,180,5982
524,180,8394
525,180,12547
526,180,17697
527,180,22424
528,180,28215
529,180,34017
530,180,39546
531,180,43901
532,180,45109
533,180,41681
534,180,34241
535,180,25242
536,180,17360
537,180,12199
538,180,8220
539,180,5740
540,180,4347
541,180,3413
542,180,2767
543,180,2404
544,180,2088
545,180,1762
546,180,1451
547,180,1221
548,180,981
549,180,782
550,180,625
551,180,511
552,180,448
553,180,462
554,180,485
555,180,482
556,180,449
557,180,413
558,180,391
559,180,401
560,180,411
561,180,412
562,180,404
563,180,385
564,180,354
565,180,318
566,180,283
567,180,253
568,180,229
569,180,204
570,180,195
571,180,194
572,180,193
573,180,193
490,181,465
491,181,467
492,181,469
493,181,492
494,181,551
495,181,626
496,181,697
497,181,744
498,181,728
499,181,652
500,181,646
501,181,662
502,181,821
503,181,1083
504,181,1166
505,181,1131
506,181,1200
507,181,1157
508,181,1264
509,181,1589
510,181,2046
511,181,1643
512,181,1769
513,181,2429
514,181,2551
515,181,2627
516,181,2516
517,181,3364
518,181,3482
519,181,3491
520,181,4571
521,181,5450
522,181,5161
523,181,6375
524,181,9029
525,181,13423
526,181,18954
527,181,23697
528,181,29518
529,181,35343
530,181,41103
531,181,45910
532,181,47550
533,181,44219
534,181,36414
535,181,26713
536,181,17988
537,181,12289
538,181,7899
539,181,5437
540,181,4145
541,181,3151
542,181,2604
543,181,2292
544,181,2061
545,181,1891
546,181,1524
547,181,1092
548,181,820
549,181,643
550,181,533
551,181,452
552,181,457
553,181,518
554,181,591
555,181,591
556,181,515
557,181,444
558,181,413
559,181,422
560,181,423
561,181,411
562,181,392
563,181,368
564,181,342
565,181,313
566,181,280
567,181,251
568,181,217
569,181,201
570,181,195
571,181,192
572,181,189
573,181,182
490,182,525
491,182,513
492,182,485
493,182,474
494,182,489
495,182,536
496,182,575
497,182,596
498,182,588
499,182,554
500,182,551
501,182,571
502,182,720
503,182,879
504,182,967
505,182,1000
506,182,1164
507,182,1325
508,182,1333
509,182,1393
510,182,1523
511,182,1326
512,182,1411
513,182,1754
514,182,1827
515,182,1823
516,182,2055
517,182,2532
518,182,2641
519,182,2869
520,182,3672
521,182,4411
522,182,4901
523,182,6541
524,182,8757
525,182,12895
526,182,17272
527,182,22325
528,182,27377
529,182,32194
530,182,37058
531,182,41325
532,182,42980
533,182,40239
534,182,33371
535,182,24626
536,182,16652
537,182,11216
538,182,7117
539,182,4939
540,182,3602
541,182,2752
542,182,2642
543,182,2424
544,182,2072
545,182,2102
546,182,1678
547,182,1181
548,182,828
549,182,594
550,182,492
551,182,452
552,182,490
553,182,598
554,182,761
555,182,760
556,182,592
557,182,477
558,182,462
559,182,482
560,182,464
561,182,428
562,182,395
563,182,366
564,182,340
565,182,310
566,182,264
567,182,238
568,182,217
569,182,204
570,182,196
571,182,192
572,182,190
573,182,186
490,183,648
491,183,597
492,183,522
493,183,476
494,183,465
495,183,481
496,183,500
497,183,509
498,183,504
499,183,490
500,183,492
501,183,521
502,183,616
503,183,717
504,183,812
505,183,954
506,183,1191
507,183,1477
508,183,1442
509,183,1133
510,183,1063
511,183,944
512,183,871
513,183,1148
514,183,1239
515,183,1299
516,183,1552
517,183,1732
518,183,1883
519,183,2597
520,183,3604
521,183,4059
522,183,4547
523,183,5547
524,183,7651
525,183,11337
526,183,15768
527,183,19235
528,183,22917
529,183,26053
530,183,29252
531,183,32170
532,183,33376
533,183,31443
534,183,26412
535,183,19973
536,183,14431
537,183,9414
538,183,6232
539,183,4822
540,183,3530
541,183,2524
542,183,2541
543,183,2776
544,183,2159
545,183,2008
546,183,1593
547,183,1132
548,183,803
549,183,597
550,183,521
551,183,470
552,183,502
553,183,609
554,183,769
555,183,764
556,183,594
557,183,477
558,183,535
559,183,600
560,183,535
561,183,452
562,183,396
563,183,361
564,183,334
565,183,307
566,183,264
567,183,240
568,183,222
569,183,208
570,183,201
571,183,198
572,183,194
573,183,186
490,184,745
491,184,666
492,184,547
493,184,479
494,184,452
495,184,447
496,184,454
497,184,456
498,184,453
499,184,447
500,184,452
501,184,486
502,184,538
503,184,609
504,184,699
505,184,864
506,184,1054
507,184,1222
508,184,1176
509,184,931
510,184,739
511,184,679
512,184,645
513,184,807
514,184,900
515,184,999
516,184,1157
517,184,1223
518,184,1405
519,184,2175
520,184,3046
521,184,3848
522,184,4181
523,184,4791
524,184,6201
525,184,9070
526,184,12688
527,184,16133
528,184,18585
529,184,19497
530,184,20918
531,184,22314
532,184,22852
533,184,21604
534,184,18523
535,184,15105
536,184,10808
537,184,7368
538,184,5600
539,184,4073
540,184,3288
541,184,2530
542,184,2462
543,184,2247
544,184,1836
545,184,1505
546,184,1249
547,184,964
548,184,743
549,184,681
550,184,615
551,184,537
552,184,498
553,184,546
554,184,612
555,184,603
556,184,521
557,184,481
558,184,591
559,184,758
560,184,585
561,184,456
562,184,384
563,184,345
564,184,320
565,184,297
566,184,259
567,184,238
568,184,223
569,184,211
570,184,205
571,184,204
572,184,206
573,184,211
490,185,637
491,185,605
492,185,529
493,185,471
494,185,441
495,185,428
496,185,423
497,185,421
498,185,417
499,185,415
500,185,418
501,185,446
502,185,482
503,185,535
504,185,624
505,185,737
506,185,845
507,185,906
508,185,859
509,185,720
510,185,585
511,185,516
512,185,561
513,185,682
514,185,823
515,185,981
516,185,1283
517,185,1507
518,185,1393
519,185,1507
520,185,2252
521,185,2726
522,185,3132
523,185,3703
524,185,5033
525,185,7109
526,185,9617
527,185,12144
528,185,13940
529,185,14666
530,185,15050
531,185,15357
532,185,15329
533,185,14434
534,185,12544
535,185,10084
536,185,7510
537,185,5613
538,185,4489
539,185,3516
540,185,3719
541,185,2745
542,185,3031
543,185,2769
544,185,1971
545,185,1376
546,185,992
547,185,815
548,185,845
549,185,880
550,185,777
551,185,631
552,185,527
553,185,501
554,185,505
555,185,489
556,185,448
557,185,446
558,185,514
559,185,572
560,185,501
561,185,413
562,185,355
563,185,321
564,185,300
565,185,281
566,185,249
567,185,234
568,185,223
569,185,215
570,185,211
571,185,211
572,185,214
573,185,213
490,186,542
491,186,550
492,186,507
493,186,464
494,186,436
495,186,422
496,186,412
497,186,402
498,186,395
499,186,391
500,186,379
501,186,411
502,186,439
503,186,483
504,186,543
505,186,608
506,186,658
507,186,670
508,186,630
509,186,555
510,186,488
511,186,498
512,186,600
513,186,785
514,186,1026
515,186,1235
516,186,1595
517,186,1972
518,186,1580
519,186,1008
520,186,1008
521,186,1320
522,186,2076
523,186,2792
524,186,3923
525,186,5350
526,186,7109
527,186,8892
528,186,10010
529,186,10197
530,186,9974
531,186,9794
532,186,9519
533,186,8762
534,186,7792
535,186,6602
536,186,5573
537,186,4772
538,186,4265
539,186,3005
540,186,2898
541,186,2301
542,186,2210
543,186,2515
544,186,1826
545,186,1268
546,186,933
547,186,850
548,186,1016
549,186,1183
550,186,972
551,186,723
552,186,628
553,186,541
554,186,468
555,186,435
556,186,398
557,186,400
558,186,420
559,186,430
560,186,399
561,186,355
562,186,319
563,186,296
564,186,279
565,186,265
566,186,240
567,186,231
568,186,225
569,186,220
570,186,217
571,186,219
572,186,227
573,186,243
490,187,642
491,187,564
492,187,510
493,187,469
494,187,449
495,187,435
496,187,420
497,187,404
498,187,392
499,187,387
500,187,384
501,187,369
502,187,384
503,187,436
504,187,472
505,187,507
506,187,524
507,187,517
508,187,489
509,187,451
510,187,430
511,187,504
512,187,654
513,187,920
514,187,1326
515,187,1680
516,187,1589
517,187,1955
518,187,1519
519,187,977
520,187,910
521,187,886
522,187,1182
523,187,2075
524,187,3044
525,187,3993
526,187,5211
527,187,6505
528,187,7210
529,187,7035
530,187,6638
531,187,6272
532,187,6216
533,187,5565
534,187,5292
535,187,4729
536,187,4482
537,187,4038
538,187,3436
539,187,2782
540,187,2568
541,187,2001
542,187,1697
543,187,1803
544,187,1514
545,187,1135
546,187,865
547,187,870
548,187,1033
549,187,1202
550,187,1024
551,187,936
552,187,789
553,187,626
554,187,510
555,187,436
556,187,386
557,187,370
558,187,362
559,187,352
560,187,333
561,187,311
562,187,291
563,187,277
564,187,265
565,187,254
566,187,236
567,187,234
568,187,235
569,187,232
570,187,226
571,187,226
572,187,233
573,187,247
490,188,624
491,188,573
492,188,524
493,188,495
494,188,481
495,188,472
496,188,453
497,188,426
498,188,404
499,188,393
500,188,388
501,188,366
502,188,372
503,188,385
504,188,398
505,188,439
506,188,442
507,188,428
508,188,413
509,188,400
510,188,411
511,188,505
512,188,663
513,188,938
514,188,1363
515,188,1734
516,188,1447
517,188,1366
518,188,951
519,188,1033
520,188,1024
521,188,828
522,188,831
523,188,1298
524,188,2178
525,188,2903
526,188,3947
527,188,5037
528,188,5804
529,188,5395
530,188,4921
531,188,4267
532,188,4329
533,188,4066
534,188,4087
535,188,3760
536,188,3407
537,188,2950
538,188,2558
539,188,2949
540,188,2865
541,188,2066
542,188,1377
543,188,1282
544,188,1156
545,188,955
546,188,982
547,188,1047
548,188,957
549,188,962
550,188,989
551,188,1207
552,188,916
553,188,685
554,188,543
555,188,456
556,188,395
557,188,362
558,188,339
559,188,319
560,188,302
561,188,287
562,188,277
563,188,268
564,188,258
565,188,241
566,188,239
567,188,245
568,188,255
569,188,253
570,188,240
571,188,236
572,188,239
573,188,247
490,189,621
491,189,597
492,189,552
493,189,526
494,189,526
495,189,538
496,189,518
497,189,467
498,189,426
499,189,406
500,189,399
501,189,398
502,189,406
503,189,411
504,189,413
505,189,411
506,189,398
507,189,365
508,189,385
509,189,400
510,189,434
511,189,502
512,189,649
513,189,893
514,189,1312
515,189,1803
516,189,1341
517,189,981
518,189,772
519,189,850
520,189,848
521,189,738
522,189,714
523,189,946
524,189,1562
525,189,2325
526,189,3133
527,189,3901
528,189,4396
529,189,4524
530,189,4336
531,189,3580
532,189,3384
533,189,3942
534,189,4711
535,189,3833
536,189,2886
537,189,2203
538,189,2065
539,189,2397
540,189,2353
541,189,1836
542,189,1314
543,189,1055
544,189,970
545,189,988
546,189,1169
547,189,1379
548,189,1146
549,189,936
550,189,910
551,189,961
552,189,829
553,189,675
554,189,560
555,189,480
556,189,425
557,189,376
558,189,342
559,189,314
560,189,294
561,189,281
562,189,273
563,189,266
564,189,250
565,189,248
566,189,254
567,189,265
568,189,273
569,189,270
570,189,258
571,189,249
572,189,248
573,189,250
490,190,797
491,190,660
492,190,579
493,190,547
494,190,567
495,190,624
496,190,606
497,190,510
498,190,447
499,190,418
500,190,410
501,190,415
502,190,426
503,190,432
504,190,431
505,190,421
506,190,407
507,190,394
508,190,406
509,190,434
510,190,489
511,190,578
512,190,696
513,190,821
514,190,1109
515,190,1307
516,190,1124
517,190,863
518,190,670
519,190,678
520,190,672
521,190,634
522,190,632
523,190,783
524,190,1169
525,190,1666
526,190,2367
527,190,2873
528,190,3187
529,190,3550
530,190,3469
531,190,2937
532,190,2774
533,190,3305
534,190,3678
535,190,3485
536,190,2618
537,190,1893
538,190,1609
539,190,1733
540,190,1702
541,190,1444
542,190,1133
543,190,903
544,190,903
545,190,960
546,190,1150
547,190,1364
548,190,1149
549,190,1110
550,190,1081
551,190,878
552,190,734
553,190,688
554,190,614
555,190,537
556,190,473
557,190,417
558,190,370
559,190,331
560,190,301
561,190,285
562,190,265
563,190,259
564,190,260
565,190,266
566,190,278
567,190,292
568,190,300
569,190,295
570,190,280
571,190,266
572,190,260
573,190,266
490,191,864
491,191,685
492,191,583
493,191,545
494,191,565
495,191,623
496,191,605
497,191,512
498,191,452
499,191,426
500,191,418
501,191,433
502,191,453
503,191,466
504,191,466
505,191,452
506,191,436
507,191,425
508,191,441
509,191,478
510,191,555
511,191,688
512,191,883
513,191,1040
514,191,972
515,191,955
516,191,873
517,191,740
518,191,603
519,191,588
520,191,580
521,191,570
522,191,586
523,191,714
524,191,1039
525,191,1426
526,191,1905
527,191,2341
528,191,2490
529,191,2621
530,191,2531
531,191,2240
532,191,2108
533,191,2635
534,191,3368
535,191,3319
536,191,2424
537,191,1693
538,191,1259
539,191,1255
540,191,1231
541,191,1095
542,191,933
543,191,757
544,191,760
545,191,817
546,191,913
547,191,987
548,191,895
549,191,1057
550,191,1053
551,191,856
552,191,844
553,191,832
554,191,710
555,191,601
556,191,523
557,191,461
558,191,407
559,191,357
560,191,304
561,191,283
562,191,274
563,191,274
564,191,278
565,191,289
566,191,306
567,191,323
568,191,331
569,191,322
570,191,302
571,191,280
572,191,266
573,191,265
490,192,807
491,192,658
492,192,560
493,192,518
494,192,522
495,192,544
496,192,525
497,192,478
498,192,445
499,192,429
500,192,431
501,192,455
502,192,488
503,192,519
504,192,521
505,192,496
506,192,473
507,192,460
508,192,476
509,192,513
510,192,605
511,192,761
512,192,1038
513,192,1382
514,192,1060
515,192,821
516,192,686
517,192,633
518,192,613
519,192,612
520,192,596
521,192,579
522,192,594
523,192,743
524,192,1008
525,192,1401
526,192,1951
527,192,2619
528,192,2673
529,192,2189
530,192,1786
531,192,1687
532,192,1773
533,192,2226
534,192,2736
535,192,2701
536,192,2091
537,192,1496
538,192,1113
539,192,959
540,192,922
541,192,846
542,192,760
543,192,651
544,192,644
545,192,672
546,192,712
547,192,737
548,192,762
549,192,817
550,192,804
551,192,759
552,192,942
553,192,956
554,192,768
555,192,639
556,192,556
557,192,498
558,192,443
559,192,387
560,192,324
561,192,298
562,192,289
563,192,289
564,192,296
565,192,310
566,192,330
567,192,348
568,192,354
569,192,341
570,192,315
571,192,286
572,192,263
573,192,244
490,193,693
491,193,601
492,193,524
493,193,486
494,193,479
495,193,482
496,193,474
497,193,456
498,193,441
499,193,432
500,193,444
501,193,475
502,193,524
503,193,585
504,193,590
505,193,540
506,193,506
507,193,493
508,193,520
509,193,569
510,193,642
511,193,738
512,193,932
513,193,1054
514,193,922
515,193,748
516,193,639
517,193,647
518,193,707
519,193,745
520,193,707
521,193,651
522,193,630
523,193,709
524,193,1002
525,193,1392
526,193,1940
527,193,2525
528,193,2555
529,193,2000
530,193,1548
531,193,1314
532,193,1439
533,193,1821
534,193,2226
535,193,2190
536,193,1691
537,193,1197
538,193,930
539,193,777
540,193,692
541,193,640
542,193,609
543,193,574
544,193,564
545,193,592
546,193,686
547,193,833
548,193,949
549,193,823
550,193,669
551,193,651
552,193,778
553,193,804
554,193,710
555,193,625
556,193,564
557,193,518
558,193,471
559,193,413
560,193,345
561,193,317
562,193,303
563,193,302
564,193,309
565,193,321
566,193,344
567,193,360
568,193,362
569,193,346
570,193,317
571,193,284
572,193,253
573,193,224
490,194,528
491,194,512
492,194,481
493,194,463
494,194,460
495,194,462
496,194,462
497,194,457
498,194,458
499,194,455
500,194,458
501,194,483
502,194,532
503,194,594
504,194,601
505,194,558
506,194,526
507,194,515
508,194,555
509,194,627
510,194,742
511,194,879
512,194,902
513,194,795
514,194,739
515,194,646
516,194,608
517,194,696
518,194,858
519,194,990
520,194,875
521,194,738
522,194,678
523,194,725
524,194,960
525,194,1259
526,194,1632
527,194,1881
528,194,1902
529,194,1620
530,194,1310
531,194,1193
532,194,1397
533,194,1866
534,194,2481
535,194,2475
536,194,1827
537,194,1332
538,194,968
539,194,750
540,194,608
541,194,587
542,194,583
543,194,563
544,194,540
545,194,578
546,194,702
547,194,942
548,194,1256
549,194,918
550,194,659
551,194,545
552,194,594
553,194,624
554,194,605
555,194,575
556,194,547
557,194,517
558,194,483
559,194,416
560,194,361
561,194,346
562,194,318
563,194,312
564,194,318
565,194,328
566,194,341
567,194,353
568,194,352
569,194,335
570,194,306
571,194,275
572,194,246
573,194,218
490,195,347
491,195,409
492,195,441
493,195,453
494,195,460
495,195,471
496,195,485
497,195,500
498,195,506
499,195,493
500,195,477
501,195,482
502,195,511
503,195,547
504,195,564
505,195,551
506,195,532
507,195,533
508,195,572
509,195,656
510,195,805
511,195,1025
512,195,1020
513,195,791
514,195,636
515,195,549
516,195,581
517,195,712
518,195,969
519,195,1309
520,195,1002
521,195,784
522,195,700
523,195,725
524,195,880
525,195,1064
526,195,1247
527,195,1367
528,195,1360
529,195,1232
530,195,1120
531,195,1113
532,195,1302
533,195,1609
534,195,2049
535,195,2209
536,195,2064
537,195,1456
538,195,1012
539,195,744
540,195,593
541,195,612
542,195,643
543,195,631
544,195,580
545,195,558
546,195,644
547,195,800
548,195,917
549,195,773
550,195,592
551,195,492
552,195,493
553,195,516
554,195,524
555,195,528
556,195,521
557,195,500
558,195,469
559,195,424
560,195,386
561,195,362
562,195,345
563,195,339
564,195,338
565,195,327
566,195,333
567,195,339
568,195,336
569,195,319
570,195,294
571,195,266
572,195,242
573,195,221
490,196,337
491,196,375
492,196,409
493,196,454
494,196,476
495,196,496
496,196,522
497,196,554
498,196,575
499,196,539
500,196,499
501,196,480
502,196,490
503,196,511
504,196,527
505,196,532
506,196,546
507,196,558
508,196,568
509,196,636
510,196,749
511,196,875
512,196,863
513,196,712
514,196,580
515,196,502
516,196,534
517,196,643
518,196,830
519,196,1002
520,196,927
521,196,776
522,196,694
523,196,684
524,196,751
525,196,895
526,196,991
527,196,1045
528,196,1046
529,196,998
530,196,961
531,196,1000
532,196,1120
533,196,1278
534,196,1469
535,196,1723
536,196,1697
537,196,1341
538,196,952
539,196,712
540,196,619
541,196,699
542,196,800
543,196,792
544,196,673
545,196,567
546,196,560
547,196,619
548,196,649
549,196,588
550,196,496
551,196,442
552,196,478
553,196,515
554,196,541
555,196,540
556,196,512
557,196,479
558,196,444
559,196,411
560,196,388
561,196,370
562,196,356
563,196,349
564,196,347
565,196,345
566,196,326
567,196,325
568,196,320
569,196,305
570,196,283
571,196,260
572,196,239
573,196,221
490,197,345
491,197,372
492,197,403
493,197,461
494,197,488
495,197,511
496,197,542
497,197,591
498,197,655
499,197,573
500,197,510
501,197,479
502,197,474
503,197,487
504,197,510
505,197,541
506,197,583
507,197,610
508,197,594
509,197,584
510,197,661
511,197,708
512,197,684
513,197,600
514,197,513
515,197,455
516,197,478
517,197,570
518,197,757
519,197,1034
520,197,1040
521,197,801
522,197,673
523,197,643
524,197,674
525,197,761
526,197,820
527,197,852
528,197,850
529,197,845
530,197,834
531,197,861
532,197,881
533,197,963
534,197,1103
535,197,1254
536,197,1252
537,197,1036
538,197,794
539,197,627
540,197,647
541,197,805
542,197,1031
543,197,1024
544,197,780
545,197,596
546,197,500
547,197,498
548,197,495
549,197,459
550,197,425
551,197,421
552,197,491
553,197,568
554,197,645
555,197,593
556,197,515
557,197,458
558,197,413
559,197,400
560,197,393
561,197,389
562,197,379
563,197,367
564,197,359
565,197,352
566,197,327
567,197,319
568,197,311
569,197,298
570,197,280
571,197,260
572,197,241
573,197,221
490,198,345
491,198,373
492,198,406
493,198,462
494,198,488
495,198,508
496,198,531
497,198,562
498,198,582
499,198,544
500,198,499
501,198,471
502,198,463
503,198,476
504,198,506
505,198,555
506,198,627
507,198,691
508,198,638
509,198,601
510,198,685
511,198,683
512,198,604
513,198,514
514,198,448
515,198,414
516,198,445
517,198,522
518,198,659
519,198,826
520,198,837
521,198,700
522,198,605
523,198,577
524,198,589
525,198,631
526,198,692
527,198,722
528,198,731
529,198,734
530,198,727
531,198,760
532,198,818
533,198,943
534,198,1168
535,198,1464
536,198,1437
537,198,1079
538,198,801
539,198,628
540,198,650
541,198,808
542,198,1034
543,198,1024
544,198,781
545,198,594
546,198,483
547,198,434
548,198,415
549,198,391
550,198,372
551,198,401
552,198,477
553,198,614
554,198,808
555,198,639
556,198,512
557,198,440
558,198,395
559,198,401
560,198,421
561,198,435
562,198,419
563,198,395
564,198,378
565,198,367
566,198,355
567,198,326
568,198,316
569,198,304
570,198,289
571,198,270
572,198,250
573,198,224
490,199,349
491,199,382
492,199,433
493,199,463
494,199,481
495,199,494
496,199,505
497,199,518
498,199,521
499,199,503
500,199,477
501,199,458
502,199,452
503,199,468
504,199,499
505,199,548
506,199,620
507,199,685
508,199,643
509,199,677
510,199,798
511,199,786
512,199,630
513,199,488
514,199,426
515,199,394
516,199,419
517,199,470
518,199,548
519,199,622
520,199,619
521,199,561
522,199,517
523,199,507
524,199,518
525,199,547
526,199,590
527,199,620
528,199,635
529,199,640
530,199,662
531,199,705
532,199,776
533,199,912
534,199,1144
535,199,1444
536,199,1421
537,199,1070
538,199,790
539,199,629
540,199,615
541,199,709
542,199,822
543,199,789
544,199,686
545,199,564
546,199,471
547,199,411
548,199,377
549,199,354
550,199,353
551,199,381
552,199,441
553,199,540
554,199,622
555,199,561
556,199,477
557,199,421
558,199,390
559,199,412
560,199,460
561,199,507
562,199,468
563,199,425
564,199,399
565,199,385
566,199,374
567,199,343
568,199,335
569,199,328
570,199,315
571,199,296
572,199,274
573,199,253
490,200,361
491,200,412
492,200,443
493,200,466
494,200,482
495,200,488
496,200,488
497,200,488
498,200,485
499,200,473
500,200,456
501,200,443
502,200,442
503,200,460
504,200,489
505,200,527
506,200,573
507,200,611
508,200,631
509,200,670
510,200,779
511,200,772
512,200,605
513,200,499
514,200,431
515,200,392
516,200,395
517,200,432
518,200,482
519,200,546
520,200,504
521,200,471
522,200,451
523,200,448
524,200,459
525,200,476
526,200,499
527,200,527
528,200,551
529,200,569
530,200,601
531,200,648
532,200,719
533,200,824
534,200,971
535,200,1112
536,200,1090
537,200,905
538,200,720
539,200,598
540,200,576
541,200,664
542,200,823
543,200,950
544,200,794
545,200,614
546,200,494
547,200,419
548,200,371
549,200,342
550,200,343
551,200,361
552,200,401
553,200,454
554,200,491
555,200,477
556,200,439
557,200,405
558,200,389
559,200,414
560,200,465
561,200,515
562,200,479
563,200,438
564,200,414
565,200,403
566,200,399
567,200,376
568,200,374
569,200,373
570,200,362
571,200,340
572,200,308
573,200,254
490,201,362
491,201,419
492,201,448
493,201,474
494,201,495
495,201,505
496,201,498
497,201,483
498,201,468
499,201,454
500,201,441
501,201,433
502,201,441
503,201,466
504,201,505
505,201,557
506,201,617
507,201,704
508,201,717
509,201,636
510,201,601
511,201,662
512,201,628
513,201,515
514,201,442
515,201,404
516,201,404
517,201,420
518,201,439
519,201,445
520,201,425
521,201,413
522,201,405
523,201,406
524,201,412
525,201,417
526,201,409
527,201,426
528,201,472
529,201,503
530,201,542
531,201,593
532,201,655
533,201,726
534,201,803
535,201,855
536,201,834
537,201,742
538,201,631
539,201,540
540,201,560
541,201,651
542,201,811
543,201,949
544,201,799
545,201,622
546,201,503
547,201,427
548,201,375
549,201,326
550,201,331
551,201,340
552,201,361
553,201,391
554,201,417
555,201,421
556,201,407
557,201,389
558,201,388
559,201,405
560,201,437
561,201,462
562,201,458
563,201,450
564,201,435
565,201,429
566,201,435
567,201,445
568,201,432
569,201,438
570,201,432
571,201,409
572,201,374
573,201,329
490,202,398
491,202,427
492,202,455
493,202,487
494,202,522
495,202,546
496,202,524
497,202,494
498,202,469
499,202,450
500,202,439
501,202,436
502,202,445
503,202,475
504,202,524
505,202,601
506,202,699
507,202,730
508,202,823
509,202,660
510,202,545
511,202,568
512,202,558
513,202,501
514,202,455
515,202,431
516,202,442
517,202,463
518,202,478
519,202,468
520,202,433
521,202,401
522,202,383
523,202,378
524,202,377
525,202,362
526,202,357
527,202,369
528,202,415
529,202,451
530,202,495
531,202,548
532,202,603
533,202,653
534,202,691
535,202,708
536,202,688
537,202,633
538,202,548
539,202,511
540,202,530
541,202,591
542,202,680
543,202,735
544,202,675
545,202,574
546,202,490
547,202,428
548,202,383
549,202,345
550,202,342
551,202,351
552,202,378
553,202,420
554,202,456
555,202,454
556,202,429
557,202,402
558,202,398
559,202,417
560,202,454
561,202,489
562,202,522
563,202,493
564,202,461
565,202,454
566,202,470
567,202,497
568,202,494
569,202,515
570,202,520
571,202,495
572,202,461
573,202,449
490,203,402
491,203,431
492,203,459
493,203,494
494,203,543
495,203,603
496,203,546
497,203,502
498,203,473
499,203,454
500,203,451
501,203,455
502,203,468
503,203,499
504,203,535
505,203,612
506,203,703
507,203,704
508,203,675
509,203,594
510,203,513
511,203,497
512,203,504
513,203,501
514,203,494
515,203,494
516,203,513
517,203,550
518,203,590
519,203,568
520,203,489
521,203,421
522,203,383
523,203,368
524,203,362
525,203,356
526,203,334
527,203,338
528,203,360
529,203,408
530,203,460
531,203,518
532,203,570
533,203,610
534,203,618
535,203,627
536,203,624
537,203,604
538,203,563
539,203,519
540,203,494
541,203,519
542,203,560
543,203,581
544,203,560
545,203,515
546,203,465
547,203,420
548,203,382
549,203,359
550,203,353
551,203,363
552,203,397
553,203,458
554,203,516
555,203,492
556,203,447
557,203,409
558,203,404
559,203,432
560,203,495
561,203,569
562,203,621
563,203,524
564,203,472
565,203,466
566,203,492
567,203,533
568,203,545
569,203,591
570,203,640
571,203,613
572,203,555
573,203,500
490,204,422
491,204,436
492,204,457
493,204,485
494,204,519
495,204,544
496,204,524
497,204,497
498,204,479
499,204,473
500,204,478
501,204,497
502,204,521
503,204,558
504,204,599
505,204,602
506,204,628
507,204,616
508,204,583
509,204,530
510,204,481
511,204,471
512,204,506
513,204,554
514,204,586
515,204,583
516,204,599
517,204,653
518,204,752
519,204,724
520,204,566
521,204,453
522,204,395
523,204,368
524,204,357
525,204,350
526,204,325
527,204,326
528,204,340
529,204,368
530,204,412
531,204,495
532,204,551
533,204,595
534,204,624
535,204,647
536,204,669
537,204,675
538,204,635
539,204,557
540,204,488
541,204,462
542,204,471
543,204,472
544,204,463
545,204,461
546,204,436
547,204,405
548,204,354
549,204,361
550,204,359
551,204,368
552,204,399
553,204,456
554,204,510
555,204,484
556,204,438
557,204,401
558,204,397
559,204,424
560,204,484
561,204,544
562,204,545
563,204,481
564,204,450
565,204,455
566,204,490
567,204,540
568,204,578
569,204,675
570,204,709
571,204,678
572,204,597
573,204,482
490,205,384
491,205,428
492,205,449
493,205,470
494,205,489
495,205,502
496,205,502
497,205,498
498,205,500
499,205,504
500,205,521
501,205,562
502,205,612
503,205,638
504,205,708
505,205,661
506,205,600
507,205,572
508,205,538
509,205,495
510,205,469
511,205,489
512,205,566
513,205,664
514,205,722
515,205,701
516,205,666
517,205,695
518,205,779
519,205,745
520,205,584
521,205,468
522,205,405
523,205,374
524,205,360
525,205,351
526,205,325
527,205,325
528,205,336
529,205,359
530,205,400
531,205,485
532,205,547
533,205,599
534,205,644
535,205,689
536,205,744
537,205,810
538,205,766
539,205,618
540,205,499
541,205,470
542,205,482
543,205,471
544,205,447
545,205,427
546,205,410
547,205,392
548,205,355
549,205,361
550,205,363
551,205,367
552,205,384
553,205,415
554,205,442
555,205,435
556,205,408
557,205,383
558,205,382
559,205,398
560,205,424
561,205,462
562,205,464
563,205,430
564,205,414
565,205,427
566,205,463
567,205,499
568,205,607
569,205,696
570,205,739
571,205,720
572,205,640
573,205,512
490,206,361
491,206,415
492,206,440
493,206,461
494,206,483
495,206,509
496,206,530
497,206,528
498,206,538
499,206,559
500,206,590
501,206,641
502,206,726
503,206,669
504,206,730
505,206,681
506,206,611
507,206,559
508,206,516
509,206,481
510,206,471
511,206,518
512,206,628
513,206,770
514,206,862
515,206,801
516,206,690
517,206,657
518,206,662
519,206,626
520,206,539
521,206,460
522,206,409
523,206,380
524,206,366
525,206,354
526,206,329
527,206,328
528,206,339
529,206,358
530,206,395
531,206,473
532,206,536
533,206,595
534,206,652
535,206,721
536,206,825
537,206,930
538,206,883
539,206,653
540,206,487
541,206,508
542,206,552
543,206,505
544,206,448
545,206,415
546,206,400
547,206,393
548,206,381
549,206,352
550,206,363
551,206,363
552,206,368
553,206,380
554,206,391
555,206,389
556,206,376
557,206,363
558,206,364
559,206,377
560,206,388
561,206,395
562,206,394
563,206,383
564,206,380
565,206,396
566,206,434
567,206,496
568,206,589
569,206,681
570,206,742
571,206,747
572,206,693
573,206,615
490,207,345
491,207,406
492,207,436
493,207,461
494,207,491
495,207,536
496,207,582
497,207,568
498,207,585
499,207,634
500,207,649
501,207,658
502,207,663
503,207,634
504,207,656
505,207,643
506,207,611
507,207,565
508,207,515
509,207,480
510,207,480
511,207,530
512,207,643
513,207,807
514,207,963
515,207,824
516,207,675
517,207,589
518,207,560
519,207,532
520,207,488
521,207,443
522,207,407
523,207,384
524,207,368
525,207,338
526,207,334
527,207,336
528,207,343
529,207,360
530,207,391
531,207,459
532,207,519
533,207,576
534,207,632
535,207,701
536,207,804
537,207,896
538,207,787
539,207,635
540,207,495
541,207,556
542,207,666
543,207,535
544,207,445
545,207,406
546,207,397
547,207,399
548,207,395
549,207,358
550,207,348
551,207,359
552,207,357
553,207,357
554,207,358
555,207,356
556,207,350
557,207,342
558,207,345
559,207,354
560,207,358
561,207,355
562,207,350
563,207,347
564,207,350
565,207,366
566,207,400
567,207,465
568,207,551
569,207,643
570,207,717
571,207,754
572,207,723
573,207,653
490,208,342
491,208,401
492,208,434
493,208,459
494,208,489
495,208,535
496,208,582
497,208,565
498,208,589
499,208,632
500,208,601
501,208,598
502,208,584
503,208,577
504,208,591
505,208,601
506,208,596
507,208,567
508,208,521
509,208,488
510,208,482
511,208,517
512,208,596
513,208,704
514,208,772
515,208,703
516,208,592
517,208,509
518,208,479
519,208,464
520,208,446
521,208,422
522,208,400
523,208,382
524,208,362
525,208,341
526,208,338
527,208,343
528,208,356
529,208,394
530,208,425
531,208,469
532,208,518
533,208,559
534,208,602
535,208,640
536,208,693
537,208,787
538,208,928
539,208,695
540,208,523
541,208,498
542,208,536
543,208,487
544,208,423
545,208,397
546,208,398
547,208,409
548,208,407
549,208,372
550,208,354
551,208,341
552,208,347
553,208,340
554,208,334
555,208,330
556,208,323
557,208,306
558,208,320
559,208,327
560,208,328
561,208,326
562,208,324
563,208,323
564,208,328
565,208,340
566,208,352
567,208,428
568,208,505
569,208,587
570,208,657
571,208,703
572,208,690
573,208,653
490,209,325
491,209,391
492,209,432
493,209,457
494,209,476
495,209,502
496,209,526
497,209,529
498,209,547
499,209,561
500,209,540
501,209,527
502,209,516
503,209,520
504,209,534
505,209,551
506,209,555
507,209,539
508,209,509
509,209,487
510,209,479
511,209,492
512,209,530
513,209,576
514,209,595
515,209,556
516,209,490
517,209,437
518,209,412
519,209,412
520,209,409
521,209,400
522,209,387
523,209,371
524,209,345
525,209,338
526,209,343
527,209,357
528,209,385
529,209,436
530,209,474
531,209,517
532,209,564
533,209,599
534,209,606
535,209,595
536,209,623
537,209,684
538,209,727
539,209,618
540,209,497
541,209,442
542,209,442
543,209,422
544,209,395
545,209,389
546,209,402
547,209,417
548,209,401
549,209,383
550,209,363
551,209,341
552,209,323
553,209,308
554,209,297
555,209,293
556,209,288
557,209,284
558,209,287
559,209,302
560,209,305
561,209,305
562,209,305
563,209,307
564,209,311
565,209,307
566,209,330
567,209,396
568,209,459
569,209,522
570,209,574
571,209,601
572,209,588
573,209,554
490,210,308
491,210,366
492,210,427
493,210,457
494,210,467
495,210,475
496,210,486
497,210,494
498,210,504
499,210,506
500,210,489
501,210,472
502,210,462
503,210,464
504,210,477
505,210,494
506,210,502
507,210,493
508,210,461
509,210,471
510,210,470
511,210,472
512,210,481
513,210,491
514,210,486
515,210,456
516,210,417
517,210,386
518,210,371
519,210,370
520,210,377
521,210,375
522,210,367
523,210,338
524,210,332
525,210,334
526,210,349
527,210,383
528,210,457
529,210,513
530,210,557
531,210,606
532,210,656
533,210,694
534,210,691
535,210,639
536,210,592
537,210,602
538,210,594
539,210,503
540,210,444
541,210,411
542,210,397
543,210,384
544,210,377
545,210,385
546,210,405
547,210,420
548,210,406
549,210,391
550,210,370
551,210,344
552,210,320
553,210,300
554,210,287
555,210,278
556,210,275
557,210,272
558,210,270
559,210,272
560,210,274
561,210,275
562,210,278
563,210,282
564,210,287
565,210,298
566,210,318
567,210,353
568,210,417
569,210,463
570,210,496
571,210,508
572,210,489
573,210,431
490,211,271
491,211,361
492,211,412
493,211,460
494,211,461
495,211,457
496,211,459
497,211,462
498,211,465
499,211,463
500,211,449
501,211,431
502,211,419
503,211,416
504,211,422
505,211,434
506,211,441
507,211,425
508,211,425
509,211,434
510,211,456
511,211,460
512,211,460
513,211,458
514,211,446
515,211,417
516,211,387
517,211,363
518,211,342
519,211,322
520,211,339
521,211,332
522,211,329
523,211,322
524,211,317
525,211,323
526,211,348
527,211,409
528,211,542
529,211,624
530,211,659
531,211,698
532,211,745
533,211,815
534,211,834
535,211,730
536,211,633
537,211,594
538,211,593
539,211,556
540,211,481
541,211,419
542,211,383
543,211,368
544,211,369
545,211,384
546,211,401
547,211,399
548,211,398
549,211,392
550,211,372
551,211,343
552,211,317
553,211,297
554,211,283
555,211,273
556,211,267
557,211,266
558,211,263
559,211,263
560,211,265
561,211,268
562,211,273
563,211,277
564,211,287
565,211,304
566,211,321
567,211,339
568,211,386
569,211,415
570,211,437
571,211,444
572,211,429
573,211,390
490,212,347
491,212,397
492,212,424
493,212,438
494,212,450
495,212,435
496,212,430
497,212,429
498,212,421
499,212,427
500,212,417
501,212,398
502,212,383
503,212,372
504,212,356
505,212,360
506,212,367
507,212,374
508,212,400
509,212,423
510,212,427
511,212,448
512,212,450
513,212,455
514,212,455
515,212,415
516,212,386
517,212,363
518,212,312
519,212,287
520,212,297
521,212,315
522,212,317
523,212,301
524,212,291
525,212,298
526,212,327
527,212,407
528,212,664
529,212,783
530,212,735
531,212,741
532,212,739
533,212,891
534,212,994
535,212,786
536,212,684
537,212,658
538,212,662
539,212,635
540,212,519
541,212,435
542,212,388
543,212,358
544,212,361
545,212,381
546,212,380
547,212,387
548,212,390
549,212,387
550,212,372
551,212,338
552,212,307
553,212,291
554,212,280
555,212,270
556,212,265
557,212,262
558,212,256
559,212,258
560,212,261
561,212,262
562,212,269
563,212,279
564,212,288
565,212,323
566,212,338
567,212,334
568,212,344
569,212,357
570,212,390
571,212,400
572,212,394
573,212,384
490,213,450
491,213,456
492,213,452
493,213,448
494,213,422
495,213,375
496,213,374
497,213,376
498,213,334
499,213,395
500,213,371
501,213,345
502,213,328
503,213,310
504,213,312
505,213,315
506,213,315
507,213,315
508,213,385
509,213,445
510,213,417
511,213,414
512,213,417
513,213,463
514,213,458
515,213,418
516,213,377
517,213,373
518,213,293
519,213,235
520,213,261
521,213,320
522,213,326
523,213,272
524,213,247
525,213,252
526,213,264
527,213,269
528,213,906
529,213,1025
530,213,742
531,213,729
532,213,518
533,213,882
534,213,919
535,213,661
536,213,703
537,213,744
538,213,613
539,213,643
540,213,514
541,213,426
542,213,393
543,213,332
544,213,340
545,213,367
546,213,378
547,213,373
548,213,378
549,213,383
550,213,383
551,213,325
552,213,284
553,213,281
554,213,278
555,213,266
556,213,266
557,213,266
558,213,247
559,213,250
560,213,257
561,213,257
562,213,263
563,213,284
564,213,269
565,213,370
566,213,383
567,213,326
568,213,326
569,213,327
570,213,330
571,213,345
572,213,339
573,213,319
