xv,yv,rho
490,148,289
491,148,371
492,148,460
493,148,350
494,148,275
495,148,339
496,148,365
497,148,347
498,148,353
499,148,317
500,148,292
501,148,392
502,148,344
503,148,407
504,148,531
505,148,746
506,148,1141
507,148,727
508,148,510
509,148,374
510,148,298
511,148,340
512,148,335
513,148,460
514,148,538
515,148,547
516,148,591
517,148,682
518,148,863
519,148,1147
520,148,1119
521,148,755
522,148,477
523,148,236
524,148,164
525,148,240
526,148,349
527,148,448
528,148,481
529,148,533
530,148,468
531,148,390
532,148,324
533,148,336
534,148,278
535,148,287
536,148,358
537,148,329
538,148,360
539,148,421
540,148,460
541,148,435
542,148,442
543,148,432
544,148,417
545,148,401
546,148,310
547,148,357
548,148,362
549,148,366
550,148,379
551,148,444
552,148,643
553,148,830
554,148,1280
555,148,1086
556,148,880
557,148,769
558,148,714
559,148,691
560,148,406
561,148,418
562,148,417
563,148,398
564,148,386
565,148,534
566,148,529
567,148,429
568,148,330
569,148,322
570,148,320
571,148,289
572,148,266
573,148,268
490,149,381
491,149,411
492,149,444
493,149,393
494,149,353
495,149,368
496,149,388
497,149,378
498,149,379
499,149,370
500,149,366
501,149,412
502,149,413
503,149,447
504,149,522
505,149,636
506,149,738
507,149,617
508,149,491
509,149,419
510,149,407
511,149,427
512,149,426
513,149,455
514,149,489
515,149,512
516,149,558
517,149,633
518,149,744
519,149,859
520,149,835
521,149,671
522,149,512
523,149,405
524,149,400
525,149,487
526,149,625
527,149,762
528,149,775
529,149,673
530,149,542
531,149,437
532,149,368
533,149,339
534,149,320
535,149,338
536,149,387
537,149,437
538,149,511
539,149,582
540,149,606
541,149,590
542,149,555
543,149,506
544,149,460
545,149,422
546,149,390
547,149,407
548,149,434
549,149,469
550,149,508
551,149,554
552,149,653
553,149,771
554,149,912
555,149,871
556,149,774
557,149,692
558,149,635
559,149,594
560,149,514
561,149,515
562,149,505
563,149,468
564,149,448
565,149,477
566,149,469
567,149,404
568,149,352
569,149,334
570,149,325
571,149,314
572,149,308
573,149,317
490,150,420
491,150,409
492,150,410
493,150,389
494,150,375
495,150,390
496,150,419
497,150,441
498,150,426
499,150,421
500,150,412
501,150,431
502,150,432
503,150,445
504,150,478
505,150,524
506,150,549
507,150,505
508,150,450
509,150,447
510,150,492
511,150,538
512,150,501
513,150,469
514,150,467
515,150,481
516,150,514
517,150,561
518,150,618
519,150,661
520,150,646
521,150,578
522,150,516
523,150,508
524,150,570
525,150,675
526,150,821
527,150,987
528,150,981
529,150,790
530,150,609
531,150,478
532,150,396
533,150,357
534,150,348
535,150,373
536,150,437
537,150,541
538,150,685
539,150,806
540,150,821
541,150,795
542,150,705
543,150,601
544,150,513
545,150,457
546,150,441
547,150,467
548,150,522
549,150,594
550,150,660
551,150,692
552,150,703
553,150,718
554,150,745
555,150,722
556,150,667
557,150,609
558,150,569
559,150,550
560,150,552
561,150,601
562,150,593
563,150,519
564,150,471
565,150,459
566,150,449
567,150,419
568,150,361
569,150,343
570,150,339
571,150,339
572,150,339
573,150,325
490,151,397
491,151,385
492,151,379
493,151,373
494,151,378
495,151,402
496,151,443
497,151,482
498,151,501
499,151,499
500,151,471
501,151,416
502,151,418
503,151,421
504,151,431
505,151,445
506,151,447
507,151,429
508,151,419
509,151,453
510,151,540
511,151,648
512,151,553
513,151,480
514,151,457
515,151,464
516,151,487
517,151,507
518,151,526
519,151,538
520,151,532
521,151,514
522,151,514
523,151,571
524,151,688
525,151,826
526,151,905
527,151,972
528,151,974
529,151,838
530,151,678
531,151,534
532,151,435
533,151,383
534,151,372
535,151,401
536,151,479
537,151,627
538,151,853
539,151,1067
540,151,1076
541,151,1045
542,151,866
543,151,704
544,151,560
545,151,488
546,151,486
547,151,543
548,151,637
549,151,757
550,151,865
551,151,882
552,151,811
553,151,734
554,151,677
555,151,635
556,151,587
557,151,539
558,151,510
559,151,505
560,151,536
561,151,598
562,151,595
563,151,521
564,151,469
565,151,447
566,151,435
567,151,412
568,151,365
569,151,355
570,151,360
571,151,373
572,151,389
573,151,398
490,152,381
491,152,360
492,152,355
493,152,358
494,152,376
495,152,413
496,152,462
497,152,508
498,152,531
499,152,522
500,152,488
501,152,436
502,152,380
503,152,385
504,152,389
505,152,391
506,152,388
507,152,379
508,152,385
509,152,417
510,152,479
511,152,536
512,152,504
513,152,463
514,152,456
515,152,485
516,152,510
517,152,511
518,152,497
519,152,494
520,152,507
521,152,525
522,152,547
523,152,599
524,152,733
525,152,906
526,152,961
527,152,946
528,152,1051
529,152,995
530,152,798
531,152,610
532,152,483
533,152,420
534,152,411
535,152,430
536,152,498
537,152,642
538,152,875
539,152,1117
540,152,1233
541,152,1206
542,152,940
543,152,719
544,152,571
545,152,503
546,152,526
547,152,626
548,152,782
549,152,955
550,152,1104
551,152,1096
552,152,930
553,152,778
554,152,671
555,152,597
556,152,538
557,152,490
558,152,464
559,152,462
560,152,488
561,152,523
562,152,522
563,152,483
564,152,451
565,152,435
566,152,422
567,152,381
568,152,367
569,152,371
570,152,388
571,152,420
572,152,455
573,152,458
490,153,279
491,153,318
492,153,333
493,153,348
494,153,379
495,153,428
496,153,491
497,153,547
498,153,564
499,153,537
500,153,491
501,153,441
502,153,393
503,153,347
504,153,351
505,153,347
506,153,342
507,153,342
508,153,347
509,153,366
510,153,401
511,153,434
512,153,440
513,153,447
514,153,493
515,153,559
516,153,598
517,153,580
518,153,534
519,153,519
520,153,554
521,153,604
522,153,623
523,153,623
524,153,682
525,153,806
526,153,877
527,153,963
528,153,1177
529,153,1133
530,153,892
531,153,684
532,153,549
533,153,495
534,153,493
535,153,495
536,153,511
537,153,592
538,153,739
539,153,903
540,153,1036
541,153,1029
542,153,848
543,153,664
544,153,545
545,153,499
546,153,549
547,153,688
548,153,907
549,153,1152
550,153,1246
551,153,1196
552,153,985
553,153,804
554,153,676
555,153,586
556,153,516
557,153,460
558,153,440
559,153,441
560,153,459
561,153,476
562,153,475
563,153,455
564,153,439
565,153,428
566,153,413
567,153,377
568,153,375
569,153,388
570,153,420
571,153,480
572,153,565
573,153,610
490,154,274
491,154,276
492,154,318
493,154,350
494,154,391
495,154,451
496,154,531
497,154,610
498,154,622
499,154,565
500,154,500
501,154,448
502,154,407
503,154,366
504,154,317
505,154,292
506,154,287
507,154,307
508,154,314
509,154,328
510,154,352
511,154,379
512,154,408
513,154,466
514,154,569
515,154,693
516,154,765
517,154,712
518,154,614
519,154,579
520,154,646
521,154,753
522,154,761
523,154,673
524,154,623
525,154,702
526,154,800
527,154,956
528,154,1155
529,154,1031
530,154,903
531,154,780
532,154,667
533,154,628
534,154,650
535,154,637
536,154,583
537,154,555
538,154,604
539,154,688
540,154,773
541,154,772
542,154,679
543,154,571
544,154,503
545,154,486
546,154,549
547,154,696
548,154,920
549,154,1161
550,154,1219
551,154,1116
552,154,964
553,154,814
554,154,692
555,154,596
556,154,514
557,154,436
558,154,439
559,154,445
560,154,457
561,154,466
562,154,463
563,154,453
564,154,442
565,154,428
566,154,387
567,154,375
568,154,381
569,154,399
570,154,442
571,154,535
572,154,729
573,154,1155
490,155,156
491,155,253
492,155,314
493,155,366
494,155,419
495,155,480
496,155,563
497,155,659
498,155,668
499,155,589
500,155,522
501,155,475
502,155,432
503,155,390
504,155,346
505,155,291
506,155,269
507,155,287
508,155,294
509,155,307
510,155,328
511,155,358
512,155,409
513,155,500
514,155,647
515,155,837
516,155,969
517,155,858
518,155,699
519,155,637
520,155,722
521,155,883
522,155,882
523,155,721
524,155,635
525,155,734
526,155,846
527,155,875
528,155,951
529,155,943
530,155,1000
531,155,961
532,155,834
533,155,822
534,155,898
535,155,871
536,155,729
537,155,600
538,155,561
539,155,593
540,155,623
541,155,608
542,155,554
543,155,504
544,155,489
545,155,494
546,155,542
547,155,670
548,155,857
549,155,1035
550,155,1086
551,155,1031
552,155,993
553,155,887
554,155,749
555,155,626
556,155,533
557,155,471
558,155,463
559,155,475
560,155,492
561,155,500
562,155,492
563,155,475
564,155,460
565,155,443
566,155,396
567,155,379
568,155,385
569,155,400
570,155,435
571,155,513
572,155,675
573,155,1054
490,156,175
491,156,245
492,156,321
493,156,398
494,156,476
495,156,536
496,156,570
497,156,615
498,156,623
499,156,595
500,156,580
501,156,534
502,156,473
503,156,417
504,156,370
505,156,325
506,156,276
507,156,271
508,156,277
509,156,298
510,156,319
511,156,354
512,156,416
513,156,513
514,156,663
515,156,857
516,156,996
517,156,891
518,156,738
519,156,665
520,156,703
521,156,792
522,156,786
523,156,687
524,156,650
525,156,786
526,156,947
527,156,848
528,156,803
529,156,914
530,156,1104
531,156,1112
532,156,971
533,156,1030
534,156,1195
535,156,1146
536,156,898
537,156,709
538,156,708
539,156,755
540,156,745
541,156,662
542,156,570
543,156,541
544,156,551
545,156,557
546,156,575
547,156,697
548,156,897
549,156,1090
550,156,1152
551,156,1142
552,156,1176
553,156,1029
554,156,824
555,156,656
556,156,545
557,156,486
558,156,488
559,156,521
560,156,562
561,156,581
562,156,560
563,156,520
564,156,487
565,156,464
566,156,436
567,156,390
568,156,404
569,156,412
570,156,427
571,156,448
572,156,428
573,156,280
490,157,115
491,157,229
492,157,333
493,157,444
494,157,560
495,157,640
496,157,614
497,157,576
498,157,586
499,157,649
500,157,694
501,157,626
502,157,525
503,157,444
504,157,389
505,157,348
506,157,304
507,157,318
508,157,317
509,157,297
510,157,308
511,157,361
512,157,418
513,157,502
514,157,623
515,157,767
516,157,866
517,157,838
518,157,756
519,157,695
520,157,677
521,157,682
522,157,667
523,157,622
524,157,620
525,157,715
526,157,791
527,157,737
528,157,702
529,157,827
530,157,991
531,157,1034
532,157,1004
533,157,1187
534,157,1373
535,157,1255
536,157,993
537,157,844
538,157,953
539,157,1074
540,157,1036
541,157,842
542,157,674
543,157,671
544,157,707
545,157,693
546,157,675
547,157,759
548,157,996
549,157,1266
550,157,1327
551,157,1260
552,157,1368
553,157,1120
554,157,853
555,157,657
556,157,539
557,157,489
558,157,512
559,157,579
560,157,664
561,157,709
562,157,661
563,157,577
564,157,511
565,157,473
566,157,442
567,157,405
568,157,394
569,157,393
570,157,394
571,157,390
572,157,361
573,157,276
490,158,96
491,158,229
492,158,347
493,158,474
494,158,620
495,158,743
496,158,658
497,158,582
498,158,602
499,158,713
500,158,824
501,158,705
502,158,567
503,158,468
504,158,408
505,158,379
506,158,368
507,158,372
508,158,369
509,158,359
510,158,361
511,158,384
512,158,425
513,158,494
514,158,594
515,158,720
516,158,845
517,158,895
518,158,848
519,158,763
520,158,683
521,158,645
522,158,620
523,158,601
524,158,606
525,158,644
526,158,660
527,158,633
528,158,643
529,158,776
530,158,928
531,158,1035
532,158,1089
533,158,1225
534,158,1372
535,158,1238
536,158,1075
537,158,1081
538,158,1270
539,158,1479
540,158,1403
541,158,1052
542,158,821
543,158,895
544,158,985
545,158,907
546,158,787
547,158,774
548,158,981
549,158,1236
550,158,1274
551,158,1131
552,158,1131
553,158,981
554,158,772
555,158,608
556,158,510
557,158,478
558,158,521
559,158,621
560,158,758
561,158,850
562,158,756
563,158,623
564,158,528
565,158,473
566,158,432
567,158,392
568,158,380
569,158,382
570,158,379
571,158,368
572,158,343
573,158,291
490,159,125
491,159,249
492,159,354
493,159,462
494,159,573
495,159,645
496,159,607
497,159,563
498,159,603
499,159,715
500,159,795
501,159,717
502,159,590
503,159,491
504,159,438
505,159,427
506,159,434
507,159,441
508,159,434
509,159,419
510,159,410
511,159,418
512,159,450
513,159,517
514,159,630
515,159,795
516,159,992
517,159,1115
518,159,1013
519,159,856
520,159,733
521,159,674
522,159,665
523,159,682
524,159,704
525,159,698
526,159,655
527,159,623
528,159,702
529,159,932
530,159,1199
531,159,1402
532,159,1380
533,159,1225
534,159,1207
535,159,1199
536,159,1297
537,159,1433
538,159,1579
539,159,1644
540,159,1492
541,159,1133
542,159,1020
543,159,1170
544,159,1342
545,159,1134
546,159,875
547,159,734
548,159,835
549,159,980
550,159,1001
551,159,907
552,159,856
553,159,764
554,159,640
555,159,532
556,159,466
557,159,453
558,159,502
559,159,605
560,159,744
561,159,838
562,159,750
563,159,635
564,159,541
565,159,469
566,159,418
567,159,381
568,159,381
569,159,397
570,159,400
571,159,386
572,159,360
573,159,295
490,160,220
491,160,292
492,160,364
493,160,437
494,160,506
495,160,552
496,160,553
497,160,559
498,160,641
499,160,791
500,160,899
501,160,801
502,160,650
503,160,542
504,160,492
505,160,503
506,160,533
507,160,550
508,160,533
509,160,501
510,160,479
511,160,479
512,160,499
513,160,563
514,160,682
515,160,870
516,160,1119
517,160,1336
518,160,1142
519,160,925
520,160,793
521,160,769
522,160,809
523,160,861
524,160,913
525,160,886
526,160,783
527,160,727
528,160,864
529,160,1166
530,160,1548
531,160,1858
532,160,1740
533,160,1397
534,160,1235
535,160,1355
536,160,1610
537,160,1861
538,160,1932
539,160,1588
540,160,1312
541,160,1091
542,160,1181
543,160,1411
544,160,1403
545,160,1156
546,160,878
547,160,709
548,160,692
549,160,757
550,160,776
551,160,728
552,160,672
553,160,606
554,160,529
555,160,462
556,160,421
557,160,417
558,160,457
559,160,532
560,160,622
561,160,676
562,160,665
563,160,643
564,160,545
565,160,460
566,160,407
567,160,384
568,160,408
569,160,456
570,160,468
571,160,440
572,160,412
573,160,405
490,161,266
491,161,335
492,161,383
493,161,438
494,161,497
495,161,555
496,161,597
497,161,605
498,161,661
499,161,798
500,161,900
501,161,811
502,161,678
503,161,593
504,161,571
505,161,612
506,161,681
507,161,720
508,161,683
509,161,622
510,161,590
511,161,578
512,161,582
513,161,628
514,161,727
515,161,876
516,161,1055
517,161,1170
518,161,1070
519,161,917
520,161,839
521,161,901
522,161,1017
523,161,1115
524,161,1177
525,161,1124
526,161,938
527,161,835
528,161,976
529,161,1321
530,161,1802
531,161,2231
532,161,1895
533,161,1547
534,161,1499
535,161,1683
536,161,1812
537,161,1906
538,161,1721
539,161,1480
540,161,1215
541,161,1103
542,161,1197
543,161,1362
544,161,1225
545,161,995
546,161,812
547,161,660
548,161,623
549,161,682
550,161,730
551,161,716
552,161,648
553,161,561
554,161,480
555,161,422
556,161,386
557,161,381
558,161,405
559,161,448
560,161,497
561,161,535
562,161,567
563,161,581
564,161,507
565,161,437
566,161,402
567,161,404
568,161,448
569,161,520
570,161,538
571,161,493
572,161,441
573,161,351
490,162,395
491,162,389
492,162,415
493,162,463
494,162,528
495,162,616
496,162,700
497,162,678
498,162,670
499,162,731
500,162,772
501,162,733
502,162,681
503,162,665
504,162,685
505,162,747
506,162,865
507,162,949
508,162,875
509,162,782
510,162,756
511,162,729
512,162,710
513,162,749
514,162,816
515,162,908
516,162,1009
517,162,1070
518,162,1015
519,162,925
520,162,917
521,162,1057
522,162,1253
523,162,1395
524,162,1345
525,162,1248
526,162,1036
527,162,909
528,162,1014
529,162,1316
530,162,1711
531,162,1991
532,162,1896
533,162,1702
534,162,1802
535,162,2082
536,162,2085
537,162,1782
538,162,1656
539,162,1696
540,162,1538
541,162,1288
542,162,1178
543,162,1123
544,162,1025
545,162,883
546,162,816
547,162,719
548,162,687
549,162,795
550,162,903
551,162,897
552,162,775
553,162,627
554,162,507
555,162,426
556,162,376
557,162,351
558,162,360
559,162,382
560,162,408
561,162,436
562,162,458
563,162,463
564,162,435
565,162,406
566,162,398
567,162,421
568,162,469
569,162,527
570,162,560
571,162,560
572,162,528
573,162,401
490,163,406
491,163,416
492,163,451
493,163,496
494,163,555
495,163,644
496,163,735
497,163,731
498,163,730
499,163,718
500,163,693
501,163,686
502,163,727
503,163,792
504,163,853
505,163,887
506,163,1012
507,163,1161
508,163,1032
509,163,967
510,163,982
511,163,929
512,163,879
513,163,938
514,163,1012
515,163,1087
516,163,1199
517,163,1303
518,163,1211
519,163,1075
520,163,1016
521,163,1168
522,163,1430
523,163,1541
524,163,1512
525,163,1381
526,163,1171
527,163,1017
528,163,1076
529,163,1347
530,163,1707
531,163,2007
532,163,2173
533,163,2077
534,163,2060
535,163,2223
536,163,2163
537,163,1907
538,163,2075
539,163,2331
540,163,2169
541,163,1799
542,163,1363
543,163,1080
544,163,996
545,163,1035
546,163,1007
547,163,863
548,163,807
549,163,983
550,163,1187
551,163,1183
552,163,961
553,163,725
554,163,553
555,163,445
556,163,375
557,163,315
558,163,321
559,163,335
560,163,352
561,163,370
562,163,383
563,163,387
564,163,385
565,163,389
566,163,410
567,163,455
568,163,512
569,163,568
570,163,626
571,163,707
572,163,744
573,163,610
490,164,377
491,164,434
492,164,505
493,164,573
494,164,609
495,164,640
496,164,698
497,164,772
498,164,844
499,164,784
500,164,702
501,164,695
502,164,809
503,164,964
504,164,1092
505,164,1051
506,164,1023
507,164,1059
508,164,1028
509,164,1110
510,164,1215
511,164,1121
512,164,1052
513,164,1181
514,164,1297
515,164,1296
516,164,1446
517,164,1691
518,164,1499
519,164,1306
520,164,1172
521,164,1190
522,164,1389
523,164,1625
524,164,1967
525,164,1946
526,164,1612
527,164,1318
528,164,1291
529,164,1650
530,164,2153
531,164,2635
532,164,2860
533,164,2688
534,164,2487
535,164,2263
536,164,2111
537,164,2077
538,164,2491
539,164,3076
540,164,2895
541,164,2437
542,164,1781
543,164,1195
544,164,1124
545,164,1204
546,164,1169
547,164,958
548,164,879
549,164,1094
550,164,1385
551,164,1381
552,164,1068
553,164,779
554,164,580
555,164,459
556,164,384
557,164,329
558,164,285
559,164,301
560,164,318
561,164,335
562,164,346
563,164,353
564,164,366
565,164,394
566,164,454
567,164,540
568,164,631
569,164,697
570,164,766
571,164,926
572,164,1098
573,164,1151
490,165,336
491,165,454
492,165,579
493,165,699
494,165,729
495,165,689
496,165,693
497,165,786
498,165,864
499,165,798
500,165,715
501,165,728
502,165,871
503,165,1110
504,165,1347
505,165,1206
506,165,1032
507,165,956
508,165,969
509,165,1107
510,165,1237
511,165,1168
512,165,1160
513,165,1404
514,165,1615
515,165,1558
516,165,1598
517,165,1757
518,165,1760
519,165,1651
520,165,1390
521,165,1251
522,165,1382
523,165,1817
524,165,2300
525,165,2307
526,165,1861
527,165,1526
528,165,1549
529,165,1967
530,165,2583
531,165,3268
532,165,3636
533,165,3373
534,165,3191
535,165,2813
536,165,2520
537,165,2374
538,165,2679
539,165,3199
540,165,3613
541,165,2855
542,165,2012
543,165,1316
544,165,1181
545,165,1191
546,165,1078
547,165,907
548,165,837
549,165,1004
550,165,1204
551,165,1199
552,165,976
553,165,739
554,165,567
555,165,458
556,165,390
557,165,340
558,165,286
559,165,280
560,165,307
561,165,329
562,165,344
563,165,357
564,165,377
565,165,424
566,165,511
567,165,643
568,165,791
569,165,869
570,165,916
571,165,1094
572,165,1392
573,165,1793
490,166,343
491,166,470
492,166,626
493,166,796
494,166,830
495,166,749
496,166,717
497,166,762
498,166,786
499,166,742
500,166,693
501,166,726
502,166,870
503,166,1097
504,166,1326
505,166,1297
506,166,1084
507,166,923
508,166,895
509,166,982
510,166,1063
511,166,1075
512,166,1183
513,166,1463
514,166,1717
515,166,1728
516,166,1794
517,166,2024
518,166,2065
519,166,1942
520,166,1629
521,166,1506
522,166,1511
523,166,1769
524,166,2071
525,166,2074
526,166,1790
527,166,1603
528,166,1799
529,166,2258
530,166,2785
531,166,3406
532,166,3659
533,166,3896
534,166,3874
535,166,3634
536,166,3282
537,166,3124
538,166,3164
539,166,3561
540,166,3555
541,166,2748
542,166,1971
543,166,1435
544,166,1301
545,166,1182
546,166,980
547,166,816
548,166,745
549,166,832
550,166,930
551,166,921
552,166,797
553,166,648
554,166,528
555,166,447
556,166,396
557,166,362
558,166,340
559,166,332
560,166,342
561,166,364
562,166,384
563,166,401
564,166,418
565,166,462
566,166,554
567,166,710
568,166,904
569,166,986
570,166,996
571,166,1141
572,166,1454
573,166,1829
490,167,328
491,167,446
492,167,583
493,167,731
494,167,784
495,167,778
496,167,812
497,167,826
498,167,774
499,167,710
500,167,671
501,167,711
502,167,844
503,167,1054
504,167,1266
505,167,1264
506,167,1067
507,167,905
508,167,857
509,167,905
510,167,956
511,167,999
512,167,1146
513,167,1414
514,167,1691
515,167,1905
516,167,2007
517,167,2239
518,167,2395
519,167,2356
520,167,1944
521,167,1904
522,167,1770
523,167,1714
524,167,1786
525,167,1762
526,167,1642
527,167,1663
528,167,2023
529,167,2603
530,167,3127
531,167,3320
532,167,3666
533,167,4040
534,167,4284
535,167,4458
536,167,4107
537,167,4059
538,167,3690
539,167,3417
540,167,3204
541,167,2563
542,167,1787
543,167,1558
544,167,1553
545,167,1324
546,167,1028
547,167,804
548,167,692
549,167,705
550,167,734
551,167,717
552,167,648
553,167,564
554,167,493
555,167,445
556,167,416
557,167,399
558,167,393
559,167,392
560,167,402
561,167,434
562,167,470
563,167,495
564,167,503
565,167,515
566,167,572
567,167,686
568,167,827
569,167,908
570,167,959
571,167,1120
572,167,1427
573,167,1769
490,168,333
491,168,432
492,168,548
493,168,662
494,168,729
495,168,846
496,168,978
497,168,992
498,168,874
499,168,751
500,168,680
501,168,693
502,168,788
503,168,931
504,168,1058
505,168,1064
506,168,967
507,168,900
508,168,942
509,168,1019
510,168,1057
511,168,1077
512,168,1209
513,168,1518
514,168,1919
515,168,2262
516,168,2285
517,168,2212
518,168,2367
519,168,2171
520,168,2133
521,168,2345
522,168,2124
523,168,1968
524,168,1807
525,168,1714
526,168,1621
527,168,1727
528,168,2134
529,168,2725
530,168,3217
531,168,3338
532,168,3653
533,168,4303
534,168,4524
535,168,4600
536,168,4900
537,168,5034
538,168,4205
539,168,3376
540,168,3135
541,168,2572
542,168,1835
543,168,1630
544,168,1628
545,168,1393
546,168,1086
547,168,854
548,168,737
549,168,693
550,168,667
551,168,623
552,168,572
553,168,526
554,168,494
555,168,480
556,168,472
557,168,467
558,168,474
559,168,480
560,168,492
561,168,546
562,168,614
563,168,658
564,168,651
565,168,615
566,168,599
567,168,636
568,168,705
569,168,770
570,168,849
571,168,1015
572,168,1311
573,168,1776
490,169,317
491,169,414
492,169,522
493,169,634
494,169,729
495,169,915
496,169,1122
497,169,1145
498,169,967
499,169,798
500,169,696
501,169,675
502,169,724
503,169,804
504,169,872
505,169,890
506,169,890
507,169,973
508,169,1141
509,169,1305
510,169,1345
511,169,1289
512,169,1333
513,169,1640
514,169,2111
515,169,2540
516,169,2336
517,169,2057
518,169,2044
519,169,2009
520,169,2202
521,169,2490
522,169,2560
523,169,2377
524,169,2085
525,169,1967
526,169,1819
527,169,1843
528,169,2197
529,169,2712
530,169,3136
531,169,3396
532,169,3831
533,169,4626
534,169,4989
535,169,5211
536,169,5026
537,169,5317
538,169,4596
539,169,3634
540,169,3568
541,169,2857
542,169,2172
543,169,1767
544,169,1648
545,169,1475
546,169,1220
547,169,1019
548,169,955
549,169,873
550,169,769
551,169,651
552,169,579
553,169,554
554,169,558
555,169,574
556,169,585
557,169,588
558,169,612
559,169,623
560,169,629
561,169,708
562,169,829
563,169,907
564,169,876
565,169,776
566,169,675
567,169,619
568,169,617
569,169,647
570,169,713
571,169,838
572,169,1026
573,169,1267
490,170,299
491,170,399
492,170,502
493,170,610
494,170,732
495,170,929
496,170,1117
497,170,1181
498,170,1032
499,170,848
500,170,722
501,170,669
502,170,677
503,170,716
504,170,755
505,170,794
506,170,888
507,170,1089
508,170,1397
509,170,1698
510,170,1750
511,170,1573
512,170,1481
513,170,1690
514,170,2054
515,170,2306
516,170,2157
517,170,1889
518,170,1805
519,170,1974
520,170,2644
521,170,3268
522,170,3317
523,170,2838
524,170,2470
525,170,2313
526,170,2105
527,170,2116
528,170,2430
529,170,3014
530,170,3485
531,170,3918
532,170,4348
533,170,4874
534,170,5250
535,170,5551
536,170,5467
537,170,5344
538,170,4616
539,170,3651
540,170,3412
541,170,2950
542,170,2576
543,170,2348
544,170,2169
545,170,2026
546,170,1718
547,170,1464
548,170,1356
549,170,1193
550,170,992
551,170,806
552,170,672
553,170,650
554,170,685
555,170,740
556,170,778
557,170,788
558,170,836
559,170,849
560,170,836
561,170,906
562,170,1089
563,170,1228
564,170,1148
565,170,968
566,170,787
567,170,650
568,170,575
569,170,556
570,170,582
571,170,642
572,170,703
573,170,670
490,171,265
491,171,398
492,171,514
493,171,636
494,171,785
495,171,1004
496,171,1227
497,171,1361
498,171,1130
499,171,898
500,171,745
501,171,670
502,171,649
503,171,662
504,171,692
505,171,758
506,171,898
507,171,1163
508,171,1566
509,171,2015
510,171,2125
511,171,1870
512,171,1722
513,171,1928
514,171,2159
515,171,2344
516,171,2189
517,171,1891
518,171,1736
519,171,2069
520,171,2709
521,171,3344
522,171,3406
523,171,2879
524,171,2665
525,171,2544
526,171,2411
527,171,2554
528,171,3031
529,171,3958
530,171,4294
531,171,4609
532,171,4833
533,171,4983
534,171,5505
535,171,6082
536,171,5582
537,171,4980
538,171,4383
539,171,3981
540,171,3918
541,171,3452
542,171,3132
543,171,2944
544,171,2746
545,171,2611
546,171,2224
547,171,2052
548,171,1921
549,171,1627
550,171,1282
551,171,997
552,171,812
553,171,798
554,171,872
555,171,986
556,171,1066
557,171,1065
558,171,1148
559,171,1154
560,171,1068
561,171,1075
562,171,1290
563,171,1517
564,171,1358
565,171,1120
566,171,888
567,171,695
568,171,561
569,171,485
570,171,465
571,171,478
572,171,486
573,171,458
490,172,316
491,172,424
492,172,555
493,172,703
494,172,907
495,172,1142
496,172,1363
497,172,1377
498,172,1144
499,172,915
500,172,756
501,172,668
502,172,630
503,172,621
504,172,655
505,172,729
506,172,874
507,172,1133
508,172,1526
509,172,1989
510,172,2326
511,172,2065
512,172,1960
513,172,2266
514,172,2493
515,172,2725
516,172,2460
517,172,2052
518,172,1768
519,172,1894
520,172,2412
521,172,2863
522,172,3104
523,172,2977
524,172,3015
525,172,2811
526,172,2926
527,172,3202
528,172,3875
529,172,5098
530,172,5576
531,172,5598
532,172,5515
533,172,5464
534,172,5608
535,172,5935
536,172,5339
537,172,4783
538,172,4568
539,172,4580
540,172,4635
541,172,3837
542,172,3301
543,172,3072
544,172,2881
545,172,2806
546,172,2584
547,172,2686
548,172,2563
549,172,2077
550,172,1562
551,172,1186
552,172,993
553,172,996
554,172,1111
555,172,1273
556,172,1396
557,172,1338
558,172,1462
559,172,1451
560,172,1251
561,172,1150
562,172,1294
563,172,1440
564,172,1367
565,172,1168
566,172,936
567,172,720
568,172,549
569,172,411
570,172,351
571,172,330
572,172,303
573,172,215
490,173,283
491,173,427
492,173,606
493,173,783
494,173,988
495,173,1213
496,173,1409
497,173,1389
498,173,1156
499,173,922
500,173,758
501,173,662
502,173,610
503,173,563
504,173,628
505,173,697
506,173,815
507,173,1019
508,173,1319
509,173,1683
510,173,1961
511,173,2004
512,173,2133
513,173,2567
514,173,2760
515,173,2873
516,173,2580
517,173,2210
518,173,1969
519,173,1995
520,173,2169
521,173,2502
522,173,3419
523,173,4074
524,173,4144
525,173,3591
526,173,3637
527,173,4043
528,173,4975
529,173,6292
530,173,6876
531,173,6948
532,173,6695
533,173,6307
534,173,6047
535,173,6004
536,173,5609
537,173,5294
538,173,5051
539,173,5216
540,173,4405
541,173,3675
542,173,3091
543,173,2910
544,173,2762
545,173,2824
546,173,3012
547,173,3194
548,173,3007
549,173,2328
550,173,1717
551,173,1329
552,173,1238
553,173,1277
554,173,1396
555,173,1536
556,173,1521
557,173,1398
558,173,1490
559,173,1469
560,173,1271
561,173,1170
562,173,1254
563,173,1360
564,173,1321
565,173,1156
566,173,937
567,173,719
568,173,540
569,173,405
570,173,304
571,173,270
572,173,237
573,173,175
490,174,236
491,174,465
492,174,648
493,174,831
494,174,1024
495,174,1208
496,174,1320
497,174,1278
498,174,1103
499,174,906
500,174,756
501,174,664
502,174,616
503,174,603
504,174,639
505,174,684
506,174,762
507,174,892
508,174,1096
509,174,1304
510,174,1625
511,174,1995
512,174,2452
513,174,3138
514,174,3159
515,174,2811
516,174,2540
517,174,2388
518,174,2359
519,174,2394
520,174,2439
521,174,2654
522,174,3516
523,174,4267
524,174,4584
525,174,5033
526,174,4810
527,174,5200
528,174,6333
529,174,7345
530,174,8009
531,174,8471
532,174,8401
533,174,7731
534,174,6983
535,174,6499
536,174,6118
537,174,5810
538,174,5433
539,174,4909
540,174,4048
541,174,3624
542,174,3275
543,174,3400
544,174,3219
545,174,3394
546,174,3654
547,174,3245
548,174,2800
549,174,2214
550,174,1712
551,174,1556
552,174,1560
553,174,1680
554,174,1819
555,174,1744
556,174,1500
557,174,1269
558,174,1243
559,174,1216
560,174,1135
561,174,1151
562,174,1322
563,174,1454
564,174,1383
565,174,1176
566,174,929
567,174,700
568,174,519
569,174,385
570,174,276
571,174,228
572,174,198
573,174,164
490,175,314
491,175,514
492,175,684
493,175,865
494,175,1052
495,175,1210
496,175,1279
497,175,1221
498,175,1067
499,175,896
500,175,764
501,175,683
502,175,644
503,175,650
504,175,702
505,175,748
506,175,785
507,175,829
508,175,958
509,175,1203
510,175,1612
511,175,2178
512,175,3008
513,175,3612
514,175,3232
515,175,2779
516,175,2583
517,175,2807
518,175,3117
519,175,3049
520,175,2990
521,175,3159
522,175,3915
523,175,4597
524,175,4999
525,175,5866
526,175,6055
527,175,6665
528,175,7662
529,175,8491
530,175,9088
531,175,10487
532,175,10601
533,175,9897
534,175,8902
535,175,8073
536,175,7442
537,175,6861
538,175,5965
539,175,5144
540,175,4414
541,175,4048
542,175,3869
543,175,4324
544,175,3983
545,175,3705
546,175,3706
547,175,3189
548,175,2500
549,175,2027
550,175,1863
551,175,1898
552,175,1883
553,175,2052
554,175,2126
555,175,2017
556,175,1570
557,175,1175
558,175,1007
559,175,963
560,175,975
561,175,1132
562,175,1404
563,175,1598
564,175,1443
565,175,1158
566,175,879
567,175,648
568,175,476
569,175,353
570,175,251
571,175,205
572,175,180
573,175,160
490,176,473
491,176,567
492,176,713
493,176,900
494,176,1109
495,176,1296
496,176,1381
497,176,1296
498,176,1117
499,176,939
500,176,819
501,176,747
502,176,712
503,176,743
504,176,845
505,176,923
506,176,950
507,176,947
508,176,997
509,176,1238
510,176,1699
511,176,2342
512,176,3283
513,176,3529
514,176,3130
515,176,2763
516,176,2723
517,176,3099
518,176,3678
519,176,4224
520,176,4020
521,176,4193
522,176,4479
523,176,5021
524,176,5681
525,176,6757
526,176,7660
527,176,8283
528,176,8729
529,176,10001
530,176,12083
531,176,13245
532,176,13322
533,176,12536
534,176,11419
535,176,10096
536,176,8820
537,176,7687
538,176,6828
539,176,6022
540,176,5451
541,176,4855
542,176,4775
543,176,5197
544,176,4383
545,176,3493
546,176,3159
547,176,2782
548,176,2314
549,176,2174
550,176,2099
551,176,2216
552,176,1955
553,176,1997
554,176,1875
555,176,1749
556,176,1401
557,176,1055
558,176,829
559,176,778
560,176,846
561,176,1044
562,176,1318
563,176,1500
564,176,1330
565,176,1040
566,176,773
567,176,566
568,176,418
569,176,315
570,176,227
571,176,189
572,176,170
573,176,157
490,177,475
491,177,573
492,177,712
493,177,904
494,177,1142
495,177,1385
496,177,1527
497,177,1416
498,177,1216
499,177,1038
500,177,936
501,177,872
502,177,841
503,177,914
504,177,1091
505,177,1233
506,177,1259
507,177,1191
508,177,1178
509,177,1391
510,177,1974
511,177,2685
512,177,3382
513,177,3527
514,177,3199
515,177,2921
516,177,2898
517,177,3220
518,177,3678
519,177,4142
520,177,4600
521,177,4844
522,177,5102
523,177,5539
524,177,6824
525,177,8130
526,177,9421
527,177,10040
528,177,11149
529,177,12776
530,177,14498
531,177,15542
532,177,15587
533,177,14803
534,177,14207
535,177,12325
536,177,10556
537,177,8977
538,177,7884
539,177,6805
540,177,6071
541,177,5180
542,177,4729
543,177,4626
544,177,4086
545,177,3331
546,177,2756
547,177,2577
548,177,2544
549,177,2476
550,177,2280
551,177,1967
552,177,1681
553,177,1567
554,177,1442
555,177,1320
556,177,1104
557,177,873
558,177,707
559,177,653
560,177,723
561,177,876
562,177,1055
563,177,1145
564,177,1040
565,177,835
566,177,632
567,177,473
568,177,359
569,177,279
570,177,207
571,177,177
572,177,164
573,177,157
490,178,476
491,178,560
492,178,680
493,178,856
494,178,1086
495,178,1338
496,178,1511
497,178,1466
498,178,1351
499,178,1208
500,178,1121
501,178,1065
502,178,1036
503,178,1186
504,178,1433
505,178,1671
506,178,1694
507,178,1525
508,178,1440
509,178,1669
510,178,2208
511,178,2878
512,178,3447
513,178,3745
514,178,3464
515,178,3389
516,178,3410
517,178,3585
518,178,3744
519,178,4087
520,178,4562
521,178,4964
522,178,5476
523,178,6269
524,178,7798
525,178,9704
526,178,11771
527,178,13483
528,178,14531
529,178,16600
530,178,18640
531,178,19918
532,178,19951
533,178,18654
534,178,16483
535,178,13907
536,178,12425
537,178,10291
538,178,8545
539,178,7112
540,178,5900
541,178,5088
542,178,4372
543,178,3975
544,178,3546
545,178,2952
546,178,2673
547,178,2760
548,178,2896
549,178,2684
550,178,2145
551,178,1644
552,178,1313
553,178,1154
554,178,1054
555,178,960
556,178,839
557,178,705
558,178,604
559,178,567
560,178,612
561,178,702
562,178,792
563,178,824
564,178,758
565,178,632
566,178,499
567,178,389
568,178,309
569,178,248
570,178,190
571,178,167
572,178,159
573,178,157
490,179,481
491,179,549
492,179,639
493,179,772
494,179,954
495,179,1163
496,179,1348
497,179,1514
498,179,1513
499,179,1409
500,179,1323
501,179,1280
502,179,1258
503,179,1516
504,179,1771
505,179,2114
506,179,2132
507,179,1851
508,179,1747
509,179,2043
510,179,2514
511,179,3263
512,179,3841
513,179,3898
514,179,3931
515,179,4215
516,179,4135
517,179,4330
518,179,4410
519,179,4429
520,179,4848
521,179,5384
522,179,6114
523,179,7035
524,179,8714
525,179,11089
526,179,13499
527,179,15070
528,179,17546
529,179,20433
530,179,23059
531,179,24738
532,179,24843
533,179,23121
534,179,19976
535,179,16428
536,179,14209
537,179,11507
538,179,8994
539,179,7127
540,179,5778
541,179,4916
542,179,4119
543,179,3568
544,179,3312
545,179,2997
546,179,2690
547,179,2638
548,179,2435
549,179,2170
550,179,1771
551,179,1344
552,179,1024
553,179,890
554,179,828
555,179,782
556,179,707
557,179,617
558,179,544
559,179,518
560,179,538
561,179,575
562,179,607
563,179,607
564,179,561
565,179,484
566,179,400
567,179,328
568,179,270
569,179,220
570,179,176
571,179,159
572,179,154
573,179,154
490,180,494
491,180,564
492,180,628
493,180,708
494,180,819
495,180,993
496,180,1209
497,180,1432
498,180,1536
499,180,1488
500,180,1350
501,180,1340
502,180,1422
503,180,1815
504,180,2021
505,180,2211
506,180,2220
507,180,2006
508,180,2068
509,180,2498
510,180,2950
511,180,3406
512,180,3940
513,180,4224
514,180,4440
515,180,4944
516,180,4643
517,180,5046
518,180,5152
519,180,5072
520,180,5761
521,180,6340
522,180,6719
523,180,7670
524,180,9508
525,180,12058
526,180,14006
527,180,16527
528,180,19750
529,180,23191
530,180,26272
531,180,28294
532,180,28518
533,180,26554
534,180,22763
535,180,18229
536,180,14349
537,180,11939
538,180,9131
539,180,7051
540,180,5666
541,180,4755
542,180,3985
543,180,3556
544,180,3530
545,180,3312
546,180,2759
547,180,2273
548,180,1914
549,180,1618
550,180,1338
551,180,1058
552,180,853
553,180,842
554,180,878
555,180,863
556,180,780
557,180,665
558,180,570
559,180,539
560,180,529
561,180,518
562,180,508
563,180,486
564,180,447
565,180,395
566,180,335
567,180,284
568,180,237
569,180,189
570,180,164
571,180,153
572,180,149
573,180,147
490,181,568
491,181,634
492,181,678
493,181,706
494,181,741
495,181,832
496,181,994
497,181,1155
498,181,1271
499,181,1260
500,181,1213
501,181,1302
502,181,1431
503,181,1796
504,181,1935
505,181,1925
506,181,1995
507,181,2012
508,181,2236
509,181,2715
510,181,3289
511,181,3183
512,181,3518
513,181,4040
514,181,4227
515,181,4361
516,181,4370
517,181,4999
518,181,5225
519,181,5444
520,181,6374
521,181,7165
522,181,7186
523,181,8250
524,181,10024
525,181,12724
526,181,15381
527,181,17256
528,181,20452
529,181,23935
530,181,27083
531,181,29206
532,181,29518
533,181,27552
534,181,23610
535,181,18767
536,181,14431
537,181,11906
538,181,9010
539,181,6936
540,181,5601
541,181,4559
542,181,3915
543,181,3623
544,181,3613
545,181,3424
546,181,2783
547,181,2065
548,181,1574
549,181,1236
550,181,1019
551,181,867
552,181,837
553,181,966
554,181,1114
555,181,1104
556,181,950
557,181,775
558,181,665
559,181,635
560,181,599
561,181,545
562,181,488
563,181,437
564,181,392
565,181,345
566,181,282
567,181,238
568,181,203
569,181,176
570,181,161
571,181,153
572,181,147
573,181,139
490,182,713
491,182,757
492,182,788
493,182,762
494,182,703
495,182,710
496,182,789
497,182,887
498,182,961
499,182,992
500,182,1090
501,182,1306
502,182,1313
503,182,1471
504,182,1591
505,182,1668
506,182,1906
507,182,2170
508,182,2314
509,182,2490
510,182,2710
511,182,2689
512,182,3148
513,182,3457
514,182,3469
515,182,3639
516,182,3809
517,182,4246
518,182,4534
519,182,5035
520,182,5925
521,182,6672
522,182,7108
523,182,8280
524,182,9788
525,182,12219
526,182,14055
527,182,16408
528,182,19338
529,182,22399
530,182,25160
531,182,27052
532,182,27360
533,182,25619
534,182,22075
535,182,17710
536,182,13789
537,182,11291
538,182,8601
539,182,6769
540,182,5413
541,182,4463
542,182,4186
543,182,3960
544,182,3629
545,182,3487
546,182,2877
547,182,2124
548,182,1511
549,182,1074
550,182,869
551,182,788
552,182,878
553,182,1118
554,182,1390
555,182,1387
556,182,1109
557,182,880
558,182,812
559,182,814
560,182,744
561,182,628
562,182,519
563,182,436
564,182,375
565,182,328
566,182,280
567,182,244
568,182,215
569,182,185
570,182,173
571,182,164
572,182,153
573,182,143
490,183,997
491,183,910
492,183,852
493,183,771
494,183,664
495,183,622
496,183,634
497,183,687
498,183,731
499,183,787
500,183,879
501,183,999
502,183,1055
503,183,1136
504,183,1289
505,183,1550
506,183,1949
507,183,2312
508,183,2347
509,183,2116
510,183,2058
511,183,2134
512,183,2424
513,183,2726
514,183,3009
515,183,3516
516,183,3679
517,183,3614
518,183,3884
519,183,4680
520,183,5732
521,183,6331
522,183,6739
523,183,7534
524,183,9015
525,183,11341
526,183,13694
527,183,15056
528,183,17064
529,183,19281
530,183,21303
531,183,22693
532,183,22889
533,183,21513
534,183,18791
535,183,15648
536,183,13192
537,183,10362
538,183,8146
539,183,6823
540,183,5570
541,183,4578
542,183,4509
543,183,4456
544,183,3808
545,183,3432
546,183,2795
547,183,2071
548,183,1491
549,183,1104
550,183,914
551,183,819
552,183,898
553,183,1129
554,183,1395
555,183,1392
556,183,1126
557,183,928
558,183,986
559,183,1067
560,183,932
561,183,727
562,183,559
563,183,446
564,183,378
565,183,333
566,183,295
567,183,265
568,183,243
569,183,226
570,183,213
571,183,198
572,183,170
573,183,145
490,184,1262
491,184,1026
492,184,823
493,184,705
494,184,608
495,184,555
496,184,542
497,184,561
498,184,589
499,184,629
500,184,685
501,184,754
502,184,817
503,184,901
504,184,1085
505,184,1394
506,184,1797
507,184,2105
508,184,2005
509,184,1785
510,184,1551
511,184,1570
512,184,1789
513,184,2134
514,184,2678
515,184,3311
516,184,3517
517,184,3392
518,184,3469
519,184,4148
520,184,5103
521,184,5914
522,184,6221
523,184,6822
524,184,8051
525,184,10009
526,184,12241
527,184,14018
528,184,14654
529,184,15935
530,184,17147
531,184,17955
532,184,17972
533,184,16946
534,184,15145
535,184,13706
536,184,11318
537,184,9077
538,184,7707
539,184,6410
540,184,5553
541,184,4715
542,184,4539
543,184,4254
544,184,3624
545,184,2988
546,184,2402
547,184,1859
548,184,1478
549,184,1299
550,184,1132
551,184,965
552,184,902
553,184,999
554,184,1127
555,184,1116
556,184,975
557,184,915
558,184,1083
559,184,1285
560,184,1043
561,184,770
562,184,569
563,184,443
564,184,386
565,184,350
566,184,319
567,184,294
568,184,274
569,184,262
570,184,247
571,184,230
572,184,207
573,184,167
490,185,988
491,185,900
492,185,755
493,185,637
494,185,558
495,185,511
496,185,492
497,185,495
498,185,506
499,185,522
500,185,548
501,185,592
502,185,647
503,185,730
504,185,902
505,185,1147
506,185,1421
507,185,1609
508,185,1718
509,185,1577
510,185,1266
511,185,1157
512,185,1387
513,185,1774
514,185,2334
515,185,2887
516,185,3328
517,185,3632
518,185,3416
519,185,3437
520,185,4187
521,185,4770
522,185,5439
523,185,5911
524,185,7115
525,185,8636
526,185,10310
527,185,11915
528,185,13074
529,185,13986
530,185,14648
531,185,15014
532,185,14846
533,185,13969
534,185,12545
535,185,10935
536,185,9161
537,185,7756
538,185,7063
539,185,6058
540,185,5878
541,185,4966
542,185,5025
543,185,4663
544,185,3716
545,185,2797
546,185,2078
547,185,1700
548,185,1663
549,185,1677
550,185,1483
551,185,1195
552,185,979
553,185,900
554,185,887
555,185,849
556,185,779
557,185,796
558,185,936
559,185,1038
560,185,905
561,185,697
562,185,528
563,185,434
564,185,402
565,185,386
566,185,360
567,185,336
568,185,325
569,185,315
570,185,291
571,185,265
572,185,243
573,185,228
490,186,728
491,186,743
492,186,668
493,186,586
494,186,532
495,186,501
496,186,485
497,186,475
498,186,470
499,186,466
500,186,469
501,186,486
502,186,528
503,186,600
504,186,731
505,186,890
506,186,1048
507,186,1194
508,186,1281
509,186,1202
510,186,1026
511,186,997
512,186,1254
513,186,1724
514,186,2295
515,186,2800
516,186,3284
517,186,3667
518,186,3341
519,186,3076
520,186,3262
521,186,3700
522,186,4318
523,186,5029
524,186,6090
525,186,7211
526,186,8350
527,186,9586
528,186,10553
529,186,11013
530,186,11165
531,186,11219
532,186,10995
533,186,10337
534,186,9509
535,186,8550
536,186,7605
537,186,6881
538,186,6400
539,186,5489
540,186,5139
541,186,4487
542,186,4320
543,186,4330
544,186,3485
545,186,2601
546,186,1953
547,186,1747
548,186,1937
549,186,2128
550,186,1854
551,186,1462
552,186,1188
553,186,959
554,186,785
555,186,687
556,186,621
557,186,644
558,186,719
559,186,758
560,186,690
561,186,567
562,186,458
563,186,420
564,186,432
565,186,458
566,186,424
567,186,397
568,186,409
569,186,401
570,186,356
571,186,307
572,186,276
573,186,265
490,187,729
491,187,676
492,187,618
493,187,571
494,187,551
495,187,543
496,187,529
497,187,505
498,187,485
499,187,447
500,187,427
501,187,417
502,187,441
503,187,498
504,187,588
505,187,683
506,187,779
507,187,860
508,187,899
509,187,870
510,187,832
511,187,929
512,187,1303
513,187,1883
514,187,2585
515,187,3136
516,187,3222
517,187,3526
518,187,3284
519,187,3281
520,187,3262
521,187,3117
522,187,3517
523,187,4581
524,187,5705
525,187,6313
526,187,6836
527,187,7774
528,187,8544
529,187,8564
530,187,8385
531,187,8210
532,187,8108
533,187,7773
534,187,7607
535,187,7194
536,187,6688
537,187,6130
538,187,5566
539,187,5008
540,187,4651
541,187,3997
542,187,3660
543,187,3543
544,187,3040
545,187,2389
546,187,1877
547,187,1810
548,187,2014
549,187,2212
550,187,2013
551,187,1809
552,187,1479
553,187,1116
554,187,831
555,187,649
556,187,547
557,187,531
558,187,551
559,187,556
560,187,517
561,187,452
562,187,401
563,187,401
564,187,457
565,187,559
566,187,482
567,187,460
568,187,526
569,187,522
570,187,434
571,187,351
572,187,299
573,187,274
490,188,666
491,188,641
492,188,609
493,188,604
494,188,624
495,188,644
496,188,626
497,188,574
498,188,514
499,188,460
500,188,421
501,188,393
502,188,378
503,188,409
504,188,488
505,188,547
506,188,598
507,188,636
508,188,660
509,188,672
510,188,719
511,188,894
512,188,1321
513,188,1927
514,188,2648
515,188,3168
516,188,2987
517,188,2936
518,188,3026
519,188,3475
520,188,3446
521,188,2915
522,188,2876
523,188,3908
524,188,4893
525,188,5393
526,188,5848
527,188,6608
528,188,7307
529,188,7150
530,188,6806
531,188,6378
532,188,6335
533,188,6379
534,188,6616
535,188,6673
536,188,5898
537,188,5157
538,188,4711
539,188,4855
540,188,4654
541,188,3796
542,188,3499
543,188,3146
544,188,2778
545,188,2375
546,188,2065
547,188,2060
548,188,1993
549,188,1995
550,188,1994
551,188,2107
552,188,1672
553,188,1226
554,188,890
555,188,670
556,188,539
557,188,478
558,188,458
559,188,441
560,188,412
561,188,374
562,188,356
563,188,364
564,188,408
565,188,459
566,188,460
567,188,500
568,188,615
569,188,612
570,188,484
571,188,377
572,188,312
573,188,276
490,189,641
491,189,651
492,189,642
493,189,668
494,189,735
495,189,800
496,189,782
497,189,677
498,189,568
499,189,490
500,189,443
501,189,420
502,189,422
503,189,438
504,189,461
505,189,476
506,189,497
507,189,515
508,189,546
509,189,596
510,189,701
511,189,924
512,189,1317
513,189,1863
514,189,2539
515,189,3092
516,189,2678
517,189,2347
518,189,2547
519,189,2921
520,189,2901
521,189,2485
522,189,2347
523,189,3095
524,189,4034
525,189,4936
526,189,5360
527,189,5722
528,189,6152
529,189,6324
530,189,6155
531,189,5559
532,189,5410
533,189,5927
534,189,6629
535,189,6206
536,189,5241
537,189,4372
538,189,3977
539,189,4137
540,189,4035
541,189,3612
542,189,3686
543,189,3169
544,189,3008
545,189,2620
546,189,2361
547,189,2466
548,189,2213
549,189,1973
550,189,1900
551,189,1847
552,189,1561
553,189,1227
554,189,943
555,189,733
556,189,583
557,189,487
558,189,433
559,189,401
560,189,370
561,189,341
562,189,327
563,189,328
564,189,353
565,189,384
566,189,411
567,189,471
568,189,553
569,189,550
570,189,460
571,189,372
572,189,314
573,189,277
490,190,814
491,190,719
492,190,690
493,190,731
494,190,846
495,190,972
496,190,947
497,190,778
498,190,621
499,190,519
500,190,467
501,190,457
502,190,472
503,190,489
504,190,495
505,190,485
506,190,472
507,190,474
508,190,524
509,190,619
510,190,790
511,190,1056
512,190,1406
513,190,1782
514,190,2219
515,190,2454
516,190,2195
517,190,1881
518,190,1963
519,190,2157
520,190,2140
521,190,1915
522,190,1864
523,190,2508
524,190,3380
525,190,4218
526,190,4672
527,190,4911
528,190,5050
529,190,5362
530,190,5267
531,190,4797
532,190,4681
533,190,5241
534,190,5725
535,190,5540
536,190,4613
537,190,3685
538,190,3205
539,190,3197
540,190,3113
541,190,2966
542,190,2976
543,190,2732
544,190,2844
545,190,2537
546,190,2319
547,190,2448
548,190,2225
549,190,2131
550,190,2016
551,190,1727
552,190,1475
553,190,1324
554,190,1098
555,190,855
556,190,664
557,190,539
558,190,478
559,190,434
560,190,390
561,190,349
562,190,320
563,190,308
564,190,322
565,190,345
566,190,373
567,190,420
568,190,462
569,190,459
570,190,408
571,190,351
572,190,309
573,190,285
490,191,883
491,191,753
492,191,715
493,191,768
494,191,900
495,191,1020
496,191,973
497,191,796
498,191,632
499,191,530
500,191,487
501,191,499
502,191,536
503,191,569
504,191,572
505,191,543
506,191,510
507,191,502
508,191,558
509,191,687
510,191,914
511,191,1254
512,191,1673
513,191,1994
514,191,1987
515,191,1898
516,191,1675
517,191,1454
518,191,1461
519,191,1540
520,191,1520
521,191,1415
522,191,1454
523,191,2018
524,191,2757
525,191,3642
526,191,4465
527,191,4707
528,191,4496
529,191,4413
530,191,4206
531,191,3876
532,191,3864
533,191,4490
534,191,5221
535,191,5147
536,191,4204
537,191,3225
538,191,2561
539,191,2361
540,191,2203
541,191,2182
542,191,2201
543,191,2127
544,191,2168
545,191,2036
546,191,1898
547,191,1961
548,191,1901
549,191,2022
550,191,1960
551,191,1686
552,191,1601
553,191,1580
554,191,1302
555,191,982
556,191,752
557,191,632
558,191,576
559,191,525
560,191,457
561,191,391
562,191,342
563,191,316
564,191,317
565,191,331
566,191,353
567,191,384
568,191,404
569,191,399
570,191,368
571,191,329
572,191,299
573,191,284
490,192,826
491,192,723
492,192,693
493,192,744
494,192,862
495,192,958
496,192,870
497,192,722
498,192,600
499,192,526
500,192,508
501,192,546
502,192,616
503,192,682
504,192,687
505,192,632
506,192,572
507,192,548
508,192,596
509,192,746
510,192,1010
511,192,1391
512,192,1880
513,192,2300
514,192,1961
515,192,1581
516,192,1290
517,192,1157
518,192,1167
519,192,1202
520,192,1160
521,192,1088
522,192,1159
523,192,1637
524,192,2316
525,192,3187
526,192,4055
527,192,4390
528,192,4302
529,192,3760
530,192,3223
531,192,2988
532,192,3209
533,192,3872
534,192,4491
535,192,4478
536,192,3738
537,192,2844
538,192,2147
539,192,1768
540,192,1594
541,192,1563
542,192,1567
543,192,1541
544,192,1557
545,192,1520
546,192,1525
547,192,1626
548,192,1688
549,192,1722
550,192,1644
551,192,1538
552,192,1679
553,192,1639
554,192,1341
555,192,1020
556,192,810
557,192,757
558,192,729
559,192,674
560,192,565
561,192,457
562,192,381
563,192,339
564,192,323
565,192,323
566,192,340
567,192,363
568,192,371
569,192,368
570,192,352
571,192,324
572,192,283
573,192,227
490,193,711
491,193,646
492,193,630
493,193,665
494,193,734
495,193,778
496,193,730
497,193,642
498,193,568
499,193,523
500,193,527
501,193,586
502,193,689
503,193,800
504,193,814
505,193,728
506,193,644
507,193,608
508,193,658
509,193,837
510,193,1091
511,193,1397
512,193,1748
513,193,1911
514,193,1684
515,193,1354
516,193,1138
517,193,1147
518,193,1286
519,193,1374
520,193,1286
521,193,1139
522,193,1150
523,193,1593
524,193,2280
525,193,3124
526,193,3851
527,193,4134
528,193,3994
529,193,3254
530,193,2815
531,193,2527
532,193,2651
533,193,3338
534,193,3945
535,193,3961
536,193,3326
537,193,2520
538,193,1874
539,193,1439
540,193,1220
541,193,1153
542,193,1142
543,193,1130
544,193,1140
545,193,1182
546,193,1394
547,193,1686
548,193,1865
549,193,1705
550,193,1440
551,193,1337
552,193,1438
553,193,1406
554,193,1178
555,193,953
556,193,861
557,193,907
558,193,924
559,193,866
560,193,692
561,193,529
562,193,422
563,193,362
564,193,329
565,193,298
566,193,307
567,193,341
568,193,352
569,193,354
570,193,350
571,193,331
572,193,281
573,193,220
490,194,543
491,194,537
492,194,550
493,194,579
494,194,618
495,194,642
496,194,629
497,194,595
498,194,573
499,194,552
500,194,550
501,194,601
502,194,703
503,194,825
504,194,864
505,194,810
506,194,716
507,194,667
508,194,724
509,194,946
510,194,1250
511,194,1559
512,194,1670
513,194,1538
514,194,1345
515,194,1132
516,194,1071
517,194,1262
518,194,1582
519,194,1793
520,194,1606
521,194,1317
522,194,1214
523,194,1553
524,194,2174
525,194,2925
526,194,3490
527,194,3440
528,194,3177
529,194,2783
530,194,2663
531,194,2384
532,194,2466
533,194,3154
534,194,3973
535,194,4061
536,194,3414
537,194,2654
538,194,1946
539,194,1430
540,194,1100
541,194,974
542,194,963
543,194,953
544,194,952
545,194,1064
546,194,1352
547,194,1776
548,194,2168
549,194,1787
550,194,1368
551,194,1163
552,194,1178
553,194,1138
554,194,995
555,194,860
556,194,871
557,194,1006
558,194,1056
559,194,996
560,194,766
561,194,573
562,194,449
563,194,380
564,194,338
565,194,291
566,194,304
567,194,315
568,194,323
569,194,331
570,194,345
571,194,350
572,194,291
573,194,224
490,195,271
491,195,412
492,195,473
493,195,514
494,195,549
495,195,578
496,195,604
497,195,635
498,195,650
499,195,622
500,195,588
501,195,596
502,195,664
503,195,768
504,195,873
505,195,865
506,195,764
507,195,713
508,195,770
509,195,1006
510,195,1346
511,195,1707
512,195,1732
513,195,1418
514,195,1122
515,195,949
516,195,1022
517,195,1329
518,195,1793
519,195,2207
520,195,1859
521,195,1450
522,195,1246
523,195,1379
524,195,1839
525,195,2343
526,195,2668
527,195,2623
528,195,2602
529,195,2237
530,195,2194
531,195,2254
532,195,2395
533,195,2661
534,195,3434
535,195,3750
536,195,3580
537,195,2899
538,195,2168
539,195,1544
540,195,1112
541,195,1048
542,195,1094
543,195,1083
544,195,1010
545,195,1021
546,195,1217
547,195,1545
548,195,1769
549,195,1565
550,195,1218
551,195,1142
552,195,1178
553,195,1094
554,195,937
555,195,819
556,195,819
557,195,897
558,195,927
559,195,880
560,195,718
561,195,563
562,195,455
563,195,392
564,195,348
565,195,297
566,195,296
567,195,298
568,195,301
569,195,309
570,195,325
571,195,336
572,195,283
573,195,226
490,196,259
491,196,336
492,196,419
493,196,476
494,196,520
495,196,571
496,196,639
497,196,723
498,196,774
499,196,715
500,196,632
501,196,592
502,196,623
503,196,699
504,196,783
505,196,803
506,196,771
507,196,762
508,196,803
509,196,977
510,196,1246
511,196,1490
512,196,1481
513,196,1226
514,196,964
515,196,830
516,196,935
517,196,1241
518,196,1662
519,196,1973
520,196,1843
521,196,1506
522,196,1326
523,196,1279
524,196,1412
525,196,1660
526,196,1876
527,196,2014
528,196,2014
529,196,1818
530,196,1809
531,196,2051
532,196,2171
533,196,2240
534,196,2724
535,196,3165
536,196,3319
537,196,3014
538,196,2265
539,196,1611
540,196,1209
541,196,1254
542,196,1407
543,196,1395
544,196,1199
545,196,1023
546,196,1030
547,196,1224
548,196,1430
549,196,1372
550,196,1163
551,196,1227
552,196,1370
553,196,1228
554,196,1019
555,196,882
556,196,782
557,196,758
558,196,744
559,196,707
560,196,620
561,196,529
562,196,452
563,196,406
564,196,371
565,196,333
566,196,286
567,196,289
568,196,287
569,196,288
570,196,290
571,196,284
572,196,253
573,196,215
490,197,266
491,197,320
492,197,377
493,197,459
494,197,516
495,197,578
496,197,666
497,197,783
498,197,885
499,197,775
500,197,658
501,197,597
502,197,603
503,197,640
504,197,695
505,197,748
506,197,818
507,197,870
508,197,871
509,197,919
510,197,1100
511,197,1220
512,197,1173
513,197,990
514,197,804
515,197,718
516,197,826
517,197,1115
518,197,1534
519,197,1941
520,197,1925
521,197,1632
522,197,1502
523,197,1296
524,197,1206
525,197,1280
526,197,1522
527,197,1784
528,197,1769
529,197,1528
530,197,1477
531,197,1631
532,197,1733
533,197,1836
534,197,2190
535,197,2586
536,197,2827
537,197,2606
538,197,2045
539,197,1522
540,197,1264
541,197,1445
542,197,1741
543,197,1729
544,197,1389
545,197,1067
546,197,933
547,197,1031
548,197,1201
549,197,1188
550,197,1054
551,197,1175
552,197,1361
553,197,1288
554,197,1212
555,197,1031
556,197,824
557,197,692
558,197,629
559,197,594
560,197,559
561,197,534
562,197,493
563,197,445
564,197,402
565,197,360
566,197,300
567,197,289
568,197,281
569,197,274
570,197,268
571,197,255
572,197,232
573,197,202
490,198,329
491,198,367
492,198,416
493,198,469
494,198,516
495,198,570
496,198,642
497,198,728
498,198,780
499,198,721
500,198,644
501,198,626
502,198,637
503,198,646
504,198,674
505,198,764
506,198,906
507,198,1020
508,198,982
509,198,982
510,198,1135
511,198,1161
512,198,1020
513,198,820
514,198,670
515,198,625
516,198,738
517,198,1006
518,198,1365
519,198,1674
520,198,1675
521,198,1611
522,198,1703
523,198,1306
524,198,1071
525,198,1037
526,198,1227
527,198,1428
528,198,1428
529,198,1263
530,198,1175
531,198,1261
532,198,1390
533,198,1644
534,198,2100
535,198,2576
536,198,2630
537,198,2200
538,198,1722
539,198,1339
540,198,1215
541,198,1446
542,198,1762
543,198,1755
544,198,1408
545,198,1052
546,198,840
547,198,837
548,198,905
549,198,905
550,198,854
551,198,950
552,198,1099
553,198,1218
554,198,1383
555,198,1125
556,198,848
557,198,667
558,198,569
559,198,563
560,198,597
561,198,621
562,198,577
563,198,505
564,198,442
565,198,393
566,198,344
567,198,287
568,198,282
569,198,275
570,198,264
571,198,250
572,198,228
573,198,197
490,199,342
491,199,401
492,199,452
493,199,491
494,199,520
495,199,555
496,199,596
497,199,639
498,199,659
499,199,638
500,199,632
501,199,676
502,199,725
503,199,699
504,199,702
505,199,771
506,199,923
507,199,1055
508,199,1048
509,199,1123
510,199,1303
511,199,1293
512,199,1044
513,199,775
514,199,621
515,199,582
516,199,713
517,199,963
518,199,1287
519,199,1519
520,199,1415
521,199,1335
522,199,1294
523,199,1083
524,199,902
525,199,851
526,199,1008
527,199,1204
528,199,1215
529,199,1063
530,199,973
531,199,1006
532,199,1169
533,199,1502
534,199,1972
535,199,2430
536,199,2432
537,199,1965
538,199,1478
539,199,1144
540,199,1086
541,199,1283
542,199,1522
543,199,1528
544,199,1304
545,199,1002
546,199,769
547,199,712
548,199,750
549,199,789
550,199,738
551,199,736
552,199,835
553,199,998
554,199,1110
555,199,980
556,199,772
557,199,619
558,199,544
559,199,576
560,199,670
561,199,740
562,199,670
563,199,564
564,199,481
565,199,424
566,199,374
567,199,305
568,199,282
569,199,287
570,199,277
571,199,261
572,199,240
573,199,217
490,200,370
491,200,445
492,200,503
493,200,531
494,200,546
495,200,564
496,200,572
497,200,578
498,200,578
499,200,581
500,200,619
501,200,712
502,200,829
503,200,744
504,200,707
505,200,764
506,200,894
507,200,1016
508,200,1078
509,200,1148
510,200,1293
511,200,1282
512,200,1032
513,200,794
514,200,631
515,200,580
516,200,710
517,200,962
518,200,1314
519,200,1626
520,200,1350
521,200,1058
522,200,964
523,200,834
524,200,727
525,200,710
526,200,845
527,200,1026
528,200,1050
529,200,920
530,200,845
531,200,861
532,200,1014
533,200,1294
534,200,1641
535,200,1923
536,200,1913
537,200,1607
538,200,1241
539,200,968
540,200,969
541,200,1167
542,200,1462
543,200,1615
544,200,1384
545,200,1041
546,200,766
547,200,679
548,200,722
549,200,839
550,200,694
551,200,622
552,200,652
553,200,756
554,200,820
555,200,764
556,200,650
557,200,554
558,200,520
559,200,575
560,200,683
561,200,762
562,200,700
563,200,597
564,200,513
565,200,455
566,200,411
567,200,344
568,200,310
569,200,299
570,200,289
571,200,272
572,200,245
573,200,195
490,201,391
491,201,498
492,201,575
493,201,589
494,201,597
495,201,617
496,201,601
497,201,568
498,201,541
499,201,546
500,201,584
501,201,654
502,201,720
503,201,706
504,201,714
505,201,826
506,201,992
507,201,1164
508,201,1215
509,201,1120
510,201,1076
511,201,1121
512,201,1022
513,201,808
514,201,646
515,201,587
516,201,690
517,201,892
518,201,1146
519,201,1299
520,201,1139
521,201,894
522,201,753
523,201,654
524,201,586
525,201,588
526,201,676
527,201,794
528,201,851
529,201,796
530,201,765
531,201,770
532,201,851
533,201,1056
534,201,1270
535,201,1421
536,201,1410
537,201,1236
538,201,1007
539,201,847
540,201,903
541,201,1125
542,201,1405
543,201,1568
544,201,1366
545,201,1033
546,201,759
547,201,639
548,201,627
549,201,642
550,201,579
551,201,530
552,201,535
553,201,581
554,201,618
555,201,595
556,201,538
557,201,493
558,201,498
559,201,559
560,201,650
561,201,715
562,201,701
563,201,639
564,201,560
565,201,500
566,201,460
567,201,419
568,201,359
569,201,343
570,201,337
571,201,323
572,201,296
573,201,251
490,202,436
491,202,544
492,202,650
493,202,643
494,202,669
495,202,707
496,202,663
497,202,594
498,202,542
499,202,529
500,202,551
501,202,595
502,202,638
503,202,670
504,202,744
505,202,910
506,202,1120
507,202,1241
508,202,1344
509,202,1129
510,202,951
511,202,939
512,202,887
513,202,757
514,202,644
515,202,605
516,202,681
517,202,834
518,202,992
519,202,1049
520,202,936
521,202,756
522,202,612
523,202,538
524,202,485
525,202,501
526,202,558
527,202,686
528,202,835
529,202,861
530,202,785
531,202,737
532,202,757
533,202,863
534,202,978
535,202,1059
536,202,1060
537,202,973
538,202,829
539,202,763
540,202,825
541,202,1012
542,202,1235
543,202,1347
544,202,1262
545,202,984
546,202,737
547,202,590
548,202,534
549,202,504
550,202,485
551,202,478
552,202,503
553,202,574
554,202,621
555,202,594
556,202,533
557,202,491
558,202,510
559,202,587
560,202,699
561,202,792
562,202,829
563,202,739
564,202,624
565,202,544
566,202,502
567,202,470
568,202,410
569,202,405
570,202,416
571,202,408
572,202,383
573,202,345
490,203,462
491,203,530
492,203,600
493,203,632
494,203,708
495,203,792
496,203,710
497,203,617
498,203,554
499,203,532
500,203,553
501,203,591
502,203,635
503,203,693
504,203,779
505,203,932
506,203,1116
507,203,1193
508,203,1187
509,203,1028
510,203,852
511,203,782
512,203,752
513,203,704
514,203,662
515,203,672
516,203,765
517,203,926
518,203,1077
519,203,1077
520,203,911
521,203,713
522,203,563
523,203,475
524,203,441
525,203,460
526,203,530
527,203,682
528,203,893
529,203,929
530,203,791
531,203,707
532,203,692
533,203,728
534,203,790
535,203,858
536,203,905
537,203,905
538,203,844
539,203,763
540,203,754
541,203,851
542,203,990
543,203,1147
544,203,1109
545,203,888
546,203,682
547,203,542
548,203,474
549,203,442
550,203,437
551,203,449
552,203,520
553,203,624
554,203,697
555,203,643
556,203,556
557,203,505
558,203,532
559,203,632
560,203,786
561,203,930
562,203,984
563,203,815
564,203,659
565,203,566
566,203,525
567,203,503
568,203,459
569,203,487
570,203,550
571,203,551
572,203,524
573,203,514
490,204,427
491,204,486
492,204,540
493,204,587
494,204,662
495,204,716
496,204,684
497,204,623
498,204,579
499,204,581
500,204,620
501,204,684
502,204,748
503,204,811
504,204,881
505,204,917
506,204,997
507,204,1080
508,204,1134
509,204,980
510,204,799
511,204,702
512,204,699
513,204,725
514,204,750
515,204,776
516,204,878
517,204,1076
518,204,1293
519,204,1274
520,204,1010
521,204,751
522,204,571
523,204,468
524,204,427
525,204,436
526,204,489
527,204,604
528,204,744
529,204,774
530,204,699
531,204,652
532,204,651
533,204,691
534,204,766
535,204,866
536,204,980
537,204,1056
538,204,1018
539,204,878
540,204,738
541,204,753
542,204,832
543,204,899
544,204,865
545,204,737
546,204,601
547,204,495
548,204,429
549,204,402
550,204,402
551,204,441
552,204,516
553,204,618
554,204,689
555,204,635
556,204,551
557,204,507
558,204,540
559,204,642
560,204,783
561,204,898
562,204,894
563,204,753
564,204,624
565,204,549
566,204,521
567,204,514
568,204,511
569,204,597
570,204,648
571,204,647
572,204,598
573,204,510
490,205,375
491,205,444
492,205,496
493,205,546
494,205,607
495,205,656
496,205,675
497,205,663
498,205,643
499,205,668
500,205,733
501,205,832
502,205,924
503,205,960
504,205,1030
505,205,968
506,205,922
507,205,1000
508,205,1057
509,205,921
510,205,765
511,205,698
512,205,749
513,205,849
514,205,917
515,205,920
516,205,957
517,205,1106
518,205,1302
519,205,1274
520,205,1009
521,205,750
522,205,570
523,205,465
524,205,416
525,205,412
526,205,439
527,205,502
528,205,574
529,205,602
530,205,591
531,205,596
532,205,631
533,205,713
534,205,821
535,205,968
536,205,1158
537,205,1326
538,205,1292
539,205,1058
540,205,833
541,205,797
542,205,819
543,205,786
544,205,718
545,205,623
546,205,531
547,205,456
548,205,400
549,205,371
550,205,384
551,205,422
552,205,478
553,205,544
554,205,583
555,205,557
556,205,511
557,205,507
558,205,564
559,205,653
560,205,720
561,205,768
562,205,740
563,205,642
564,205,553
565,205,507
566,205,494
567,205,487
568,205,574
569,205,659
570,205,716
571,205,725
572,205,674
573,205,566
490,206,344
491,206,418
492,206,472
493,206,529
494,206,599
495,206,678
496,206,747
497,206,759
498,206,745
499,206,795
500,206,876
501,206,977
502,206,1080
503,206,1011
504,206,1045
505,206,960
506,206,879
507,206,889
508,206,880
509,206,794
510,206,709
511,206,707
512,206,830
513,206,1008
514,206,1125
515,206,1067
516,206,978
517,206,995
518,206,1072
519,206,1037
520,206,868
521,206,682
522,206,541
523,206,451
524,206,403
525,206,390
526,206,401
527,206,433
528,206,474
529,206,502
530,206,523
531,206,562
532,206,643
533,206,767
534,206,921
535,206,1096
536,206,1336
537,206,1554
538,206,1516
539,206,1204
540,206,972
541,206,971
542,206,999
543,206,880
544,206,717
545,206,584
546,206,494
547,206,435
548,206,390
549,206,342
550,206,370
551,206,400
552,206,437
553,206,474
554,206,492
555,206,480
556,206,465
557,206,501
558,206,591
559,206,707
560,206,731
561,206,671
562,206,602
563,206,533
564,206,481
565,206,459
566,206,468
567,206,509
568,206,593
569,206,685
570,206,763
571,206,802
572,206,774
573,206,706
490,207,357
491,207,416
492,207,471
493,207,533
494,207,618
495,207,728
496,207,825
497,207,846
498,207,842
499,207,916
500,207,962
501,207,990
502,207,985
503,207,915
504,207,911
505,207,887
506,207,891
507,207,865
508,207,775
509,207,688
510,207,652
511,207,704
512,207,865
513,207,1094
514,207,1291
515,207,1140
516,207,952
517,207,844
518,207,831
519,207,794
520,207,700
521,207,588
522,207,496
523,207,427
524,207,387
525,207,376
526,207,383
527,207,405
528,207,436
529,207,466
530,207,500
531,207,562
532,207,671
533,207,831
534,207,1043
535,207,1252
536,207,1381
537,207,1557
538,207,1482
539,207,1238
540,207,1060
541,207,1153
542,207,1217
543,207,998
544,207,765
545,207,599
546,207,498
547,207,440
548,207,398
549,207,368
550,207,373
551,207,397
552,207,430
553,207,458
554,207,464
555,207,446
556,207,433
557,207,474
558,207,566
559,207,676
560,207,684
561,207,591
562,207,507
563,207,449
564,207,418
565,207,409
566,207,427
567,207,489
568,207,577
569,207,678
570,207,780
571,207,857
572,207,849
573,207,786
490,208,363
491,208,424
492,208,483
493,208,539
494,208,618
495,208,720
496,208,806
497,208,800
498,208,826
499,208,890
500,208,870
501,208,860
502,208,820
503,208,774
504,208,780
505,208,831
506,208,910
507,208,888
508,208,754
509,208,647
510,208,608
511,208,667
512,208,804
513,208,980
514,208,1105
515,208,1033
516,208,849
517,208,710
518,208,653
519,208,625
520,208,572
521,208,504
522,208,454
523,208,412
524,208,380
525,208,373
526,208,387
527,208,415
528,208,454
529,208,493
530,208,531
531,208,593
532,208,704
533,208,876
534,208,1124
535,208,1396
536,208,1341
537,208,1429
538,208,1566
539,208,1266
540,208,1009
541,208,1023
542,208,1102
543,208,1009
544,208,779
545,208,604
546,208,502
547,208,445
548,208,405
549,208,379
550,208,378
551,208,402
552,208,447
553,208,492
554,208,492
555,208,449
556,208,414
557,208,425
558,208,483
559,208,545
560,208,549
561,208,493
562,208,433
563,208,390
564,208,365
565,208,354
566,208,355
567,208,445
568,208,537
569,208,636
570,208,738
571,208,822
572,208,825
573,208,786
490,209,359
491,209,439
492,209,514
493,209,569
494,209,603
495,209,652
496,209,693
497,209,695
498,209,717
499,209,745
500,209,725
501,209,702
502,209,667
503,209,648
504,209,668
505,209,729
506,209,796
507,209,782
508,209,689
509,209,606
510,209,572
511,209,612
512,209,703
513,209,809
514,209,874
515,209,826
516,209,704
517,209,596
518,209,536
519,209,517
520,209,484
521,209,456
522,209,433
523,209,410
524,209,391
525,209,389
526,209,417
527,209,470
528,209,539
529,209,595
530,209,626
531,209,659
532,209,747
533,209,885
534,209,1051
535,209,1177
536,209,1158
537,209,1205
538,209,1265
539,209,1094
540,209,914
541,209,947
542,209,969
543,209,873
544,209,706
545,209,570
546,209,488
547,209,441
548,209,404
549,209,383
550,209,382
551,209,408
552,209,468
553,209,546
554,209,542
555,209,459
556,209,396
557,209,374
558,209,398
559,209,427
560,209,430
561,209,404
562,209,370
563,209,342
564,209,317
565,209,294
566,209,310
567,209,395
568,209,483
569,209,567
570,209,645
571,209,698
572,209,694
573,209,648
490,210,355
491,210,458
492,210,561
493,210,632
494,210,622
495,210,598
496,210,595
497,210,592
498,210,603
499,210,612
500,210,597
501,210,574
502,210,552
503,210,544
504,210,566
505,210,609
506,210,647
507,210,641
508,210,595
509,210,552
510,210,536
511,210,568
512,210,637
513,210,714
514,210,748
515,210,694
516,210,596
517,210,513
518,210,459
519,210,436
520,210,427
521,210,429
522,210,428
523,210,413
524,210,404
525,210,405
526,210,456
527,210,555
528,210,683
529,210,773
530,210,785
531,210,780
532,210,830
533,210,936
534,210,1027
535,210,1047
536,210,993
537,210,990
538,210,1000
539,210,881
540,210,818
541,210,872
542,210,932
543,210,774
544,210,621
545,210,519
546,210,461
547,210,426
548,210,393
549,210,380
550,210,380
551,210,401
552,210,455
553,210,527
554,210,521
555,210,434
556,210,368
557,210,337
558,210,336
559,210,347
560,210,348
561,210,337
562,210,320
563,210,298
564,210,267
565,210,259
566,210,278
567,210,329
568,210,422
569,210,490
570,210,543
571,210,571
572,210,555
573,210,486
490,211,326
491,211,470
492,211,596
493,211,699
494,211,637
495,211,568
496,211,528
497,211,513
498,211,509
499,211,512
500,211,498
501,211,479
502,211,463
503,211,458
504,211,475
505,211,500
506,211,519
507,211,521
508,211,510
509,211,502
510,211,510
511,211,556
512,211,638
513,211,746
514,211,807
515,211,719
516,211,587
517,211,482
518,211,413
519,211,384
520,211,381
521,211,415
522,211,457
523,211,423
524,211,402
525,211,410
526,211,486
527,211,645
528,211,874
529,211,1026
530,211,992
531,211,937
532,211,953
533,211,1091
534,211,1182
535,211,1086
536,211,954
537,211,911
538,211,933
539,211,873
540,211,758
541,211,734
542,211,736
543,211,646
544,211,546
545,211,477
546,211,436
547,211,402
548,211,350
549,211,365
550,211,370
551,211,378
552,211,402
553,211,432
554,211,423
555,211,374
556,211,330
557,211,304
558,211,293
559,211,296
560,211,297
561,211,289
562,211,278
563,211,261
564,211,241
565,211,248
566,211,264
567,211,296
568,211,365
569,211,414
570,211,453
571,211,471
572,211,460
573,211,419
490,212,394
491,212,488
492,212,571
493,212,621
494,212,582
495,212,515
496,212,472
497,212,447
498,212,418
499,212,432
500,212,411
501,212,391
502,212,377
503,212,372
504,212,394
505,212,408
506,212,419
507,212,427
508,212,447
509,212,468
510,212,488
511,212,541
512,212,640
513,212,794
514,212,924
515,212,765
516,212,591
517,212,471
518,212,381
519,212,340
520,212,346
521,212,414
522,212,506
523,212,434
524,212,381
525,212,386
526,212,474
527,212,672
528,212,1057
529,212,1311
530,212,1190
531,212,1111
532,212,1012
533,212,1222
534,212,1396
535,212,1161
536,212,976
537,212,935
538,212,981
539,212,942
540,212,758
541,212,635
542,212,586
543,212,521
544,212,469
545,212,437
546,212,412
547,212,379
548,212,327
549,212,347
550,212,359
551,212,349
552,212,347
553,212,353
554,212,345
555,212,319
556,212,294
557,212,277
558,212,259
559,212,256
560,212,255
561,212,247
562,212,229
563,212,227
564,212,228
565,212,252
566,212,266
567,212,270
568,212,292
569,212,318
570,212,364
571,212,382
572,212,384
573,212,399
490,213,481
491,213,512
492,213,540
493,213,552
494,213,510
495,213,434
496,213,408
497,213,394
498,213,260
499,213,375
500,213,289
501,213,268
502,213,254
503,213,244
504,213,325
505,213,332
506,213,335
507,213,334
508,213,402
509,213,464
510,213,457
511,213,496
512,213,579
513,213,754
514,213,848
515,213,715
516,213,542
517,213,457
518,213,336
519,213,278
520,213,281
521,213,372
522,213,412
523,213,385
524,213,323
525,213,319
526,213,382
527,213,500
528,213,1223
529,213,1426
530,213,1324
531,213,1316
532,213,841
533,213,1229
534,213,1376
535,213,1042
536,213,911
537,213,923
538,213,924
539,213,950
540,213,712
541,213,534
542,213,481
543,213,405
544,213,394
545,213,401
546,213,398
547,213,354
548,213,290
549,213,299
550,213,365
551,213,320
552,213,293
553,213,297
554,213,295
555,213,277
556,213,267
557,213,259
558,213,216
559,213,194
560,213,199
561,213,199
562,213,202
563,213,217
564,213,205
565,213,280
566,213,291
567,213,248
568,213,249
569,213,251
570,213,255
571,213,267
572,213,263
573,213,247
