xv,yv,rho
490,148,469
491,148,729
492,148,999
493,148,715
494,148,458
495,148,405
496,148,375
497,148,199
498,148,193
499,148,177
500,148,179
501,148,415
502,148,434
503,148,597
504,148,904
505,148,1414
506,148,2148
507,148,1329
508,148,827
509,148,528
510,148,487
511,148,546
512,148,511
513,148,555
514,148,573
515,148,567
516,148,684
517,148,915
518,148,1341
519,148,2027
520,148,2014
521,148,1271
522,148,760
523,148,420
524,148,306
525,148,499
526,148,759
527,148,983
528,148,1004
529,148,890
530,148,677
531,148,496
532,148,369
533,148,341
534,148,309
535,148,352
536,148,457
537,148,483
538,148,585
539,148,660
540,148,664
541,148,633
542,148,725
543,148,754
544,148,700
545,148,599
546,148,431
547,148,409
548,148,398
549,148,427
550,148,452
551,148,620
552,148,987
553,148,1474
554,148,2070
555,148,1630
556,148,1160
557,148,883
558,148,737
559,148,734
560,148,560
561,148,629
562,148,628
563,148,554
564,148,477
565,148,582
566,148,566
567,148,423
568,148,321
569,148,295
570,148,181
571,148,158
572,148,142
573,148,141
490,149,543
491,149,698
492,149,826
493,149,686
494,149,518
495,149,430
496,149,372
497,149,291
498,149,258
499,149,244
500,149,272
501,149,386
502,149,483
503,149,614
504,149,805
505,149,1081
506,149,1310
507,149,1072
508,149,812
509,149,709
510,149,770
511,149,833
512,149,771
513,149,684
514,149,625
515,149,634
516,149,705
517,149,870
518,149,1144
519,149,1447
520,149,1459
521,149,1199
522,149,910
523,149,680
524,149,622
525,149,816
526,149,1126
527,149,1427
528,149,1440
529,149,1171
530,149,864
531,149,625
532,149,471
533,149,408
534,149,420
535,149,501
536,149,633
537,149,768
538,149,945
539,149,1058
540,149,1050
541,149,1033
542,149,1119
543,149,1155
544,149,1023
545,149,815
546,149,630
547,149,550
548,149,569
549,149,642
550,149,716
551,149,795
552,149,972
553,149,1198
554,149,1380
555,149,1238
556,149,1000
557,149,815
558,149,723
559,149,743
560,149,784
561,149,884
562,149,875
563,149,748
564,149,655
565,149,659
566,149,608
567,149,495
568,149,390
569,149,316
570,149,237
571,149,191
572,149,170
573,149,166
490,150,520
491,150,590
492,150,636
493,150,579
494,150,493
495,150,437
496,150,405
497,150,375
498,150,349
499,150,324
500,150,328
501,150,385
502,150,466
503,150,555
504,150,662
505,150,795
506,150,878
507,150,809
508,150,732
509,150,829
510,150,1041
511,150,1193
512,150,1039
513,150,825
514,150,713
515,150,719
516,150,752
517,150,801
518,150,919
519,150,1076
520,150,1225
521,150,1267
522,150,1038
523,150,853
524,150,862
525,150,1068
526,150,1394
527,150,1773
528,150,1779
529,150,1383
530,150,1010
531,150,729
532,150,548
533,150,476
534,150,516
535,150,649
536,150,861
537,150,1108
538,150,1372
539,150,1571
540,150,1532
541,150,1509
542,150,1582
543,150,1664
544,150,1393
545,150,1040
546,150,786
547,150,691
548,150,763
549,150,905
550,150,1029
551,150,1068
552,150,1045
553,150,1029
554,150,1032
555,150,949
556,150,821
557,150,713
558,150,687
559,150,764
560,150,924
561,150,1132
562,150,1127
563,150,917
564,150,829
565,150,828
566,150,731
567,150,585
568,150,446
569,150,353
570,150,280
571,150,222
572,150,192
573,150,171
490,151,443
491,151,477
492,151,496
493,151,479
494,151,451
495,151,440
496,151,453
497,151,464
498,151,456
499,151,428
500,151,399
501,151,386
502,151,415
503,151,466
504,151,528
505,151,588
506,151,625
507,151,623
508,151,680
509,151,876
510,151,1202
511,151,1523
512,151,1213
513,151,924
514,151,835
515,151,885
516,151,898
517,151,838
518,151,811
519,151,917
520,151,1090
521,151,1215
522,151,1064
523,151,955
524,151,1079
525,151,1345
526,151,1514
527,151,1684
528,151,1715
529,151,1461
530,151,1159
531,151,868
532,151,655
533,151,555
534,151,610
535,151,792
536,151,1101
537,151,1479
538,151,1773
539,151,2128
540,151,2045
541,151,2014
542,151,1920
543,151,2118
544,151,1634
545,151,1169
546,151,893
547,151,853
548,151,1006
549,151,1240
550,151,1446
551,151,1453
552,151,1261
553,151,1048
554,151,884
555,151,779
556,151,685
557,151,619
558,151,635
559,151,733
560,151,918
561,151,1136
562,151,1138
563,151,949
564,151,953
565,151,1020
566,151,855
567,151,646
568,151,480
569,151,380
570,151,310
571,151,250
572,151,222
573,151,209
490,152,390
491,152,386
492,152,404
493,152,414
494,152,428
495,152,467
496,152,524
497,152,568
498,152,573
499,152,533
500,152,474
501,152,416
502,152,381
503,152,393
504,152,423
505,152,450
506,152,471
507,152,500
508,152,599
509,152,784
510,152,1030
511,152,1205
512,152,1085
513,152,991
514,152,1020
515,152,1150
516,152,1162
517,152,973
518,152,836
519,152,853
520,152,984
521,152,1083
522,152,1052
523,152,1024
524,152,1237
525,152,1561
526,152,1669
527,152,1625
528,152,1863
529,152,1780
530,152,1413
531,152,1043
532,152,779
533,152,654
534,152,706
535,152,895
536,152,1241
537,152,1707
538,152,1969
539,152,2264
540,152,2355
541,152,2298
542,152,1840
543,152,1758
544,152,1452
545,152,1108
546,152,924
547,152,1020
548,152,1306
549,152,1628
550,152,1918
551,152,1884
552,152,1502
553,152,1141
554,152,883
555,152,716
556,152,609
557,152,558
558,152,574
559,152,653
560,152,783
561,152,907
562,152,912
563,152,824
564,152,913
565,152,1007
566,152,839
567,152,624
568,152,476
569,152,388
570,152,328
571,152,277
572,152,257
573,152,239
490,153,167
491,153,281
492,153,342
493,153,384
494,153,441
495,153,524
496,153,627
497,153,712
498,153,720
499,153,648
500,153,552
501,153,463
502,153,396
503,153,363
504,153,355
505,153,355
506,153,373
507,153,419
508,153,506
509,153,639
510,153,801
511,153,919
512,153,966
513,153,1105
514,153,1317
515,153,1354
516,153,1338
517,153,1124
518,153,942
519,153,920
520,153,1090
521,153,1253
522,153,1269
523,153,1190
524,153,1302
525,153,1599
526,153,1657
527,153,1697
528,153,2127
529,153,2062
530,153,1603
531,153,1202
532,153,932
533,153,831
534,153,860
535,153,972
536,153,1192
537,153,1490
538,153,1704
539,153,2010
540,153,1994
541,153,1944
542,153,1597
543,153,1346
544,153,1142
545,153,955
546,153,909
547,153,1141
548,153,1561
549,153,2028
550,153,2181
551,153,2072
552,153,1608
553,153,1198
554,153,905
555,153,711
556,153,588
557,153,524
558,153,525
559,153,573
560,153,648
561,153,710
562,153,715
563,153,691
564,153,750
565,153,781
566,153,687
567,153,548
568,153,445
569,153,380
570,153,333
571,153,304
572,153,314
573,153,318
490,154,153
491,154,239
492,154,325
493,154,400
494,154,483
495,154,599
496,154,753
497,154,902
498,154,910
499,154,776
500,154,634
501,154,525
502,154,459
503,154,401
504,154,346
505,154,311
506,154,315
507,154,368
508,154,461
509,154,604
510,154,810
511,154,1029
512,154,1091
513,154,1150
514,154,1448
515,154,1767
516,154,1631
517,154,1383
518,154,1159
519,154,1134
520,154,1372
521,154,1666
522,154,1675
523,154,1422
524,154,1411
525,154,1731
526,154,1824
527,154,1750
528,154,2095
529,154,1841
530,154,1617
531,154,1392
532,154,1187
533,154,1119
534,154,1175
535,154,1187
536,154,1163
537,154,1236
538,154,1371
539,154,1528
540,154,1525
541,154,1470
542,154,1257
543,154,1033
544,154,905
545,154,827
546,154,888
547,154,1163
548,154,1596
549,154,2052
550,154,2133
551,154,1898
552,154,1561
553,154,1224
554,154,952
555,154,754
556,154,614
557,154,525
558,154,508
559,154,536
560,154,580
561,154,612
562,154,611
563,154,598
564,154,613
565,154,605
566,154,546
567,154,470
568,154,409
569,154,364
570,154,327
571,154,329
572,154,400
573,154,599
490,155,99
491,155,239
492,155,350
493,155,455
494,155,560
495,155,679
496,155,847
497,155,1049
498,155,1057
499,155,872
500,155,721
501,155,620
502,155,563
503,155,500
504,155,417
505,155,333
506,155,295
507,155,330
508,155,423
509,155,571
510,155,818
511,155,1155
512,155,1232
513,155,1128
514,155,1341
515,155,1701
516,155,1972
517,155,1715
518,155,1421
519,155,1381
520,155,1601
521,155,1984
522,155,1970
523,155,1552
524,155,1379
525,155,1580
526,155,1596
527,155,1567
528,155,1704
529,155,1681
530,155,1802
531,155,1744
532,155,1515
533,155,1498
534,155,1649
535,155,1621
536,155,1394
537,155,1212
538,155,1235
539,155,1319
540,155,1313
541,155,1231
542,155,1074
543,155,929
544,155,845
545,155,813
546,155,890
547,155,1130
548,155,1481
549,155,1795
550,155,1867
551,155,1716
552,155,1609
553,155,1386
554,155,1107
555,155,861
556,155,677
557,155,564
558,155,543
559,155,581
560,155,632
561,155,658
562,155,638
563,155,586
564,155,552
565,155,517
566,155,469
567,155,423
568,155,389
569,155,362
570,155,335
571,155,339
572,155,390
573,155,549
490,156,187
491,156,276
492,156,401
493,156,545
494,156,694
495,156,808
496,156,871
497,156,967
498,156,978
499,156,904
500,156,865
501,156,775
502,156,722
503,156,662
504,156,549
505,156,418
506,156,322
507,156,310
508,156,388
509,156,505
510,156,697
511,156,935
512,156,1036
513,156,1037
514,156,1251
515,156,1677
516,156,1998
517,156,1812
518,156,1714
519,156,1775
520,156,1696
521,156,1779
522,156,1710
523,156,1412
524,156,1226
525,156,1449
526,156,1747
527,156,1521
528,156,1428
529,156,1646
530,156,2018
531,156,2045
532,156,1777
533,156,1875
534,156,2186
535,156,2134
536,156,1718
537,156,1439
538,156,1558
539,156,1720
540,156,1707
541,156,1506
542,156,1263
543,156,1159
544,156,1137
545,156,1087
546,156,1041
547,156,1230
548,156,1578
549,156,1868
550,156,1997
551,156,1915
552,156,1989
553,156,1724
554,156,1343
555,156,998
556,156,748
557,156,600
558,156,608
559,156,690
560,156,790
561,156,838
562,156,791
563,156,687
564,156,585
565,156,501
566,156,448
567,156,411
568,156,394
569,156,389
570,156,376
571,156,356
572,156,307
573,156,159
490,157,142
491,157,288
492,157,450
493,157,649
494,157,873
495,157,1031
496,157,972
497,157,889
498,157,907
499,157,1027
500,157,1113
501,157,986
502,157,929
503,157,903
504,157,722
505,157,528
506,157,394
507,157,357
508,157,386
509,157,438
510,157,545
511,157,699
512,157,811
513,157,902
514,157,1111
515,157,1414
516,157,1634
517,157,1679
518,157,1994
519,157,2251
520,157,1944
521,157,1558
522,157,1360
523,157,1178
524,157,1093
525,157,1256
526,157,1406
527,157,1309
528,157,1248
529,157,1504
530,157,1831
531,157,1940
532,157,1880
533,157,2174
534,157,2505
535,157,2396
536,157,1940
537,157,1735
538,157,2069
539,157,2401
540,157,2379
541,157,2003
542,157,1642
543,157,1609
544,157,1642
545,157,1531
546,157,1365
547,157,1411
548,157,1807
549,157,2289
550,157,2393
551,157,2162
552,157,2450
553,157,2071
554,157,1543
555,157,1095
556,157,795
557,157,638
558,157,682
559,157,833
560,157,1023
561,157,1129
562,157,1028
563,157,840
564,157,672
565,157,552
566,157,475
567,157,433
568,157,430
569,157,437
570,157,430
571,157,401
572,157,344
573,157,278
490,158,130
491,158,303
492,158,483
493,158,711
494,158,998
495,158,1266
496,158,1072
497,158,912
498,158,946
499,158,1161
500,158,1393
501,158,1157
502,158,1090
503,158,1180
504,158,864
505,158,625
506,158,495
507,158,443
508,158,437
509,158,455
510,158,511
511,158,608
512,158,774
513,158,950
514,158,1108
515,158,1245
516,158,1435
517,158,1634
518,158,2055
519,158,2340
520,158,1969
521,158,1496
522,158,1171
523,158,1030
524,158,1004
525,158,1082
526,158,1130
527,158,1099
528,158,1140
529,158,1429
530,158,1770
531,158,2063
532,158,2169
533,158,2307
534,158,2512
535,158,2284
536,158,2059
537,158,2162
538,158,2602
539,158,3119
540,158,3080
541,158,2488
542,158,2080
543,158,2221
544,158,2348
545,158,2102
546,158,1707
547,158,1504
548,158,1811
549,158,2264
550,158,2306
551,158,1978
552,158,2130
553,158,1972
554,158,1498
555,158,1068
556,158,780
557,158,647
558,158,728
559,158,946
560,158,1247
561,158,1461
562,158,1271
563,158,999
564,158,788
565,158,635
566,158,528
567,158,481
568,158,497
569,158,522
570,158,517
571,158,471
572,158,396
573,158,311
490,159,167
491,159,336
492,159,507
493,159,700
494,159,909
495,159,1053
496,159,979
497,159,886
498,159,948
499,159,1149
500,159,1293
501,159,1151
502,159,1048
503,159,999
504,159,828
505,159,675
506,159,596
507,159,564
508,159,545
509,159,527
510,159,595
511,159,728
512,159,950
513,159,1207
514,159,1352
515,159,1430
516,159,1634
517,159,1906
518,159,2136
519,159,2449
520,159,1954
521,159,1483
522,159,1199
523,159,1108
524,159,1146
525,159,1154
526,159,1094
527,159,1057
528,159,1241
529,159,1758
530,159,2349
531,159,2861
532,159,2868
533,159,2433
534,159,2262
535,159,2193
536,159,2373
537,159,2707
538,159,2987
539,159,3289
540,159,3191
541,159,2686
542,159,2608
543,159,2896
544,159,3126
545,159,2625
546,159,1959
547,159,1481
548,159,1564
549,159,1793
550,159,1811
551,159,1615
552,159,1633
553,159,1526
554,159,1231
555,159,924
556,159,705
557,159,614
558,159,710
559,159,935
560,159,1244
561,159,1474
562,159,1330
563,159,1148
564,159,950
565,159,741
566,159,592
567,159,548
568,159,604
569,159,675
570,159,673
571,159,587
572,159,472
573,159,341
490,160,276
491,160,418
492,160,585
493,160,738
494,160,832
495,160,895
496,160,899
497,160,900
498,160,1035
499,160,1304
500,160,1508
501,160,1311
502,160,1055
503,160,923
504,160,812
505,160,747
506,160,754
507,160,774
508,160,742
509,160,687
510,160,729
511,160,881
512,160,1170
513,160,1567
514,160,1698
515,160,1661
516,160,1846
517,160,2251
518,160,1973
519,160,1981
520,160,1708
521,160,1429
522,160,1309
523,160,1385
524,160,1507
525,160,1486
526,160,1315
527,160,1227
528,160,1527
529,160,2080
530,160,2803
531,160,3542
532,160,3438
533,160,2771
534,160,2324
535,160,2432
536,160,2832
537,160,3270
538,160,3484
539,160,3046
540,160,2800
541,160,2654
542,160,3044
543,160,3482
544,160,3315
545,160,2685
546,160,1975
547,160,1477
548,160,1334
549,160,1401
550,160,1402
551,160,1292
552,160,1243
553,160,1136
554,160,950
555,160,752
556,160,605
557,160,549
558,160,630
559,160,800
560,160,1014
561,160,1181
562,160,1268
563,160,1344
564,160,1111
565,160,827
566,160,643
567,160,620
568,160,743
569,160,901
570,160,906
571,160,748
572,160,581
573,160,464
490,161,333
491,161,502
492,161,700
493,161,890
494,161,966
495,161,980
496,161,1060
497,161,1037
498,161,1085
499,161,1318
500,161,1519
501,161,1375
502,161,1198
503,161,1052
504,161,927
505,161,918
506,161,1023
507,161,1092
508,161,1026
509,161,910
510,161,870
511,161,1009
512,161,1267
513,161,1633
514,161,1746
515,161,1688
516,161,1768
517,161,1966
518,161,1797
519,161,1658
520,161,1505
521,161,1453
522,161,1632
523,161,1822
524,161,1972
525,161,1909
526,161,1585
527,161,1413
528,161,1740
529,161,2355
530,161,3139
531,161,3925
532,161,3384
533,161,2843
534,161,2666
535,161,2915
536,161,3117
537,161,3332
538,161,3119
539,161,2855
540,161,2599
541,161,2732
542,161,3151
543,161,3459
544,161,3020
545,161,2318
546,161,1777
547,161,1486
548,161,1431
549,161,1415
550,161,1359
551,161,1275
552,161,1139
553,161,951
554,161,783
555,161,631
556,161,520
557,161,476
558,161,527
559,161,635
560,161,773
561,161,932
562,161,1142
563,161,1288
564,161,1083
565,161,815
566,161,651
567,161,666
568,161,842
569,161,1081
570,161,1093
571,161,871
572,161,658
573,161,430
490,162,455
491,162,573
492,162,780
493,162,1038
494,162,1131
495,162,1177
496,162,1326
497,162,1209
498,162,1103
499,162,1186
500,162,1308
501,162,1415
502,162,1499
503,162,1337
504,162,1163
505,162,1164
506,162,1358
507,162,1514
508,162,1373
509,162,1196
510,162,1149
511,162,1126
512,162,1267
513,162,1465
514,162,1576
515,162,1668
516,162,1858
517,162,2017
518,162,1873
519,162,1626
520,162,1513
521,162,1712
522,162,2053
523,162,2319
524,162,2242
525,162,2104
526,162,1749
527,162,1573
528,162,1944
529,162,2559
530,162,3155
531,162,3535
532,162,3293
533,162,2939
534,162,3079
535,162,3553
536,162,3595
537,162,3187
538,162,3100
539,162,3271
540,162,3156
541,162,3307
542,162,3312
543,162,3027
544,162,2597
545,162,1943
546,162,1645
547,162,1699
548,162,1813
549,162,1750
550,162,1670
551,162,1612
552,162,1362
553,162,1027
554,162,802
555,162,622
556,162,491
557,162,421
558,162,432
559,162,496
560,162,592
561,162,727
562,162,880
563,162,961
564,162,865
565,162,711
566,162,616
567,162,661
568,162,819
569,162,996
570,162,1028
571,162,922
572,162,801
573,162,602
490,163,453
491,163,582
492,163,765
493,163,964
494,163,1063
495,163,1192
496,163,1359
497,163,1271
498,163,1198
499,163,1161
500,163,1247
501,163,1536
502,163,1868
503,163,1612
504,163,1431
505,163,1402
506,163,1618
507,163,1918
508,163,1647
509,163,1518
510,163,1545
511,163,1437
512,163,1345
513,163,1482
514,163,1627
515,163,1977
516,163,2471
517,163,2792
518,163,2503
519,163,2036
520,163,1738
521,163,1942
522,163,2388
523,163,2557
524,163,2499
525,163,2292
526,163,1967
527,163,1813
528,163,2200
529,163,2892
530,163,3620
531,163,4010
532,163,3844
533,163,3464
534,163,3459
535,163,3908
536,163,3905
537,163,3502
538,163,3823
539,163,4230
540,163,4057
541,163,4133
542,163,3915
543,163,3200
544,163,2704
545,163,2164
546,163,1923
547,163,1982
548,163,2306
549,163,2117
550,163,2185
551,163,2130
552,163,1693
553,163,1249
554,163,942
555,163,691
556,163,508
557,163,390
558,163,360
559,163,396
560,163,467
561,163,558
562,163,646
563,163,689
564,163,659
565,163,606
566,163,598
567,163,676
568,163,810
569,163,930
570,163,993
571,163,1081
572,163,1120
573,163,965
490,164,422
491,164,587
492,164,770
493,164,939
494,164,1019
495,164,1090
496,164,1184
497,164,1278
498,164,1389
499,164,1257
500,164,1200
501,164,1475
502,164,1765
503,164,1736
504,164,1829
505,164,1694
506,164,1615
507,164,1686
508,164,1619
509,164,1768
510,164,1965
511,164,1767
512,164,1598
513,164,1801
514,164,2027
515,164,2217
516,164,2892
517,164,3513
518,164,2973
519,164,2369
520,164,2014
521,164,1999
522,164,2317
523,164,2688
524,164,3309
525,164,3289
526,164,2747
527,164,2304
528,164,2442
529,164,3103
530,164,4017
531,164,4928
532,164,4644
533,164,4225
534,164,3852
535,164,3871
536,164,3764
537,164,3660
538,164,4374
539,164,5230
540,164,4910
541,164,4550
542,164,4070
543,164,3226
544,164,3120
545,164,2576
546,164,2205
547,164,1934
548,164,2001
549,164,2096
550,164,2519
551,164,2481
552,164,1811
553,164,1483
554,164,1108
555,164,776
556,164,544
557,164,397
558,164,325
559,164,333
560,164,386
561,164,446
562,164,498
563,164,528
564,164,538
565,164,567
566,164,677
567,164,846
568,164,1019
569,164,1106
570,164,1151
571,164,1358
572,164,1574
573,164,1568
490,165,440
491,165,665
492,165,931
493,165,1188
494,165,1243
495,165,1137
496,165,1105
497,165,1249
498,165,1381
499,165,1234
500,165,1112
501,165,1279
502,165,1524
503,165,1853
504,165,2257
505,165,1941
506,165,1611
507,165,1476
508,165,1503
509,165,1757
510,165,1994
511,165,1838
512,165,1769
513,165,2156
514,165,2518
515,165,2509
516,165,2827
517,165,3206
518,165,3051
519,165,2791
520,165,2328
521,165,2111
522,165,2330
523,165,3057
524,165,3892
525,165,3909
526,165,3155
527,165,2594
528,165,2608
529,165,3200
530,165,4094
531,165,5071
532,165,5549
533,165,5134
534,165,4842
535,165,4427
536,165,4013
537,165,3993
538,165,4493
539,165,5203
540,165,5837
541,165,4771
542,165,3740
543,165,3036
544,165,3128
545,165,2919
546,165,2192
547,165,1704
548,165,1640
549,165,1811
550,165,2148
551,165,2130
552,165,1753
553,165,1670
554,165,1189
555,165,809
556,165,566
557,165,416
558,165,330
559,165,319
560,165,358
561,165,404
562,165,443
563,165,473
564,165,509
565,165,607
566,165,789
567,165,1057
568,165,1333
569,165,1412
570,165,1356
571,165,1513
572,165,1807
573,165,2016
490,166,461
491,166,703
492,166,1028
493,166,1388
494,166,1439
495,166,1225
496,166,1104
497,166,1155
498,166,1177
499,166,1080
500,166,993
501,166,1097
502,166,1356
503,166,1734
504,166,2127
505,166,2073
506,166,1691
507,166,1410
508,166,1368
509,166,1526
510,166,1666
511,166,1665
512,166,1810
513,166,2239
514,166,2636
515,166,2704
516,166,3076
517,166,3279
518,166,3321
519,166,3136
520,166,2632
521,166,2495
522,166,2586
523,166,2924
524,166,3568
525,166,3655
526,166,3171
527,166,2760
528,166,2933
529,166,3540
530,166,4246
531,166,5043
532,166,5424
533,166,5971
534,166,5726
535,166,5482
536,166,5037
537,166,4898
538,166,5027
539,166,5624
540,166,5622
541,166,4496
542,166,3424
543,166,2676
544,166,2576
545,166,2478
546,166,1851
547,166,1478
548,166,1381
549,166,1467
550,166,1627
551,166,1598
552,166,1419
553,166,1301
554,166,1026
555,166,755
556,166,567
557,166,453
558,166,391
559,166,379
560,166,410
561,166,454
562,166,497
563,166,530
564,166,567
565,166,665
566,166,866
567,166,1183
568,166,1556
569,166,1626
570,166,1455
571,166,1496
572,166,1802
573,166,2100
490,167,390
491,167,639
492,167,931
493,167,1241
494,167,1310
495,167,1240
496,167,1260
497,167,1252
498,167,1123
499,167,986
500,167,907
501,167,997
502,167,1249
503,167,1637
504,167,2000
505,167,1998
506,167,1649
507,167,1394
508,167,1329
509,167,1407
510,167,1470
511,167,1527
512,167,1764
513,167,2162
514,167,2535
515,167,2786
516,167,3041
517,167,3432
518,167,3766
519,167,3868
520,167,3095
521,167,3063
522,167,3031
523,167,3125
524,167,3390
525,167,3787
526,167,3498
527,167,3126
528,167,3294
529,167,3993
530,167,4653
531,167,4878
532,167,5302
533,167,5797
534,167,6066
535,167,6488
536,167,6044
537,167,6024
538,167,5592
539,167,5315
540,167,5065
541,167,4184
542,167,3046
543,167,2705
544,167,2721
545,167,2347
546,167,1802
547,167,1461
548,167,1380
549,167,1311
550,167,1314
551,167,1234
552,167,1150
553,167,1012
554,167,842
555,167,688
556,167,581
557,167,519
558,167,492
559,167,503
560,167,527
561,167,587
562,167,652
563,167,694
564,167,708
565,167,739
566,167,870
567,167,1105
568,167,1361
569,167,1426
570,167,1347
571,167,1421
572,167,1732
573,167,2058
490,168,418
491,168,640
492,168,912
493,168,1157
494,168,1212
495,168,1346
496,168,1559
497,168,1560
498,168,1314
499,168,1059
500,168,905
501,168,925
502,168,1102
503,168,1369
504,168,1595
505,168,1613
506,168,1467
507,168,1399
508,168,1516
509,168,1609
510,168,1642
511,168,1661
512,168,1922
513,168,2420
514,168,2966
515,168,3341
516,168,3393
517,168,3432
518,168,3637
519,168,3363
520,168,3321
521,168,3708
522,168,3478
523,168,3508
524,168,4031
525,168,4461
526,168,4023
527,168,3495
528,168,3482
529,168,4075
530,168,4656
531,168,4793
532,168,5278
533,168,5977
534,168,6248
535,168,6524
536,168,6998
537,168,7219
538,168,6151
539,168,5148
540,168,4888
541,168,4167
542,168,3145
543,168,2802
544,168,2780
545,168,2379
546,168,1908
547,168,1755
548,168,1767
549,168,1695
550,168,1493
551,168,1255
552,168,1028
553,168,867
554,168,770
555,168,711
556,168,674
557,168,671
558,168,688
559,168,699
560,168,710
561,168,800
562,168,912
563,168,976
564,168,950
565,168,882
566,168,863
567,168,954
568,168,1073
569,168,1121
570,168,1124
571,168,1225
572,168,1486
573,168,1846
490,169,404
491,169,615
492,169,869
493,169,1095
494,169,1184
495,169,1449
496,169,1826
497,169,1857
498,169,1498
499,169,1154
500,169,929
501,169,864
502,169,944
503,169,1092
504,169,1223
505,169,1277
506,169,1312
507,169,1476
508,169,1807
509,169,2044
510,169,2089
511,169,2003
512,169,2106
513,169,2579
514,169,3208
515,169,3846
516,169,3470
517,169,3135
518,169,3100
519,169,3081
520,169,3417
521,169,3876
522,169,4041
523,169,3975
524,169,4240
525,169,4604
526,169,4300
527,169,3883
528,169,3677
529,169,3900
530,169,4281
531,169,4653
532,169,5386
533,169,6229
534,169,6773
535,169,7163
536,169,7012
537,169,7425
538,169,6570
539,169,5431
540,169,5505
541,169,4678
542,169,3894
543,169,3080
544,169,2799
545,169,2497
546,169,2171
547,169,2255
548,169,2432
549,169,2340
550,169,1936
551,169,1465
552,169,1111
553,169,878
554,169,859
555,169,901
556,169,938
557,169,947
558,169,992
559,169,1000
560,169,976
561,169,1091
562,169,1278
563,169,1393
564,169,1304
565,169,1105
566,169,931
567,169,851
568,169,857
569,169,874
570,169,899
571,169,981
572,169,1132
573,169,1295
490,170,364
491,170,548
492,170,747
493,170,925
494,170,1086
495,170,1420
496,170,1780
497,170,1922
498,170,1644
499,170,1271
500,170,986
501,170,835
502,170,820
503,170,886
504,170,973
505,170,1122
506,170,1343
507,170,1649
508,170,2065
509,170,2637
510,170,2732
511,170,2458
512,170,2324
513,170,2645
514,170,3236
515,170,3760
516,170,3312
517,170,2838
518,170,2739
519,170,3068
520,170,4190
521,170,5164
522,170,5230
523,170,4485
524,170,4153
525,170,4255
526,170,4774
527,170,4715
528,170,4352
529,170,4164
530,170,4379
531,170,4874
532,170,5511
533,170,6330
534,170,6930
535,170,7462
536,170,7422
537,170,7356
538,170,6534
539,170,5474
540,170,5289
541,170,5223
542,170,4658
543,170,4018
544,170,3623
545,170,3371
546,170,2961
547,170,2919
548,170,3208
549,170,3064
550,170,2407
551,170,1751
552,170,1278
553,170,1047
554,170,1108
555,170,1258
556,170,1355
557,170,1363
558,170,1443
559,170,1444
560,170,1365
561,170,1424
562,170,1698
563,170,1910
564,170,1709
565,170,1346
566,170,1038
567,170,835
568,170,738
569,170,718
570,170,752
571,170,803
572,170,828
573,170,720
490,171,302
491,171,483
492,171,656
493,171,833
494,171,1066
495,171,1487
496,171,1941
497,171,2256
498,171,1820
499,171,1358
500,171,1020
501,171,820
502,171,739
503,171,764
504,171,878
505,171,1094
506,171,1445
507,171,1887
508,171,2284
509,171,3135
510,171,3328
511,171,2937
512,171,2755
513,171,3028
514,171,3282
515,171,3493
516,171,3181
517,171,2742
518,171,2626
519,171,3247
520,171,4242
521,171,5266
522,171,5343
523,171,4501
524,171,4247
525,171,4306
526,171,5169
527,171,5262
528,171,4955
529,171,4927
530,171,5024
531,171,5318
532,171,5691
533,171,6119
534,171,7040
535,171,8104
536,171,7586
537,171,6919
538,171,6322
539,171,5851
540,171,5861
541,171,5642
542,171,5317
543,171,4865
544,171,4488
545,171,4242
546,171,3642
547,171,3488
548,171,3685
549,171,3425
550,171,2663
551,171,1947
552,171,1458
553,171,1308
554,171,1474
555,171,1747
556,171,1925
557,171,1897
558,171,2030
559,171,2006
560,171,1774
561,171,1680
562,171,1994
563,171,2367
564,171,1950
565,171,1486
566,171,1110
567,171,845
568,171,705
569,171,693
570,171,745
571,171,794
572,171,775
573,171,665
490,172,322
491,172,460
492,172,634
493,172,847
494,172,1207
495,172,1647
496,172,2090
497,172,2154
498,172,1747
499,172,1327
500,172,1004
501,172,797
502,172,690
503,172,697
504,172,816
505,172,1047
506,172,1411
507,172,1855
508,172,2250
509,172,3104
510,172,3725
511,172,3308
512,172,3148
513,172,3478
514,172,3687
515,172,3896
516,172,3447
517,172,2864
518,172,2571
519,172,2886
520,172,3757
521,172,4511
522,172,4882
523,172,4686
524,172,4717
525,172,4469
526,172,4562
527,172,4946
528,172,5366
529,172,6306
530,172,6515
531,172,6227
532,172,6163
533,172,6363
534,172,6871
535,172,7672
536,172,7144
537,172,6823
538,172,6789
539,172,6692
540,172,6742
541,172,5802
542,172,5253
543,172,5045
544,172,4805
545,172,4587
546,172,4132
547,172,4300
548,172,4345
549,172,3864
550,172,2940
551,172,2176
552,172,1724
553,172,1646
554,172,1912
555,172,2280
556,172,2546
557,172,2393
558,172,2603
559,172,2546
560,172,2086
561,172,1761
562,172,1905
563,172,2062
564,172,1832
565,172,1456
566,172,1106
567,172,827
568,172,705
569,172,716
570,172,822
571,172,926
572,172,879
573,172,671
490,173,166
491,173,447
492,173,682
493,173,945
494,173,1281
495,173,1676
496,173,2077
497,173,2062
498,173,1672
499,173,1274
500,173,972
501,173,773
502,173,664
503,173,653
504,173,768
505,173,964
506,173,1251
507,173,1618
508,173,1998
509,173,2670
510,173,3186
511,173,3471
512,173,3442
513,173,3757
514,173,3997
515,173,4004
516,173,3527
517,173,3013
518,173,2752
519,173,2921
520,173,3302
521,173,3895
522,173,5320
523,173,6268
524,173,6273
525,173,5311
526,173,4981
527,173,5154
528,173,5986
529,173,7407
530,173,7713
531,173,7471
532,173,7161
533,173,6971
534,173,7079
535,173,7432
536,173,7210
537,173,7170
538,173,7155
539,173,7386
540,173,6385
541,173,5540
542,173,4936
543,173,5077
544,173,5261
545,173,5015
546,173,4817
547,173,5030
548,173,4796
549,173,3851
550,173,2972
551,173,2332
552,173,2068
553,173,2112
554,173,2374
555,173,2719
556,173,2726
557,173,2476
558,173,2638
559,173,2567
560,173,2108
561,173,1785
562,173,1785
563,173,1847
564,173,1692
565,173,1397
566,173,1081
567,173,806
568,173,699
569,173,731
570,173,889
571,173,1121
572,173,1076
573,173,803
490,174,256
491,174,497
492,174,742
493,174,1035
494,174,1392
495,174,1759
496,174,1897
497,174,1743
498,174,1486
499,174,1186
500,174,942
501,174,779
502,174,690
503,174,694
504,174,786
505,174,928
506,174,1120
507,174,1365
508,174,1670
509,174,2152
510,174,2733
511,174,3259
512,174,3618
513,174,4424
514,174,4532
515,174,3956
516,174,3462
517,174,3211
518,174,3248
519,174,3411
520,174,3588
521,174,4005
522,174,5221
523,174,6186
524,174,6483
525,174,6944
526,174,6098
527,174,6021
528,174,7042
529,174,7768
530,174,8112
531,174,8403
532,174,8492
533,174,7987
534,174,7680
535,174,7624
536,174,7586
537,174,7509
538,174,7393
539,174,6973
540,174,5654
541,174,5193
542,174,4949
543,174,5450
544,174,5661
545,174,5716
546,174,5797
547,174,5359
548,174,4599
549,174,3661
550,174,2924
551,174,2622
552,174,2617
553,174,2815
554,174,3066
555,174,2960
556,174,2599
557,174,2201
558,174,2164
559,174,2085
560,174,1856
561,174,1772
562,174,1975
563,174,2114
564,174,1916
565,174,1536
566,174,1148
567,174,808
568,174,664
569,174,659
570,174,745
571,174,838
572,174,795
573,174,639
490,175,329
491,175,556
492,175,803
493,175,1106
494,175,1464
495,175,1787
496,175,1841
497,175,1627
498,175,1366
499,175,1135
500,175,952
501,175,835
502,175,783
503,175,810
504,175,901
505,175,1014
506,175,1129
507,175,1279
508,175,1554
509,175,1981
510,175,2525
511,175,3194
512,175,4147
513,175,4965
514,175,4364
515,175,3807
516,175,3528
517,175,3895
518,175,4432
519,175,4299
520,175,4294
521,175,4873
522,175,5579
523,175,6278
524,175,6531
525,175,7399
526,175,6906
527,175,6846
528,175,7453
529,175,7422
530,175,7992
531,175,9146
532,175,9568
533,175,9325
534,175,8977
535,175,8826
536,175,8685
537,175,8403
538,175,7555
539,175,6790
540,175,5757
541,175,5385
542,175,5394
543,175,6290
544,175,6136
545,175,6371
546,175,5954
547,175,5332
548,175,4454
549,175,3571
550,175,3321
551,175,3227
552,175,3178
553,175,3487
554,175,3603
555,175,3456
556,175,2705
557,175,1994
558,175,1718
559,175,1617
560,175,1570
561,175,1795
562,175,2234
563,175,2546
564,175,2200
565,175,1668
566,175,1196
567,175,836
568,175,609
569,175,546
570,175,552
571,175,563
572,175,521
573,175,422
490,176,470
491,176,616
492,176,839
493,176,1145
494,176,1536
495,176,1939
496,176,1882
497,176,1701
498,176,1489
499,176,1268
500,176,1089
501,176,995
502,176,960
503,176,1029
504,176,1219
505,176,1364
506,176,1438
507,176,1542
508,176,1861
509,176,2289
510,176,2632
511,176,3261
512,176,4512
513,176,4812
514,176,4264
515,176,3781
516,176,3797
517,176,4356
518,176,5266
519,176,6156
520,176,5718
521,176,6077
522,176,6176
523,176,6529
524,176,6884
525,176,7646
526,176,7811
527,176,7197
528,176,6938
529,176,7324
530,176,8371
531,176,9433
532,176,9901
533,176,9916
534,176,9873
535,176,9794
536,176,9345
537,176,8702
538,176,8133
539,176,7336
540,176,6661
541,176,5988
542,176,6325
543,176,7353
544,176,6558
545,176,5976
546,176,5316
547,176,4624
548,176,4005
549,176,3747
550,176,3878
551,176,3855
552,176,3336
553,176,3436
554,176,3191
555,176,3002
556,176,2414
557,176,1714
558,176,1438
559,176,1339
560,176,1357
561,176,1686
562,176,2169
563,176,2498
564,176,2146
565,176,1607
566,176,1137
567,176,783
568,176,534
569,176,439
570,176,406
571,176,387
572,176,353
573,176,290
490,177,471
491,177,630
492,177,840
493,177,1128
494,177,1490
495,177,1848
496,177,2104
497,177,1951
498,177,1781
499,177,1520
500,177,1344
501,177,1271
502,177,1238
503,177,1363
504,177,1663
505,177,1890
506,177,1955
507,177,1957
508,177,2300
509,177,2866
510,177,3407
511,177,3797
512,177,4730
513,177,4979
514,177,4532
515,177,4100
516,177,4147
517,177,4684
518,177,5429
519,177,5930
520,177,6454
521,177,6694
522,177,6866
523,177,6889
524,177,7849
525,177,8349
526,177,8289
527,177,7674
528,177,7321
529,177,7721
530,177,8608
531,177,9345
532,177,9660
533,177,9779
534,177,9994
535,177,9940
536,177,9767
537,177,9333
538,177,8959
539,177,8035
540,177,7362
541,177,6286
542,177,5981
543,177,6303
544,177,6471
545,177,6178
546,177,5142
547,177,4359
548,177,4234
549,177,4144
550,177,3928
551,177,3540
552,177,3027
553,177,2761
554,177,2507
555,177,2294
556,177,1942
557,177,1551
558,177,1421
559,177,1327
560,177,1256
561,177,1421
562,177,1736
563,177,1905
564,177,1712
565,177,1338
566,177,971
567,177,676
568,177,454
569,177,355
570,177,313
571,177,295
572,177,270
573,177,228
490,178,481
491,178,635
492,178,820
493,178,1068
494,178,1408
495,178,1811
496,178,2140
497,178,2175
498,178,2099
499,178,1824
500,178,1717
501,178,1663
502,178,1611
503,178,1839
504,178,2214
505,178,2575
506,178,2631
507,178,2487
508,178,2744
509,178,3390
510,178,4134
511,178,4377
512,178,4951
513,178,5551
514,178,5014
515,178,4727
516,178,4794
517,178,5010
518,178,5315
519,178,5618
520,178,6190
521,178,6588
522,178,6986
523,178,7408
524,178,8387
525,178,9122
526,178,9165
527,178,8730
528,178,8414
529,178,8808
530,178,9556
531,178,10112
532,178,10241
533,178,10053
534,178,9819
535,178,9639
536,178,9867
537,178,9698
538,178,9099
539,178,8147
540,178,7007
541,178,6273
542,178,5606
543,178,5653
544,178,5478
545,178,5416
546,178,4577
547,178,4500
548,178,4771
549,178,4497
550,178,3672
551,178,2933
552,178,2442
553,178,2134
554,178,1941
555,178,1729
556,178,1570
557,178,1507
558,178,1524
559,178,1411
560,178,1174
561,178,1126
562,178,1271
563,178,1344
564,178,1237
565,178,1010
566,178,763
567,178,548
568,178,389
569,178,285
570,178,244
571,178,242
572,178,226
573,178,197
490,179,531
491,179,686
492,179,842
493,179,1040
494,179,1288
495,179,1596
496,179,1901
497,179,2265
498,179,2339
499,179,2214
500,179,2133
501,179,2091
502,179,2000
503,179,2376
504,179,2715
505,179,3253
506,179,3300
507,179,2981
508,179,3247
509,179,3761
510,179,4113
511,179,4714
512,179,5498
513,179,5904
514,179,5604
515,179,5686
516,179,5664
517,179,5802
518,179,5710
519,179,5675
520,179,6274
521,179,6794
522,179,7481
523,179,7992
524,179,8829
525,179,9529
526,179,9510
527,179,9179
528,179,9280
529,179,9992
530,179,10854
531,179,11416
532,179,11445
533,179,10957
534,179,10226
535,179,9707
536,179,9854
537,179,9880
538,179,8963
539,179,7875
540,179,6819
541,179,6137
542,179,5292
543,179,5006
544,179,4882
545,179,4759
546,179,4277
547,179,4228
548,179,3985
549,179,3665
550,179,3104
551,179,2444
552,179,1947
553,179,1730
554,179,1650
555,179,1701
556,179,1814
557,179,1747
558,179,1507
559,179,1289
560,179,1051
561,179,922
562,179,911
563,179,935
564,179,866
565,179,731
566,179,574
567,179,428
568,179,310
569,179,216
570,179,176
571,179,165
572,179,150
573,179,113
490,180,616
491,180,813
492,180,973
493,180,1131
494,180,1317
495,180,1502
496,180,1780
497,180,2201
498,180,2448
499,180,2445
500,180,2275
501,180,2276
502,180,2302
503,180,2873
504,180,3106
505,180,3371
506,180,3400
507,180,3169
508,180,3630
509,180,4382
510,180,4461
511,180,4799
512,180,5528
513,180,5883
514,180,5976
515,180,6615
516,180,6099
517,180,6401
518,180,6533
519,180,6366
520,180,7122
521,180,7605
522,180,7933
523,180,8469
524,180,9246
525,180,9741
526,180,9561
527,180,9365
528,180,9861
529,180,10858
530,180,11858
531,180,12469
532,180,12462
533,180,11804
534,180,10721
535,180,9724
536,180,9400
537,180,9446
538,180,8629
539,180,7597
540,180,6707
541,180,6052
542,180,5302
543,180,4960
544,180,5185
545,180,5062
546,180,4289
547,180,3659
548,180,3184
549,180,2798
550,180,2409
551,180,1965
552,180,1642
553,180,1613
554,180,1697
555,180,1924
556,180,2243
557,180,2172
558,180,1685
559,180,1228
560,180,968
561,180,808
562,180,723
563,180,688
564,180,626
565,180,537
566,180,432
567,180,330
568,180,244
569,180,170
570,180,135
571,180,122
572,180,111
573,180,94
490,181,772
491,181,1027
492,181,1226
493,181,1315
494,181,1477
495,181,1530
496,181,1544
497,181,1787
498,181,2062
499,181,2158
500,181,2224
501,181,2421
502,181,2429
503,181,2878
504,181,2997
505,181,2918
506,181,3040
507,181,3084
508,181,3532
509,181,4161
510,181,4946
511,181,4787
512,181,5140
513,181,5691
514,181,5759
515,181,5868
516,181,5796
517,181,6483
518,181,6712
519,181,6869
520,181,7913
521,181,8682
522,181,8359
523,181,9108
524,181,9652
525,181,10032
526,181,9840
527,181,9584
528,181,10103
529,181,11133
530,181,12148
531,181,12762
532,181,12745
533,181,12044
534,181,10859
535,181,9683
536,181,9135
537,181,9202
538,181,8499
539,181,7580
540,181,6722
541,181,5864
542,181,5297
543,181,5079
544,181,5275
545,181,5157
546,181,4305
547,181,3309
548,181,2646
549,181,2172
550,181,1851
551,181,1640
552,181,1687
553,181,1884
554,181,2076
555,181,2178
556,181,2354
557,181,2233
558,181,1751
559,181,1328
560,181,1033
561,181,841
562,181,693
563,181,583
564,181,500
565,181,427
566,181,343
567,181,267
568,181,205
569,181,155
570,181,128
571,181,112
572,181,99
573,181,81
490,182,1034
491,182,1293
492,182,1537
493,182,1553
494,182,1499
495,182,1432
496,182,1311
497,182,1377
498,182,1578
499,182,1798
500,182,2211
501,182,2679
502,182,2410
503,182,2407
504,182,2475
505,182,2540
506,182,2883
507,182,3292
508,182,3519
509,182,3770
510,182,4146
511,182,4279
512,182,4998
513,182,5254
514,182,5001
515,182,5117
516,182,5280
517,182,5813
518,182,6290
519,182,6765
520,182,7834
521,182,8311
522,182,8418
523,182,9267
524,182,9474
525,182,9851
526,182,9659
527,182,9434
528,182,9861
529,182,10760
530,182,11663
531,182,12211
532,182,12188
533,182,11553
534,182,10525
535,182,9579
536,182,9153
537,182,9119
538,182,8505
539,182,7810
540,182,6755
541,182,5885
542,182,5764
543,182,5617
544,182,5265
545,182,5233
546,182,4456
547,182,3427
548,182,2542
549,182,1872
550,182,1565
551,182,1590
552,182,1894
553,182,2323
554,182,2583
555,182,2584
556,182,2181
557,182,1932
558,182,1684
559,182,1516
560,182,1291
561,182,1018
562,182,774
563,182,594
564,182,473
565,182,408
566,182,348
567,182,287
568,182,232
569,182,186
570,182,157
571,182,135
572,182,110
573,182,84
490,183,1572
491,183,1538
492,183,1603
493,183,1531
494,183,1276
495,183,1150
496,183,1042
497,183,1040
498,183,1187
499,183,1470
500,183,1841
501,183,2113
502,183,1995
503,183,1877
504,183,2015
505,183,2403
506,183,3018
507,183,3583
508,183,3662
509,183,3351
510,183,3386
511,183,3713
512,183,4261
513,183,4518
514,183,4624
515,183,5179
516,183,5382
517,183,5558
518,183,6198
519,183,6780
520,183,7714
521,183,8053
522,183,8135
523,183,8485
524,183,9039
525,183,9713
526,183,9823
527,183,9550
528,183,9595
529,183,10147
530,183,10817
531,183,11237
532,183,11200
533,183,10707
534,183,10038
535,183,9630
536,183,9464
537,183,9175
538,183,8594
539,183,8023
540,183,7000
541,183,6158
542,183,6328
543,183,6455
544,183,5555
545,183,5187
546,183,4377
547,183,3380
548,183,2530
549,183,1909
550,183,1617
551,183,1682
552,183,1985
553,183,2367
554,183,2591
555,183,2553
556,183,2071
557,183,1729
558,183,1831
559,183,1953
560,183,1657
561,183,1234
562,183,881
563,183,645
564,183,526
565,183,473
566,183,419
567,183,359
568,183,302
569,183,260
570,183,226
571,183,190
572,183,143
573,183,89
490,184,2059
491,184,1703
492,184,1396
493,184,1249
494,184,1045
495,184,911
496,184,840
497,184,842
498,184,938
499,184,1146
500,184,1361
501,184,1512
502,184,1504
503,184,1498
504,184,1722
505,184,2212
506,184,2868
507,184,3392
508,184,3312
509,184,3122
510,184,2860
511,184,3008
512,184,3385
513,184,3722
514,184,4270
515,184,5027
516,184,5292
517,184,5311
518,184,5739
519,184,6330
520,184,7065
521,184,7839
522,184,7791
523,184,8024
524,184,8626
525,184,9447
526,184,9928
527,184,9900
528,184,9743
529,184,9989
530,184,10420
531,184,10696
532,184,10625
533,184,10246
534,184,9867
535,184,9772
536,184,9505
537,184,9104
538,184,8943
539,184,7948
540,184,7281
541,184,6354
542,184,6391
543,184,6163
544,184,5310
545,184,4551
546,184,3835
547,184,3092
548,184,2512
549,184,2250
550,184,1997
551,184,2036
552,184,2152
553,184,2111
554,184,2122
555,184,2032
556,184,1760
557,184,1666
558,184,1985
559,184,2409
560,184,1889
561,184,1340
562,184,934
563,184,693
564,184,640
565,184,618
566,184,559
567,184,475
568,184,403
569,184,364
570,184,320
571,184,266
572,184,201
573,184,108
490,185,1566
491,185,1416
492,185,1172
493,185,989
494,185,849
495,185,763
496,185,776
497,185,863
498,185,941
499,185,956
500,185,957
501,185,1069
502,185,1124
503,185,1217
504,185,1445
505,185,1836
506,185,2338
507,185,2754
508,185,3170
509,185,3110
510,185,2604
511,185,2378
512,185,2681
513,185,3133
514,185,3810
515,185,4500
516,185,5164
517,185,5696
518,185,5693
519,185,6126
520,185,6268
521,185,6701
522,185,7339
523,185,7403
524,185,8247
525,185,9063
526,185,9640
527,185,9941
528,185,10152
529,185,10438
530,185,10749
531,185,10931
532,185,10798
533,185,10406
534,185,9998
535,185,9653
536,185,9097
537,185,8683
538,185,8738
539,185,7869
540,185,8030
541,185,6855
542,185,7162
543,185,6751
544,185,5502
545,185,4336
546,185,3393
547,185,2868
548,185,2847
549,185,2896
550,185,2648
551,185,2555
552,185,2668
553,185,2297
554,185,1866
555,185,1576
556,185,1426
557,185,1487
558,185,1723
559,185,1914
560,185,1629
561,185,1219
562,185,899
563,185,779
564,185,831
565,185,870
566,185,782
567,185,647
568,185,563
569,185,519
570,185,449
571,185,365
572,185,290
573,185,243
490,186,1046
491,186,1061
492,186,941
493,186,813
494,186,739
495,186,739
496,186,843
497,186,1021
498,186,1149
499,186,1028
500,186,859
501,186,802
502,186,833
503,186,956
504,186,1148
505,186,1423
506,186,1770
507,186,2197
508,186,2580
509,186,2572
510,186,2220
511,186,2030
512,186,2375
513,186,3029
514,186,3796
515,186,4439
516,186,5102
517,186,5704
518,186,5359
519,186,5449
520,186,5466
521,186,5752
522,186,6310
523,186,6723
524,186,7528
525,186,8216
526,186,8722
527,186,9290
528,186,9817
529,186,10018
530,186,10087
531,186,10213
532,186,10107
533,186,9790
534,186,9450
535,186,9071
536,186,8668
537,186,8385
538,186,8244
539,186,7389
540,186,7089
541,186,6340
542,186,6231
543,186,6399
544,186,5272
545,186,4130
546,186,3261
547,186,2978
548,186,3304
549,186,3650
550,186,3227
551,186,2857
552,186,2819
553,186,2315
554,186,1731
555,186,1325
556,186,1128
557,186,1202
558,186,1318
559,186,1394
560,186,1232
561,186,985
562,186,800
563,186,869
564,186,1079
565,186,1234
566,186,1068
567,186,854
568,186,795
569,186,748
570,186,621
571,186,478
572,186,365
573,186,291
490,187,848
491,187,843
492,187,788
493,187,739
494,187,743
495,187,796
496,187,932
497,187,1169
498,187,1413
499,187,1125
500,187,844
501,187,692
502,187,654
503,187,707
504,187,870
505,187,1062
506,187,1323
507,187,1633
508,187,1875
509,187,1900
510,187,1764
511,187,1778
512,187,2353
513,187,3208
514,187,4200
515,187,4951
516,187,4989
517,187,5518
518,187,5218
519,187,5319
520,187,5326
521,187,5135
522,187,5566
523,187,6438
524,187,7482
525,187,7774
526,187,7833
527,187,8406
528,187,9034
529,187,8978
530,187,8852
531,187,8780
532,187,8834
533,187,8835
534,187,8973
535,187,8712
536,187,8394
537,187,7886
538,187,7183
539,187,6869
540,187,6777
541,187,6067
542,187,5538
543,187,5438
544,187,4788
545,187,3919
546,187,3188
547,187,3084
548,187,3408
549,187,3745
550,187,3403
551,187,3157
552,187,2716
553,187,2132
554,187,1624
555,187,1227
556,187,948
557,187,926
558,187,955
559,187,968
560,187,883
561,187,760
562,187,726
563,187,903
564,187,1237
565,187,1583
566,187,1265
567,187,1008
568,187,1076
569,187,1037
570,187,812
571,187,585
572,187,421
573,187,312
490,188,695
491,188,728
492,188,732
493,188,783
494,188,870
495,188,958
496,188,1011
497,188,1120
498,188,1180
499,188,1000
500,188,772
501,188,612
502,188,562
503,188,577
504,188,674
505,188,803
506,188,974
507,188,1166
508,188,1315
509,188,1375
510,188,1405
511,188,1604
512,188,2316
513,188,3224
514,188,4251
515,188,4992
516,188,4677
517,188,4676
518,188,4859
519,188,5597
520,188,5617
521,188,4949
522,188,5183
523,188,6077
524,188,6729
525,188,7045
526,188,7237
527,188,7795
528,188,8498
529,188,8239
530,188,7935
531,188,7607
532,188,7792
533,188,7968
534,188,8445
535,188,8833
536,188,7911
537,188,6955
538,188,6903
539,188,6979
540,188,6861
541,188,6116
542,188,5617
543,188,5113
544,188,4591
545,188,4013
546,188,3523
547,188,3501
548,188,3352
549,188,3334
550,188,3368
551,188,3660
552,188,2915
553,188,2165
554,188,1640
555,188,1243
556,188,988
557,188,851
558,188,773
559,188,718
560,188,653
561,188,588
562,188,629
563,188,800
564,188,1055
565,188,1237
566,188,1122
567,188,1055
568,188,1263
569,188,1237
570,188,917
571,188,638
572,188,447
573,188,320
490,189,638
491,189,721
492,189,779
493,189,897
494,189,1082
495,189,1253
496,189,1268
497,189,1150
498,189,1020
499,189,854
500,189,687
501,189,573
502,189,535
503,189,543
504,189,580
505,189,631
506,189,736
507,189,845
508,189,961
509,189,1075
510,189,1259
511,189,1625
512,189,2279
513,189,3110
514,189,4101
515,189,4996
516,189,4310
517,189,3880
518,189,4250
519,189,4848
520,189,4872
521,189,4414
522,189,4748
523,189,5653
524,189,6267
525,189,6867
526,189,7067
527,189,7188
528,189,7541
529,189,7722
530,189,7541
531,189,7018
532,189,7440
533,189,7976
534,189,9024
535,189,8439
536,189,7265
537,189,6526
538,189,6035
539,189,6110
540,189,6041
541,189,5945
542,189,6095
543,189,5308
544,189,5073
545,189,4470
546,189,4010
547,189,4181
548,189,3719
549,189,3306
550,189,3309
551,189,3154
552,189,2689
553,189,2142
554,189,1697
555,189,1374
556,189,1186
557,189,997
558,189,844
559,189,713
560,189,597
561,189,522
562,189,540
563,189,640
564,189,781
565,189,873
566,189,860
567,189,906
568,189,1063
569,189,1047
570,189,828
571,189,602
572,189,434
573,189,315
490,190,839
491,190,836
492,190,868
493,190,1012
494,190,1295
495,190,1593
496,190,1613
497,190,1401
498,190,1104
499,190,838
500,190,651
501,190,573
502,190,574
503,190,600
504,190,615
505,190,613
506,190,621
507,190,662
508,190,800
509,190,1018
510,190,1357
511,190,1836
512,190,2410
513,190,2965
514,190,3630
515,190,4004
516,190,3644
517,190,3239
518,190,3432
519,190,3768
520,190,3785
521,190,3571
522,190,3994
523,190,4727
524,190,5363
525,190,6111
526,190,6462
527,190,6540
528,190,6516
529,190,6856
530,190,6783
531,190,6406
532,190,6809
533,190,7288
534,190,7780
535,190,7637
536,190,6728
537,190,6012
538,190,5248
539,190,4964
540,190,4817
541,190,4885
542,190,5136
543,190,4766
544,190,4908
545,190,4406
546,190,4010
547,190,4201
548,190,3772
549,190,3579
550,190,3346
551,190,2910
552,190,2525
553,190,2340
554,190,1989
555,190,1673
556,190,1557
557,190,1314
558,190,1053
559,190,859
560,190,663
561,190,537
562,190,490
563,190,509
564,190,571
565,190,616
566,190,632
567,190,696
568,190,783
569,190,775
570,190,661
571,190,519
572,190,401
573,190,299
490,191,984
491,191,986
492,191,1004
493,191,1112
494,191,1396
495,191,1673
496,191,1709
497,191,1569
498,191,1181
499,191,868
500,191,684
501,191,637
502,191,691
503,191,755
504,191,763
505,191,713
506,191,659
507,191,660
508,191,805
509,191,1090
510,191,1539
511,191,2148
512,191,2843
513,191,3345
514,191,3278
515,191,3152
516,191,2858
517,191,2573
518,191,2638
519,191,2804
520,191,2806
521,191,2726
522,191,3153
523,191,3747
524,191,4464
525,191,5464
526,191,6391
527,191,6516
528,191,6056
529,191,5874
530,191,5678
531,191,5583
532,191,6005
533,191,6442
534,191,7305
535,191,7305
536,191,6148
537,191,5224
538,191,4346
539,191,3754
540,191,3578
541,191,3876
542,191,4420
543,191,4372
544,191,3983
545,191,3759
546,191,3610
547,191,3626
548,191,3391
549,191,3491
550,191,3352
551,191,2881
552,191,2780
553,191,2827
554,191,2388
555,191,2043
556,191,2027
557,191,1672
558,191,1277
559,191,1017
560,191,797
561,191,622
562,191,503
563,191,448
564,191,447
565,191,461
566,191,474
567,191,526
568,191,574
569,191,579
570,191,533
571,191,458
572,191,390
573,191,322
490,192,1061
491,192,1144
492,192,1155
493,192,1129
494,192,1350
495,192,1563
496,192,1464
497,192,1351
498,192,1079
499,192,834
500,192,700
501,192,724
502,192,854
503,192,989
504,192,1000
505,192,885
506,192,765
507,192,723
508,192,836
509,192,1161
510,192,1678
511,192,2347
512,192,3175
513,192,3940
514,192,3293
515,192,2665
516,192,2214
517,192,2034
518,192,2095
519,192,2181
520,192,2138
521,192,2080
522,192,2428
523,192,2908
524,192,3738
525,192,4795
526,192,5828
527,192,6121
528,192,5929
529,192,5206
530,192,4701
531,192,4779
532,192,5326
533,192,5993
534,192,6305
535,192,6439
536,192,5560
537,192,4461
538,192,3588
539,192,3125
540,192,3060
541,192,3225
542,192,3602
543,192,3586
544,192,3294
545,192,3327
546,192,3741
547,192,3771
548,192,3331
549,192,3073
550,192,2869
551,192,2675
552,192,2964
553,192,2911
554,192,2425
555,192,2099
556,192,2108
557,192,1813
558,192,1443
559,192,1243
560,192,1002
561,192,755
562,192,561
563,192,438
564,192,389
565,192,375
566,192,379
567,192,418
568,192,455
569,192,497
570,192,522
571,192,510
572,192,442
573,192,327
490,193,1038
491,193,1221
492,193,1234
493,193,1087
494,193,1123
495,193,1206
496,193,1146
497,193,1060
498,193,910
499,193,768
500,193,703
501,193,796
502,193,1004
503,193,1246
504,193,1273
505,193,1083
506,193,906
507,193,831
508,193,940
509,193,1319
510,193,1796
511,193,2316
512,193,2917
513,193,3210
514,193,2845
515,193,2310
516,193,1957
517,193,1986
518,193,2238
519,193,2404
520,193,2284
521,193,2086
522,193,2183
523,193,2697
524,193,3579
525,193,4632
526,193,5496
527,193,5814
528,193,5673
529,193,4829
530,193,4614
531,193,4385
532,193,4923
533,193,5652
534,193,5811
535,193,5800
536,193,5011
537,193,4088
538,193,3419
539,193,3044
540,193,3074
541,193,3111
542,193,2862
543,193,2727
544,193,2793
545,193,3040
546,193,3620
547,193,3778
548,193,3513
549,193,3056
550,193,2569
551,193,2379
552,193,2560
553,193,2488
554,193,2087
555,193,1955
556,193,1930
557,193,1875
558,193,1779
559,193,1625
560,193,1255
561,193,889
562,193,610
563,193,458
564,193,378
565,193,333
566,193,325
567,193,370
568,193,439
569,193,528
570,193,621
571,193,658
572,193,562
573,193,404
490,194,838
491,194,987
492,194,1016
493,194,918
494,194,875
495,194,915
496,194,905
497,194,876
498,194,814
499,194,751
500,194,724
501,194,821
502,194,1033
503,194,1297
504,194,1377
505,194,1266
506,194,1065
507,194,950
508,194,1059
509,194,1513
510,194,2078
511,194,2621
512,194,2793
513,194,2557
514,194,2276
515,194,1936
516,194,1829
517,194,2160
518,194,2690
519,194,3067
520,194,2810
521,194,2455
522,194,2448
523,194,2678
524,194,3406
525,194,4371
526,194,5133
527,194,5308
528,194,5260
529,194,4705
530,194,4915
531,194,4391
532,194,4377
533,194,5092
534,194,6080
535,194,6165
536,194,5234
537,194,4339
538,194,3587
539,194,3041
540,194,2941
541,194,2885
542,194,2532
543,194,2582
544,194,2855
545,194,2812
546,194,3030
547,194,3415
548,194,3976
549,194,3292
550,194,2573
551,194,2140
552,194,2139
553,194,2046
554,194,1871
555,194,1972
556,194,2027
557,194,2077
558,194,2058
559,194,1897
560,194,1391
561,194,937
562,194,671
563,194,510
564,194,403
565,194,336
566,194,320
567,194,363
568,194,447
569,194,583
570,194,745
571,194,854
572,194,696
573,194,483
490,195,457
491,195,672
492,195,744
493,195,726
494,195,710
495,195,753
496,195,819
497,195,898
498,195,930
499,195,873
500,195,805
501,195,821
502,195,959
503,195,1183
504,195,1427
505,195,1412
506,195,1174
507,195,1043
508,195,1146
509,195,1620
510,195,2250
511,195,2920
512,195,2964
513,195,2398
514,195,1897
515,195,1608
516,195,1749
517,195,2268
518,195,3032
519,195,3775
520,195,3276
521,195,3015
522,195,2973
523,195,2813
524,195,2940
525,195,3605
526,195,4100
527,195,4415
528,195,4830
529,195,4228
530,195,4229
531,195,4574
532,195,4427
533,195,4476
534,195,5337
535,195,5750
536,195,5656
537,195,4706
538,195,3773
539,195,2925
540,195,2525
541,195,2427
542,195,2256
543,195,2506
544,195,2748
545,195,2534
546,195,2450
547,195,2855
548,195,3288
549,195,3107
550,195,2482
551,195,2189
552,195,2228
553,195,2033
554,195,1762
555,195,1748
556,195,1761
557,195,1796
558,195,1776
559,195,1630
560,195,1235
561,195,982
562,195,770
563,195,582
564,195,443
565,195,354
566,195,323
567,195,354
568,195,433
569,195,569
570,195,732
571,195,844
572,195,691
573,195,484
490,196,341
491,196,481
492,196,557
493,196,587
494,196,619
495,196,713
496,196,864
497,196,1055
498,196,1182
499,196,1081
500,196,962
501,196,886
502,196,911
503,196,1080
504,196,1265
505,196,1284
506,196,1181
507,196,1146
508,196,1220
509,196,1568
510,196,2070
511,196,2519
512,196,2518
513,196,2081
514,196,1634
515,196,1404
516,196,1602
517,196,2119
518,196,2796
519,196,3324
520,196,3345
521,196,3602
522,196,3595
523,196,2983
524,196,2636
525,196,2793
526,196,3219
527,196,3689
528,196,3956
529,196,3613
530,196,3592
531,196,4130
532,196,4170
533,196,3913
534,196,4344
535,196,5004
536,196,5303
537,196,4988
538,196,3908
539,196,2906
540,196,2299
541,196,2231
542,196,2426
543,196,2463
544,196,2407
545,196,2146
546,196,2016
547,196,2318
548,196,2771
549,196,2733
550,196,2334
551,196,2408
552,196,2659
553,196,2318
554,196,1856
555,196,1626
556,196,1504
557,196,1505
558,196,1460
559,196,1269
560,196,1148
561,196,1111
562,196,891
563,196,657
564,196,488
565,196,380
566,196,326
567,196,334
568,196,388
569,196,477
570,196,576
571,196,624
572,196,541
573,196,400
490,197,289
491,197,400
492,197,467
493,197,518
494,197,583
495,197,708
496,197,903
497,197,1176
498,197,1453
499,197,1278
500,197,1176
501,197,1015
502,197,950
503,197,1065
504,197,1180
505,197,1198
506,197,1287
507,197,1379
508,197,1373
509,197,1453
510,197,1805
511,197,2031
512,197,1967
513,197,1665
514,197,1348
515,197,1207
516,197,1411
517,197,1903
518,197,2602
519,197,3298
520,197,3461
521,197,3700
522,197,3498
523,197,2966
524,197,2470
525,197,2442
526,197,2954
527,197,3632
528,197,3682
529,197,3120
530,197,2994
531,197,3269
532,197,3321
533,197,3254
534,197,3618
535,197,4296
536,197,4738
537,197,4359
538,197,3576
539,197,2739
540,197,2209
541,197,2452
542,197,2941
543,197,2929
544,197,2381
545,197,1874
546,197,1741
547,197,2053
548,197,2501
549,197,2517
550,197,2192
551,197,2345
552,197,2647
553,197,2411
554,197,2219
555,197,1866
556,197,1544
557,197,1622
558,197,1560
559,197,1273
560,197,1131
561,197,1151
562,197,948
563,197,707
564,197,528
565,197,407
566,197,332
567,197,310
568,197,336
569,197,384
570,197,430
571,197,443
572,197,396
573,197,307
490,198,345
491,198,415
492,198,469
493,198,513
494,198,574
495,198,684
496,198,849
497,198,1059
498,198,1248
499,198,1365
500,198,1333
501,198,1149
502,198,1130
503,198,1258
504,198,1411
505,198,1380
506,198,1511
507,198,1710
508,198,1606
509,198,1583
510,198,1894
511,198,1946
512,198,1697
513,198,1350
514,198,1096
515,198,1068
516,198,1341
517,198,1856
518,198,2523
519,198,3068
520,198,3087
521,198,3444
522,198,3884
523,198,3133
524,198,2428
525,198,2196
526,198,2616
527,198,3145
528,198,3166
529,198,2716
530,198,2456
531,198,2467
532,198,2463
533,198,2784
534,198,3488
535,198,4289
536,198,4539
537,198,3894
538,198,3076
539,198,2384
540,198,2088
541,198,2433
542,198,2959
543,198,2942
544,198,2352
545,198,1753
546,198,1610
547,198,1749
548,198,2005
549,198,2053
550,198,1870
551,198,1928
552,198,2114
553,198,2263
554,198,2605
555,198,2066
556,198,1563
557,198,1580
558,198,1503
559,198,1231
560,198,1157
561,198,1230
562,198,1032
563,198,776
564,198,579
565,198,443
566,198,346
567,198,287
568,198,288
569,198,313
570,198,332
571,198,330
572,198,300
573,198,246
490,199,398
491,199,495
492,199,547
493,199,570
494,199,594
495,199,658
496,199,757
497,199,881
498,199,1023
499,199,1172
500,199,1219
501,199,1259
502,199,1401
503,199,1466
504,199,1707
505,199,1524
506,199,1577
507,199,1784
508,199,1731
509,199,1876
510,199,2246
511,199,2234
512,199,1768
513,199,1265
514,199,1004
515,199,977
516,199,1287
517,199,1806
518,199,2456
519,199,2945
520,199,2791
521,199,2917
522,199,3109
523,199,2701
524,199,2152
525,199,1953
526,199,2386
527,199,2966
528,199,2998
529,199,2569
530,199,2615
531,199,2594
532,199,2386
533,199,2559
534,199,3333
535,199,4091
536,199,4120
537,199,3367
538,199,2618
539,199,2036
540,199,1853
541,199,2148
542,199,2516
543,199,2503
544,199,2174
545,199,1830
546,199,1763
547,199,1672
548,199,1839
549,199,2015
550,199,1792
551,199,1568
552,199,1595
553,199,1857
554,199,2158
555,199,1973
556,199,1488
557,199,1277
558,199,1191
559,199,1038
560,199,1158
561,199,1297
562,199,1105
563,199,840
564,199,630
565,199,483
566,199,374
567,199,291
568,199,261
569,199,266
570,199,268
571,199,260
572,199,241
573,199,230
490,200,475
491,200,608
492,200,679
493,200,680
494,200,667
495,200,691
496,200,713
497,200,766
498,200,875
499,200,1018
500,200,1122
501,200,1344
502,200,1659
503,200,1472
504,200,1474
505,200,1424
506,200,1492
507,200,1675
508,200,1787
509,200,1931
510,200,2248
511,200,2228
512,200,1742
513,200,1313
514,200,1020
515,200,945
516,200,1227
517,200,1721
518,200,2371
519,200,2968
520,200,2555
521,200,2263
522,200,2301
523,200,2046
524,200,1728
525,200,1721
526,200,2186
527,200,2772
528,200,2832
529,200,2492
530,200,2835
531,200,2817
532,200,2402
533,200,2521
534,200,3076
535,200,3370
536,200,3284
537,200,2753
538,200,2141
539,200,1634
540,200,1668
541,200,2013
542,200,2481
543,200,2748
544,200,2371
545,200,1983
546,200,2035
547,200,1750
548,200,1920
549,200,2319
550,200,1852
551,200,1427
552,200,1267
553,200,1427
554,200,1621
555,200,1539
556,200,1232
557,200,985
558,200,928
559,200,944
560,200,1139
561,200,1303
562,200,1139
563,200,895
564,200,687
565,200,535
566,200,429
567,200,343
568,200,284
569,200,253
570,200,231
571,200,211
572,200,182
573,200,117
490,201,551
491,201,737
492,201,871
493,201,839
494,201,799
495,201,821
496,201,788
497,201,760
498,201,835
499,201,1005
500,201,1100
501,201,1188
502,201,1348
503,201,1282
504,201,1261
505,201,1395
506,201,1655
507,201,1982
508,201,2075
509,201,1886
510,201,1916
511,201,1948
512,201,1767
513,201,1347
514,201,1037
515,201,939
516,201,1162
517,201,1570
518,201,2061
519,201,2415
520,201,2308
521,201,2140
522,201,1836
523,201,1490
524,201,1314
525,201,1400
526,201,1754
527,201,2158
528,201,2293
529,201,2205
530,201,2409
531,201,2386
532,201,2145
533,201,2474
534,201,3117
535,201,3228
536,201,2749
537,201,2222
538,201,1798
539,201,1477
540,201,1646
541,201,2108
542,201,2592
543,201,2770
544,201,2392
545,201,1882
546,201,1710
547,201,1522
548,201,1628
549,201,1780
550,201,1544
551,201,1209
552,201,1048
553,201,1101
554,201,1163
555,201,1109
556,201,948
557,201,808
558,201,759
559,201,864
560,201,1044
561,201,1167
562,201,1120
563,201,980
564,201,787
565,201,622
566,201,510
567,201,429
568,201,360
569,201,306
570,201,257
571,201,224
572,201,193
573,201,137
490,202,623
491,202,844
492,202,1070
493,202,968
494,202,966
495,202,1032
496,202,930
497,202,797
498,202,787
499,202,871
500,202,935
501,202,969
502,202,1069
503,202,1101
504,202,1209
505,202,1513
506,202,1918
507,202,2129
508,202,2371
509,202,1963
510,202,1937
511,202,1683
512,202,1504
513,202,1231
514,202,1014
515,202,952
516,202,1102
517,202,1435
518,202,1801
519,202,2181
520,202,2497
521,202,2394
522,202,1853
523,202,1352
524,202,1064
525,202,1100
526,202,1325
527,202,1739
528,202,2117
529,202,2129
530,202,1898
531,202,1820
532,202,1753
533,202,2207
534,202,2771
535,202,2844
536,202,2514
537,202,2241
538,202,1827
539,202,1518
540,202,1601
541,202,2039
542,202,2491
543,202,2602
544,202,2436
545,202,1880
546,202,1437
547,202,1277
548,202,1333
549,202,1280
550,202,1138
551,202,970
552,202,917
553,202,994
554,202,1002
555,202,918
556,202,781
557,202,695
558,202,745
559,202,916
560,202,1149
561,202,1330
562,202,1405
563,202,1200
564,202,927
565,202,718
566,202,619
567,202,534
568,202,454
569,202,392
570,202,339
571,202,308
572,202,277
573,202,193
490,203,611
491,203,769
492,203,905
493,203,918
494,203,1051
495,203,1242
496,203,1039
497,203,841
498,203,752
499,203,774
500,203,829
501,203,885
502,203,969
503,203,1073
504,203,1231
505,203,1547
506,203,1964
507,203,2094
508,203,2057
509,203,1770
510,203,1596
511,203,1391
512,203,1215
513,203,1098
514,203,1048
515,203,1106
516,203,1265
517,203,1585
518,203,1929
519,203,2154
520,203,2448
521,203,2334
522,203,1771
523,203,1252
524,203,940
525,203,934
526,203,1212
527,203,1705
528,203,2266
529,203,2290
530,203,1803
531,203,1458
532,203,1467
533,203,1786
534,203,2126
535,203,2228
536,203,2509
537,203,2425
538,203,1936
539,203,1692
540,203,1551
541,203,1833
542,203,2271
543,203,2410
544,203,2295
545,203,1789
546,203,1377
547,203,1217
548,203,1077
549,203,959
550,203,842
551,203,751
552,203,843
553,203,999
554,203,1132
555,203,992
556,203,801
557,203,704
558,203,786
559,203,1020
560,203,1353
561,203,1649
562,203,1767
563,203,1374
564,203,1030
565,203,859
566,203,774
567,203,664
568,203,560
569,203,500
570,203,467
571,203,458
572,203,455
573,203,495
490,204,511
491,204,630
492,204,725
493,204,797
494,204,942
495,204,1057
496,204,988
497,204,860
498,204,775
499,204,815
500,204,925
501,204,1046
502,204,1153
503,204,1270
504,204,1410
505,204,1500
506,204,1730
507,204,1867
508,204,2004
509,204,1722
510,204,1391
511,204,1176
512,204,1083
513,204,1126
514,204,1260
515,204,1404
516,204,1574
517,204,1847
518,204,2273
519,204,2328
520,204,2063
521,204,1860
522,204,1465
523,204,1073
524,204,838
525,204,830
526,204,1069
527,204,1471
528,204,1865
529,204,1882
530,204,1541
531,204,1241
532,204,1197
533,204,1388
534,204,1625
535,204,1881
536,204,2205
537,204,2283
538,204,2087
539,204,1914
540,204,1604
541,204,1729
542,204,2086
543,204,2132
544,204,1843
545,204,1556
546,204,1538
547,204,1423
548,204,1103
549,204,861
550,204,702
551,204,648
552,204,759
553,204,958
554,204,1109
555,204,973
556,204,792
557,204,714
558,204,813
559,204,1061
560,204,1387
561,204,1637
562,204,1590
563,204,1268
564,204,1027
565,204,1021
566,204,969
567,204,805
568,204,661
569,204,601
570,204,593
571,204,600
572,204,581
573,204,525
490,205,410
491,205,516
492,205,606
493,205,709
494,205,844
495,205,939
496,205,997
497,205,953
498,205,905
499,205,984
500,205,1162
501,205,1361
502,205,1489
503,205,1541
504,205,1704
505,205,1578
506,205,1507
507,205,1710
508,205,1877
509,205,1618
510,205,1298
511,205,1093
512,205,1118
513,205,1310
514,205,1598
515,205,1834
516,205,1942
517,205,1929
518,205,2257
519,205,2234
520,205,1800
521,205,1414
522,205,1132
523,205,893
524,205,745
525,205,732
526,205,872
527,205,1121
528,205,1337
529,205,1359
530,205,1195
531,205,1026
532,205,981
533,205,1123
534,205,1356
535,205,1679
536,205,2026
537,205,2343
538,205,2237
539,205,1930
540,205,1595
541,205,1593
542,205,1877
543,205,1774
544,205,1619
545,205,1658
546,205,1727
547,205,1624
548,205,1179
549,205,885
550,205,679
551,205,596
552,205,662
553,205,798
554,205,878
555,205,817
556,205,725
557,205,740
558,205,897
559,205,1126
560,205,1361
561,205,1541
562,205,1360
563,205,1104
564,205,1005
565,205,1127
566,205,1093
567,205,867
568,205,725
569,205,679
570,205,711
571,205,749
572,205,729
573,205,634
490,206,349
491,206,454
492,206,555
493,206,688
494,206,863
495,206,1031
496,206,1131
497,206,1151
498,206,1105
499,206,1212
500,206,1414
501,206,1710
502,206,1822
503,206,1629
504,206,1746
505,206,1578
506,206,1394
507,206,1460
508,206,1484
509,206,1323
510,206,1130
511,206,1058
512,206,1235
513,206,1568
514,206,1924
515,206,2244
516,206,2071
517,206,1819
518,206,1821
519,206,1754
520,206,1457
521,206,1125
522,206,898
523,206,761
524,206,722
525,206,661
526,206,711
527,206,823
528,206,941
529,206,970
530,206,920
531,206,886
532,206,984
533,206,1234
534,206,1554
535,206,1893
536,206,2353
537,206,2737
538,206,2697
539,206,2149
540,206,1744
541,206,1780
542,206,1886
543,206,1695
544,206,1647
545,206,1853
546,206,1560
547,206,1361
548,206,1082
549,206,809
550,206,634
551,206,556
552,206,605
553,206,675
554,206,714
555,206,685
556,206,655
557,206,760
558,206,989
559,206,1276
560,206,1388
561,206,1436
562,206,1213
563,206,955
564,206,870
565,206,946
566,206,932
567,206,803
568,206,720
569,206,727
570,206,829
571,206,925
572,206,924
573,206,844
490,207,351
491,207,445
492,207,552
493,207,694
494,207,895
495,207,1163
496,207,1303
497,207,1330
498,207,1299
499,207,1458
500,207,1550
501,207,1611
502,207,1592
503,207,1476
504,207,1607
505,207,1581
506,207,1449
507,207,1392
508,207,1221
509,207,1053
510,207,963
511,207,1020
512,207,1294
513,207,1732
514,207,2199
515,207,2042
516,207,1823
517,207,1532
518,207,1404
519,207,1365
520,207,1186
521,207,953
522,207,821
523,207,796
524,207,790
525,207,691
526,207,634
527,207,661
528,207,716
529,207,758
530,207,777
531,207,847
532,207,1074
533,207,1450
534,207,1919
535,207,2307
536,207,2456
537,207,2756
538,207,2601
539,207,2201
540,207,1907
541,207,2150
542,207,2303
543,207,1858
544,207,1550
545,207,1469
546,207,1256
547,207,1039
548,207,881
549,207,679
550,207,615
551,207,595
552,207,654
553,207,725
554,207,739
555,207,682
556,207,636
557,207,734
558,207,956
559,207,1220
560,207,1263
561,207,1120
562,207,951
563,207,768
564,207,682
565,207,705
566,207,705
567,207,670
568,207,665
569,207,748
570,207,913
571,207,1088
572,207,1106
573,207,1005
490,208,377
491,208,477
492,208,581
493,208,703
494,208,870
495,208,1079
496,208,1252
497,208,1212
498,208,1258
499,208,1400
500,208,1343
501,208,1338
502,208,1282
503,208,1277
504,208,1460
505,208,1504
506,208,1510
507,208,1442
508,208,1158
509,208,933
510,208,837
511,208,944
512,208,1199
513,208,1565
514,208,1866
515,208,1814
516,208,1534
517,208,1339
518,208,1381
519,208,1470
520,208,1261
521,208,1000
522,208,910
523,208,956
524,208,928
525,208,803
526,208,681
527,208,636
528,208,675
529,208,746
530,208,807
531,208,893
532,208,1161
533,208,1599
534,208,2182
535,208,2746
536,208,2476
537,208,2548
538,208,2869
539,208,2300
540,208,1823
541,208,1899
542,208,2078
543,208,1902
544,208,1439
545,208,1162
546,208,964
547,208,797
548,208,670
549,208,585
550,208,592
551,208,644
552,208,771
553,208,915
554,208,920
555,208,785
556,208,659
557,208,658
558,208,788
559,208,932
560,208,951
561,208,841
562,208,707
563,208,588
564,208,519
565,208,516
566,208,521
567,208,538
568,208,585
569,208,710
570,208,887
571,208,1068
572,208,1092
573,208,1005
490,209,405
491,209,539
492,209,673
493,209,775
494,209,828
495,209,925
496,209,999
497,209,985
498,209,1024
499,209,1085
500,209,1048
501,209,1028
502,209,985
503,209,1017
504,209,1131
505,209,1184
506,209,1246
507,209,1207
508,209,1010
509,209,831
510,209,770
511,209,893
512,209,1149
513,209,1472
514,209,1600
515,209,1523
516,209,1505
517,209,1332
518,209,1434
519,209,1721
520,209,1370
521,209,1095
522,209,1114
523,209,1262
524,209,1229
525,209,988
526,209,790
527,209,740
528,209,836
529,209,950
530,209,1029
531,209,1072
532,209,1249
533,209,1636
534,209,2084
535,209,2347
536,209,2178
537,209,2160
538,209,2278
539,209,1984
540,209,1679
541,209,1829
542,209,1881
543,209,1661
544,209,1273
545,209,943
546,209,755
547,209,627
548,209,533
549,209,495
550,209,547
551,209,672
552,209,886
553,209,1141
554,209,1142
555,209,892
556,209,674
557,209,571
558,209,609
559,209,675
560,209,736
561,209,730
562,209,629
563,209,508
564,209,421
565,209,386
566,209,392
567,209,424
568,209,499
569,209,618
570,209,753
571,209,863
572,209,873
573,209,797
490,210,433
491,210,612
492,210,808
493,210,945
494,210,898
495,210,822
496,210,791
497,210,767
498,210,782
499,210,803
500,210,783
501,210,756
502,210,732
503,210,767
504,210,828
505,210,865
506,210,922
507,210,907
508,210,809
509,210,712
510,210,704
511,210,836
512,210,1081
513,210,1377
514,210,1466
515,210,1365
516,210,1381
517,210,1230
518,210,1223
519,210,1333
520,210,1211
521,210,1202
522,210,1373
523,210,1523
524,210,1474
525,210,1116
526,210,890
527,210,922
528,210,1127
529,210,1308
530,210,1409
531,210,1357
532,210,1376
533,210,1759
534,210,2219
535,210,2274
536,210,1921
537,210,1743
538,210,1740
539,210,1524
540,210,1503
541,210,1720
542,210,1890
543,210,1503
544,210,1099
545,210,796
546,210,605
547,210,508
548,210,441
549,210,439
550,210,510
551,210,644
552,210,872
553,210,1125
554,210,1123
555,210,866
556,210,637
557,210,504
558,210,496
559,210,569
560,210,688
561,210,773
562,210,627
563,210,462
564,210,352
565,210,301
566,210,291
567,210,318
568,210,402
569,210,501
570,210,593
571,210,653
572,210,648
573,210,566
490,211,422
491,211,651
492,211,900
493,211,1132
494,211,990
495,211,800
496,211,672
497,211,602
498,211,586
499,211,594
500,211,576
501,211,547
502,211,535
503,211,564
504,211,603
505,211,634
506,211,669
507,211,668
508,211,634
509,211,604
510,211,643
511,211,782
512,211,1011
513,211,1271
514,211,1434
515,211,1283
516,211,1203
517,211,1210
518,211,1058
519,211,975
520,211,1005
521,211,1293
522,211,1668
523,211,1411
524,211,1267
525,211,1019
526,211,900
527,211,1101
528,211,1485
529,211,1792
530,211,1888
531,211,1678
532,211,1519
533,211,1807
534,211,2099
535,211,2034
536,211,1707
537,211,1497
538,211,1556
539,211,1484
540,211,1325
541,211,1375
542,211,1434
543,211,1221
544,211,928
545,211,691
546,211,530
547,211,421
548,211,354
549,211,380
550,211,455
551,211,563
552,211,714
553,211,853
554,211,849
555,211,700
556,211,538
557,211,430
558,211,414
559,211,474
560,211,594
561,211,690
562,211,549
563,211,385
564,211,277
565,211,230
566,211,219
567,211,238
568,211,306
569,211,379
570,211,443
571,211,481
572,211,482
573,211,446
490,212,465
491,212,636
492,212,818
493,212,965
494,212,909
495,212,722
496,212,581
497,212,490
498,212,410
499,212,443
500,212,411
501,212,368
502,212,362
503,212,400
504,212,441
505,212,466
506,212,487
507,212,494
508,212,503
509,212,521
510,212,585
511,212,735
512,212,997
513,212,1371
514,212,1702
515,212,1377
516,212,1156
517,212,1124
518,212,906
519,212,765
520,212,874
521,212,1236
522,212,1621
523,212,1283
524,212,958
525,212,803
526,212,830
527,212,1168
528,212,1757
529,212,2260
530,212,2130
531,212,1874
532,212,1601
533,212,1963
534,212,2386
535,212,1970
536,212,1552
537,212,1434
538,212,1622
539,212,1583
540,212,1253
541,212,1062
542,212,1017
543,212,891
544,212,723
545,212,577
546,212,466
547,212,372
548,212,285
549,212,314
550,212,397
551,212,461
552,212,535
553,212,597
554,212,592
555,212,517
556,212,424
557,212,349
558,212,331
559,212,346
560,212,405
561,212,433
562,212,364
563,212,276
564,212,211
565,212,186
566,212,178
567,212,181
568,212,212
569,212,253
570,212,297
571,212,326
572,212,343
573,212,394
490,213,510
491,213,595
492,213,697
493,213,774
494,213,721
495,213,571
496,213,470
497,213,408
498,213,160
499,213,366
500,213,267
501,213,161
502,213,155
503,213,251
504,213,328
505,213,338
506,213,347
507,213,347
508,213,399
509,213,465
510,213,509
511,213,641
512,213,885
513,213,1287
514,213,1539
515,213,1262
516,213,929
517,213,824
518,213,621
519,213,528
520,213,676
521,213,1039
522,213,1278
523,213,1065
524,213,715
525,213,509
526,213,634
527,213,977
528,213,1790
529,213,2122
530,213,2246
531,213,2244
532,213,1419
533,213,1851
534,213,2167
535,213,1744
536,213,1302
537,213,1237
538,213,1488
539,213,1504
540,213,1086
541,213,736
542,213,679
543,213,591
544,213,519
545,213,462
546,213,416
547,213,350
548,213,164
549,213,209
550,213,376
551,213,366
552,213,377
553,213,406
554,213,404
555,213,364
556,213,321
557,213,283
558,213,252
559,213,178
560,213,211
561,213,226
562,213,211
563,213,185
564,213,150
565,213,168
566,213,163
567,213,137
568,213,137
569,213,142
570,213,148
571,213,156
572,213,154
573,213,143
