xv,yv,rho
490,148,88
491,148,88
492,148,87
493,148,86
494,148,227
495,148,373
496,148,487
497,148,706
498,148,869
499,148,830
500,148,639
501,148,479
502,148,343
503,148,350
504,148,371
505,148,365
506,148,337
507,148,311
508,148,130
509,148,120
510,148,98
511,148,123
512,148,352
513,148,534
514,148,570
515,148,604
516,148,618
517,148,604
518,148,570
519,148,456
520,148,392
521,148,162
522,148,259
523,148,191
524,148,195
525,148,300
526,148,449
527,148,583
528,148,610
529,148,609
530,148,503
531,148,400
532,148,320
533,148,273
534,148,133
535,148,156
536,148,328
537,148,294
538,148,311
539,148,356
540,148,384
541,148,359
542,148,361
543,148,177
544,148,154
545,148,151
546,148,142
547,148,132
548,148,131
549,148,132
550,148,159
551,148,351
552,148,482
553,148,560
554,148,1008
555,148,1438
556,148,1036
557,148,821
558,148,729
559,148,715
560,148,482
561,148,443
562,148,415
563,148,172
564,148,171
565,148,246
566,148,247
567,148,245
568,148,189
569,148,185
570,148,184
571,148,167
572,148,153
573,148,155
490,149,130
491,149,119
492,149,120
493,149,141
494,149,284
495,149,400
496,149,531
497,149,701
498,149,855
499,149,848
500,149,696
501,149,564
502,149,480
503,149,478
504,149,481
505,149,456
506,149,411
507,149,363
508,149,307
509,149,289
510,149,281
511,149,312
512,149,412
513,149,534
514,149,631
515,149,712
516,149,747
517,149,711
518,149,626
519,149,517
520,149,430
521,149,351
522,149,343
523,149,334
524,149,386
525,149,515
526,149,703
527,149,887
528,149,908
529,149,777
530,149,612
531,149,478
532,149,391
533,149,353
534,149,314
535,149,325
536,149,373
537,149,405
538,149,447
539,149,480
540,149,479
541,149,443
542,149,399
543,149,329
544,149,194
545,149,167
546,149,153
547,149,148
548,149,153
549,149,169
550,149,208
551,149,396
552,149,507
553,149,627
554,149,834
555,149,977
556,149,868
557,149,737
558,149,639
559,149,561
560,149,446
561,149,381
562,149,235
563,149,193
564,149,191
565,149,214
566,149,221
567,149,218
568,149,200
569,149,192
570,149,188
571,149,182
572,149,179
573,149,183
490,150,159
491,150,143
492,150,144
493,150,167
494,150,309
495,150,410
496,150,526
497,150,657
498,150,765
499,150,771
500,150,686
501,150,604
502,150,584
503,150,611
504,150,624
505,150,578
506,150,504
507,150,443
508,150,414
509,150,398
510,150,388
511,150,403
512,150,470
513,150,582
514,150,719
515,150,861
516,150,932
517,150,859
518,150,713
519,150,573
520,150,472
521,150,413
522,150,401
523,150,424
524,150,500
525,150,647
526,150,867
527,150,1122
528,150,1141
529,150,918
530,150,707
531,150,550
532,150,456
533,150,422
534,150,406
535,150,410
536,150,455
537,150,527
538,150,607
539,150,652
540,150,623
541,150,547
542,150,465
543,150,389
544,150,319
545,150,185
546,150,165
547,150,164
548,150,179
549,150,208
550,150,252
551,150,442
552,150,530
553,150,613
554,150,705
555,150,752
556,150,707
557,150,625
558,150,539
559,150,451
560,150,261
561,150,224
562,150,201
563,150,188
564,150,190
565,150,201
566,150,207
567,150,207
568,150,202
569,150,198
570,150,198
571,150,198
572,150,197
573,150,187
490,151,162
491,151,158
492,151,165
493,151,187
494,151,229
495,151,404
496,151,496
497,151,590
498,151,662
499,151,675
500,151,640
501,151,616
502,151,658
503,151,745
504,151,801
505,151,720
506,151,607
507,151,540
508,151,538
509,151,528
510,151,503
511,151,495
512,151,542
513,151,645
514,151,807
515,151,1011
516,151,1153
517,151,1004
518,151,788
519,151,614
520,151,505
521,151,460
522,151,461
523,151,486
524,151,554
525,151,683
526,151,874
527,151,1075
528,151,1122
529,151,983
530,151,812
531,151,650
532,151,555
533,151,535
534,151,524
535,151,514
536,151,559
537,151,667
538,151,807
539,151,884
540,151,811
541,151,666
542,151,532
543,151,431
544,151,349
545,151,198
546,151,177
547,151,185
548,151,217
549,151,369
550,151,441
551,151,517
552,151,575
553,151,610
554,151,636
555,151,633
556,151,593
557,151,525
558,151,442
559,151,259
560,151,215
561,151,194
562,151,184
563,151,181
564,151,186
565,151,194
566,151,200
567,151,203
568,151,204
569,151,206
570,151,211
571,151,219
572,151,227
573,151,230
490,152,167
491,152,179
492,152,195
493,152,311
494,152,357
495,152,412
496,152,478
497,152,548
498,152,602
499,152,617
500,152,602
501,152,612
502,152,685
503,152,821
504,152,974
505,152,813
506,152,686
507,152,668
508,152,708
509,152,706
510,152,655
511,152,622
512,152,664
513,152,724
514,152,850
515,152,1034
516,152,1167
517,152,1014
518,152,797
519,152,627
520,152,534
521,152,524
522,152,544
523,152,567
524,152,601
525,152,688
526,152,838
527,152,1053
528,152,1223
529,152,1184
530,152,969
531,152,778
532,152,707
533,152,717
534,152,711
535,152,677
536,152,681
537,152,800
538,152,995
539,152,1143
540,152,982
541,152,756
542,152,576
543,152,453
544,152,363
545,152,207
546,152,191
547,152,214
548,152,365
549,152,448
550,152,534
551,152,615
552,152,665
553,152,669
554,152,637
555,152,584
556,152,523
557,152,444
558,152,259
559,152,215
560,152,190
561,152,177
562,152,174
563,152,175
564,152,181
565,152,189
566,152,197
567,152,203
568,152,208
569,152,215
570,152,228
571,152,247
572,152,265
573,152,264
490,153,335
491,153,226
492,153,328
493,153,367
494,153,406
495,153,446
496,153,501
497,153,575
498,153,639
499,153,651
500,153,617
501,153,596
502,153,647
503,153,744
504,153,813
505,153,757
506,153,704
507,153,789
508,153,915
509,153,933
510,153,845
511,153,805
512,153,855
513,153,882
514,153,882
515,153,958
516,153,1004
517,153,915
518,153,760
519,153,632
520,153,593
521,153,630
522,153,686
523,153,712
524,153,718
525,153,765
526,153,876
527,153,1096
528,153,1364
529,153,1354
530,153,1078
531,153,893
532,153,906
533,153,988
534,153,992
535,153,908
536,153,835
537,153,881
538,153,1030
539,153,1153
540,153,981
541,153,751
542,153,570
543,153,448
544,153,362
545,153,211
546,153,207
547,153,345
548,153,424
549,153,521
550,153,635
551,153,747
552,153,808
553,153,778
554,153,693
555,153,595
556,153,499
557,153,285
558,153,226
559,153,193
560,153,176
561,153,168
562,153,167
563,153,171
564,153,178
565,153,187
566,153,196
567,153,204
568,153,213
569,153,225
570,153,246
571,153,282
572,153,329
573,153,352
490,154,407
491,154,349
492,154,373
493,154,423
494,154,474
495,154,508
496,154,548
497,154,636
498,154,731
499,154,740
500,154,662
501,154,591
502,154,584
503,154,623
504,154,654
505,154,651
506,154,694
507,154,849
508,154,1072
509,154,1124
510,154,1026
511,154,1003
512,154,1104
513,154,1110
514,154,1014
515,154,975
516,154,986
517,154,912
518,154,784
519,154,681
520,154,691
521,154,791
522,154,912
523,154,950
524,154,935
525,154,936
526,154,932
527,154,1052
528,154,1213
529,154,1212
530,154,1056
531,154,972
532,154,1126
533,154,1335
534,154,1361
535,154,1207
536,154,1091
537,154,955
538,154,930
539,154,923
540,154,811
541,154,651
542,154,514
543,154,416
544,154,346
545,154,212
546,154,224
547,154,383
548,154,472
549,154,591
550,154,743
551,154,910
552,154,1007
553,154,922
554,154,768
555,154,624
556,154,506
557,154,400
558,154,220
559,154,185
560,154,169
561,154,163
562,154,163
563,154,167
564,154,174
565,154,184
566,154,194
567,154,205
568,154,215
569,154,230
570,154,258
571,154,313
572,154,423
573,154,666
490,155,255
491,155,320
492,155,394
493,155,484
494,155,567
495,155,599
496,155,601
497,155,681
498,155,812
499,155,824
500,155,704
501,155,602
502,155,542
503,155,537
504,155,544
505,155,559
506,155,637
507,155,788
508,155,973
509,155,1091
510,155,1225
511,155,1161
512,155,1293
513,155,1295
514,155,1144
515,155,1183
516,155,1245
517,155,1143
518,155,964
519,155,824
520,155,823
521,155,972
522,155,1186
523,155,1243
524,155,1230
525,155,1202
526,155,1081
527,155,1040
528,155,1093
529,155,1095
530,155,1039
531,155,1071
532,155,1302
533,155,1639
534,155,1694
535,155,1540
536,155,1407
537,155,1124
538,155,868
539,155,740
540,155,634
541,155,528
542,155,437
543,155,370
544,155,319
545,155,212
546,155,340
547,155,420
548,155,525
549,155,667
550,155,842
551,155,1052
552,155,1233
553,155,1034
554,155,820
555,155,640
556,155,511
557,155,404
558,155,219
559,155,182
560,155,166
561,155,160
562,155,159
563,155,163
564,155,170
565,155,180
566,155,191
567,155,202
568,155,212
569,155,226
570,155,250
571,155,296
572,155,391
573,155,607
490,156,204
491,156,294
492,156,404
493,156,535
494,156,668
495,156,697
496,156,641
497,156,659
498,156,747
499,156,779
500,156,723
501,156,652
502,156,571
503,156,518
504,156,498
505,156,509
506,156,567
507,156,676
508,156,825
509,156,1027
510,156,1189
511,156,1120
512,156,1154
513,156,1171
514,156,1154
515,156,1384
516,156,1590
517,156,1430
518,156,1199
519,156,1035
520,156,961
521,156,1101
522,156,1314
523,156,1378
524,156,1478
525,156,1458
526,156,1280
527,156,1265
528,156,1250
529,156,1261
530,156,1247
531,156,1219
532,156,1405
533,156,1655
534,156,1723
535,156,1782
536,156,1640
537,156,1215
538,156,869
539,156,634
540,156,508
541,156,427
542,156,367
543,156,319
544,156,205
545,156,210
546,156,359
547,156,449
548,156,571
549,156,746
550,156,964
551,156,1140
552,156,1133
553,156,1040
554,156,834
555,156,650
556,156,513
557,156,402
558,156,217
559,156,179
560,156,163
561,156,156
562,156,155
563,156,159
564,156,165
565,156,175
566,156,185
567,156,195
568,156,203
569,156,212
570,156,224
571,156,239
572,156,243
573,156,159
490,157,135
491,157,260
492,157,387
493,157,527
494,157,663
495,157,688
496,157,621
497,157,603
498,157,676
499,157,788
500,157,844
501,157,759
502,157,643
503,157,567
504,157,536
505,157,517
506,157,526
507,157,586
508,157,701
509,157,838
510,157,927
511,157,916
512,157,931
513,157,984
514,157,1116
515,157,1402
516,157,1669
517,157,1607
518,157,1515
519,157,1317
520,157,1170
521,157,1274
522,157,1432
523,157,1411
524,157,1487
525,157,1490
526,157,1536
527,157,1665
528,157,1625
529,157,1680
530,157,1671
531,157,1581
532,157,1694
533,157,1956
534,157,1949
535,157,1690
536,157,1466
537,157,1114
538,157,796
539,157,573
540,157,434
541,157,362
542,157,316
543,157,207
544,157,202
545,157,223
546,157,383
547,157,473
548,157,599
549,157,788
550,157,1043
551,157,1316
552,157,1131
553,157,1031
554,157,828
555,157,644
556,157,505
557,157,396
558,157,213
559,157,176
560,157,159
561,157,153
562,157,151
563,157,154
564,157,159
565,157,167
566,157,176
567,157,184
568,157,191
569,157,195
570,157,198
571,157,198
572,157,185
573,157,140
490,158,101
491,158,230
492,158,350
493,158,464
494,158,554
495,158,577
496,158,550
497,158,552
498,158,661
499,158,826
500,158,1001
501,158,848
502,158,725
503,158,681
504,158,650
505,158,596
506,158,552
507,158,553
508,158,604
509,158,671
510,158,719
511,158,737
512,158,799
513,158,897
514,158,1022
515,158,1258
516,158,1517
517,158,1861
518,158,1877
519,158,1626
520,158,1453
521,158,1521
522,158,1661
523,158,1641
524,158,1731
525,158,1655
526,158,1811
527,158,2158
528,158,2043
529,158,2198
530,158,2202
531,158,1999
532,158,2042
533,158,2223
534,158,2112
535,158,1642
536,158,1239
537,158,933
538,158,684
539,158,508
540,158,399
541,158,335
542,158,218
543,158,312
544,158,336
545,158,379
546,158,442
547,158,512
548,158,617
549,158,765
550,158,956
551,158,1108
552,158,1078
553,158,1004
554,158,819
555,158,637
556,158,497
557,158,389
558,158,209
559,158,172
560,158,155
561,158,148
562,158,146
563,158,148
564,158,153
565,158,159
566,158,166
567,158,172
568,158,177
569,158,179
570,158,179
571,158,175
572,158,164
573,158,145
490,159,53
491,159,207
492,159,313
493,159,398
494,159,456
495,159,477
496,159,476
497,159,508
498,159,604
499,159,738
500,159,837
501,159,810
502,159,797
503,159,848
504,159,832
505,159,736
506,159,645
507,159,602
508,159,584
509,159,596
510,159,620
511,159,700
512,159,826
513,159,985
514,159,1096
515,159,1196
516,159,1492
517,159,1867
518,159,1974
519,159,1883
520,159,2013
521,159,1979
522,159,2188
523,159,2233
524,159,2287
525,159,2107
526,159,1960
527,159,2102
528,159,2473
529,159,2511
530,159,2571
531,159,2462
532,159,2583
533,159,2249
534,159,1955
535,159,1517
536,159,1107
537,159,793
538,159,595
539,159,469
540,159,395
541,159,356
542,159,346
543,159,373
544,159,419
545,159,477
546,159,551
547,159,628
548,159,696
549,159,757
550,159,862
551,159,988
552,159,1118
553,159,1064
554,159,835
555,159,635
556,159,489
557,159,380
558,159,204
559,159,167
560,159,151
561,159,144
562,159,142
563,159,143
564,159,147
565,159,151
566,159,157
567,159,161
568,159,165
569,159,166
570,159,165
571,159,161
572,159,153
573,159,143
490,160,87
491,160,150
492,160,289
493,160,355
494,160,395
495,160,412
496,160,422
497,160,457
498,160,527
499,160,616
500,160,690
501,160,740
502,160,871
503,160,1037
504,160,1045
505,160,905
506,160,819
507,160,746
508,160,690
509,160,650
510,160,662
511,160,751
512,160,931
513,160,1191
514,160,1277
515,160,1220
516,160,1342
517,160,1609
518,160,1832
519,160,2230
520,160,2597
521,160,2487
522,160,2516
523,160,2555
524,160,2945
525,160,2547
526,160,2297
527,160,2159
528,160,2263
529,160,2422
530,160,2739
531,160,2875
532,160,2880
533,160,2458
534,160,1897
535,160,1432
536,160,1042
537,160,754
538,160,579
539,160,492
540,160,456
541,160,431
542,160,424
543,160,464
544,160,540
545,160,635
546,160,733
547,160,838
548,160,899
549,160,892
550,160,888
551,160,1006
552,160,1102
553,160,1001
554,160,804
555,160,616
556,160,476
557,160,370
558,160,199
559,160,163
560,160,147
561,160,141
562,160,140
563,160,141
564,160,144
565,160,147
566,160,150
567,160,153
568,160,155
569,160,156
570,160,156
571,160,153
572,160,148
573,160,145
490,161,152
491,161,170
492,161,208
493,161,343
494,161,374
495,161,387
496,161,396
497,161,422
498,161,468
499,161,528
500,161,596
501,161,703
502,161,871
503,161,1066
504,161,1114
505,161,1082
506,161,1057
507,161,971
508,161,896
509,161,808
510,161,779
511,161,843
512,161,1007
513,161,1257
514,161,1341
515,161,1247
516,161,1282
517,161,1505
518,161,1787
519,161,2287
520,161,2766
521,161,2856
522,161,2913
523,161,2747
524,161,2852
525,161,3088
526,161,2752
527,161,2471
528,161,2302
529,161,2479
530,161,2897
531,161,3443
532,161,3207
533,161,2755
534,161,2134
535,161,1607
536,161,1150
537,161,824
538,161,691
539,161,640
540,161,609
541,161,574
542,161,552
543,161,601
544,161,716
545,161,870
546,161,1003
547,161,1154
548,161,1227
549,161,1130
550,161,990
551,161,1085
552,161,1266
553,161,1041
554,161,807
555,161,613
556,161,474
557,161,370
558,161,204
559,161,167
560,161,150
561,161,145
562,161,145
563,161,147
564,161,149
565,161,150
566,161,151
567,161,151
568,161,151
569,161,153
570,161,155
571,161,153
572,161,142
573,161,114
490,162,169
491,162,198
492,162,328
493,162,372
494,162,396
495,162,407
496,162,415
497,162,429
498,162,455
499,162,493
500,162,555
501,162,658
502,162,801
503,162,953
504,162,1070
505,162,1241
506,162,1301
507,162,1288
508,162,1169
509,162,1039
510,162,1015
511,162,997
512,162,1075
513,162,1244
514,162,1491
515,162,1515
516,162,1428
517,162,1656
518,162,1879
519,162,2147
520,162,2741
521,162,3372
522,162,3091
523,162,2924
524,162,3154
525,162,3342
526,162,3111
527,162,3090
528,162,2877
529,162,2765
530,162,2947
531,162,3307
532,162,3802
533,162,3294
534,162,2557
535,162,1868
536,162,1351
537,162,1050
538,162,939
539,162,912
540,162,877
541,162,809
542,162,755
543,162,796
544,162,954
545,162,1187
546,162,1411
547,162,1526
548,162,1634
549,162,1380
550,162,1114
551,162,1047
552,162,1100
553,162,1002
554,162,819
555,162,639
556,162,507
557,162,402
558,162,320
559,162,189
560,162,171
561,162,166
562,162,168
563,162,170
564,162,172
565,162,170
566,162,166
567,162,159
568,162,156
569,162,159
570,162,166
571,162,170
572,162,159
573,162,109
490,163,174
491,163,325
492,163,384
493,163,429
494,163,457
495,163,466
496,163,473
497,163,482
498,163,501
499,163,526
500,163,564
501,163,643
502,163,761
503,163,906
504,163,1071
505,163,1247
506,163,1384
507,163,1619
508,163,1396
509,163,1319
510,163,1351
511,163,1293
512,163,1312
513,163,1518
514,163,1857
515,163,1884
516,163,1662
517,163,1913
518,163,2099
519,163,2245
520,163,2631
521,163,3164
522,163,3211
523,163,3180
524,163,3728
525,163,3680
526,163,3690
527,163,3868
528,163,3558
529,163,3267
530,163,3332
531,163,3462
532,163,3734
533,163,3536
534,163,2825
535,163,2114
536,163,1608
537,163,1412
538,163,1344
539,163,1343
540,163,1287
541,163,1153
542,163,1040
543,163,1090
544,163,1250
545,163,1535
546,163,1839
547,163,1861
548,163,1733
549,163,1420
550,163,1124
551,163,994
552,163,1066
553,163,1084
554,163,946
555,163,744
556,163,570
557,163,446
558,163,365
559,163,282
560,163,265
561,163,296
562,163,303
563,163,310
564,163,311
565,163,303
566,163,284
567,163,184
568,163,172
569,163,176
570,163,195
571,163,221
572,163,230
573,163,152
490,164,366
491,164,387
492,164,445
493,164,510
494,164,558
495,164,568
496,164,572
497,164,587
498,164,607
499,164,619
500,164,640
501,164,704
502,164,828
503,164,985
504,164,1194
505,164,1380
506,164,1365
507,164,1450
508,164,1419
509,164,1554
510,164,1729
511,164,1628
512,164,1652
513,164,1738
514,164,2004
515,164,2125
516,164,1962
517,164,2019
518,164,2289
519,164,2422
520,164,2853
521,164,3298
522,164,3374
523,164,3190
524,164,3658
525,164,3854
526,164,3841
527,164,4041
528,164,3912
529,164,3679
530,164,3951
531,164,4078
532,164,4244
533,164,4076
534,164,3260
535,164,2499
536,164,2004
537,164,1939
538,164,1967
539,164,1938
540,164,1839
541,164,1593
542,164,1401
543,164,1465
544,164,1698
545,164,1904
546,164,2013
547,164,1904
548,164,1522
549,164,1267
550,164,1066
551,164,1037
552,164,1187
553,164,1309
554,164,1111
555,164,845
556,164,632
557,164,490
558,164,409
559,164,380
560,164,367
561,164,366
562,164,381
563,164,396
564,164,396
565,164,377
566,164,347
567,164,312
568,164,205
569,164,208
570,164,248
571,164,325
572,164,427
573,164,759
490,165,317
491,165,406
492,165,501
493,165,607
494,165,697
495,165,712
496,165,694
497,165,737
498,165,771
499,165,763
500,165,771
501,165,817
502,165,952
503,165,1133
504,165,1252
505,165,1396
506,165,1355
507,165,1364
508,165,1432
509,165,1604
510,165,1801
511,165,1873
512,165,1940
513,165,2120
514,165,2498
515,165,2723
516,165,2392
517,165,2301
518,165,2473
519,165,2914
520,165,3317
521,165,3786
522,165,3835
523,165,3431
524,165,3561
525,165,4082
526,165,3866
527,165,4222
528,165,4579
529,165,4258
530,165,4264
531,165,4448
532,165,4582
533,165,4425
534,165,3680
535,165,2946
536,165,2545
537,165,2594
538,165,2716
539,165,2604
540,165,2455
541,165,2060
542,165,1822
543,165,1899
544,165,2191
545,165,2425
546,165,2151
547,165,1762
548,165,1427
549,165,1167
550,165,1050
551,165,1084
552,165,1219
553,165,1328
554,165,1133
555,165,876
556,165,669
557,165,535
558,165,477
559,165,465
560,165,459
561,165,455
562,165,483
563,165,513
564,165,511
565,165,471
566,165,419
567,165,374
568,165,306
569,165,250
570,165,319
571,165,647
572,165,934
573,165,1425
490,166,325
491,166,422
492,166,542
493,166,691
494,166,843
495,166,864
496,166,778
497,166,824
498,166,890
499,166,926
500,166,966
501,166,949
502,166,1051
503,166,1257
504,166,1320
505,166,1266
506,166,1341
507,166,1546
508,166,1599
509,166,1537
510,166,1594
511,166,1729
512,166,1887
513,166,2230
514,166,2653
515,166,2868
516,166,2737
517,166,2949
518,166,3047
519,166,3178
520,166,3710
521,166,4084
522,166,4128
523,166,3821
524,166,3782
525,166,4084
526,166,4046
527,166,4406
528,166,4888
529,166,4595
530,166,4420
531,166,4773
532,166,4850
533,166,4725
534,166,4168
535,166,3480
536,166,3226
537,166,3276
538,166,3528
539,166,3016
540,166,2826
541,166,2477
542,166,2406
543,166,2484
544,166,2677
545,166,2654
546,166,2298
547,166,1839
548,166,1475
549,166,1269
550,166,1250
551,166,1235
552,166,1180
553,166,1148
554,166,1029
555,166,865
556,166,713
557,166,603
558,166,583
559,166,598
560,166,597
561,166,579
562,166,617
563,166,673
564,166,667
565,166,588
566,166,497
567,166,431
568,166,396
569,166,286
570,166,377
571,166,767
572,166,1078
573,166,1469
490,167,325
491,167,423
492,167,545
493,167,697
494,167,854
495,167,881
496,167,801
497,167,824
498,167,941
499,167,1139
500,167,1173
501,167,1064
502,167,1056
503,167,1164
504,167,1204
505,167,1200
506,167,1410
507,167,1732
508,167,1797
509,167,1627
510,167,1552
511,167,1642
512,167,1845
513,167,2203
514,167,2630
515,167,2999
516,167,3000
517,167,3496
518,167,3628
519,167,3818
520,167,3959
521,167,4457
522,167,4857
523,167,4359
524,167,4252
525,167,4431
526,167,4396
527,167,4942
528,167,5862
529,167,5211
530,167,4959
531,167,5167
532,167,5341
533,167,5273
534,167,5073
535,167,4268
536,167,3926
537,167,4119
538,167,3620
539,167,3351
540,167,3295
541,167,3061
542,167,3103
543,167,2992
544,167,3322
545,167,2812
546,167,2539
547,167,2120
548,167,1687
549,167,1495
550,167,1566
551,167,1522
552,167,1297
553,167,1080
554,167,1012
555,167,963
556,167,853
557,167,741
558,167,730
559,167,783
560,167,786
561,167,736
562,167,757
563,167,853
564,167,841
565,167,702
566,167,570
567,167,479
568,167,433
569,167,316
570,167,587
571,167,828
572,167,1134
573,167,1486
490,168,330
491,168,407
492,168,509
493,168,628
494,168,732
495,168,765
496,168,751
497,168,802
498,168,974
499,168,1182
500,168,1229
501,168,1118
502,168,1046
503,168,1089
504,168,1117
505,168,1147
506,168,1359
507,168,1609
508,168,1760
509,168,1852
510,168,1859
511,168,1870
512,168,2189
513,168,2511
514,168,2745
515,168,3189
516,168,3204
517,168,3686
518,168,3803
519,168,4185
520,168,4415
521,168,5254
522,168,4880
523,168,4980
524,168,5079
525,168,5100
526,168,4817
527,168,5108
528,168,5531
529,168,5627
530,168,5907
531,168,5814
532,168,5748
533,168,5602
534,168,5465
535,168,5133
536,168,4755
537,168,4333
538,168,4083
539,168,4161
540,168,4083
541,168,3615
542,168,3854
543,168,3292
544,168,3023
545,168,2779
546,168,2973
547,168,2335
548,168,1826
549,168,1641
550,168,1811
551,168,1755
552,168,1398
553,168,1133
554,168,1153
555,168,1195
556,168,1051
557,168,884
558,168,869
559,168,980
560,168,982
561,168,864
562,168,833
563,168,915
564,168,899
565,168,756
566,168,616
567,168,513
568,168,452
569,168,324
570,168,594
571,168,819
572,168,1139
573,168,1663
490,169,313
491,169,372
492,169,459
493,169,549
494,169,622
495,169,661
496,169,685
497,169,768
498,169,923
499,169,1097
500,169,1199
501,169,1215
502,169,1164
503,169,1223
504,169,1249
505,169,1249
506,169,1364
507,169,1587
508,169,1931
509,169,2172
510,169,2294
511,169,2244
512,169,2600
513,169,3022
514,169,3021
515,169,3204
516,169,3657
517,169,4316
518,169,4194
519,169,4634
520,169,4288
521,169,4704
522,169,5450
523,169,5643
524,169,5891
525,169,5612
526,169,5620
527,169,5868
528,169,6150
529,169,6518
530,169,6960
531,169,6243
532,169,5897
533,169,5891
534,169,5877
535,169,5849
536,169,5662
537,169,5372
538,169,4882
539,169,5043
540,169,4534
541,169,3929
542,169,3821
543,169,3522
544,169,2924
545,169,2586
546,169,2521
547,169,2175
548,169,1770
549,169,1582
550,169,1638
551,169,1570
552,169,1328
553,169,1156
554,169,1262
555,169,1463
556,169,1183
557,169,957
558,169,908
559,169,1011
560,169,1014
561,169,897
562,169,834
563,169,866
564,169,852
565,169,759
566,169,641
567,169,535
568,169,455
569,169,312
570,169,541
571,169,715
572,169,940
573,169,1242
490,170,129
491,170,311
492,170,411
493,170,495
494,170,562
495,170,607
496,170,651
497,170,746
498,170,913
499,170,1136
500,170,1368
501,170,1417
502,170,1340
503,170,1487
504,170,1527
505,170,1497
506,170,1610
507,170,1651
508,170,1889
509,170,2276
510,170,2714
511,170,2478
512,170,2727
513,170,3159
514,170,3267
515,170,3736
516,170,3875
517,170,3850
518,170,3811
519,170,3925
520,170,3885
521,170,4322
522,170,5005
523,170,5476
524,170,6402
525,170,6331
526,170,6427
527,170,6676
528,170,6903
529,170,7693
530,170,6975
531,170,6578
532,170,6493
533,170,6670
534,170,6387
535,170,6494
536,170,5887
537,170,5608
538,170,5098
539,170,4741
540,170,4535
541,170,4213
542,170,3942
543,170,3353
544,170,2843
545,170,2455
546,170,2311
547,170,2040
548,170,1724
549,170,1511
550,170,1453
551,170,1356
552,170,1197
553,170,1102
554,170,1176
555,170,1235
556,170,1093
557,170,915
558,170,846
559,170,889
560,170,902
561,170,862
562,170,830
563,170,849
564,170,843
565,170,780
566,170,677
567,170,560
568,170,325
569,170,288
570,170,323
571,170,560
572,170,663
573,170,684
490,171,124
491,171,197
492,171,378
493,171,471
494,171,552
495,171,610
496,171,669
497,171,763
498,171,917
499,171,1138
500,171,1384
501,171,1457
502,171,1451
503,171,1690
504,171,1755
505,171,1760
506,171,1946
507,171,1817
508,171,1800
509,171,2150
510,171,2431
511,171,2419
512,171,2610
513,171,3019
514,171,3711
515,171,3994
516,171,3991
517,171,3675
518,171,3461
519,171,3421
520,171,3464
521,171,3927
522,171,4614
523,171,5562
524,171,6504
525,171,6727
526,171,6875
527,171,7312
528,171,7190
529,171,7610
530,171,7596
531,171,7491
532,171,7393
533,171,7387
534,171,6678
535,171,6846
536,171,6057
537,171,5716
538,171,5304
539,171,4855
540,171,4844
541,171,4256
542,171,3869
543,171,3386
544,171,3054
545,171,2737
546,171,2688
547,171,2347
548,171,1990
549,171,1720
550,171,1544
551,171,1349
552,171,1178
553,171,1087
554,171,1096
555,171,1078
556,171,975
557,171,859
558,171,797
559,171,813
560,171,842
561,171,861
562,171,880
563,171,899
564,171,907
565,171,858
566,171,754
567,171,621
568,171,490
569,171,284
570,171,269
571,171,423
572,171,465
573,171,456
490,172,121
491,172,189
492,172,263
493,172,345
494,172,592
495,172,667
496,172,720
497,172,797
498,172,914
499,172,1080
500,172,1252
501,172,1330
502,172,1357
503,172,1511
504,172,1583
505,172,1720
506,172,1929
507,172,1809
508,172,1814
509,172,2259
510,172,2588
511,172,2553
512,172,2766
513,172,3313
514,172,3907
515,172,4635
516,172,4232
517,172,4044
518,172,3713
519,172,3476
520,172,3460
521,172,3986
522,172,4825
523,172,5811
524,172,6697
525,172,7164
526,172,7535
527,172,7839
528,172,7981
529,172,7799
530,172,8210
531,172,7922
532,172,7709
533,172,7308
534,172,6772
535,172,6669
536,172,6133
537,172,6139
538,172,5480
539,172,5085
540,172,5022
541,172,4449
542,172,4315
543,172,3790
544,172,3505
545,172,3037
546,172,3257
547,172,2651
548,172,2376
549,172,2129
550,172,1862
551,172,1569
552,172,1383
553,172,1263
554,172,1231
555,172,1135
556,172,991
557,172,923
558,172,881
559,172,871
560,172,919
561,172,981
562,172,1007
563,172,1017
564,172,1034
565,172,984
566,172,854
567,172,689
568,172,534
569,172,407
570,172,233
571,172,223
572,172,318
573,172,296
490,173,122
491,173,206
492,173,301
493,173,565
494,173,692
495,173,777
496,173,828
497,173,880
498,173,965
499,173,1091
500,173,1276
501,173,1416
502,173,1320
503,173,1249
504,173,1286
505,173,1420
506,173,1550
507,173,1596
508,173,1864
509,173,2409
510,173,3044
511,173,2741
512,173,2922
513,173,3564
514,173,3989
515,173,4599
516,173,4724
517,173,4709
518,173,4354
519,173,4130
520,173,4137
521,173,4629
522,173,5290
523,173,6329
524,173,7444
525,173,7651
526,173,7933
527,173,8726
528,173,8369
529,173,8124
530,173,8213
531,173,8350
532,173,8142
533,173,7735
534,173,7119
535,173,6941
536,173,6717
537,173,6645
538,173,5956
539,173,5696
540,173,5400
541,173,4606
542,173,4386
543,173,3835
544,173,3540
545,173,2969
546,173,2868
547,173,2643
548,173,2512
549,173,2596
550,173,2165
551,173,1929
552,173,1690
553,173,1540
554,173,1531
555,173,1355
556,173,1166
557,173,1128
558,173,1083
559,173,1040
560,173,1093
561,173,1175
562,173,1160
563,173,1138
564,173,1170
565,173,1110
566,173,936
567,173,732
568,173,551
569,173,404
570,173,209
571,173,171
572,173,151
573,173,103
490,174,123
491,174,244
492,174,508
493,174,672
494,174,815
495,174,922
496,174,980
497,174,1006
498,174,1082
499,174,1189
500,174,1268
501,174,1369
502,174,1229
503,174,1079
504,174,1028
505,174,1120
506,174,1219
507,174,1341
508,174,1694
509,174,2169
510,174,2557
511,174,2625
512,174,2840
513,174,3443
514,174,3796
515,174,4253
516,174,4727
517,174,5044
518,174,5207
519,174,4962
520,174,5008
521,174,5516
522,174,5949
523,174,6895
524,174,7545
525,174,8198
526,174,8458
527,174,8553
528,174,8629
529,174,8764
530,174,8930
531,174,9178
532,174,9014
533,174,8583
534,174,7934
535,174,7521
536,174,7382
537,174,6971
538,174,6547
539,174,6225
540,174,5622
541,174,4924
542,174,4124
543,174,3586
544,174,3371
545,174,3017
546,174,2745
547,174,2478
548,174,2378
549,174,2375
550,174,2221
551,174,2300
552,174,1920
553,174,1741
554,174,1862
555,174,1529
556,174,1342
557,174,1377
558,174,1326
559,174,1210
560,174,1290
561,174,1377
562,174,1250
563,174,1197
564,174,1246
565,174,1171
566,174,946
567,174,722
568,174,533
569,174,383
570,174,189
571,174,145
572,174,120
573,174,94
490,175,184
491,175,419
492,175,589
493,175,761
494,175,931
495,175,1077
496,175,1161
497,175,1167
498,175,1203
499,175,1293
500,175,1279
501,175,1157
502,175,1055
503,175,939
504,175,886
505,175,938
506,175,1019
507,175,1179
508,175,1475
509,175,1856
510,175,2259
511,175,2700
512,175,2963
513,175,3422
514,175,3756
515,175,3943
516,175,4223
517,175,5149
518,175,5521
519,175,5618
520,175,5874
521,175,6252
522,175,6538
523,175,7146
524,175,7825
525,175,8476
526,175,9189
527,175,9405
528,175,9393
529,175,9828
530,175,10189
531,175,10440
532,175,10315
533,175,9903
534,175,9189
535,175,8582
536,175,7970
537,175,7411
538,175,6994
539,175,6469
540,175,5798
541,175,5277
542,175,4323
543,175,3666
544,175,3662
545,175,3214
546,175,3032
547,175,2651
548,175,2692
549,175,2477
550,175,2364
551,175,2141
552,175,1934
553,175,1687
554,175,1620
555,175,1445
556,175,1335
557,175,1379
558,175,1325
559,175,1203
560,175,1264
561,175,1225
562,175,1176
563,175,1184
564,175,1137
565,175,1035
566,175,845
567,175,647
568,175,479
569,175,344
570,175,170
571,175,129
572,175,107
573,175,91
490,176,457
491,176,355
492,176,637
493,176,813
494,176,1006
495,176,1202
496,176,1341
497,176,1319
498,176,1352
499,176,1244
500,176,1167
501,176,1042
502,176,937
503,176,879
504,176,877
505,176,937
506,176,1004
507,176,1114
508,176,1379
509,176,1727
510,176,2158
511,176,2645
512,176,2932
513,176,3396
514,176,3789
515,176,4169
516,176,4244
517,176,4617
518,176,5675
519,176,5926
520,176,5984
521,176,6423
522,176,6585
523,176,7356
524,176,8221
525,176,8895
526,176,9449
527,176,10084
528,176,10647
529,176,11074
530,176,11615
531,176,11957
532,176,11886
533,176,11444
534,176,10846
535,176,9933
536,176,8948
537,176,8194
538,176,7277
539,176,6560
540,176,5738
541,176,5067
542,176,4271
543,176,3605
544,176,3399
545,176,3240
546,176,3074
547,176,2700
548,176,2715
549,176,2470
550,176,2370
551,176,2218
552,176,2026
553,176,1647
554,176,1423
555,176,1336
556,176,1210
557,176,1155
558,176,1090
559,176,1037
560,176,1079
561,176,1102
562,176,1121
563,176,1200
564,176,1028
565,176,852
566,176,691
567,176,536
568,176,402
569,176,292
570,176,149
571,176,117
572,176,101
573,176,90
490,177,490
491,177,546
492,177,663
493,177,822
494,177,1009
495,177,1208
496,177,1364
497,177,1391
498,177,1371
499,177,1224
500,177,1094
501,177,1024
502,177,984
503,177,995
504,177,1024
505,177,1127
506,177,1194
507,177,1271
508,177,1551
509,177,1861
510,177,2115
511,177,2426
512,177,2724
513,177,3252
514,177,3754
515,177,3904
516,177,4281
517,177,4660
518,177,5151
519,177,5644
520,177,6122
521,177,6482
522,177,7272
523,177,7897
524,177,8679
525,177,9549
526,177,10325
527,177,11221
528,177,11790
529,177,8712
530,177,9169
531,177,9523
532,177,9521
533,177,9255
534,177,12476
535,177,11561
536,177,10143
537,177,8698
538,177,7490
539,177,6518
540,177,5836
541,177,5103
542,177,4347
543,177,3776
544,177,3432
545,177,3154
546,177,2892
547,177,2673
548,177,2479
549,177,2280
550,177,2270
551,177,2129
552,177,1823
553,177,1513
554,177,1400
555,177,1419
556,177,1220
557,177,1015
558,177,900
559,177,898
560,177,1010
561,177,1115
562,177,1041
563,177,977
564,177,849
565,177,691
566,177,547
567,177,425
568,177,320
569,177,167
570,177,126
571,177,106
572,177,96
573,177,90
490,178,545
491,178,584
492,178,683
493,178,811
494,178,958
495,178,1111
496,178,1255
497,178,1303
498,178,1264
499,178,1176
500,178,1175
501,178,1192
502,178,1165
503,178,1235
504,178,1277
505,178,1449
506,178,1517
507,178,1535
508,178,1847
509,178,2236
510,178,2430
511,178,2570
512,178,2914
513,178,3120
514,178,3541
515,178,4171
516,178,4750
517,178,4940
518,178,5404
519,178,6635
520,178,7264
521,178,7387
522,178,8210
523,178,8725
524,178,9491
525,178,10410
526,178,11331
527,178,12214
528,178,9292
529,178,9979
530,178,10800
531,178,11339
532,178,11344
533,178,10830
534,178,10128
535,178,12965
536,178,11332
537,178,9405
538,178,7782
539,178,6612
540,178,5855
541,178,5306
542,178,4702
543,178,4151
544,178,3806
545,178,3499
546,178,3006
547,178,2963
548,178,2620
549,178,2422
550,178,2241
551,178,2029
552,178,1637
553,178,1315
554,178,1291
555,178,1338
556,178,1140
557,178,918
558,178,781
559,178,805
560,178,926
561,178,1028
562,178,925
563,178,777
564,178,664
565,178,544
566,178,433
567,178,335
568,178,179
569,178,135
570,178,110
571,178,98
572,178,92
573,178,89
490,179,602
491,179,618
492,179,719
493,179,841
494,179,940
495,179,1022
496,179,1174
497,179,1316
498,179,1309
499,179,1200
500,179,1293
501,179,1421
502,179,1364
503,179,1524
504,179,1525
505,179,1792
506,179,1853
507,179,1749
508,179,2034
509,179,2547
510,179,2740
511,179,2955
512,179,3403
513,179,3378
514,179,3858
515,179,4485
516,179,5092
517,179,5839
518,179,5876
519,179,6945
520,179,7021
521,179,7383
522,179,7800
523,179,8408
524,179,9487
525,179,10772
526,179,11741
527,179,9183
528,179,10218
529,179,11513
530,179,12712
531,179,13453
532,179,13466
533,179,12693
534,179,11370
535,179,9945
536,179,11908
537,179,9766
538,179,7942
539,179,6519
540,179,5589
541,179,4942
542,179,4599
543,179,4104
544,179,3770
545,179,3450
546,179,2934
547,179,2903
548,179,2541
549,179,2694
550,179,2191
551,179,1787
552,179,1465
553,179,1176
554,179,1088
555,179,1053
556,179,938
557,179,796
558,179,702
559,179,718
560,179,781
561,179,813
562,179,747
563,179,633
564,179,522
565,179,430
566,179,346
567,179,268
568,179,145
569,179,115
570,179,100
571,179,93
572,179,90
573,179,89
490,180,618
491,180,650
492,180,769
493,180,913
494,180,981
495,180,986
496,180,1084
497,180,1224
498,180,1229
499,180,1135
500,180,1253
501,180,1401
502,180,1356
503,180,1527
504,180,1537
505,180,1806
506,180,1861
507,180,1728
508,180,1904
509,180,2243
510,180,2451
511,180,2873
512,180,3361
513,180,3377
514,180,4096
515,180,5133
516,180,5740
517,180,5820
518,180,6183
519,180,6523
520,180,7103
521,180,6848
522,180,7482
523,180,8328
524,180,9509
525,180,10786
526,180,8368
527,180,9463
528,180,11010
529,180,12676
530,180,14127
531,180,15016
532,180,15048
533,180,14113
534,180,12400
535,180,10353
536,180,8455
537,180,6871
538,180,7890
539,180,6374
540,180,5251
541,180,4492
542,180,4045
543,180,3612
544,180,3284
545,180,2964
546,180,2557
547,180,2421
548,180,2252
549,180,2234
550,180,1972
551,180,1710
552,180,1504
553,180,1215
554,180,957
555,180,847
556,180,768
557,180,709
558,180,707
559,180,706
560,180,685
561,180,661
562,180,599
563,180,515
564,180,430
565,180,352
566,180,280
567,180,156
568,180,124
569,180,106
570,180,96
571,180,90
572,180,87
573,180,85
490,181,589
491,181,649
492,181,784
493,181,963
494,181,1006
495,181,924
496,181,926
497,181,989
498,181,993
499,181,956
500,181,1038
501,181,1115
502,181,1132
503,181,1240
504,181,1318
505,181,1506
506,181,1561
507,181,1512
508,181,1601
509,181,1782
510,181,1956
511,181,2353
512,181,2701
513,181,2978
514,181,3762
515,181,4598
516,181,4977
517,181,5590
518,181,5871
519,181,6319
520,181,6754
521,181,6655
522,181,7094
523,181,8211
524,181,9403
525,181,10680
526,181,8303
527,181,9546
528,181,11225
529,181,12978
530,181,14484
531,181,15413
532,181,15462
533,181,14496
534,181,12682
535,181,10476
536,181,8477
537,181,9823
538,181,8045
539,181,6393
540,181,5141
541,181,4274
542,181,3643
543,181,3210
544,181,2896
545,181,2595
546,181,2257
547,181,2098
548,181,2089
549,181,2019
550,181,1806
551,181,1839
552,181,1707
553,181,1315
554,181,976
555,181,751
556,181,699
557,181,744
558,181,815
559,181,811
560,181,718
561,181,610
562,181,513
563,181,437
564,181,367
565,181,298
566,181,170
567,181,139
568,181,120
569,181,107
570,181,98
571,181,92
572,181,87
573,181,80
490,182,540
491,182,609
492,182,715
493,182,830
494,182,854
495,182,793
496,182,749
497,182,770
498,182,771
499,182,760
500,182,812
501,182,861
502,182,901
503,182,996
504,182,1152
505,182,1305
506,182,1339
507,182,1323
508,182,1341
509,182,1416
510,182,1523
511,182,1825
512,182,2157
513,182,2663
514,182,3463
515,182,4116
516,182,4274
517,182,4740
518,182,5427
519,182,5800
520,182,6323
521,182,6873
522,182,7501
523,182,8159
524,182,9255
525,182,10443
526,182,8163
527,182,9207
528,182,10701
529,182,12280
530,182,13637
531,182,14477
532,182,14524
533,182,13647
534,182,12002
535,182,10031
536,182,8293
537,182,9723
538,182,7994
539,182,6476
540,182,5307
541,182,4379
542,182,3715
543,182,3273
544,182,3009
545,182,2764
546,182,2389
547,182,2141
548,182,2253
549,182,2173
550,182,1796
551,182,1793
552,182,1673
553,182,1292
554,182,958
555,182,737
556,182,715
557,182,821
558,182,974
559,182,964
560,182,782
561,182,612
562,182,486
563,182,399
564,182,330
565,182,192
566,182,166
567,182,150
568,182,137
569,182,124
570,182,111
571,182,100
572,182,91
573,182,83
490,183,529
491,183,555
492,183,609
493,183,665
494,183,677
495,183,645
496,183,611
497,183,609
498,183,608
499,183,608
500,183,643
501,183,686
502,183,765
503,183,912
504,183,1139
505,183,1369
506,183,1366
507,183,1408
508,183,1364
509,183,1318
510,183,1432
511,183,1637
512,183,1978
513,183,2563
514,183,3367
515,183,3897
516,183,4155
517,183,4520
518,183,5095
519,183,6173
520,183,6950
521,183,7106
522,183,7443
523,183,7917
524,183,8868
525,183,10092
526,183,11070
527,183,8568
528,183,9645
529,183,10881
530,183,11947
531,183,12598
532,183,12616
533,183,11904
534,183,10629
535,183,9252
536,183,11076
537,183,9263
538,183,7599
539,183,6350
540,183,5522
541,183,4761
542,183,4169
543,183,3687
544,183,3553
545,183,3271
546,183,2698
547,183,2380
548,183,2262
549,183,2141
550,183,1744
551,183,1523
552,183,1388
553,183,1146
554,183,921
555,183,785
556,183,749
557,183,846
558,183,983
559,183,960
560,183,766
561,183,588
562,183,461
563,183,378
564,183,320
565,183,200
566,183,270
567,183,264
568,183,250
569,183,225
570,183,138
571,183,118
572,183,101
573,183,85
490,184,509
491,184,490
492,184,512
493,184,537
494,184,542
495,184,527
496,184,508
497,184,504
498,184,508
499,184,517
500,184,547
501,184,600
502,184,703
503,184,860
504,184,1093
505,184,1342
506,184,1420
507,184,1657
508,184,1551
509,184,1484
510,184,1649
511,184,1734
512,184,2099
513,184,2551
514,184,3253
515,184,3644
516,184,3780
517,184,4350
518,184,5409
519,184,5890
520,184,6063
521,184,6277
522,184,6556
523,184,7246
524,184,8219
525,184,9203
526,184,10161
527,184,7732
528,184,8537
529,184,9443
530,184,10193
531,184,10621
532,184,10582
533,184,10028
534,184,9157
535,184,11533
536,184,9981
537,184,8326
538,184,7318
539,184,6152
540,184,5271
541,184,4820
542,184,4756
543,184,4044
544,184,4262
545,184,3465
546,184,2751
547,184,2719
548,184,2278
549,184,2110
550,184,1868
551,184,1551
552,184,1402
553,184,1202
554,184,1043
555,184,917
556,184,860
557,184,843
558,184,857
559,184,798
560,184,661
561,184,523
562,184,421
563,184,358
564,184,325
565,184,316
566,184,327
567,184,333
568,184,321
569,184,291
570,184,250
571,184,208
572,184,119
573,184,97
490,185,206
491,185,390
492,185,430
493,185,453
494,185,456
495,185,450
496,185,445
497,185,456
498,185,477
499,185,502
500,185,536
501,185,608
502,185,712
503,185,837
504,185,989
505,185,1158
506,185,1432
507,185,1729
508,185,1773
509,185,1761
510,185,1981
511,185,2063
512,185,2157
513,185,2538
514,185,3022
515,185,3787
516,185,3797
517,185,4679
518,185,4714
519,185,4681
520,185,5014
521,185,5714
522,185,5867
523,185,6631
524,185,7187
525,185,8184
526,185,9025
527,185,9905
528,185,10926
529,185,11873
530,185,12560
531,185,12890
532,185,12721
533,185,12036
534,185,10965
535,185,9781
536,185,8367
537,185,7032
538,185,6253
539,185,5724
540,185,5091
541,185,4470
542,185,4274
543,185,3938
544,185,3711
545,185,3246
546,185,2674
547,185,2422
548,185,2065
549,185,1832
550,185,1793
551,185,1492
552,185,1663
553,185,1370
554,185,1306
555,185,1185
556,185,1091
557,185,980
558,185,823
559,185,678
560,185,553
561,185,449
562,185,376
563,185,336
564,185,334
565,185,358
566,185,396
567,185,424
568,185,416
569,185,370
570,185,310
571,185,251
572,185,138
573,185,100
490,186,191
491,186,253
492,186,376
493,186,413
494,186,418
495,186,417
496,186,426
497,186,455
498,186,501
499,186,549
500,186,588
501,186,679
502,186,809
503,186,959
504,186,1029
505,186,1051
506,186,1316
507,186,1667
508,186,1813
509,186,2112
510,186,2244
511,186,2233
512,186,2568
513,186,2892
514,186,3539
515,186,3471
516,186,3828
517,186,4571
518,186,4381
519,186,4874
520,186,4381
521,186,4708
522,186,5094
523,186,6060
524,186,6395
525,186,6744
526,186,7532
527,186,8418
528,186,9274
529,186,9885
530,186,10249
531,186,10368
532,186,10113
533,186,9567
534,186,8773
535,186,7844
536,186,6737
537,186,5771
538,186,5259
539,186,4636
540,186,4209
541,186,3831
542,186,3786
543,186,4237
544,186,3567
545,186,3335
546,186,2874
547,186,2523
548,186,2098
549,186,1711
550,186,1596
551,186,1486
552,186,1509
553,186,1491
554,186,1478
555,186,1453
556,186,1394
557,186,1155
558,186,872
559,186,648
560,186,486
561,186,393
562,186,335
563,186,322
564,186,347
565,186,402
566,186,480
567,186,547
568,186,541
569,186,463
570,186,372
571,186,294
572,186,225
573,186,115
490,187,299
491,187,411
492,187,433
493,187,443
494,187,437
495,187,432
496,187,442
497,187,488
498,187,568
499,187,656
500,187,698
501,187,770
502,187,954
503,187,1092
504,187,1121
505,187,1004
506,187,1106
507,187,1401
508,187,1728
509,187,2144
510,187,2479
511,187,2655
512,187,3029
513,187,3282
514,187,3531
515,187,3934
516,187,4056
517,187,4281
518,187,4106
519,187,3927
520,187,3846
521,187,4337
522,187,4520
523,187,4916
524,187,5215
525,187,5839
526,187,6109
527,187,6723
528,187,7399
529,187,7886
530,187,8046
531,187,8034
532,187,7846
533,187,7419
534,187,6864
535,187,6319
536,187,5635
537,187,5077
538,187,4594
539,187,4424
540,187,3643
541,187,3184
542,187,3186
543,187,3281
544,187,3039
545,187,3176
546,187,3243
547,187,2951
548,187,2260
549,187,1773
550,187,1664
551,187,1723
552,187,1609
553,187,1615
554,187,1567
555,187,1420
556,187,1425
557,187,1165
558,187,862
559,187,626
560,187,466
561,187,365
562,187,221
563,187,315
564,187,358
565,187,438
566,187,554
567,187,678
568,187,675
569,187,545
570,187,419
571,187,323
572,187,245
573,187,118
490,188,522
491,188,502
492,188,506
493,188,509
494,188,498
495,188,488
496,188,498
497,188,536
498,188,644
499,188,793
500,188,825
501,188,782
502,188,939
503,188,994
504,188,968
505,188,897
506,188,960
507,188,1181
508,188,1438
509,188,1799
510,188,2220
511,188,2502
512,188,2924
513,188,3516
514,188,3547
515,188,3946
516,188,4169
517,188,3650
518,188,3444
519,188,3714
520,188,3638
521,188,4507
522,188,4449
523,188,4295
524,188,4405
525,188,4686
526,188,5002
527,188,5347
528,188,5925
529,188,6099
530,188,6227
531,188,6340
532,188,6172
533,188,6091
534,188,5669
535,188,5349
536,188,5317
537,188,4679
538,188,4056
539,188,3629
540,188,3390
541,188,2790
542,188,2728
543,188,2789
544,188,2514
545,188,2539
546,188,2530
547,188,2335
548,188,1991
549,188,1635
550,188,1760
551,188,2099
552,188,1792
553,188,1701
554,188,1600
555,188,1361
556,188,1214
557,188,1011
558,188,779
559,188,587
560,188,454
561,188,366
562,188,321
563,188,322
564,188,363
565,188,443
566,188,562
567,188,688
568,188,686
569,188,557
570,188,430
571,188,332
572,188,250
573,188,118
490,189,539
491,189,566
492,189,586
493,189,607
494,189,595
495,189,580
496,189,594
497,189,587
498,189,658
499,189,796
500,189,817
501,189,735
502,189,779
503,189,805
504,189,794
505,189,796
506,189,896
507,189,1144
508,189,1407
509,189,1753
510,189,2105
511,189,2505
512,189,3177
513,189,3061
514,189,3247
515,189,3771
516,189,3338
517,189,3042
518,189,2970
519,189,3031
520,189,3169
521,189,3624
522,189,3652
523,189,3538
524,189,3486
525,189,3715
526,189,4133
527,189,4353
528,189,4618
529,189,4784
530,189,5202
531,189,5564
532,189,5192
533,189,5211
534,189,5327
535,189,4987
536,189,4791
537,189,4367
538,189,4146
539,189,3457
540,189,2842
541,189,2278
542,189,2100
543,189,1994
544,189,1936
545,189,1959
546,189,1847
547,189,1722
548,189,1552
549,189,1396
550,189,1534
551,189,1709
552,189,1766
553,189,1724
554,189,1506
555,189,1366
556,189,1125
557,189,886
558,189,708
559,189,570
560,189,478
561,189,405
562,189,355
563,189,337
564,189,361
565,189,421
566,189,505
567,189,579
568,189,578
569,189,502
570,189,408
571,189,323
572,189,244
573,189,118
490,190,688
491,190,644
492,190,660
493,190,715
494,190,706
495,190,676
496,190,720
497,190,647
498,190,599
499,190,667
500,190,681
501,190,648
502,190,654
503,190,681
504,190,709
505,190,780
506,190,1005
507,190,1328
508,190,1671
509,190,1923
510,190,2312
511,190,2297
512,190,2662
513,190,2903
514,190,2948
515,190,2920
516,190,2655
517,190,2483
518,190,2632
519,190,2767
520,190,2972
521,190,3241
522,190,3037
523,190,2924
524,190,3007
525,190,3475
526,190,3258
527,190,3526
528,190,3712
529,190,4210
530,190,4752
531,190,4694
532,190,4346
533,190,4515
534,190,4489
535,190,4317
536,190,4087
537,190,3592
538,190,3433
539,190,2987
540,190,2594
541,190,1967
542,190,1560
543,190,1401
544,190,1478
545,190,1488
546,190,1355
547,190,1232
548,190,1145
549,190,1094
550,190,1191
551,190,1305
552,190,1450
553,190,1482
554,190,1520
555,190,1436
556,190,1126
557,190,876
558,190,729
559,190,656
560,190,575
561,190,484
562,190,410
563,190,368
564,190,365
565,190,399
566,190,450
567,190,490
568,190,489
569,190,443
570,190,377
571,190,305
572,190,164
573,190,122
490,191,741
491,191,669
492,191,671
493,191,722
494,191,712
495,191,682
496,191,724
497,191,642
498,191,570
499,191,572
500,191,586
501,191,588
502,191,606
503,191,663
504,191,759
505,191,876
506,191,1118
507,191,1484
508,191,1921
509,191,2021
510,191,1991
511,191,2066
512,191,2523
513,191,2603
514,191,2404
515,191,2162
516,191,2073
517,191,2316
518,191,2384
519,191,2515
520,191,2859
521,191,3207
522,191,2864
523,191,2797
524,191,2694
525,191,3045
526,191,2839
527,191,3074
528,191,3560
529,191,3984
530,191,4107
531,191,4047
532,191,3890
533,191,4319
534,191,4126
535,191,3936
536,191,3399
537,191,3115
538,191,3098
539,191,2629
540,191,2275
541,191,1868
542,191,1366
543,191,1111
544,191,1174
545,191,1162
546,191,1012
547,191,907
548,191,837
549,191,826
550,191,890
551,191,987
552,191,1094
553,191,1154
554,191,1257
555,191,1221
556,191,1029
557,191,851
558,191,832
559,191,824
560,191,729
561,191,597
562,191,486
563,191,415
564,191,387
565,191,402
566,191,435
567,191,457
568,191,452
569,191,416
570,191,361
571,191,294
572,191,157
573,191,120
490,192,688
491,192,629
492,192,615
493,192,625
494,192,614
495,192,602
496,192,611
497,192,579
498,192,539
499,192,530
500,192,562
501,192,605
502,192,666
503,192,783
504,192,929
505,192,1064
506,192,1201
507,192,1495
508,192,1750
509,192,1801
510,192,1682
511,192,1813
512,192,2082
513,192,2097
514,192,1845
515,192,1671
516,192,1801
517,192,2168
518,192,2001
519,192,2315
520,192,2524
521,192,3015
522,192,2646
523,192,2388
524,192,2276
525,192,2722
526,192,2574
527,192,2832
528,192,3315
529,192,3765
530,192,3545
531,192,3529
532,192,3426
533,192,3686
534,192,3691
535,192,3398
536,192,2959
537,192,2785
538,192,2853
539,192,2434
540,192,1986
541,192,1673
542,192,1215
543,192,1118
544,192,992
545,192,961
546,192,794
547,192,693
548,192,633
549,192,623
550,192,666
551,192,738
552,192,815
553,192,888
554,192,963
555,192,960
556,192,885
557,192,854
558,192,947
559,192,1033
560,192,893
561,192,715
562,192,575
563,192,486
564,192,437
565,192,450
566,192,488
567,192,511
568,192,492
569,192,439
570,192,372
571,192,296
572,192,153
573,192,111
490,193,641
491,193,557
492,193,539
493,193,540
494,193,537
495,193,537
496,193,545
497,193,541
498,193,538
499,193,560
500,193,631
501,193,717
502,193,807
503,193,944
504,193,1156
505,193,1337
506,193,1366
507,193,1600
508,193,1951
509,193,1689
510,193,1508
511,193,1545
512,193,1633
513,193,1618
514,193,1431
515,193,1338
516,193,1462
517,193,1652
518,193,1682
519,193,1846
520,193,2029
521,193,2286
522,193,2128
523,193,1918
524,193,1970
525,193,2232
526,193,2417
527,193,2438
528,193,2762
529,193,3046
530,193,3214
531,193,3278
532,193,3037
533,193,3189
534,193,3495
535,193,3001
536,193,2569
537,193,2366
538,193,2348
539,193,2150
540,193,1827
541,193,1584
542,193,1218
543,193,1044
544,193,807
545,193,740
546,193,633
547,193,547
548,193,492
549,193,486
550,193,512
551,193,562
552,193,615
553,193,681
554,193,736
555,193,752
556,193,740
557,193,806
558,193,940
559,193,1054
560,193,946
561,193,814
562,193,690
563,193,569
564,193,497
565,193,517
566,193,579
567,193,616
568,193,574
569,193,488
570,193,396
571,193,305
572,193,153
573,193,104
490,194,322
491,194,423
492,194,465
493,194,490
494,194,507
495,194,526
496,194,545
497,194,566
498,194,604
499,194,656
500,194,753
501,194,884
502,194,997
503,194,1065
504,194,1311
505,194,1621
506,194,1446
507,194,1497
508,194,1622
509,194,1536
510,194,1490
511,194,1628
512,194,1620
513,194,1406
514,194,1170
515,194,1102
516,194,1201
517,194,1363
518,194,1471
519,194,1569
520,194,1582
521,194,1702
522,194,1629
523,194,1555
524,194,1740
525,194,2202
526,194,2395
527,194,2456
528,194,2567
529,194,2987
530,194,2831
531,194,3213
532,194,2923
533,194,2904
534,194,2948
535,194,2734
536,194,2528
537,194,2249
538,194,2329
539,194,2175
540,194,1667
541,194,1437
542,194,1170
543,194,820
544,194,665
545,194,570
546,194,484
547,194,422
548,194,363
549,194,375
550,194,396
551,194,437
552,194,481
553,194,531
554,194,576
555,194,603
556,194,633
557,194,706
558,194,808
559,194,886
560,194,911
561,194,941
562,194,795
563,194,637
564,194,545
565,194,575
566,194,668
567,194,741
568,194,655
569,194,528
570,194,413
571,194,310
572,194,153
573,194,102
490,195,158
491,195,243
492,195,423
493,195,485
494,195,541
495,195,596
496,195,636
497,195,662
498,195,733
499,195,803
500,195,884
501,195,1050
502,195,1206
503,195,1157
504,195,1216
505,195,1330
506,195,1297
507,195,1466
508,195,1527
509,195,1474
510,195,1575
511,195,1783
512,195,1744
513,195,1382
514,195,1092
515,195,970
516,195,1112
517,195,1391
518,195,1682
519,195,1726
520,195,1523
521,195,1343
522,195,1300
523,195,1454
524,195,1804
525,195,2080
526,195,2313
527,195,2356
528,195,2245
529,195,2458
530,195,2465
531,195,2770
532,195,2847
533,195,3021
534,195,2764
535,195,2784
536,195,2658
537,195,2220
538,195,2041
539,195,1848
540,195,1468
541,195,1226
542,195,1205
543,195,825
544,195,750
545,195,577
546,195,404
547,195,323
548,195,281
549,195,275
550,195,289
551,195,334
552,195,374
553,195,415
554,195,458
555,195,490
556,195,534
557,195,593
558,195,664
559,195,739
560,195,842
561,195,915
562,195,793
563,195,648
564,195,564
565,195,591
566,195,677
567,195,743
568,195,653
569,195,523
570,195,408
571,195,306
572,195,151
573,195,103
490,196,158
491,196,239
492,196,429
493,196,515
494,196,608
495,196,707
496,196,778
497,196,800
498,196,891
499,196,984
500,196,979
501,196,1077
502,196,1196
503,196,1095
504,196,1006
505,196,1044
506,196,1085
507,196,1218
508,196,1301
509,196,1555
510,196,1542
511,196,1743
512,196,1547
513,196,1260
514,196,1019
515,196,958
516,196,1133
517,196,1478
518,196,1905
519,196,1917
520,196,1523
521,196,1226
522,196,1157
523,196,1362
524,196,1757
525,196,2026
526,196,2218
527,196,2223
528,196,2135
529,196,2215
530,196,2195
531,196,2461
532,196,2570
533,196,2599
534,196,2553
535,196,2549
536,196,2516
537,196,2136
538,196,1730
539,196,1472
540,196,1204
541,196,1028
542,196,898
543,196,708
544,196,708
545,196,530
546,196,359
547,196,279
548,196,237
549,196,226
550,196,229
551,196,182
552,196,199
553,196,267
554,196,357
555,196,396
556,196,443
557,196,491
558,196,544
559,196,615
560,196,694
561,196,734
562,196,687
563,196,615
564,196,579
565,196,585
566,196,620
567,196,629
568,196,570
569,196,476
570,196,380
571,196,291
572,196,146
573,196,103
490,197,379
491,197,398
492,197,462
493,197,551
494,197,670
495,197,817
496,197,937
497,197,916
498,197,995
499,197,1161
500,197,1014
501,197,956
502,197,970
503,197,909
504,197,833
505,197,825
506,197,877
507,197,974
508,197,1115
509,197,1326
510,197,1585
511,197,1647
512,197,1361
513,197,1099
514,197,938
515,197,963
516,197,1090
517,197,1370
518,197,1626
519,197,1615
520,197,1340
521,197,1088
522,197,1029
523,197,1215
524,197,1500
525,197,1835
526,197,1925
527,197,1860
528,197,1766
529,197,1745
530,197,1798
531,197,2125
532,197,2234
533,197,2203
534,197,2170
535,197,2305
536,197,2419
537,197,2039
538,197,1571
539,197,1203
540,197,972
541,197,819
542,197,700
543,197,587
544,197,526
545,197,390
546,197,318
547,197,260
548,197,225
549,197,207
550,197,202
551,197,206
552,197,160
553,197,174
554,197,195
555,197,220
556,197,354
557,197,398
558,197,449
559,197,504
560,197,556
561,197,588
562,197,592
563,197,606
564,197,642
565,197,643
566,197,600
567,197,551
568,197,493
569,197,421
570,197,345
571,197,267
572,197,140
573,197,101
490,198,419
491,198,444
492,198,487
493,198,568
494,198,687
495,198,836
496,198,949
497,198,907
498,198,919
499,198,965
500,198,888
501,198,797
502,198,770
503,198,732
504,198,692
505,198,687
506,198,741
507,198,819
508,198,948
509,198,1144
510,198,1375
511,198,1608
512,198,1316
513,198,1066
514,198,984
515,198,1084
516,198,1201
517,198,1229
518,198,1279
519,198,1224
520,198,1064
521,198,914
522,198,892
523,198,1067
524,198,1371
525,198,1701
526,198,1737
527,198,1509
528,198,1412
529,198,1386
530,198,1598
531,198,1929
532,198,1998
533,198,1897
534,198,2081
535,198,2187
536,198,2386
537,198,1909
538,198,1430
539,198,1056
540,198,813
541,198,673
542,198,573
543,198,494
544,198,475
545,198,456
546,198,349
547,198,267
548,198,222
549,198,200
550,198,190
551,198,188
552,198,143
553,198,150
554,198,161
555,198,176
556,198,198
557,198,268
558,198,363
559,198,414
560,198,457
561,198,496
562,198,546
563,198,632
564,198,734
565,198,735
566,198,631
567,198,532
568,198,452
569,198,383
570,198,310
571,198,173
572,198,133
573,198,101
490,199,498
491,199,495
492,199,508
493,199,573
494,199,672
495,199,783
496,199,839
497,199,808
498,199,780
499,199,774
500,199,725
501,199,662
502,199,627
503,199,610
504,199,608
505,199,644
506,199,716
507,199,795
508,199,869
509,199,991
510,199,1155
511,199,1260
512,199,1154
513,199,1023
514,199,1046
515,199,1242
516,199,1425
517,199,1270
518,199,1067
519,199,915
520,199,821
521,199,759
522,199,803
523,199,975
524,199,1192
525,199,1406
526,199,1400
527,199,1249
528,199,1166
529,199,1309
530,199,1580
531,199,1692
532,199,1626
533,199,1670
534,199,1926
535,199,2043
536,199,2009
537,199,1705
538,199,1298
539,199,958
540,199,724
541,199,579
542,199,496
543,199,443
544,199,414
545,199,435
546,199,340
547,199,262
548,199,219
549,199,195
550,199,184
551,199,181
552,199,136
553,199,140
554,199,147
555,199,156
556,199,167
557,199,183
558,199,210
559,199,340
560,199,387
561,199,442
562,199,516
563,199,619
564,199,730
565,199,733
566,199,627
567,199,523
568,199,440
569,199,365
570,199,207
571,199,165
572,199,136
573,199,112
490,200,632
491,200,556
492,200,537
493,200,597
494,200,704
495,200,815
496,200,834
497,200,755
498,200,676
499,200,639
500,200,600
501,200,562
502,200,540
503,200,546
504,200,587
505,200,670
506,200,788
507,200,900
508,200,936
509,200,914
510,200,955
511,200,1007
512,200,1009
513,200,1034
514,200,1046
515,200,1244
516,200,1402
517,200,1206
518,200,950
519,200,759
520,200,656
521,200,665
522,200,791
523,200,1013
524,200,1250
525,200,1319
526,200,1187
527,200,1037
528,200,1038
529,200,1214
530,200,1473
531,200,1532
532,200,1404
533,200,1418
534,200,1611
535,200,1870
536,200,2094
537,200,1671
538,200,1244
539,200,910
540,200,684
541,200,543
542,200,455
543,200,370
544,200,332
545,200,329
546,200,310
547,200,258
548,200,220
549,200,197
550,200,185
551,200,181
552,200,134
553,200,138
554,200,142
555,200,148
556,200,155
557,200,163
558,200,176
559,200,201
560,200,333
561,200,396
562,200,468
563,200,551
564,200,622
565,200,629
566,200,573
567,200,501
568,200,432
569,200,362
570,200,210
571,200,175
572,200,148
573,200,112
490,201,726
491,201,589
492,201,550
493,201,608
494,201,725
495,201,865
496,201,872
497,201,743
498,201,633
499,201,562
500,201,525
501,201,504
502,201,501
503,201,530
504,201,596
505,201,709
506,201,873
507,201,1051
508,201,1064
509,201,927
510,201,846
511,201,899
512,201,1035
513,201,1163
514,201,1097
515,201,1095
516,201,1114
517,201,991
518,201,804
519,201,651
520,201,578
521,201,626
522,201,786
523,201,1042
524,201,1342
525,201,1368
526,201,1125
527,201,943
528,201,933
529,201,1069
530,201,1207
531,201,1256
532,201,1184
533,201,1200
534,201,1425
535,201,1719
536,201,1788
537,201,1504
538,201,1149
539,201,853
540,201,649
541,201,517
542,201,429
543,201,341
544,201,327
545,201,378
546,201,364
547,201,274
548,201,227
549,201,201
550,201,188
551,201,183
552,201,136
553,201,139
554,201,143
555,201,147
556,201,150
557,201,154
558,201,160
559,201,174
560,201,203
561,201,342
562,201,409
563,201,472
564,201,519
565,201,533
566,201,512
567,201,473
568,201,422
569,201,262
570,201,229
571,201,205
572,201,180
573,201,146
490,202,632
491,202,555
492,202,529
493,202,581
494,202,675
495,202,768
496,202,772
497,202,684
498,202,592
499,202,527
500,202,493
501,202,489
502,202,511
503,202,555
504,202,622
505,202,721
506,202,879
507,202,1046
508,202,1046
509,202,892
510,202,791
511,202,846
512,202,1009
513,202,1157
514,202,1081
515,202,963
516,202,900
517,202,794
518,202,668
519,202,565
520,202,533
521,202,604
522,202,760
523,202,959
524,202,1157
525,202,1153
526,202,982
527,202,847
528,202,901
529,202,1095
530,202,1276
531,202,1179
532,202,1049
533,202,1047
534,202,1239
535,202,1529
536,202,1795
537,202,1450
538,202,1095
539,202,814
540,202,623
541,202,499
542,202,414
543,202,328
544,202,308
545,202,323
546,202,310
547,202,262
548,202,225
549,202,203
550,202,191
551,202,186
552,202,139
553,202,142
554,202,145
555,202,148
556,202,149
557,202,150
558,202,152
559,202,159
560,202,174
561,202,205
562,202,343
563,202,399
564,202,437
565,202,458
566,202,461
567,202,447
568,202,306
569,202,293
570,202,281
571,202,262
572,202,234
573,202,201
490,203,508
491,203,492
492,203,486
493,203,527
494,203,590
495,203,644
496,203,650
497,203,607
498,203,553
499,203,512
500,203,494
501,203,512
502,203,556
503,203,617
504,203,689
505,203,764
506,203,824
507,203,884
508,203,870
509,203,778
510,203,712
511,203,765
512,203,899
513,203,1012
514,203,1067
515,203,962
516,203,814
517,203,678
518,203,581
519,203,507
520,203,512
521,203,599
522,203,768
523,203,986
524,203,1051
525,203,927
526,203,802
527,203,732
528,203,828
529,203,1030
530,203,1205
531,203,1092
532,203,954
533,203,923
534,203,1079
535,203,1295
536,203,1417
537,203,1257
538,203,991
539,203,759
540,203,593
541,203,480
542,203,399
543,203,313
544,203,283
545,203,277
546,203,265
547,203,243
548,203,220
549,203,203
550,203,193
551,203,189
552,203,140
553,203,143
554,203,146
555,203,149
556,203,149
557,203,148
558,203,147
559,203,149
560,203,157
561,203,173
562,203,200
563,203,326
564,203,363
565,203,392
566,203,416
567,203,318
568,203,486
569,203,516
570,203,519
571,203,490
572,203,421
573,203,207
490,204,453
491,204,435
492,204,429
493,204,464
494,204,508
495,204,547
496,204,561
497,204,553
498,204,537
499,204,528
500,204,527
501,204,557
502,204,627
503,204,719
504,204,789
505,204,862
506,204,851
507,204,776
508,204,711
509,204,661
510,204,633
511,204,692
512,204,837
513,204,1029
514,204,1211
515,204,1030
516,204,838
517,204,674
518,204,558
519,204,494
520,204,503
521,204,581
522,204,729
523,204,914
524,204,939
525,204,794
526,204,669
527,204,622
528,204,698
529,204,829
530,204,918
531,204,892
532,204,823
533,204,809
534,204,916
535,204,1057
536,204,1132
537,204,1060
538,204,874
539,204,704
540,204,567
541,204,467
542,204,389
543,204,305
544,204,273
545,204,261
546,204,250
547,204,234
548,204,217
549,204,204
550,204,195
551,204,141
552,204,141
553,204,143
554,204,146
555,204,147
556,204,146
557,204,145
558,204,143
559,204,143
560,204,145
561,204,153
562,204,166
563,204,186
564,204,207
565,204,232
566,204,274
567,204,467
568,204,553
569,204,612
570,204,633
571,204,604
572,204,538
573,204,473
490,205,413
491,205,368
492,205,256
493,205,391
494,205,434
495,205,481
496,205,514
497,205,545
498,205,572
499,205,587
500,205,586
501,205,608
502,205,694
503,205,824
504,205,929
505,205,906
506,205,842
507,205,718
508,205,630
509,205,578
510,205,577
511,205,653
512,205,797
513,205,978
514,205,1101
515,205,1029
516,205,889
517,205,721
518,205,585
519,205,506
520,205,503
521,205,557
522,205,650
523,205,737
524,205,739
525,205,654
526,205,565
527,205,521
528,205,567
529,205,643
530,205,702
531,205,717
532,205,693
533,205,713
534,205,793
535,205,915
536,205,1023
537,205,1037
538,205,911
539,205,734
540,205,582
541,205,474
542,205,393
543,205,318
544,205,290
545,205,276
546,205,260
547,205,241
548,205,223
549,205,208
550,205,147
551,205,143
552,205,141
553,205,142
554,205,143
555,205,144
556,205,143
557,205,140
558,205,138
559,205,137
560,205,138
561,205,141
562,205,148
563,205,160
564,205,178
565,205,210
566,205,269
567,205,492
568,205,602
569,205,690
570,205,730
571,205,695
572,205,613
573,205,510
490,206,167
491,206,198
492,206,207
493,206,229
494,206,263
495,206,441
496,206,508
497,206,576
498,206,643
499,206,681
500,206,664
501,206,648
502,206,713
503,206,834
504,206,930
505,206,851
506,206,756
507,206,654
508,206,574
509,206,533
510,206,549
511,206,635
512,206,785
513,206,987
514,206,1192
515,206,1150
516,206,975
517,206,770
518,206,615
519,206,530
520,206,524
521,206,566
522,206,617
523,206,643
524,206,627
525,206,562
526,206,495
527,206,457
528,206,475
529,206,534
530,206,610
531,206,666
532,206,681
533,206,693
534,206,760
535,206,899
536,206,1068
537,206,1171
538,206,1009
539,206,790
540,206,614
541,206,497
542,206,424
543,206,376
544,206,356
545,206,339
546,206,301
547,206,272
548,206,241
549,206,162
550,206,151
551,206,145
552,206,141
553,206,140
554,206,139
555,206,139
556,206,138
557,206,136
558,206,134
559,206,132
560,206,132
561,206,133
562,206,138
563,206,147
564,206,166
565,206,205
566,206,385
567,206,504
568,206,624
569,206,739
570,206,810
571,206,761
572,206,673
573,206,602
490,207,153
491,207,171
492,207,184
493,207,203
494,207,240
495,207,426
496,207,513
497,207,608
498,207,715
499,207,791
500,207,734
501,207,670
502,207,677
503,207,743
504,207,787
505,207,747
506,207,664
507,207,589
508,207,524
509,207,493
510,207,521
511,207,603
512,207,732
513,207,891
514,207,1020
515,207,1095
516,207,946
517,207,756
518,207,614
519,207,546
520,207,570
521,207,647
522,207,725
523,207,726
524,207,644
525,207,544
526,207,466
527,207,432
528,207,453
529,207,527
530,207,645
531,207,746
532,207,734
533,207,706
534,207,738
535,207,870
536,207,1045
537,207,1165
538,207,1022
539,207,818
540,207,644
541,207,545
542,207,476
543,207,439
544,207,426
545,207,410
546,207,380
547,207,338
548,207,206
549,207,175
550,207,157
551,207,147
552,207,141
553,207,138
554,207,136
555,207,134
556,207,133
557,207,131
558,207,129
559,207,127
560,207,127
561,207,128
562,207,131
563,207,139
564,207,157
565,207,196
566,207,374
567,207,485
568,207,602
569,207,718
570,207,793
571,207,751
572,207,676
573,207,622
490,208,149
491,208,161
492,208,174
493,208,193
494,208,229
495,208,412
496,208,504
497,208,602
498,208,712
499,208,787
500,208,725
501,208,645
502,208,609
503,208,634
504,208,653
505,208,632
506,208,580
507,208,520
508,208,466
509,208,440
510,208,483
511,208,555
512,208,649
513,208,752
514,208,847
515,208,878
516,208,798
517,208,672
518,208,573
519,208,543
520,208,602
521,208,724
522,208,865
523,208,862
524,208,711
525,208,569
526,208,472
527,208,429
528,208,447
529,208,532
530,208,688
531,208,888
532,208,779
533,208,708
534,208,706
535,208,800
536,208,928
537,208,1011
538,208,968
539,208,855
540,208,741
541,208,641
542,208,557
543,208,523
544,208,517
545,208,493
546,208,451
547,208,399
548,208,336
549,208,194
550,208,166
551,208,151
552,208,142
553,208,136
554,208,132
555,208,130
556,208,128
557,208,126
558,208,124
559,208,123
560,208,123
561,208,123
562,208,126
563,208,133
564,208,149
565,208,182
566,208,339
567,208,438
568,208,538
569,208,627
570,208,678
571,208,665
572,208,624
573,208,608
490,209,140
491,209,154
492,209,169
493,209,187
494,209,219
495,209,385
496,209,471
497,209,553
498,209,628
499,209,666
500,209,635
501,209,577
502,209,538
503,209,534
504,209,538
505,209,526
506,209,493
507,209,442
508,209,399
509,209,282
510,209,449
511,209,511
512,209,573
513,209,632
514,209,682
515,209,689
516,209,641
517,209,567
518,209,510
519,209,512
520,209,586
521,209,716
522,209,860
523,209,856
524,209,705
525,209,565
526,209,469
527,209,425
528,209,439
529,209,506
530,209,617
531,209,715
532,209,705
533,209,671
534,209,671
535,209,733
536,209,850
537,209,986
538,209,1068
539,209,963
540,209,895
541,209,770
542,209,653
543,209,631
544,209,640
545,209,596
546,209,523
547,209,449
548,209,373
549,209,208
550,209,173
551,209,154
552,209,143
553,209,135
554,209,130
555,209,126
556,209,124
557,209,122
558,209,120
559,209,119
560,209,119
561,209,120
562,209,123
563,209,129
564,209,140
565,209,163
566,209,206
567,209,370
568,209,454
569,209,519
570,209,554
571,209,550
572,209,522
573,209,514
490,210,132
491,210,151
492,210,167
493,210,182
494,210,204
495,210,244
496,210,418
497,210,482
498,210,531
499,210,550
500,210,532
501,210,493
502,210,457
503,210,435
504,210,429
505,210,420
506,210,397
507,210,258
508,210,248
509,210,269
510,210,441
511,210,497
512,210,541
513,210,571
514,210,579
515,210,567
516,210,527
517,210,477
518,210,442
519,210,458
520,210,523
521,210,619
522,210,702
523,210,699
524,210,612
525,210,515
526,210,445
527,210,417
528,210,435
529,210,485
530,210,550
531,210,604
532,210,617
533,210,623
534,210,640
535,210,700
536,210,808
537,210,948
538,210,1052
539,210,981
540,210,1050
541,210,851
542,210,712
543,210,724
544,210,776
545,210,691
546,210,578
547,210,482
548,210,395
549,210,245
550,210,178
551,210,156
552,210,143
553,210,134
554,210,128
555,210,123
556,210,121
557,210,119
558,210,117
559,210,116
560,210,117
561,210,118
562,210,121
563,210,126
564,210,135
565,210,150
566,210,176
567,210,214
568,210,362
569,210,409
570,210,431
571,210,423
572,210,374
573,210,174
490,211,116
491,211,151
492,211,169
493,211,180
494,211,193
495,211,216
496,211,357
497,211,402
498,211,436
499,211,448
500,211,435
501,211,400
502,211,364
503,211,236
504,211,227
505,211,223
506,211,218
507,211,214
508,211,232
509,211,396
510,211,465
511,211,526
512,211,579
513,211,607
514,211,582
515,211,528
516,211,470
517,211,416
518,211,377
519,211,390
520,211,442
521,211,507
522,211,551
523,211,545
524,211,497
525,211,441
526,211,401
527,211,402
528,211,457
529,211,518
530,211,571
531,211,611
532,211,603
533,211,606
534,211,621
535,211,662
536,211,744
537,211,834
538,211,878
539,211,869
540,211,875
541,211,774
542,211,673
543,211,713
544,211,774
545,211,694
546,211,583
547,211,488
548,211,401
549,211,247
550,211,179
551,211,156
552,211,141
553,211,132
554,211,125
555,211,121
556,211,118
557,211,116
558,211,115
559,211,114
560,211,115
561,211,116
562,211,119
563,211,124
564,211,132
565,211,145
566,211,159
567,211,177
568,211,199
569,211,216
570,211,224
571,211,221
572,211,200
573,211,156
490,212,149
491,212,168
492,212,178
493,212,183
494,212,185
495,212,189
496,212,205
497,212,223
498,212,333
499,212,346
500,212,335
501,212,216
502,212,196
503,212,179
504,212,174
505,212,173
506,212,174
507,212,182
508,212,220
509,212,426
510,212,499
511,212,580
512,212,680
513,212,745
514,212,671
515,212,557
516,212,468
517,212,395
518,212,218
519,212,301
520,212,364
521,212,419
522,212,442
523,212,425
524,212,393
525,212,361
526,212,332
527,212,365
528,212,515
529,212,610
530,212,655
531,212,713
532,212,624
533,212,610
534,212,612
535,212,611
536,212,681
537,212,736
538,212,721
539,212,720
540,212,698
541,212,635
542,212,577
543,212,598
544,212,630
545,212,606
546,212,539
547,212,469
548,212,398
549,212,210
550,212,176
551,212,152
552,212,136
553,212,128
554,212,123
555,212,119
556,212,117
557,212,115
558,212,112
559,212,112
560,212,113
561,212,114
562,212,117
563,212,123
564,212,129
565,212,147
566,212,156
567,212,158
568,212,165
569,212,171
570,212,175
571,212,175
572,212,167
573,212,153
490,213,193
491,213,196
492,213,194
493,213,192
494,213,182
495,213,163
496,213,165
497,213,168
498,213,153
499,213,164
500,213,168
501,213,156
502,213,147
503,213,137
504,213,136
505,213,138
506,213,138
507,213,142
508,213,180
509,213,499
510,213,524
511,213,628
512,213,829
513,213,1044
514,213,822
515,213,590
516,213,480
517,213,424
518,213,140
519,213,114
520,213,300
521,213,371
522,213,384
523,213,329
524,213,296
525,213,287
526,213,216
527,213,228
528,213,649
529,213,768
530,213,686
531,213,788
532,213,530
533,213,607
534,213,616
535,213,515
536,213,643
537,213,718
538,213,566
539,213,609
540,213,553
541,213,492
542,213,449
543,213,452
544,213,486
545,213,519
546,213,484
547,213,442
548,213,420
549,213,177
550,213,172
551,213,144
552,213,125
553,213,123
554,213,121
555,213,116
556,213,115
557,213,115
558,213,107
559,213,109
560,213,111
561,213,111
562,213,114
563,213,124
564,213,117
565,213,161
566,213,168
567,213,143
568,213,144
569,213,144
570,213,146
571,213,152
572,213,149
573,213,139
