xv,yv,rho
490,148,99
491,148,99
492,148,98
493,148,97
494,148,232
495,148,381
496,148,496
497,148,719
498,148,883
499,148,842
500,148,650
501,148,488
502,148,351
503,148,358
504,148,379
505,148,373
506,148,345
507,148,318
508,148,146
509,148,135
510,148,110
511,148,138
512,148,360
513,148,547
514,148,582
515,148,616
516,148,631
517,148,616
518,148,582
519,148,466
520,148,401
521,148,183
522,148,292
523,148,194
524,148,198
525,148,303
526,148,453
527,148,587
528,148,615
529,148,617
530,148,512
531,148,408
532,148,327
533,148,308
534,148,150
535,148,175
536,148,336
537,148,301
538,148,317
539,148,363
540,148,393
541,148,367
542,148,370
543,148,199
544,148,174
545,148,171
546,148,160
547,148,148
548,148,147
549,148,149
550,148,178
551,148,359
552,148,492
553,148,569
554,148,1024
555,148,1458
556,148,1053
557,148,838
558,148,745
559,148,731
560,148,493
561,148,453
562,148,425
563,148,194
564,148,193
565,148,278
566,148,278
567,148,277
568,148,213
569,148,209
570,148,207
571,148,188
572,148,173
573,148,174
490,149,147
491,149,134
492,149,136
493,149,158
494,149,290
495,149,409
496,149,542
497,149,712
498,149,862
499,149,855
500,149,708
501,149,575
502,149,491
503,149,488
504,149,490
505,149,465
506,149,419
507,149,371
508,149,314
509,149,295
510,149,287
511,149,320
512,149,421
513,149,545
514,149,643
515,149,725
516,149,760
517,149,723
518,149,638
519,149,528
520,149,440
521,149,360
522,149,351
523,149,342
524,149,393
525,149,522
526,149,709
527,149,889
528,149,911
529,149,785
530,149,621
531,149,487
532,149,400
533,149,361
534,149,321
535,149,333
536,149,381
537,149,413
538,149,455
539,149,488
540,149,488
541,149,452
542,149,408
543,149,337
544,149,219
545,149,188
546,149,172
547,149,167
548,149,172
549,149,191
550,149,234
551,149,405
552,149,518
553,149,639
554,149,848
555,149,992
556,149,883
557,149,752
558,149,653
559,149,574
560,149,456
561,149,390
562,149,264
563,149,217
564,149,215
565,149,242
566,149,250
567,149,246
568,149,225
569,149,217
570,149,213
571,149,206
572,149,201
573,149,206
490,150,179
491,150,161
492,150,163
493,150,188
494,150,316
495,150,420
496,150,537
497,150,668
498,150,776
499,150,782
500,150,699
501,150,617
502,150,595
503,150,621
504,150,634
505,150,587
506,150,513
507,150,452
508,150,422
509,150,406
510,150,397
511,150,412
512,150,481
513,150,593
514,150,731
515,150,872
516,150,943
517,150,870
518,150,725
519,150,584
520,150,482
521,150,423
522,150,411
523,150,434
524,150,510
525,150,656
526,150,874
527,150,1121
528,150,1141
529,150,927
530,150,719
531,150,560
532,150,466
533,150,431
534,150,415
535,150,419
536,150,464
537,150,535
538,150,616
539,150,661
540,150,633
541,150,557
542,150,474
543,150,397
544,150,326
545,150,208
546,150,186
547,150,185
548,150,201
549,150,234
550,150,283
551,150,453
552,150,542
553,150,627
554,150,719
555,150,766
556,150,721
557,150,639
558,150,552
559,150,462
560,150,294
561,150,253
562,150,226
563,150,212
564,150,215
565,150,227
566,150,233
567,150,233
568,150,227
569,150,224
570,150,223
571,150,223
572,150,222
573,150,211
490,151,182
491,151,179
492,151,185
493,151,210
494,151,258
495,151,413
496,151,507
497,151,602
498,151,674
499,151,688
500,151,653
501,151,629
502,151,669
503,151,754
504,151,808
505,151,728
506,151,617
507,151,551
508,151,547
509,151,537
510,151,513
511,151,506
512,151,553
513,151,657
514,151,818
515,151,1019
516,151,1154
517,151,1012
518,151,799
519,151,625
520,151,516
521,151,471
522,151,471
523,151,496
524,151,565
525,151,695
526,151,885
527,151,1084
528,151,1134
529,151,998
530,151,824
531,151,662
532,151,567
533,151,545
534,151,534
535,151,525
536,151,569
537,151,677
538,151,815
539,151,891
540,151,819
541,151,675
542,151,542
543,151,440
544,151,357
545,151,223
546,151,200
547,151,208
548,151,244
549,151,378
550,151,452
551,151,529
552,151,588
553,151,625
554,151,651
555,151,648
556,151,606
557,151,537
558,151,453
559,151,291
560,151,243
561,151,218
562,151,207
563,151,204
564,151,210
565,151,218
566,151,225
567,151,229
568,151,230
569,151,232
570,151,238
571,151,247
572,151,256
573,151,259
490,152,187
491,152,202
492,152,219
493,152,318
494,152,365
495,152,422
496,152,489
497,152,561
498,152,616
499,152,631
500,152,616
501,152,625
502,152,697
503,152,828
504,152,969
505,152,821
506,152,698
507,152,679
508,152,717
509,152,715
510,152,666
511,152,634
512,152,676
513,152,738
514,152,863
515,152,1042
516,152,1168
517,152,1022
518,152,808
519,152,638
520,152,546
521,152,534
522,152,554
523,152,578
524,152,614
525,152,702
526,152,853
527,152,1067
528,152,1232
529,152,1192
530,152,980
531,152,791
532,152,719
533,152,728
534,152,722
535,152,689
536,152,694
537,152,810
538,152,1001
539,152,1140
540,152,987
541,152,765
542,152,586
543,152,462
544,152,371
545,152,232
546,152,215
547,152,241
548,152,374
549,152,458
550,152,546
551,152,628
552,152,679
553,152,682
554,152,652
555,152,598
556,152,536
557,152,455
558,152,292
559,152,242
560,152,214
561,152,200
562,152,196
563,152,198
564,152,205
565,152,214
566,152,222
567,152,229
568,152,235
569,152,243
570,152,257
571,152,278
572,152,299
573,152,297
490,153,377
491,153,254
492,153,335
493,153,375
494,153,415
495,153,456
496,153,511
497,153,586
498,153,650
499,153,662
500,153,629
501,153,608
502,153,658
503,153,753
504,153,820
505,153,767
506,153,717
507,153,799
508,153,922
509,153,940
510,153,857
511,153,818
512,153,867
513,153,894
514,153,898
515,153,972
516,153,1017
517,153,928
518,153,773
519,153,645
520,153,604
521,153,641
522,153,696
523,153,723
524,153,731
525,153,778
526,153,890
527,153,1107
528,153,1363
529,153,1352
530,153,1088
531,153,908
532,153,919
533,153,999
534,153,1003
535,153,921
536,153,850
537,153,894
538,153,1037
539,153,1151
540,153,986
541,153,760
542,153,579
543,153,457
544,153,370
545,153,237
546,153,233
547,153,353
548,153,434
549,153,532
550,153,647
551,153,759
552,153,821
553,153,791
554,153,706
555,153,608
556,153,510
557,153,321
558,153,255
559,153,217
560,153,198
561,153,190
562,153,189
563,153,193
564,153,200
565,153,210
566,153,221
567,153,230
568,153,240
569,153,254
570,153,278
571,153,318
572,153,371
573,153,397
490,154,416
491,154,357
492,154,380
493,154,431
494,154,483
495,154,518
496,154,558
497,154,645
498,154,739
499,154,748
500,154,672
501,154,603
502,154,595
503,154,634
504,154,665
505,154,663
506,154,705
507,154,858
508,154,1073
509,154,1127
510,154,1040
511,154,1017
512,154,1113
513,154,1119
514,154,1028
515,154,994
516,154,1004
517,154,929
518,154,799
519,154,696
520,154,704
521,154,802
522,154,920
523,154,959
524,154,948
525,154,949
526,154,948
527,154,1065
528,154,1222
529,154,1221
530,154,1069
531,154,989
532,154,1138
533,154,1343
534,154,1370
535,154,1222
536,154,1105
537,154,971
538,154,942
539,154,931
540,154,820
541,154,660
542,154,523
543,154,425
544,154,354
545,154,238
546,154,252
547,154,392
548,154,483
549,154,602
550,154,755
551,154,921
552,154,1017
553,154,934
554,154,781
555,154,637
556,154,518
557,154,409
558,154,248
559,154,208
560,154,190
561,154,184
562,154,184
563,154,188
564,154,196
565,154,207
566,154,219
567,154,231
568,154,243
569,154,260
570,154,291
571,154,353
572,154,477
573,154,751
490,155,260
491,155,327
492,155,402
493,155,492
494,155,575
495,155,608
496,155,612
497,155,690
498,155,816
499,155,828
500,155,714
501,155,614
502,155,555
503,155,548
504,155,555
505,155,570
506,155,648
507,155,797
508,155,982
509,155,1102
510,155,1228
511,155,1174
512,155,1295
513,155,1297
514,155,1159
515,155,1198
516,155,1257
517,155,1157
518,155,979
519,155,840
520,155,837
521,155,983
522,155,1190
523,155,1248
524,155,1239
525,155,1210
526,155,1096
527,155,1060
528,155,1110
529,155,1112
530,155,1058
531,155,1089
532,155,1316
533,155,1641
534,155,1698
535,155,1554
536,155,1415
537,155,1135
538,155,883
539,155,751
540,155,643
541,155,537
542,155,446
543,155,378
544,155,326
545,155,238
546,155,349
547,155,430
548,155,535
549,155,679
550,155,856
551,155,1064
552,155,1230
553,155,1045
554,155,834
555,155,653
556,155,522
557,155,413
558,155,246
559,155,205
560,155,187
561,155,180
562,155,180
563,155,184
564,155,192
565,155,203
566,155,215
567,155,227
568,155,239
569,155,254
570,155,281
571,155,334
572,155,441
573,155,685
490,156,208
491,156,300
492,156,410
493,156,542
494,156,672
495,156,701
496,156,651
497,156,670
498,156,756
499,156,789
500,156,736
501,156,663
502,156,582
503,156,529
504,156,509
505,156,520
506,156,577
507,156,687
508,156,838
509,156,1035
510,156,1190
511,156,1131
512,156,1164
513,156,1182
514,156,1173
515,156,1394
516,156,1591
517,156,1442
518,156,1218
519,156,1052
520,156,980
521,156,1116
522,156,1323
523,156,1389
524,156,1481
525,156,1461
526,156,1297
527,156,1282
528,156,1269
529,156,1280
530,156,1265
531,156,1243
532,156,1427
533,156,1676
534,156,1746
535,156,1787
536,156,1638
537,156,1224
538,156,880
539,156,646
540,156,517
541,156,435
542,156,375
543,156,326
544,156,231
545,156,236
546,156,368
547,156,458
548,156,581
549,156,757
550,156,975
551,156,1151
552,156,1148
553,156,1051
554,156,847
555,156,663
556,156,524
557,156,412
558,156,244
559,156,202
560,156,183
561,156,176
562,156,175
563,156,179
564,156,186
565,156,197
566,156,209
567,156,219
568,156,229
569,156,239
570,156,252
571,156,269
572,156,274
573,156,180
490,157,138
491,157,265
492,157,393
493,157,534
494,157,667
495,157,692
496,157,630
497,157,615
498,157,688
499,157,798
500,157,851
501,157,768
502,157,654
503,157,579
504,157,547
505,157,528
506,157,537
507,157,598
508,157,712
509,157,848
510,157,937
511,157,929
512,157,945
513,157,999
514,157,1132
515,157,1413
516,157,1673
517,157,1626
518,157,1531
519,157,1335
520,157,1193
521,157,1292
522,157,1446
523,157,1433
524,157,1506
525,157,1509
526,157,1553
527,157,1678
528,157,1646
529,157,1698
530,157,1689
531,157,1605
532,157,1718
533,157,1969
534,157,1962
535,157,1710
536,157,1477
537,157,1124
538,157,807
539,157,583
540,157,444
541,157,370
542,157,323
543,157,233
544,157,227
545,157,251
546,157,392
547,157,483
548,157,610
549,157,798
550,157,1051
551,157,1309
552,157,1146
553,157,1042
554,157,841
555,157,656
556,157,516
557,157,405
558,157,240
559,157,198
560,157,179
561,157,172
562,157,170
563,157,173
564,157,180
565,157,189
566,157,199
567,157,208
568,157,215
569,157,220
570,157,224
571,157,224
572,157,209
573,157,158
490,158,103
491,158,234
492,158,356
493,158,471
494,158,561
495,158,584
496,158,560
497,158,564
498,158,671
499,158,833
500,158,996
501,158,855
502,158,737
503,158,693
504,158,660
505,158,607
506,158,563
507,158,564
508,158,615
509,158,682
510,158,730
511,158,750
512,158,811
513,158,909
514,158,1038
515,158,1275
516,158,1539
517,158,1867
518,158,1884
519,158,1647
520,158,1485
521,158,1547
522,158,1683
523,158,1671
524,158,1754
525,158,1686
526,158,1830
527,158,2153
528,158,2068
529,158,2212
530,158,2217
531,158,2030
532,158,2073
533,158,2233
534,158,2117
535,158,1659
536,158,1257
537,158,946
538,158,694
539,158,517
540,158,408
541,158,343
542,158,245
543,158,319
544,158,344
545,158,387
546,158,452
547,158,524
548,158,629
549,158,776
550,158,966
551,158,1118
552,158,1093
553,158,1017
554,158,832
555,158,649
556,158,508
557,158,397
558,158,235
559,158,193
560,158,175
561,158,167
562,158,165
563,158,167
564,158,172
565,158,179
566,158,187
567,158,194
568,158,199
569,158,202
570,158,201
571,158,197
572,158,185
573,158,164
490,159,59
491,159,211
492,159,319
493,159,405
494,159,464
495,159,485
496,159,486
497,159,518
498,159,614
499,159,746
500,159,844
501,159,820
502,159,810
503,159,858
504,159,841
505,159,746
506,159,657
507,159,614
508,159,597
509,159,608
510,159,633
511,159,709
512,159,831
513,159,988
514,159,1103
515,159,1214
516,159,1508
517,159,1874
518,159,1986
519,159,1914
520,159,2034
521,159,2011
522,159,2204
523,159,2252
524,159,2306
525,159,2131
526,159,1993
527,159,2130
528,159,2473
529,159,2527
530,159,2590
531,159,2495
532,159,2596
533,159,2279
534,159,1976
535,159,1535
536,159,1123
537,159,807
538,159,606
539,159,478
540,159,404
541,159,364
542,159,354
543,159,381
544,159,428
545,159,486
546,159,561
547,159,639
548,159,708
549,159,771
550,159,877
551,159,1003
552,159,1125
553,159,1069
554,159,846
555,159,646
556,159,499
557,159,388
558,159,229
559,159,188
560,159,170
561,159,162
562,159,160
563,159,161
564,159,165
565,159,171
566,159,176
567,159,182
568,159,185
569,159,187
570,159,186
571,159,181
572,159,173
573,159,161
490,160,98
491,160,169
492,160,296
493,160,363
494,160,404
495,160,421
496,160,431
497,160,467
498,160,537
499,160,626
500,160,701
501,160,754
502,160,882
503,160,1040
504,160,1049
505,160,916
506,160,830
507,160,758
508,160,703
509,160,663
510,160,674
511,160,758
512,160,932
513,160,1180
514,160,1271
515,160,1231
516,160,1361
517,160,1629
518,160,1861
519,160,2249
520,160,2605
521,160,2518
522,160,2548
523,160,2589
524,160,2939
525,160,2579
526,160,2329
527,160,2196
528,160,2295
529,160,2457
530,160,2767
531,160,2909
532,160,2904
533,160,2488
534,160,1931
535,160,1457
536,160,1061
537,160,769
538,160,592
539,160,503
540,160,466
541,160,441
542,160,434
543,160,474
544,160,550
545,160,646
546,160,745
547,160,850
548,160,910
549,160,905
550,160,904
551,160,1019
552,160,1113
553,160,1014
554,160,816
555,160,627
556,160,486
557,160,378
558,160,224
559,160,184
560,160,166
561,160,159
562,160,158
563,160,159
564,160,162
565,160,165
566,160,169
567,160,172
568,160,175
569,160,176
570,160,176
571,160,173
572,160,166
573,160,163
490,161,171
491,161,191
492,161,234
493,161,351
494,161,383
495,161,396
496,161,406
497,161,432
498,161,478
499,161,538
500,161,608
501,161,715
502,161,881
503,161,1071
504,161,1120
505,161,1091
506,161,1066
507,161,985
508,161,909
509,161,823
510,161,794
511,161,854
512,161,1011
513,161,1250
514,161,1338
515,161,1260
516,161,1300
517,161,1523
518,161,1813
519,161,2309
520,161,2784
521,161,2892
522,161,2939
523,161,2789
524,161,2897
525,161,3102
526,161,2782
527,161,2510
528,161,2351
529,161,2522
530,161,2932
531,161,3447
532,161,3245
533,161,2793
534,161,2169
535,161,1631
536,161,1169
537,161,843
538,161,705
539,161,651
540,161,620
541,161,585
542,161,564
543,161,612
544,161,728
545,161,882
546,161,1018
547,161,1166
548,161,1236
549,161,1141
550,161,1008
551,161,1095
552,161,1260
553,161,1051
554,161,819
555,161,625
556,161,485
557,161,379
558,161,229
559,161,188
560,161,169
561,161,164
562,161,164
563,161,165
564,161,167
565,161,169
566,161,170
567,161,170
568,161,171
569,161,173
570,161,174
571,161,172
572,161,160
573,161,128
490,162,190
491,162,223
492,162,336
493,162,381
494,162,405
495,162,416
496,162,423
497,162,437
498,162,465
499,162,504
500,162,567
501,162,671
502,162,814
503,162,966
504,162,1084
505,162,1246
506,162,1307
507,162,1299
508,162,1182
509,162,1056
510,162,1031
511,162,1013
512,162,1089
513,162,1257
514,162,1492
515,162,1517
516,162,1441
517,162,1657
518,162,1889
519,162,2181
520,162,2770
521,162,3368
522,162,3126
523,162,2974
524,162,3198
525,162,3373
526,162,3159
527,162,3125
528,162,2917
529,162,2813
530,162,3000
531,162,3359
532,162,3809
533,162,3322
534,162,2588
535,162,1895
536,162,1373
537,162,1071
538,162,956
539,162,927
540,162,891
541,162,823
542,162,769
543,162,811
544,162,968
545,162,1200
546,162,1423
547,162,1538
548,162,1631
549,162,1386
550,162,1128
551,162,1062
552,162,1111
553,162,1015
554,162,833
555,162,652
556,162,517
557,162,411
558,162,328
559,162,213
560,162,192
561,162,187
562,162,189
563,162,192
564,162,193
565,162,192
566,162,187
567,162,179
568,162,176
569,162,179
570,162,187
571,162,192
572,162,180
573,162,122
490,163,195
491,163,333
492,163,393
493,163,439
494,163,467
495,163,476
496,163,481
497,163,489
498,163,508
499,163,535
500,163,577
501,163,657
502,163,776
503,163,923
504,163,1088
505,163,1262
506,163,1398
507,163,1612
508,163,1410
509,163,1337
510,163,1365
511,163,1310
512,163,1330
513,163,1530
514,163,1852
515,163,1882
516,163,1678
517,163,1901
518,163,2092
519,163,2266
520,163,2669
521,163,3192
522,163,3245
523,163,3225
524,163,3738
525,163,3718
526,163,3728
527,163,3886
528,163,3594
529,163,3318
530,163,3386
531,163,3528
532,163,3789
533,163,3580
534,163,2868
535,163,2151
536,163,1639
537,163,1436
538,163,1367
539,163,1362
540,163,1304
541,163,1170
542,163,1058
543,163,1107
544,163,1271
545,163,1551
546,163,1842
547,163,1866
548,163,1735
549,163,1428
550,163,1138
551,163,1013
552,163,1082
553,163,1096
554,163,957
555,163,755
556,163,580
557,163,455
558,163,374
559,163,317
560,163,298
561,163,303
562,163,310
563,163,317
564,163,318
565,163,310
566,163,290
567,163,207
568,163,194
569,163,198
570,163,220
571,163,249
572,163,259
573,163,171
490,164,375
491,164,396
492,164,455
493,164,520
494,164,568
495,164,578
496,164,579
497,164,591
498,164,612
499,164,628
500,164,653
501,164,719
502,164,843
503,164,1002
504,164,1207
505,164,1388
506,164,1385
507,164,1466
508,164,1441
509,164,1568
510,164,1732
511,164,1642
512,164,1666
513,164,1764
514,164,2026
515,164,2141
516,164,1984
517,164,2033
518,164,2288
519,164,2445
520,164,2885
521,164,3332
522,164,3413
523,164,3248
524,164,3686
525,164,3887
526,164,3889
527,164,4084
528,164,3970
529,164,3749
530,164,3996
531,164,4133
532,164,4293
533,164,4112
534,164,3306
535,164,2541
536,164,2045
537,164,1968
538,164,1993
539,164,1961
540,164,1859
541,164,1614
542,164,1426
543,164,1487
544,164,1717
545,164,1923
546,164,2026
547,164,1911
548,164,1543
549,164,1283
550,164,1084
551,164,1054
552,164,1197
553,164,1309
554,164,1118
555,164,856
556,164,642
557,164,500
558,164,419
559,164,388
560,164,376
561,164,374
562,164,389
563,164,405
564,164,404
565,164,385
566,164,355
567,164,320
568,164,231
569,164,234
570,164,279
571,164,366
572,164,480
573,164,779
490,165,325
491,165,414
492,165,510
493,165,617
494,165,706
495,165,722
496,165,701
497,165,735
498,165,770
499,165,772
500,165,786
501,165,833
502,165,966
503,165,1146
504,165,1268
505,165,1404
506,165,1374
507,165,1390
508,165,1457
509,165,1621
510,165,1807
511,165,1877
512,165,1949
513,165,2140
514,165,2510
515,165,2723
516,165,2420
517,165,2339
518,165,2506
519,165,2925
520,165,3343
521,165,3812
522,165,3865
523,165,3487
524,165,3608
525,165,4092
526,165,3925
527,165,4279
528,165,4618
529,165,4324
530,165,4329
531,165,4513
532,165,4643
533,165,4475
534,165,3737
535,165,2999
536,165,2595
537,165,2631
538,165,2744
539,165,2629
540,165,2472
541,165,2088
542,165,1857
543,165,1930
544,165,2212
545,165,2428
546,165,2170
547,165,1788
548,165,1449
549,165,1189
550,165,1072
551,165,1102
552,165,1230
553,165,1329
554,165,1141
555,165,888
556,165,681
557,165,546
558,165,488
559,165,474
560,165,468
561,165,464
562,165,492
563,165,522
564,165,519
565,165,479
566,165,427
567,165,383
568,165,344
569,165,281
570,165,359
571,165,663
572,165,958
573,165,1461
490,166,332
491,166,431
492,166,551
493,166,700
494,166,848
495,166,869
496,166,788
497,166,826
498,166,893
499,166,939
500,166,979
501,166,966
502,166,1065
503,166,1263
504,166,1329
505,166,1287
506,166,1363
507,166,1561
508,166,1616
509,166,1562
510,166,1618
511,166,1746
512,166,1909
513,166,2255
514,166,2674
515,166,2891
516,166,2779
517,166,2981
518,166,3084
519,166,3226
520,166,3742
521,166,4127
522,166,4179
523,166,3875
524,166,3830
525,166,4116
526,166,4106
527,166,4480
528,166,4954
529,166,4678
530,166,4515
531,166,4845
532,166,4928
533,166,4795
534,166,4239
535,166,3551
536,166,3282
537,166,3326
538,166,3537
539,166,3061
540,166,2862
541,166,2522
542,166,2445
543,166,2515
544,166,2702
545,166,2673
546,166,2324
547,166,1868
548,166,1500
549,166,1292
550,166,1268
551,166,1252
552,166,1199
553,166,1162
554,166,1043
555,166,879
556,166,726
557,166,617
558,166,593
559,166,607
560,166,607
561,166,590
562,166,627
563,166,682
564,166,675
565,166,597
566,166,507
567,166,441
568,166,405
569,166,323
570,166,424
571,166,786
572,166,1105
573,166,1506
490,167,332
491,167,432
492,167,554
493,167,706
494,167,859
495,167,887
496,167,813
497,167,836
498,167,955
499,167,1145
500,167,1180
501,167,1080
502,167,1074
503,167,1178
504,167,1219
505,167,1222
506,167,1427
507,167,1736
508,167,1805
509,167,1652
510,167,1584
511,167,1672
512,167,1881
513,167,2242
514,167,2667
515,167,3030
516,167,3053
517,167,3524
518,167,3664
519,167,3856
520,167,4024
521,167,4521
522,167,4881
523,167,4422
524,167,4311
525,167,4477
526,167,4466
527,167,5011
528,167,5875
529,167,5299
530,167,5066
531,167,5260
532,167,5422
533,167,5349
534,167,5124
535,167,4348
536,167,4001
537,167,4146
538,167,3685
539,167,3419
540,167,3345
541,167,3112
542,167,3140
543,167,3033
544,167,3314
545,167,2844
546,167,2568
547,167,2144
548,167,1712
549,167,1518
550,167,1579
551,167,1533
552,167,1313
553,167,1101
554,167,1030
555,167,977
556,167,865
557,167,754
558,167,741
559,167,792
560,167,795
561,167,748
562,167,768
563,167,858
564,167,846
565,167,711
566,167,580
567,167,490
568,167,443
569,167,356
570,167,602
571,167,848
572,167,1161
573,167,1521
490,168,337
491,168,415
492,168,519
493,168,638
494,168,742
495,168,776
496,168,764
497,168,817
498,168,987
499,168,1190
500,168,1239
501,168,1136
502,168,1068
503,168,1109
504,168,1138
505,168,1172
506,168,1379
507,168,1626
508,168,1779
509,168,1872
510,168,1884
511,168,1905
512,168,2219
513,168,2546
514,168,2791
515,168,3219
516,168,3268
517,168,3739
518,168,3868
519,168,4236
520,168,4476
521,168,5264
522,168,4968
523,168,5049
524,168,5136
525,168,5151
526,168,4910
527,168,5209
528,168,5637
529,168,5743
530,168,6000
531,168,5910
532,168,5840
533,168,5697
534,168,5549
535,168,5210
536,168,4832
537,168,4424
538,168,4166
539,168,4220
540,168,4124
541,168,3678
542,168,3866
543,168,3340
544,168,3066
545,168,2820
546,168,2963
547,168,2354
548,168,1852
549,168,1665
550,168,1814
551,168,1755
552,168,1413
553,168,1155
554,168,1167
555,168,1204
556,168,1061
557,168,898
558,168,881
559,168,984
560,168,986
561,168,876
562,168,846
563,168,922
564,168,906
565,168,767
566,168,628
567,168,524
568,168,463
569,168,365
570,168,609
571,168,838
572,168,1166
573,168,1702
490,169,320
491,169,381
492,169,468
493,169,559
494,169,634
495,169,674
496,169,700
497,169,784
498,169,939
499,169,1114
500,169,1218
501,169,1232
502,169,1185
503,169,1242
504,169,1269
505,169,1273
506,169,1389
507,169,1606
508,169,1936
509,169,2185
510,169,2315
511,169,2280
512,169,2626
513,169,3039
514,169,3068
515,169,3268
516,169,3707
517,169,4327
518,169,4243
519,169,4647
520,169,4362
521,169,4783
522,169,5491
523,169,5703
524,169,5949
525,169,5705
526,169,5717
527,169,5970
528,169,6265
529,169,6638
530,169,7026
531,169,6362
532,169,6027
533,169,6010
534,169,5983
535,169,5939
536,169,5733
537,169,5432
538,169,4958
539,169,5071
540,169,4585
541,169,4000
542,169,3870
543,169,3552
544,169,2970
545,169,2629
546,169,2550
547,169,2201
548,169,1799
549,169,1608
550,169,1654
551,169,1583
552,169,1345
553,169,1177
554,169,1274
555,169,1454
556,169,1192
557,169,971
558,169,921
559,169,1016
560,169,1020
561,169,910
562,169,850
563,169,881
564,169,866
565,169,774
566,169,655
567,169,547
568,169,466
569,169,352
570,169,554
571,169,732
572,169,962
573,169,1270
490,170,145
491,170,318
492,170,421
493,170,506
494,170,574
495,170,621
496,170,666
497,170,763
498,170,929
499,170,1152
500,170,1377
501,170,1427
502,170,1362
503,170,1501
504,170,1543
505,170,1520
506,170,1630
507,170,1677
508,170,1910
509,170,2296
510,170,2710
511,170,2513
512,170,2760
513,170,3185
514,170,3325
515,170,3775
516,170,3923
517,170,3911
518,170,3872
519,170,3980
520,170,3955
521,170,4395
522,170,5078
523,170,5578
524,170,6464
525,170,6430
526,170,6531
527,170,6786
528,170,7027
529,170,7760
530,170,7125
531,170,6729
532,170,6632
533,170,6778
534,170,6507
535,170,6580
536,170,5995
537,170,5693
538,170,5187
539,170,4831
540,170,4609
541,170,4272
542,170,3985
543,170,3406
544,170,2893
545,170,2506
546,170,2353
547,170,2076
548,170,1756
549,170,1541
550,170,1478
551,170,1377
552,170,1218
553,170,1123
554,170,1191
555,170,1246
556,170,1105
557,170,930
558,170,861
559,170,901
560,170,915
561,170,877
562,170,849
563,170,867
564,170,861
565,170,798
566,170,693
567,170,573
568,170,365
569,170,324
570,170,364
571,170,574
572,170,678
573,170,698
490,171,140
491,171,222
492,171,388
493,171,482
494,171,566
495,171,625
496,171,684
497,171,779
498,171,934
499,171,1154
500,171,1394
501,171,1470
502,171,1471
503,171,1696
504,171,1764
505,171,1778
506,171,1950
507,171,1837
508,171,1834
509,171,2181
510,171,2463
511,171,2461
512,171,2656
513,171,3075
514,171,3748
515,171,4050
516,171,4046
517,171,3747
518,171,3532
519,171,3487
520,171,3537
521,171,4004
522,171,4709
523,171,5659
524,171,6595
525,171,6844
526,171,7008
527,171,7427
528,171,7348
529,171,7748
530,171,7740
531,171,7626
532,171,7522
533,171,7487
534,171,6819
535,171,6928
536,171,6174
537,171,5820
538,171,5394
539,171,4949
540,171,4901
541,171,4330
542,171,3937
543,171,3449
544,171,3102
545,171,2781
546,171,2717
547,171,2375
548,171,2017
549,171,1749
550,171,1570
551,171,1374
552,171,1203
553,171,1110
554,171,1116
555,171,1096
556,171,992
557,171,875
558,171,814
559,171,829
560,171,859
561,171,879
562,171,900
563,171,920
564,171,928
565,171,878
566,171,771
567,171,636
568,171,502
569,171,320
570,171,303
571,171,433
572,171,476
573,171,466
490,172,136
491,172,212
492,172,296
493,172,388
494,172,606
495,172,683
496,172,738
497,172,815
498,172,932
499,172,1098
500,172,1271
501,172,1352
502,172,1381
503,172,1526
504,172,1601
505,172,1735
506,172,1932
507,172,1829
508,172,1849
509,172,2286
510,172,2615
511,172,2592
512,172,2807
513,172,3353
514,172,3956
515,172,4653
516,172,4305
517,172,4110
518,172,3781
519,172,3548
520,172,3543
521,172,4070
522,172,4914
523,172,5914
524,172,6815
525,172,7292
526,172,7665
527,172,7982
528,172,8115
529,172,7969
530,172,8341
531,172,8083
532,172,7865
533,172,7462
534,172,6924
535,172,6793
536,172,6273
537,172,6232
538,172,5590
539,172,5190
540,172,5094
541,172,4530
542,172,4358
543,172,3839
544,172,3536
545,172,3083
546,172,3249
547,172,2679
548,172,2394
549,172,2152
550,172,1885
551,172,1597
552,172,1407
553,172,1286
554,172,1251
555,172,1154
556,172,1011
557,172,940
558,172,897
559,172,889
560,172,937
561,172,999
562,172,1027
563,172,1040
564,172,1057
565,172,1004
566,172,872
567,172,705
568,172,546
569,172,417
570,172,262
571,172,251
572,172,325
573,172,302
490,173,138
491,173,232
492,173,338
493,173,579
494,173,709
495,173,796
496,173,848
497,173,899
498,173,984
499,173,1111
500,173,1291
501,173,1425
502,173,1337
503,173,1271
504,173,1308
505,173,1439
506,173,1567
507,173,1620
508,173,1889
509,173,2427
510,173,3030
511,173,2777
512,173,2960
513,173,3590
514,173,4038
515,173,4642
516,173,4777
517,173,4763
518,173,4427
519,173,4204
520,173,4219
521,173,4713
522,173,5393
523,173,6439
524,173,7535
525,173,7793
526,173,8095
527,173,8833
528,173,8527
529,173,8307
530,173,8406
531,173,8532
532,173,8323
533,173,7904
534,173,7288
535,173,7084
536,173,6848
537,173,6744
538,173,6077
539,173,5792
540,173,5473
541,173,4699
542,173,4435
543,173,3887
544,173,3574
545,173,3023
546,173,2906
547,173,2673
548,173,2536
549,173,2594
550,173,2190
551,173,1954
552,173,1714
553,173,1563
554,173,1546
555,173,1371
556,173,1186
557,173,1143
558,173,1098
559,173,1058
560,173,1110
561,173,1191
562,173,1180
563,173,1162
564,173,1191
565,173,1129
566,173,954
567,173,748
568,173,563
569,173,414
570,173,235
571,173,192
572,173,170
573,173,116
490,174,138
491,174,275
492,174,520
493,174,688
494,174,833
495,174,942
496,174,1001
497,174,1028
498,174,1101
499,174,1204
500,174,1285
501,174,1376
502,174,1243
503,174,1098
504,174,1050
505,174,1139
506,174,1239
507,174,1366
508,174,1717
509,174,2191
510,174,2583
511,174,2668
512,174,2891
513,174,3483
514,174,3856
515,174,4318
516,174,4784
517,174,5108
518,174,5262
519,174,5041
520,174,5099
521,174,5600
522,174,6061
523,174,7002
524,174,7684
525,174,8336
526,174,8624
527,174,8746
528,174,8822
529,174,8963
530,174,9147
531,174,9390
532,174,9225
533,174,8782
534,174,8124
535,174,7694
536,174,7518
537,174,7105
538,174,6667
539,174,6321
540,174,5714
541,174,5004
542,174,4207
543,174,3654
544,174,3416
545,174,3060
546,174,2791
547,174,2523
548,174,2421
549,174,2409
550,174,2258
551,174,2304
552,174,1944
553,174,1765
554,174,1858
555,174,1544
556,174,1359
557,174,1384
558,174,1333
559,174,1226
560,174,1301
561,174,1382
562,174,1269
563,174,1221
564,174,1262
565,174,1184
566,174,962
567,174,736
568,174,545
569,174,392
570,174,213
571,174,163
572,174,135
573,174,106
490,175,207
491,175,429
492,175,603
493,175,779
494,175,951
495,175,1098
496,175,1183
497,175,1191
498,175,1224
499,175,1303
500,175,1289
501,175,1174
502,175,1071
503,175,957
504,175,906
505,175,957
506,175,1040
507,175,1200
508,175,1499
509,175,1885
510,175,2293
511,175,2726
512,175,3002
513,175,3464
514,175,3809
515,175,4020
516,175,4318
517,175,5201
518,175,5590
519,175,5700
520,175,5952
521,175,6336
522,175,6647
523,175,7276
524,175,7976
525,175,8646
526,175,9350
527,175,9595
528,175,9627
529,175,10062
530,175,10443
531,175,10702
532,175,10576
533,175,10145
534,175,9418
535,175,8781
536,175,8149
537,175,7573
538,175,7122
539,175,6580
540,175,5899
541,175,5339
542,175,4392
543,175,3726
544,175,3673
545,175,3250
546,175,3058
547,175,2692
548,175,2711
549,175,2508
550,175,2389
551,175,2174
552,175,1961
553,175,1715
554,175,1638
555,175,1465
556,175,1352
557,175,1386
558,175,1332
559,175,1218
560,175,1274
561,175,1243
562,175,1197
563,175,1204
564,175,1156
565,175,1050
566,175,859
567,175,660
568,175,489
569,175,352
570,175,191
571,175,145
572,175,121
573,175,103
490,176,468
491,176,400
492,176,652
493,176,831
494,176,1027
495,176,1221
496,176,1359
497,176,1342
498,176,1367
499,176,1263
500,176,1182
501,176,1060
502,176,956
503,176,897
504,176,896
505,176,956
506,176,1024
507,176,1139
508,176,1405
509,176,1758
510,176,2188
511,176,2668
512,176,2970
513,176,3436
514,176,3837
515,176,4211
516,176,4320
517,176,4720
518,176,5727
519,176,6001
520,176,6093
521,176,6525
522,176,6735
523,176,7506
524,176,8379
525,176,9083
526,176,9676
527,176,10333
528,176,10911
529,176,11355
530,176,11915
531,176,12270
532,176,12197
533,176,11740
534,176,11122
535,176,10183
536,176,9165
537,176,8359
538,176,7428
539,176,6683
540,176,5854
541,176,5160
542,176,4350
543,176,3676
544,176,3449
545,176,3279
546,176,3103
547,176,2743
548,176,2735
549,176,2500
550,176,2395
551,176,2240
552,176,2039
553,176,1670
554,176,1450
555,176,1356
556,176,1231
557,176,1171
558,176,1105
559,176,1054
560,176,1097
561,176,1121
562,176,1138
563,176,1205
564,176,1042
565,176,868
566,176,704
567,176,547
568,176,411
569,176,299
570,176,167
571,176,131
572,176,113
573,176,101
490,177,502
491,177,559
492,177,679
493,177,840
494,177,1029
495,177,1228
496,177,1383
497,177,1410
498,177,1387
499,177,1243
500,177,1115
501,177,1044
502,177,1002
503,177,1011
504,177,1042
505,177,1144
506,177,1213
507,177,1296
508,177,1574
509,177,1888
510,177,2152
511,177,2467
512,177,2776
513,177,3295
514,177,3793
515,177,3979
516,177,4358
517,177,4747
518,177,5257
519,177,5771
520,177,6251
521,177,6629
522,177,7407
523,177,8059
524,177,8867
525,177,9765
526,177,10585
527,177,11509
528,177,12096
529,177,9821
530,177,10336
531,177,10735
532,177,10734
533,177,10433
534,177,12803
535,177,11862
536,177,10402
537,177,8915
538,177,7665
539,177,6665
540,177,5949
541,177,5203
542,177,4438
543,177,3852
544,177,3496
545,177,3213
546,177,2943
547,177,2719
548,177,2521
549,177,2324
550,177,2297
551,177,2150
552,177,1845
553,177,1536
554,177,1418
555,177,1424
556,177,1231
557,177,1031
558,177,917
559,177,914
560,177,1022
561,177,1122
562,177,1054
563,177,989
564,177,861
565,177,704
566,177,558
567,177,435
568,177,327
569,177,188
570,177,142
571,177,119
572,177,108
573,177,101
490,178,556
491,178,598
492,178,698
493,178,829
494,178,978
495,178,1133
496,178,1277
497,178,1326
498,178,1287
499,178,1199
500,178,1193
501,178,1207
502,178,1181
503,178,1248
504,178,1296
505,178,1464
506,178,1535
507,178,1562
508,178,1868
509,178,2254
510,178,2458
511,178,2613
512,178,2955
513,178,3178
514,178,3609
515,178,4233
516,178,4809
517,178,5040
518,178,5520
519,178,6708
520,178,7334
521,178,7506
522,178,8312
523,178,8868
524,178,9675
525,178,10643
526,178,11619
527,178,12534
528,178,10475
529,178,11250
530,178,12176
531,178,12783
532,178,12789
533,178,12209
534,178,11418
535,178,13306
536,178,11629
537,178,9648
538,178,7976
539,178,6763
540,178,5971
541,178,5390
542,178,4776
543,178,4217
544,178,3857
545,178,3537
546,178,3057
547,178,2986
548,178,2653
549,178,2456
550,178,2267
551,178,2045
552,178,1659
553,178,1341
554,178,1305
555,178,1340
556,178,1148
557,178,931
558,178,797
559,178,819
560,178,935
561,178,1032
562,178,935
563,178,791
564,178,675
565,178,554
566,178,442
567,178,343
568,178,202
569,178,152
570,178,124
571,178,110
572,178,104
573,178,101
490,179,613
491,179,632
492,179,733
493,179,856
494,179,958
495,179,1045
496,179,1194
497,179,1330
498,179,1323
499,179,1220
500,179,1306
501,179,1426
502,179,1377
503,179,1526
504,179,1541
505,179,1798
506,179,1861
507,179,1775
508,179,2056
509,179,2550
510,179,2755
511,179,2982
512,179,3415
513,179,3427
514,179,3914
515,179,4556
516,179,5175
517,179,5888
518,179,5989
519,179,7012
520,179,7150
521,179,7503
522,179,7951
523,179,8596
524,179,9708
525,179,11032
526,179,12048
527,179,10353
528,179,11519
529,179,12980
530,179,14330
531,179,15166
532,179,15181
533,179,14309
534,179,12819
535,179,11212
536,179,12221
537,179,10021
538,179,8146
539,179,6679
540,179,5712
541,179,5044
542,179,4667
543,179,4167
544,179,3821
545,179,3487
546,179,2982
547,179,2923
548,179,2579
549,179,2690
550,179,2214
551,179,1815
552,179,1489
553,179,1200
554,179,1104
555,179,1065
556,179,949
557,179,808
558,179,717
559,179,731
560,179,792
561,179,823
562,179,757
563,179,644
564,179,533
565,179,439
566,179,353
567,179,274
568,179,163
569,179,130
570,179,113
571,179,105
572,179,101
573,179,100
490,180,629
491,180,663
492,180,781
493,180,924
494,180,994
495,180,1005
496,180,1101
497,180,1235
498,180,1240
499,180,1154
500,180,1265
501,180,1404
502,180,1368
503,180,1528
504,180,1553
505,180,1812
506,180,1870
507,180,1754
508,180,1928
509,180,2261
510,180,2479
511,180,2894
512,180,3369
513,180,3427
514,180,4141
515,180,5155
516,180,5767
517,180,5902
518,180,6266
519,180,6635
520,180,7190
521,180,6980
522,180,7627
523,180,8501
524,180,9732
525,180,11054
526,180,9433
527,180,10668
528,180,12413
529,180,14291
530,180,15926
531,180,16929
532,180,16965
533,180,15910
534,180,13980
535,180,11672
536,180,9532
537,180,7747
538,180,8091
539,180,6534
540,180,5377
541,180,4594
542,180,4124
543,180,3682
544,180,3343
545,180,3012
546,180,2605
547,180,2457
548,180,2288
549,180,2259
550,180,1997
551,180,1735
552,180,1521
553,180,1230
554,180,976
555,180,861
556,180,780
557,180,722
558,180,719
559,180,718
560,180,698
561,180,673
562,180,610
563,180,525
564,180,439
565,180,360
566,180,287
567,180,176
568,180,140
569,180,119
570,180,108
571,180,102
572,180,98
573,180,95
490,181,600
491,181,661
492,181,795
493,181,967
494,181,1011
495,181,939
496,181,942
497,181,1003
498,181,1007
499,181,973
500,181,1052
501,181,1128
502,181,1147
503,181,1253
504,181,1338
505,181,1523
506,181,1581
507,181,1537
508,181,1626
509,181,1807
510,181,1987
511,181,2378
512,181,2731
513,181,3030
514,181,3811
515,181,4644
516,181,5050
517,181,5646
518,181,5955
519,181,6400
520,181,6845
521,181,6774
522,181,7257
523,181,8389
524,181,9634
525,181,10956
526,181,9360
527,181,10761
528,181,12655
529,181,14631
530,181,16329
531,181,17376
532,181,17431
533,181,16342
534,181,14297
535,181,11811
536,181,9557
537,181,10080
538,181,8243
539,181,6544
540,181,5258
541,181,4365
542,181,3724
543,181,3280
544,181,2958
545,181,2646
546,181,2303
547,181,2137
548,181,2118
549,181,2044
550,181,1835
551,181,1847
552,181,1708
553,181,1325
554,181,989
555,181,767
556,181,713
557,181,755
558,181,824
559,181,819
560,181,729
561,181,621
562,181,524
563,181,447
564,181,376
565,181,305
566,181,192
567,181,157
568,181,135
569,181,121
570,181,111
571,181,104
572,181,98
573,181,91
490,182,551
491,182,621
492,182,725
493,182,838
494,182,863
495,182,805
496,182,765
497,182,784
498,182,785
499,182,775
500,182,825
501,182,875
502,182,917
503,182,1012
504,182,1168
505,182,1321
506,182,1361
507,182,1349
508,182,1368
509,182,1441
510,182,1552
511,182,1851
512,182,2187
513,182,2707
514,182,3502
515,182,4158
516,182,4351
517,182,4819
518,182,5490
519,182,5913
520,182,6436
521,182,6980
522,182,7629
523,182,8335
524,182,9475
525,182,10714
526,182,9203
527,182,10380
528,182,12064
529,182,13844
530,182,15374
531,182,16321
532,182,16374
533,182,15385
534,182,13531
535,182,11309
536,182,9349
537,182,9975
538,182,8178
539,182,6609
540,182,5406
541,182,4463
542,182,3789
543,182,3337
544,182,3063
545,182,2801
546,182,2419
547,182,2172
548,182,2260
549,182,2176
550,182,1819
551,182,1799
552,182,1673
553,182,1301
554,182,970
555,182,752
556,182,728
557,182,830
558,182,975
559,182,965
560,182,790
561,182,621
562,182,496
563,182,408
564,182,338
565,182,216
566,182,186
567,182,168
568,182,154
569,182,140
570,182,124
571,182,113
572,182,103
573,182,94
490,183,541
491,183,567
492,183,620
493,183,675
494,183,688
495,183,657
496,183,624
497,183,621
498,183,621
499,183,622
500,183,656
501,183,700
502,183,778
503,183,922
504,183,1143
505,183,1367
506,183,1379
507,183,1423
508,183,1383
509,183,1339
510,183,1445
511,183,1640
512,183,1972
513,183,2582
514,183,3385
515,183,3924
516,183,4176
517,183,4586
518,183,5192
519,183,6240
520,183,7000
521,183,7199
522,183,7559
523,183,8078
524,183,9071
525,183,10340
526,183,11360
527,183,9659
528,183,10874
529,183,12266
530,183,13468
531,183,14203
532,183,14222
533,183,13420
534,183,11983
535,183,10430
536,183,11366
537,183,9498
538,183,7780
539,183,6478
540,183,5600
541,183,4825
542,183,4231
543,183,3746
544,183,3592
545,183,3285
546,183,2716
547,183,2396
548,183,2271
549,183,2142
550,183,1761
551,183,1541
552,183,1401
553,183,1160
554,183,934
555,183,796
556,183,763
557,183,855
558,183,985
559,183,961
560,183,773
561,183,597
562,183,469
563,183,386
564,183,328
565,183,225
566,183,276
567,183,270
568,183,255
569,183,230
570,183,155
571,183,133
572,183,113
573,183,95
490,184,522
491,184,502
492,184,523
493,184,547
494,184,553
495,184,538
496,184,520
497,184,516
498,184,520
499,184,529
500,184,559
501,184,613
502,184,715
503,184,869
504,184,1095
505,184,1339
506,184,1432
507,184,1656
508,184,1564
509,184,1495
510,184,1643
511,184,1733
512,184,2060
513,184,2541
514,184,3262
515,184,3680
516,184,3854
517,184,4436
518,184,5449
519,184,5944
520,184,6146
521,184,6382
522,184,6685
523,184,7392
524,184,8383
525,184,9423
526,184,10420
527,184,8717
528,184,9624
529,184,10646
530,184,11491
531,184,11974
532,184,11929
533,184,11305
534,184,10324
535,184,11836
536,184,10239
537,184,8531
538,184,7434
539,184,6255
540,184,5364
541,184,4885
542,184,4771
543,184,4103
544,184,4248
545,184,3487
546,184,2782
547,184,2698
548,184,2278
549,184,2100
550,184,1856
551,184,1551
552,184,1402
553,184,1205
554,184,1048
555,184,927
556,184,873
557,184,857
558,184,867
559,184,806
560,184,669
561,184,532
562,184,429
563,184,366
564,184,332
565,184,323
566,184,334
567,184,339
568,184,328
569,184,297
570,184,255
571,184,213
572,184,133
573,184,110
490,185,232
491,185,400
492,185,440
493,185,463
494,185,467
495,185,460
496,185,455
497,185,466
498,185,487
499,185,512
500,185,546
501,185,618
502,185,721
503,185,845
504,185,999
505,185,1170
506,185,1440
507,185,1730
508,185,1777
509,185,1768
510,185,1967
511,185,2048
512,185,2159
513,185,2568
514,185,3073
515,185,3802
516,185,3873
517,185,4712
518,185,4804
519,185,4797
520,185,5093
521,185,5756
522,185,5963
523,185,6736
524,185,7341
525,185,8353
526,185,9248
527,185,10157
528,185,11211
529,185,12184
530,185,12890
531,185,13228
532,185,13054
533,185,12352
534,185,11251
535,185,10033
536,185,8574
537,185,7201
538,185,6368
539,185,5790
540,185,5146
541,185,4534
542,185,4324
543,185,3998
544,185,3759
545,185,3288
546,185,2715
547,185,2440
548,185,2080
549,185,1840
550,185,1779
551,185,1497
552,185,1633
553,185,1368
554,185,1301
555,185,1188
556,185,1101
557,185,990
558,185,835
559,185,689
560,185,563
561,185,458
562,185,384
563,185,344
564,185,342
565,185,365
566,185,403
567,185,431
568,185,422
569,185,376
570,185,316
571,185,256
572,185,154
573,185,112
490,186,215
491,186,284
492,186,385
493,186,423
494,186,428
495,186,426
496,186,436
497,186,464
498,186,509
499,186,556
500,186,597
501,186,686
502,186,814
503,186,959
504,186,1031
505,186,1065
506,186,1326
507,186,1667
508,186,1813
509,186,2111
510,186,2248
511,186,2255
512,186,2586
513,186,2925
514,186,3546
515,186,3543
516,186,3895
517,186,4598
518,186,4448
519,186,4878
520,186,4449
521,186,4774
522,186,5184
523,186,6121
524,186,6499
525,186,6906
526,186,7715
527,186,8623
528,186,9503
529,186,10137
530,186,10513
531,186,10632
532,186,10375
533,186,9813
534,186,8994
535,186,8033
536,186,6900
537,186,5902
538,186,5325
539,186,4720
540,186,4275
541,186,3891
542,186,3838
543,186,4219
544,186,3606
545,186,3359
546,186,2908
547,186,2549
548,186,2119
549,186,1733
550,186,1608
551,186,1500
552,186,1514
553,186,1493
554,186,1478
555,186,1451
556,186,1392
557,186,1160
558,186,881
559,186,658
560,186,496
561,186,401
562,186,343
563,186,330
564,186,355
565,186,409
566,186,486
567,186,552
568,186,547
569,186,469
570,186,378
571,186,300
572,186,230
573,186,130
490,187,336
491,187,421
492,187,443
493,187,452
494,187,446
495,187,441
496,187,451
497,187,496
498,187,574
499,187,659
500,187,702
501,187,773
502,187,948
503,187,1080
504,187,1110
505,187,1012
506,187,1116
507,187,1403
508,187,1723
509,187,2144
510,187,2478
511,187,2666
512,187,3037
513,187,3307
514,187,3570
515,187,3962
516,187,4099
517,187,4309
518,187,4141
519,187,3983
520,187,3914
521,187,4392
522,187,4602
523,187,5002
524,187,5318
525,187,5932
526,187,6250
527,187,6881
528,187,7571
529,187,8063
530,187,8234
531,187,8225
532,187,8026
533,187,7597
534,187,7030
535,187,6459
536,187,5764
537,187,5173
538,187,4663
539,187,4401
540,187,3672
541,187,3222
542,187,3220
543,187,3314
544,187,3084
545,187,3189
546,187,3231
547,187,2935
548,187,2273
549,187,1795
550,187,1683
551,187,1735
552,187,1626
553,187,1624
554,187,1573
555,187,1434
556,187,1424
557,187,1170
558,187,871
559,187,635
560,187,474
561,187,373
562,187,248
563,187,322
564,187,365
565,187,445
566,187,560
567,187,679
568,187,676
569,187,550
570,187,426
571,187,329
572,187,250
573,187,133
490,188,534
491,188,513
492,188,516
493,188,518
494,188,506
495,188,496
496,188,506
497,188,543
498,188,647
499,188,787
500,188,821
501,188,787
502,188,932
503,188,989
504,188,967
505,188,905
506,188,971
507,188,1190
508,188,1451
509,188,1820
510,188,2236
511,188,2531
512,188,2961
513,188,3521
514,188,3585
515,188,3976
516,188,4173
517,188,3695
518,188,3489
519,188,3724
520,188,3690
521,188,4505
522,188,4482
523,188,4357
524,188,4473
525,188,4762
526,188,5087
527,188,5451
528,188,6027
529,188,6231
530,188,6371
531,188,6474
532,188,6306
533,188,6207
534,188,5797
535,188,5466
536,188,5383
537,188,4754
538,188,4132
539,188,3657
540,188,3335
541,188,2772
542,188,2700
543,188,2747
544,188,2519
545,188,2544
546,188,2546
547,188,2352
548,188,2007
549,188,1663
550,188,1773
551,188,2079
552,188,1806
553,188,1714
554,188,1608
555,188,1379
556,188,1229
557,188,1022
558,188,789
559,188,597
560,188,463
561,188,375
562,188,328
563,188,330
564,188,370
565,188,450
566,188,567
567,188,689
568,188,688
569,188,562
570,188,437
571,188,339
572,188,256
573,188,133
490,189,551
491,189,578
492,189,595
493,189,614
494,189,602
495,189,586
496,189,598
497,189,594
498,189,662
499,189,791
500,189,813
501,189,741
502,189,782
503,189,809
504,189,801
505,189,808
506,189,913
507,189,1160
508,189,1427
509,189,1769
510,189,2125
511,189,2527
512,189,3170
513,189,3105
514,189,3290
515,189,3771
516,189,3377
517,189,3078
518,189,2993
519,189,3058
520,189,3216
521,189,3665
522,189,3697
523,189,3586
524,189,3542
525,189,3770
526,189,4167
527,189,4407
528,189,4694
529,189,4893
530,189,5300
531,189,5625
532,189,5287
533,189,5301
534,189,5386
535,189,5057
536,189,4846
537,189,4421
538,189,4165
539,189,3465
540,189,2826
541,189,2269
542,189,2077
543,189,1979
544,189,1922
545,189,1945
546,189,1864
547,189,1742
548,189,1570
549,189,1418
550,189,1548
551,189,1720
552,189,1771
553,189,1729
554,189,1524
555,189,1379
556,189,1140
557,189,901
558,189,721
559,189,581
560,189,487
561,189,413
562,189,363
563,189,345
564,189,369
565,189,429
566,189,513
567,189,586
568,189,585
569,189,509
570,189,415
571,189,330
572,189,249
573,189,133
490,190,705
491,190,657
492,190,669
493,190,718
494,190,708
495,190,679
496,190,716
497,190,650
498,190,608
499,190,671
500,190,685
501,190,655
502,190,663
503,190,690
504,190,721
505,190,796
506,190,1019
507,190,1341
508,190,1682
509,190,1934
510,190,2300
511,190,2324
512,190,2692
513,190,2926
514,190,2972
515,190,2946
516,190,2686
517,190,2512
518,190,2639
519,190,2780
520,190,3001
521,190,3271
522,190,3082
523,190,2958
524,190,3024
525,190,3451
526,190,3292
527,190,3570
528,190,3792
529,190,4285
530,190,4798
531,190,4751
532,190,4432
533,190,4592
534,190,4565
535,190,4385
536,190,4138
537,190,3660
538,190,3480
539,190,3012
540,190,2559
541,190,1951
542,190,1562
543,190,1407
544,190,1450
545,190,1460
546,190,1358
547,190,1249
548,190,1162
549,190,1113
550,190,1207
551,190,1322
552,190,1460
553,190,1494
554,190,1524
555,190,1437
556,190,1137
557,190,889
558,190,742
559,190,667
560,190,584
561,190,493
562,190,418
563,190,376
564,190,373
565,190,407
566,190,459
567,190,499
568,190,497
569,190,451
570,190,385
571,190,312
572,190,185
573,190,138
490,191,759
491,191,682
492,191,681
493,191,724
494,191,714
495,191,686
496,191,720
497,191,645
498,191,578
499,191,581
500,191,595
501,191,599
502,191,619
503,191,677
504,191,773
505,191,893
506,191,1133
507,191,1497
508,191,1919
509,191,2025
510,191,2006
511,191,2093
512,191,2532
513,191,2617
514,191,2428
515,191,2194
516,191,2099
517,191,2311
518,191,2383
519,191,2532
520,191,2877
521,191,3212
522,191,2890
523,191,2792
524,191,2686
525,191,3011
526,191,2860
527,191,3118
528,191,3602
529,191,4025
530,191,4155
531,191,4098
532,191,3958
533,191,4352
534,191,4182
535,191,3978
536,191,3458
537,191,3170
538,191,3128
539,191,2662
540,191,2250
541,191,1815
542,191,1347
543,191,1107
544,191,1136
545,191,1124
546,191,1005
547,191,915
548,191,852
549,191,841
550,191,905
551,191,1001
552,191,1107
553,191,1170
554,191,1267
555,191,1229
556,191,1041
557,191,867
558,191,843
559,191,832
560,191,738
561,191,606
562,191,495
563,191,424
564,191,397
565,191,412
566,191,445
567,191,467
568,191,462
569,191,425
570,191,369
571,191,301
572,191,177
573,191,135
490,192,705
491,192,642
492,192,625
493,192,633
494,192,622
495,192,609
496,192,616
497,192,585
498,192,548
499,192,541
500,192,573
501,192,618
502,192,680
503,192,796
504,192,942
505,192,1079
506,192,1221
507,192,1513
508,192,1770
509,192,1818
510,192,1708
511,192,1836
512,192,2097
513,192,2112
514,192,1870
515,192,1695
516,192,1805
517,192,2140
518,192,2014
519,192,2320
520,192,2547
521,192,3004
522,192,2659
523,192,2392
524,192,2277
525,192,2683
526,192,2590
527,192,2863
528,192,3340
529,192,3771
530,192,3596
531,192,3579
532,192,3486
533,192,3733
534,192,3739
535,192,3444
536,192,3008
537,192,2825
538,192,2867
539,192,2457
540,192,1985
541,192,1629
542,192,1192
543,192,1068
544,192,948
545,192,914
546,192,780
547,192,695
548,192,642
549,192,636
550,192,679
551,192,751
552,192,829
553,192,902
554,192,976
555,192,972
556,192,899
557,192,868
558,192,955
559,192,1033
560,192,899
561,192,725
562,192,586
563,192,495
564,192,446
565,192,459
566,192,498
567,192,520
568,192,501
569,192,448
570,192,380
571,192,303
572,192,173
573,192,125
490,193,657
491,193,569
492,193,550
493,193,550
494,193,547
495,193,547
496,193,554
497,193,550
498,193,549
499,193,573
500,193,643
501,193,730
502,193,821
503,193,958
504,193,1167
505,193,1347
506,193,1385
507,193,1614
508,193,1941
509,193,1707
510,193,1535
511,193,1573
512,193,1660
513,193,1639
514,193,1452
515,193,1354
516,193,1465
517,193,1649
518,193,1693
519,193,1865
520,193,2053
521,193,2299
522,193,2145
523,193,1936
524,193,1974
525,193,2232
526,193,2426
527,193,2479
528,193,2797
529,193,3081
530,193,3247
531,193,3314
532,193,3097
533,193,3242
534,193,3511
535,193,3046
536,193,2619
537,193,2410
538,193,2383
539,193,2178
540,193,1826
541,193,1534
542,193,1173
543,193,988
544,193,778
545,193,712
546,193,620
547,193,546
548,193,497
549,193,495
550,193,523
551,193,574
552,193,627
553,193,693
554,193,749
555,193,766
556,193,755
557,193,819
558,193,948
559,193,1054
560,193,954
561,193,825
562,193,699
563,193,579
564,193,507
565,193,527
566,193,588
567,193,624
568,193,583
569,193,497
570,193,404
571,193,312
572,193,172
573,193,117
490,194,330
491,194,433
492,194,476
493,194,500
494,194,518
495,194,538
496,194,557
497,194,578
498,194,617
499,194,669
500,194,765
501,194,896
502,194,1009
503,194,1083
504,194,1320
505,194,1611
506,194,1461
507,194,1515
508,194,1637
509,194,1556
510,194,1514
511,194,1645
512,194,1636
513,194,1426
514,194,1191
515,194,1117
516,194,1211
517,194,1375
518,194,1491
519,194,1593
520,194,1612
521,194,1721
522,194,1649
523,194,1578
524,194,1756
525,194,2198
526,194,2405
527,194,2477
528,194,2588
529,194,2976
530,194,2868
531,194,3222
532,194,2969
533,194,2955
534,194,2990
535,194,2778
536,194,2562
537,194,2288
538,194,2343
539,194,2181
540,194,1684
541,194,1404
542,194,1121
543,194,802
544,194,652
545,194,560
546,194,480
547,194,422
548,194,367
549,194,382
550,194,405
551,194,447
552,194,491
553,194,542
554,194,588
555,194,616
556,194,646
557,194,718
558,194,819
559,194,896
560,194,921
561,194,943
562,194,802
563,194,646
564,194,556
565,194,584
566,194,675
567,194,743
568,194,661
569,194,537
570,194,421
571,194,317
572,194,171
573,194,115
490,195,178
491,195,273
492,195,433
493,195,496
494,195,553
495,195,607
496,195,648
497,195,676
498,195,745
499,195,816
500,195,898
501,195,1059
502,195,1209
503,195,1170
504,195,1229
505,195,1340
506,195,1313
507,195,1470
508,195,1533
509,195,1494
510,195,1592
511,195,1789
512,195,1746
513,195,1396
514,195,1109
515,195,990
516,195,1128
517,195,1404
518,195,1690
519,195,1735
520,195,1541
521,195,1366
522,195,1321
523,195,1464
524,195,1803
525,195,2091
526,195,2328
527,195,2371
528,195,2270
529,195,2468
530,195,2496
531,195,2796
532,195,2878
533,195,3034
534,195,2805
535,195,2807
536,195,2673
537,195,2251
538,195,2064
539,195,1862
540,195,1484
541,195,1211
542,195,1128
543,195,791
544,195,703
545,195,548
546,195,394
547,195,322
548,195,284
549,195,280
550,195,296
551,195,342
552,195,383
553,195,424
554,195,468
555,195,501
556,195,546
557,195,605
558,195,676
559,195,751
560,195,850
561,195,916
562,195,799
563,195,658
564,195,576
565,195,601
566,195,685
567,195,746
568,195,659
569,195,532
570,195,416
571,195,313
572,195,170
573,195,116
490,196,177
491,196,269
492,196,439
493,196,526
494,196,619
495,196,718
496,196,789
497,196,813
498,196,903
499,196,994
500,196,993
501,196,1087
502,196,1199
503,196,1106
504,196,1024
505,196,1059
506,196,1099
507,196,1226
508,196,1315
509,196,1555
510,196,1564
511,196,1750
512,196,1561
513,196,1275
514,196,1036
515,196,976
516,196,1148
517,196,1488
518,196,1896
519,196,1909
520,196,1534
521,196,1243
522,196,1173
523,196,1369
524,196,1753
525,196,2034
526,196,2227
527,196,2229
528,196,2139
529,196,2211
530,196,2215
531,196,2482
532,196,2597
533,196,2628
534,196,2583
535,196,2580
536,196,2537
537,196,2161
538,196,1759
539,196,1493
540,196,1217
541,196,1018
542,196,868
543,196,685
544,196,659
545,196,500
546,196,347
547,196,276
548,196,239
549,196,230
550,196,234
551,196,205
552,196,224
553,196,300
554,196,365
555,196,406
556,196,453
557,196,501
558,196,555
559,196,626
560,196,703
561,196,742
562,196,696
563,196,626
564,196,591
565,196,597
566,196,629
567,196,638
568,196,579
569,196,484
570,196,388
571,196,297
572,196,164
573,196,115
490,197,388
491,197,407
492,197,473
493,197,562
494,197,681
495,197,826
496,197,943
497,197,928
498,197,1005
499,197,1157
500,197,1025
501,197,970
502,197,982
503,197,922
504,197,848
505,197,841
506,197,891
507,197,987
508,197,1129
509,197,1340
510,197,1591
511,197,1656
512,197,1381
513,197,1118
514,197,957
515,197,980
516,197,1110
517,197,1382
518,197,1631
519,197,1619
520,197,1352
521,197,1103
522,197,1044
523,197,1226
524,197,1516
525,197,1848
526,197,1942
527,197,1873
528,197,1775
529,197,1757
530,197,1825
531,197,2145
532,197,2259
533,197,2234
534,197,2210
535,197,2337
536,197,2435
537,197,2060
538,197,1594
539,197,1225
540,197,985
541,197,820
542,197,691
543,197,577
544,197,507
545,197,378
546,197,308
547,197,256
548,197,225
549,197,210
550,197,205
551,197,210
552,197,180
553,197,196
554,197,219
555,197,247
556,197,362
557,197,407
558,197,459
559,197,514
560,197,566
561,197,598
562,197,602
563,197,616
564,197,651
565,197,652
566,197,611
567,197,561
568,197,502
569,197,430
570,197,353
571,197,274
572,197,157
573,197,114
490,198,428
491,198,454
492,198,498
493,198,580
494,198,699
495,198,845
496,198,955
497,198,919
498,198,932
499,198,975
500,198,900
501,198,812
502,198,783
503,198,745
504,198,706
505,198,702
506,198,755
507,198,834
508,198,964
509,198,1160
510,198,1388
511,198,1603
512,198,1327
513,198,1082
514,198,1000
515,198,1097
516,198,1214
517,198,1247
518,198,1293
519,198,1236
520,198,1076
521,198,928
522,198,909
523,198,1083
524,198,1386
525,198,1708
526,198,1745
527,198,1529
528,198,1428
529,198,1410
530,198,1621
531,198,1940
532,198,2012
533,198,1929
534,198,2104
535,198,2215
536,198,2387
537,198,1928
538,198,1451
539,198,1075
540,198,827
541,198,680
542,198,575
543,198,492
544,198,457
545,198,420
546,198,327
547,198,258
548,198,221
549,198,201
550,198,193
551,198,192
552,198,161
553,198,169
554,198,181
555,198,198
556,198,223
557,198,301
558,198,371
559,198,423
560,198,467
561,198,506
562,198,557
563,198,641
564,198,738
565,198,739
566,198,640
567,198,542
568,198,462
569,198,392
570,198,318
571,198,195
572,198,150
573,198,114
490,199,507
491,199,506
492,199,520
493,199,585
494,199,686
495,199,797
496,199,852
497,199,822
498,199,794
499,199,787
500,199,737
501,199,675
502,199,640
503,199,623
504,199,622
505,199,658
506,199,730
507,199,810
508,199,886
509,199,1007
510,199,1168
511,199,1270
512,199,1166
513,199,1040
514,199,1061
515,199,1249
516,199,1422
517,199,1278
518,199,1082
519,199,931
520,199,834
521,199,773
522,199,819
523,199,992
524,199,1213
525,199,1422
526,199,1416
527,199,1267
528,199,1188
529,199,1325
530,199,1588
531,199,1705
532,199,1650
533,199,1695
534,199,1941
535,199,2064
536,199,2036
537,199,1729
538,199,1319
539,199,976
540,199,739
541,199,591
542,199,502
543,199,439
544,199,395
545,199,398
546,199,317
547,199,253
548,199,217
549,199,196
550,199,187
551,199,185
552,199,152
553,199,158
554,199,165
555,199,175
556,199,189
557,199,206
558,199,236
559,199,348
560,199,396
561,199,451
562,199,525
563,199,627
564,199,734
565,199,738
566,199,635
567,199,533
568,199,449
569,199,374
570,199,232
571,199,186
572,199,154
573,199,127
490,200,642
491,200,567
492,200,549
493,200,609
494,200,716
495,200,826
496,200,845
497,200,769
498,200,691
499,200,652
500,200,612
501,200,574
502,200,552
503,200,559
504,200,600
505,200,683
506,200,800
507,200,912
508,200,949
509,200,931
510,200,970
511,200,1022
512,200,1026
513,200,1049
514,200,1064
515,200,1251
516,200,1398
517,200,1212
518,200,962
519,200,772
520,200,670
521,200,679
522,200,804
523,200,1025
524,200,1260
525,200,1332
526,200,1205
527,200,1057
528,200,1055
529,200,1226
530,200,1476
531,200,1538
532,200,1423
533,200,1441
534,200,1637
535,200,1891
536,200,2092
537,200,1687
538,200,1262
539,200,926
540,200,698
541,200,555
542,200,461
543,200,369
544,200,324
545,200,314
546,200,293
547,200,250
548,200,218
549,200,198
550,200,188
551,200,184
552,200,151
553,200,155
554,200,161
555,200,167
556,200,174
557,200,183
558,200,199
559,200,226
560,200,341
561,200,405
562,200,478
563,200,560
564,200,631
565,200,638
566,200,583
567,200,511
568,200,442
569,200,371
570,200,236
571,200,197
572,200,167
573,200,126
490,201,736
491,201,600
492,201,562
493,201,620
494,201,735
495,201,870
496,201,877
497,201,754
498,201,645
499,201,575
500,201,537
501,201,516
502,201,514
503,201,543
504,201,609
505,201,722
506,201,884
507,201,1056
508,201,1069
509,201,940
510,201,862
511,201,914
512,201,1046
513,201,1168
514,201,1109
515,201,1108
516,201,1124
517,201,1001
518,201,815
519,201,662
520,201,590
521,201,638
522,201,798
523,201,1051
524,201,1341
525,201,1367
526,201,1137
527,201,959
528,201,949
529,201,1084
530,201,1224
531,201,1270
532,201,1202
533,201,1223
534,201,1446
535,201,1734
536,201,1806
537,201,1525
538,201,1168
539,201,869
540,201,663
541,201,529
542,201,436
543,201,342
544,201,317
545,201,350
546,201,334
547,201,262
548,201,223
549,201,202
550,201,191
551,201,187
552,201,153
553,201,157
554,201,161
555,201,166
556,201,169
557,201,173
558,201,180
559,201,196
560,201,228
561,201,350
562,201,418
563,201,481
564,201,529
565,201,543
566,201,522
567,201,483
568,201,432
569,201,295
570,201,258
571,201,231
572,201,203
573,201,165
490,202,642
491,202,566
492,202,541
493,202,592
494,202,686
495,202,778
496,202,781
497,202,695
498,202,604
499,202,539
500,202,505
501,202,501
502,202,523
503,202,567
504,202,635
505,202,735
506,202,890
507,202,1051
508,202,1051
509,202,903
510,202,806
511,202,859
512,202,1018
513,202,1161
514,202,1093
515,202,980
516,202,913
517,202,806
518,202,679
519,202,576
520,202,544
521,202,615
522,202,770
523,202,970
524,202,1164
525,202,1159
526,202,993
527,202,862
528,202,913
529,202,1101
530,202,1275
531,202,1188
532,202,1066
533,202,1068
534,202,1260
535,202,1546
536,202,1789
537,202,1464
538,202,1110
539,202,828
540,202,636
541,202,510
542,202,422
543,202,329
544,202,302
545,202,307
546,202,293
547,202,254
548,202,223
549,202,204
550,202,194
551,202,190
552,202,156
553,202,159
554,202,164
555,202,167
556,202,169
557,202,169
558,202,171
559,202,179
560,202,196
561,202,230
562,202,351
563,202,407
564,202,447
565,202,468
566,202,472
567,202,458
568,202,345
569,202,330
570,202,317
571,202,295
572,202,263
573,202,227
490,203,518
491,203,503
492,203,497
493,203,538
494,203,601
495,203,655
496,203,661
497,203,619
498,203,565
499,203,524
500,203,506
501,203,524
502,203,568
503,203,629
504,203,701
505,203,774
506,203,836
507,203,895
508,203,880
509,203,791
510,203,726
511,203,778
512,203,912
513,203,1028
514,203,1080
515,203,976
516,203,829
517,203,692
518,203,593
519,203,518
520,203,522
521,203,607
522,203,774
523,203,985
524,203,1052
525,203,937
526,203,814
527,203,746
528,203,838
529,203,1033
530,203,1200
531,203,1098
532,203,967
533,203,942
534,203,1096
535,203,1310
536,203,1429
537,203,1271
538,203,1006
539,203,773
540,203,605
541,203,491
542,203,407
543,203,316
544,203,282
545,203,272
546,203,260
547,203,240
548,203,220
549,203,205
550,203,197
551,203,193
552,203,158
553,203,161
554,203,165
555,203,167
556,203,168
557,203,166
558,203,166
559,203,168
560,203,177
561,203,194
562,203,225
563,203,334
564,203,372
565,203,401
566,203,426
567,203,358
568,203,498
569,203,528
570,203,532
571,203,502
572,203,431
573,203,233
490,204,463
491,204,445
492,204,440
493,204,474
494,204,520
495,204,558
496,204,573
497,204,565
498,204,550
499,204,541
500,204,539
501,204,569
502,204,639
503,204,731
504,204,801
505,204,866
506,204,855
507,204,787
508,204,725
509,204,673
510,204,647
511,204,706
512,204,852
513,204,1041
514,204,1212
515,204,1043
516,204,852
517,204,689
518,204,571
519,204,506
520,204,512
521,204,589
522,204,733
523,204,910
524,204,937
525,204,801
526,204,679
527,204,633
528,204,707
529,204,836
530,204,925
531,204,901
532,204,836
533,204,826
534,204,933
535,204,1074
536,204,1149
537,204,1077
538,204,891
539,204,719
540,204,579
541,204,477
542,204,397
543,204,311
544,204,276
545,204,262
546,204,250
547,204,235
548,204,220
549,204,208
550,204,199
551,204,159
552,204,159
553,204,161
554,204,164
555,204,166
556,204,165
557,204,163
558,204,161
559,204,161
560,204,164
561,204,172
562,204,187
563,204,210
564,204,232
565,204,262
566,204,308
567,204,479
568,204,566
569,204,626
570,204,647
571,204,617
572,204,550
573,204,484
490,205,423
491,205,377
492,205,289
493,205,400
494,205,445
495,205,492
496,205,526
497,205,557
498,205,584
499,205,599
500,205,599
501,205,621
502,205,706
503,205,834
504,205,935
505,205,912
506,205,845
507,205,727
508,205,642
509,205,591
510,205,590
511,205,667
512,205,813
513,205,993
514,205,1116
515,205,1047
516,205,904
517,205,734
518,205,598
519,205,518
520,205,514
521,205,566
522,205,656
523,205,741
524,205,743
525,205,661
526,205,574
527,205,532
528,205,576
529,205,651
530,205,712
531,205,728
532,205,708
533,205,729
534,205,811
535,205,933
536,205,1040
537,205,1052
538,205,924
539,205,747
540,205,594
541,205,484
542,205,403
543,205,325
544,205,295
545,205,281
546,205,264
547,205,245
548,205,227
549,205,213
550,205,165
551,205,161
552,205,159
553,205,160
554,205,161
555,205,162
556,205,161
557,205,158
558,205,156
559,205,154
560,205,155
561,205,159
562,205,167
563,205,180
564,205,200
565,205,237
566,205,303
567,205,503
568,205,615
569,205,704
570,205,744
571,205,710
572,205,627
573,205,522
490,206,188
491,206,223
492,206,233
493,206,258
494,206,295
495,206,451
496,206,520
497,206,587
498,206,654
499,206,692
500,206,676
501,206,662
502,206,726
503,206,844
504,206,935
505,206,862
506,206,767
507,206,665
508,206,586
509,206,545
510,206,562
511,206,648
512,206,799
513,206,1000
514,206,1196
515,206,1158
516,206,986
517,206,783
518,206,628
519,206,542
520,206,535
521,206,577
522,206,629
523,206,654
524,206,636
525,206,571
526,206,504
527,206,467
528,206,484
529,206,543
530,206,619
531,206,675
532,206,692
533,206,707
534,206,776
535,206,914
536,206,1080
537,206,1175
538,206,1018
539,206,802
540,206,625
541,206,508
542,206,433
543,206,385
544,206,364
545,206,347
546,206,308
547,206,278
548,206,246
549,206,182
550,206,170
551,206,163
552,206,159
553,206,158
554,206,157
555,206,157
556,206,155
557,206,153
558,206,151
559,206,149
560,206,148
561,206,150
562,206,155
563,206,165
564,206,187
565,206,231
566,206,394
567,206,515
568,206,637
569,206,752
570,206,821
571,206,774
572,206,687
573,206,616
490,207,172
491,207,193
492,207,207
493,207,229
494,207,270
495,207,436
496,207,524
497,207,619
498,207,725
499,207,797
500,207,744
501,207,683
502,207,691
503,207,756
504,207,799
505,207,759
506,207,677
507,207,601
508,207,535
509,207,504
510,207,533
511,207,616
512,207,746
513,207,905
514,207,1034
515,207,1101
516,207,956
517,207,768
518,207,626
519,207,558
520,207,581
521,207,657
522,207,734
523,207,735
524,207,653
525,207,554
526,207,476
527,207,442
528,207,461
529,207,534
530,207,649
531,207,749
532,207,741
533,207,718
534,207,753
535,207,884
536,207,1056
537,207,1168
538,207,1032
539,207,831
540,207,658
541,207,556
542,207,486
543,207,448
544,207,435
545,207,419
546,207,389
547,207,346
548,207,231
549,207,197
550,207,177
551,207,166
552,207,159
553,207,155
554,207,153
555,207,151
556,207,149
557,207,147
558,207,145
559,207,144
560,207,143
561,207,144
562,207,148
563,207,157
564,207,177
565,207,221
566,207,383
567,207,496
568,207,614
569,207,730
570,207,803
571,207,764
572,207,691
573,207,636
490,208,168
491,208,181
492,208,196
493,208,217
494,208,258
495,208,422
496,208,515
497,208,614
498,208,721
499,208,793
500,208,735
501,208,657
502,208,623
503,208,647
504,208,665
505,208,645
506,208,593
507,208,532
508,208,477
509,208,451
510,208,495
511,208,567
512,208,662
513,208,766
514,208,860
515,208,889
516,208,809
517,208,684
518,208,585
519,208,555
520,208,613
521,208,733
522,208,868
523,208,864
524,208,719
525,208,579
526,208,482
527,208,438
528,208,455
529,208,537
530,208,688
531,208,875
532,208,782
533,208,719
534,208,721
535,208,815
536,208,942
537,208,1025
538,208,983
539,208,869
540,208,753
541,208,652
542,208,568
543,208,533
544,208,526
545,208,503
546,208,460
547,208,408
548,208,344
549,208,218
550,208,187
551,208,170
552,208,160
553,208,154
554,208,149
555,208,146
556,208,144
557,208,142
558,208,140
559,208,139
560,208,138
561,208,139
562,208,142
563,208,150
564,208,167
565,208,205
566,208,347
567,208,448
568,208,549
569,208,640
570,208,691
571,208,679
572,208,638
573,208,623
490,209,158
491,209,174
492,209,190
493,209,210
494,209,246
495,209,394
496,209,481
497,209,564
498,209,639
499,209,677
500,209,646
501,209,589
502,209,550
503,209,546
504,209,550
505,209,538
506,209,504
507,209,453
508,209,409
509,209,318
510,209,460
511,209,524
512,209,586
513,209,645
514,209,695
515,209,702
516,209,653
517,209,578
518,209,521
519,209,523
520,209,596
521,209,724
522,209,862
523,209,859
524,209,713
525,209,574
526,209,479
527,209,435
528,209,447
529,209,512
530,209,621
531,209,717
532,209,711
533,209,681
534,209,685
535,209,748
536,209,865
537,209,998
538,209,1074
539,209,974
540,209,905
541,209,780
542,209,664
543,209,641
544,209,648
545,209,605
546,209,532
547,209,459
548,209,382
549,209,234
550,209,195
551,209,174
552,209,161
553,209,152
554,209,146
555,209,142
556,209,140
557,209,137
558,209,136
559,209,135
560,209,135
561,209,136
562,209,139
563,209,145
564,209,158
565,209,184
566,209,232
567,209,379
568,209,464
569,209,531
570,209,567
571,209,563
572,209,534
573,209,527
490,210,148
491,210,170
492,210,188
493,210,205
494,210,229
495,210,274
496,210,427
497,210,493
498,210,542
499,210,561
500,210,543
501,210,504
502,210,468
503,210,446
504,210,439
505,210,430
506,210,407
507,210,291
508,210,279
509,210,303
510,210,452
511,210,509
512,210,554
513,210,584
514,210,593
515,210,579
516,210,538
517,210,488
518,210,453
519,210,468
520,210,533
521,210,628
522,210,710
523,210,707
524,210,621
525,210,524
526,210,455
527,210,426
528,210,444
529,210,493
530,210,557
531,210,611
532,210,626
533,210,634
534,210,654
535,210,714
536,210,822
537,210,959
538,210,1057
539,210,993
540,210,1047
541,210,859
542,210,723
543,210,733
544,210,779
545,210,698
546,210,587
547,210,492
548,210,404
549,210,251
550,210,200
551,210,176
552,210,161
553,210,151
554,210,144
555,210,139
556,210,136
557,210,134
558,210,132
559,210,131
560,210,132
561,210,133
562,210,136
563,210,142
564,210,152
565,210,169
566,210,198
567,210,241
568,210,371
569,210,419
570,210,441
571,210,433
572,210,383
573,210,196
490,211,131
491,211,170
492,211,190
493,211,203
494,211,217
495,211,243
496,211,366
497,211,412
498,211,446
499,211,458
500,211,445
501,211,410
502,211,373
503,211,266
504,211,255
505,211,251
506,211,245
507,211,241
508,211,262
509,211,405
510,211,476
511,211,537
512,211,591
513,211,619
514,211,594
515,211,540
516,211,481
517,211,427
518,211,386
519,211,398
520,211,451
521,211,516
522,211,560
523,211,554
524,211,506
525,211,450
526,211,410
527,211,412
528,211,467
529,211,527
530,211,579
531,211,619
532,211,612
533,211,617
534,211,635
535,211,677
536,211,758
537,211,847
538,211,891
539,211,881
540,211,883
541,211,783
542,211,686
543,211,721
544,211,777
545,211,701
546,211,592
547,211,498
548,211,410
549,211,252
550,211,201
551,211,175
552,211,159
553,211,148
554,211,141
555,211,137
556,211,133
557,211,131
558,211,129
559,211,129
560,211,129
561,211,131
562,211,134
563,211,140
564,211,148
565,211,163
566,211,179
567,211,199
568,211,224
569,211,243
570,211,252
571,211,248
572,211,225
573,211,176
490,212,168
491,212,190
492,212,201
493,212,206
494,212,208
495,212,213
496,212,231
497,212,251
498,212,341
499,212,354
500,212,343
501,212,243
502,212,220
503,212,202
504,212,195
505,212,194
506,212,196
507,212,205
508,212,247
509,212,436
510,212,510
511,212,592
512,212,692
513,212,757
514,212,682
515,212,568
516,212,478
517,212,404
518,212,245
519,212,308
520,212,372
521,212,427
522,212,451
523,212,434
524,212,401
525,212,369
526,212,340
527,212,373
528,212,526
529,212,621
530,212,661
531,212,714
532,212,629
533,212,620
534,212,625
535,212,625
536,212,695
537,212,751
538,212,735
539,212,733
540,212,709
541,212,645
542,212,588
543,212,607
544,212,638
545,212,615
546,212,549
547,212,479
548,212,408
549,212,237
550,212,198
551,212,171
552,212,153
553,212,144
554,212,139
555,212,134
556,212,132
557,212,130
558,212,126
559,212,126
560,212,127
561,212,129
562,212,132
563,212,139
564,212,145
565,212,165
566,212,176
567,212,178
568,212,185
569,212,193
570,212,197
571,212,197
572,212,188
573,212,172
490,213,218
491,213,221
492,213,218
493,213,216
494,213,205
495,213,184
496,213,186
497,213,189
498,213,172
499,213,185
500,213,189
501,213,176
502,213,165
503,213,155
504,213,153
505,213,155
506,213,156
507,213,160
508,213,202
509,213,511
510,213,535
511,213,639
512,213,841
513,213,1057
514,213,834
515,213,601
516,213,490
517,213,434
518,213,157
519,213,128
520,213,307
521,213,380
522,213,393
523,213,336
524,213,302
525,213,294
526,213,220
527,213,232
528,213,663
529,213,784
530,213,693
531,213,792
532,213,531
533,213,617
534,213,629
535,213,527
536,213,659
537,213,734
538,213,578
539,213,622
540,213,564
541,213,501
542,213,458
543,213,460
544,213,495
545,213,530
546,213,494
547,213,452
548,213,430
549,213,199
550,213,193
551,213,162
552,213,141
553,213,138
554,213,136
555,213,130
556,213,130
557,213,130
558,213,121
559,213,123
560,213,126
561,213,126
562,213,129
563,213,139
564,213,132
565,213,182
566,213,189
567,213,161
568,213,162
569,213,163
570,213,164
571,213,171
572,213,168
573,213,157
