xv,yv,rho
490,148,152
491,148,151
492,148,148
493,148,142
494,148,232
495,148,378
496,148,477
497,148,676
498,148,801
499,148,756
500,148,600
501,148,468
502,148,346
503,148,354
504,148,375
505,148,370
506,148,346
507,148,324
508,148,216
509,148,198
510,148,161
511,148,203
512,148,365
513,148,555
514,148,580
515,148,604
516,148,615
517,148,604
518,148,580
519,148,469
520,148,409
521,148,272
522,148,306
523,148,183
524,148,165
525,148,242
526,148,353
527,148,454
528,148,486
529,148,537
530,148,470
531,148,392
532,148,325
533,148,336
534,148,224
535,148,259
536,148,340
537,148,295
538,148,307
539,148,354
540,148,388
541,148,366
542,148,375
543,148,296
544,148,261
545,148,259
546,148,244
547,148,227
548,148,224
549,148,224
550,148,263
551,148,359
552,148,479
553,148,517
554,148,936
555,148,1273
556,148,969
557,148,812
558,148,746
559,148,730
560,148,485
561,148,455
562,148,436
563,148,290
564,148,293
565,148,425
566,148,427
567,148,425
568,148,327
569,148,321
570,148,319
571,148,289
572,148,266
573,148,268
490,149,225
491,149,202
492,149,197
493,149,217
494,149,301
495,149,409
496,149,528
497,149,683
498,149,814
499,149,807
500,149,679
501,149,556
502,149,473
503,149,463
504,149,461
505,149,438
506,149,399
507,149,361
508,149,318
509,149,301
510,149,292
511,149,323
512,149,411
513,149,524
514,149,607
515,149,676
516,149,706
517,149,675
518,149,604
519,149,510
520,149,437
521,149,374
522,149,357
523,149,336
524,149,369
525,149,468
526,149,618
527,149,767
528,149,783
529,149,680
530,149,547
531,149,441
532,149,375
533,149,351
534,149,326
535,149,335
536,149,366
537,149,383
538,149,416
539,149,448
540,149,454
541,149,430
542,149,405
543,149,362
544,149,302
545,149,272
546,149,255
547,149,247
548,149,251
549,149,269
550,149,315
551,149,416
552,149,511
553,149,607
554,149,788
555,149,906
556,149,826
557,149,728
558,149,652
559,149,584
560,149,471
561,149,414
562,149,355
563,149,317
564,149,325
565,149,369
566,149,383
567,149,377
568,149,345
569,149,331
570,149,324
571,149,314
572,149,308
573,149,317
490,150,274
491,150,240
492,150,233
493,150,255
494,150,332
495,150,423
496,150,528
497,150,650
498,150,751
499,150,760
500,150,681
501,150,597
502,150,563
503,150,574
504,150,580
505,150,535
506,150,468
507,150,417
508,150,394
509,150,382
510,150,373
511,150,387
512,150,446
513,150,544
514,150,664
515,150,788
516,150,852
517,150,788
518,150,662
519,150,544
520,150,462
521,150,416
522,150,407
523,150,426
524,150,487
525,150,604
526,150,783
527,150,985
528,150,992
529,150,799
530,150,617
531,150,488
532,150,416
533,150,395
534,150,385
535,150,387
536,150,419
537,150,476
538,150,544
539,150,586
540,150,566
541,150,508
542,150,452
543,150,403
544,150,353
545,150,290
546,150,267
547,150,265
548,150,281
549,150,316
550,150,367
551,150,465
552,150,541
553,150,611
554,150,688
555,150,726
556,150,692
557,150,628
558,150,559
559,150,483
560,150,387
561,150,344
562,150,321
563,150,314
564,150,325
565,150,346
566,150,358
567,150,357
568,150,346
569,150,340
570,150,338
571,150,339
572,150,339
573,150,325
490,151,277
491,151,261
492,151,259
493,151,281
494,151,328
495,151,415
496,151,498
497,151,586
498,151,656
499,151,670
500,151,634
501,151,601
502,151,621
503,151,687
504,151,730
505,151,652
506,151,548
507,151,489
508,151,487
509,151,478
510,151,456
511,151,449
512,151,491
513,151,580
514,151,722
515,151,904
516,151,1025
517,151,902
518,151,715
519,151,566
520,151,476
521,151,442
522,151,445
523,151,470
524,151,527
525,151,629
526,151,782
527,151,946
528,151,980
529,151,851
530,151,695
531,151,559
532,151,485
533,151,474
534,151,467
535,151,456
536,151,490
537,151,584
538,151,709
539,151,783
540,151,721
541,151,603
542,151,501
543,151,431
544,151,375
545,151,303
546,151,280
547,151,288
548,151,325
549,151,399
550,151,463
551,151,531
552,151,584
553,151,615
554,151,635
555,151,630
556,151,596
557,151,541
558,151,472
559,151,384
560,151,334
561,151,311
562,151,303
563,151,307
564,151,319
565,151,334
566,151,346
567,151,350
568,151,350
569,151,352
570,151,359
571,151,373
572,151,389
573,151,398
490,152,281
491,152,282
492,152,293
493,152,335
494,152,370
495,152,415
496,152,472
497,152,536
498,152,588
499,152,602
500,152,584
501,152,583
502,152,638
503,152,750
504,152,861
505,152,730
506,152,611
507,152,590
508,152,624
509,152,619
510,152,571
511,152,541
512,152,578
513,152,632
514,152,742
515,152,908
516,152,1023
517,152,898
518,152,709
519,152,563
520,152,485
521,152,475
522,152,492
523,152,513
524,152,541
525,152,609
526,152,730
527,152,915
528,152,1062
529,152,1021
530,152,826
531,152,656
532,152,599
533,152,613
534,152,608
535,152,575
536,152,576
537,152,684
538,152,866
539,152,996
540,152,867
541,152,676
542,152,533
543,152,445
544,152,384
545,152,311
546,152,293
547,152,320
548,152,391
549,152,462
550,152,536
551,152,609
552,152,656
553,152,661
554,152,635
555,152,589
556,152,537
557,152,470
558,152,382
559,152,332
560,152,304
561,152,293
562,152,292
563,152,299
564,152,312
565,152,328
566,152,341
567,152,351
568,152,358
569,152,368
570,152,387
571,152,419
572,152,455
573,152,457
490,153,400
491,153,328
492,153,347
493,153,374
494,153,402
495,153,433
496,153,478
497,153,543
498,153,602
499,153,613
500,153,579
501,153,556
502,153,595
503,153,677
504,153,734
505,153,676
506,153,623
507,153,691
508,153,798
509,153,808
510,153,724
511,153,685
512,153,733
513,153,757
514,153,756
515,153,823
516,153,871
517,153,796
518,153,662
519,153,553
520,153,517
521,153,544
522,153,586
523,153,604
524,153,605
525,153,643
526,153,737
527,153,936
528,153,1169
529,153,1158
530,153,914
531,153,742
532,153,756
533,153,835
534,153,838
535,153,756
536,153,692
537,153,737
538,153,883
539,153,997
540,153,861
541,153,668
542,153,524
543,153,438
544,153,380
545,153,313
546,153,310
547,153,370
548,153,434
549,153,513
550,153,610
551,153,710
552,153,769
553,153,746
554,153,675
555,153,594
556,153,513
557,153,409
558,153,342
559,153,306
560,153,289
561,153,283
562,153,284
563,153,292
564,153,306
565,153,323
566,153,341
567,153,356
568,153,369
569,153,386
570,153,418
571,153,479
572,153,564
573,153,610
490,154,425
491,154,361
492,154,373
493,154,410
494,154,449
495,154,474
496,154,506
497,154,583
498,154,669
499,154,677
500,154,606
501,154,542
502,154,535
503,154,568
504,154,593
505,154,583
506,154,612
507,154,743
508,154,925
509,154,965
510,154,883
511,154,855
512,154,946
513,154,952
514,154,861
515,154,829
516,154,843
517,154,781
518,154,671
519,154,581
520,154,585
521,154,663
522,154,759
523,154,782
524,154,765
525,154,761
526,154,758
527,154,869
528,154,1021
529,154,1021
530,154,871
531,154,792
532,154,934
533,154,1131
534,154,1153
535,154,1014
536,154,906
537,154,793
538,154,780
539,154,791
540,154,705
541,154,578
542,154,475
543,154,410
544,154,363
545,154,310
546,154,325
547,154,397
548,154,466
549,154,559
550,154,688
551,154,835
552,154,927
553,154,858
554,154,730
555,154,611
556,154,517
557,154,429
558,154,336
559,154,298
560,154,282
561,154,276
562,154,278
563,154,286
564,154,300
565,154,319
566,154,340
567,154,358
568,154,375
569,154,396
570,154,440
571,154,533
572,154,728
573,154,1155
490,155,255
491,155,316
492,155,378
493,155,453
494,155,522
495,155,546
496,155,545
497,155,614
498,155,725
499,155,735
500,155,633
501,155,545
502,155,495
503,155,491
504,155,496
505,155,505
506,155,564
507,155,688
508,155,844
509,155,948
510,155,1045
511,155,1000
512,155,1106
513,155,1104
514,155,977
515,155,1011
516,155,1071
517,155,980
518,155,818
519,155,693
520,155,685
521,155,806
522,155,979
523,155,1019
524,155,1005
525,155,972
526,155,859
527,155,828
528,155,881
529,155,886
530,155,831
531,155,852
532,155,1071
533,155,1376
534,155,1433
535,155,1311
536,155,1189
537,155,938
538,155,722
539,155,621
540,155,545
541,155,471
542,155,411
543,155,370
544,155,337
545,155,306
546,155,359
547,155,421
548,155,499
549,155,611
550,155,761
551,155,947
552,155,1087
553,155,944
554,155,764
555,155,618
556,155,516
557,155,431
558,155,334
559,155,294
560,155,278
561,155,272
562,155,272
563,155,279
564,155,294
565,155,313
566,155,335
567,155,355
568,155,371
569,155,390
570,155,427
571,155,505
572,155,672
573,155,1053
490,156,199
491,156,282
492,156,378
493,156,492
494,156,604
495,156,626
496,156,576
497,156,588
498,156,663
499,156,692
500,156,646
501,156,582
502,156,514
503,156,472
504,156,456
505,156,462
506,156,505
507,156,592
508,156,718
509,156,887
510,156,1017
511,156,963
512,156,988
513,156,998
514,156,987
515,156,1189
516,156,1366
517,156,1232
518,156,1024
519,156,866
520,156,793
521,156,908
522,156,1084
523,156,1128
524,156,1200
525,156,1172
526,156,1019
527,156,1003
528,156,995
529,156,1013
530,156,994
531,156,962
532,156,1136
533,156,1387
534,156,1466
535,156,1505
536,156,1384
537,156,1025
538,156,722
539,156,531
540,156,439
541,156,387
542,156,353
543,156,326
544,156,291
545,156,297
546,156,368
547,156,436
548,156,528
549,156,668
550,156,851
551,156,1011
552,156,1022
553,156,940
554,156,768
555,156,617
556,156,511
557,156,426
558,156,330
559,156,290
560,156,273
561,156,267
562,156,266
563,156,272
564,156,285
565,156,304
566,156,325
567,156,343
568,156,357
569,156,368
570,156,384
571,156,408
572,156,416
573,156,277
490,157,128
491,157,248
492,157,362
493,157,486
494,157,601
495,157,621
496,157,559
497,157,538
498,157,600
499,157,698
500,157,748
501,157,672
502,157,572
503,157,509
504,157,484
505,157,467
506,157,471
507,157,517
508,157,611
509,157,727
510,157,802
511,157,783
512,157,785
513,157,822
514,157,941
515,157,1201
516,157,1434
517,157,1400
518,157,1300
519,157,1108
520,157,967
521,157,1048
522,157,1175
523,157,1144
524,157,1195
525,157,1189
526,157,1229
527,157,1352
528,157,1323
529,157,1383
530,157,1372
531,157,1275
532,157,1387
533,157,1644
534,157,1654
535,157,1435
536,157,1232
537,157,930
538,157,662
539,157,483
540,157,382
541,157,335
542,157,310
543,157,285
544,157,282
545,157,305
546,157,378
547,157,446
548,157,542
549,157,694
550,157,910
551,157,1121
552,157,1007
553,157,919
554,157,751
555,157,602
556,157,497
557,157,416
558,157,324
559,157,284
560,157,267
561,157,260
562,157,259
563,157,264
564,157,274
565,157,290
566,157,308
567,157,324
568,157,334
569,157,339
570,157,341
571,157,339
572,157,318
573,157,243
490,158,97
491,158,225
492,158,335
493,158,436
494,158,513
495,158,531
496,158,502
497,158,499
498,158,589
499,158,734
500,158,869
501,158,750
502,158,640
503,158,602
504,158,577
505,158,530
506,158,489
507,158,487
508,158,530
509,158,587
510,158,622
511,158,618
512,158,629
513,158,686
514,158,827
515,158,1061
516,158,1315
517,158,1605
518,158,1614
519,158,1381
520,158,1218
521,158,1259
522,158,1375
523,158,1344
524,158,1393
525,158,1325
526,158,1460
527,158,1753
528,158,1709
529,158,1844
530,158,1846
531,158,1659
532,158,1715
533,158,1880
534,158,1786
535,158,1379
536,158,1026
537,158,766
538,158,567
539,158,433
540,158,355
541,158,314
542,158,285
543,158,311
544,158,333
545,158,367
546,158,415
547,158,467
548,158,544
549,158,660
550,158,820
551,158,956
552,158,948
553,158,889
554,158,734
555,158,587
556,158,483
557,158,406
558,158,318
559,158,278
560,158,260
561,158,252
562,158,251
563,158,254
564,158,262
565,158,274
566,158,288
567,158,301
568,158,309
569,158,311
570,158,308
571,158,299
572,158,282
573,158,252
490,159,82
491,159,217
492,159,314
493,159,388
494,159,436
495,159,451
496,159,446
497,159,467
498,159,547
499,159,661
500,159,745
501,159,714
502,159,702
503,159,746
504,159,733
505,159,643
506,159,558
507,159,518
508,159,512
509,159,523
510,159,530
511,159,538
512,159,561
513,159,633
514,159,761
515,159,965
516,159,1269
517,159,1605
518,159,1697
519,159,1626
520,159,1715
521,159,1673
522,159,1824
523,159,1856
524,159,1899
525,159,1710
526,159,1575
527,159,1714
528,159,2027
529,159,2110
530,159,2177
531,159,2094
532,159,2181
533,159,1913
534,159,1639
535,159,1249
536,159,899
537,159,644
538,159,492
539,159,401
540,159,354
541,159,330
542,159,327
543,159,353
544,159,391
545,159,434
546,159,489
547,159,545
548,159,594
549,159,639
550,159,727
551,159,850
552,159,969
553,159,928
554,159,741
555,159,578
556,159,470
557,159,394
558,159,309
559,159,269
560,159,251
561,159,243
562,159,241
563,159,244
564,159,249
565,159,258
566,159,269
567,159,278
568,159,284
569,159,286
570,159,283
571,159,276
572,159,263
573,159,248
490,160,146
491,160,225
492,160,306
493,160,362
494,160,392
495,160,402
496,160,406
497,160,432
498,160,487
499,160,559
500,160,618
501,160,658
502,160,769
503,160,910
504,160,910
505,160,773
506,160,674
507,160,634
508,160,600
509,160,565
510,160,545
511,160,546
512,160,574
513,160,657
514,160,762
515,160,894
516,160,1108
517,160,1363
518,160,1576
519,160,1926
520,160,2241
521,160,2147
522,160,2140
523,160,2160
524,160,2435
525,160,2127
526,160,1853
527,160,1718
528,160,1820
529,160,1996
530,160,2317
531,160,2479
532,160,2448
533,160,2065
534,160,1569
535,160,1163
536,160,838
537,160,607
538,160,477
539,160,420
540,160,402
541,160,389
542,160,386
543,160,417
544,160,475
545,160,547
546,160,622
547,160,704
548,160,751
549,160,739
550,160,742
551,160,857
552,160,961
553,160,876
554,160,705
555,160,553
556,160,450
557,160,377
558,160,295
559,160,257
560,160,240
561,160,234
562,160,234
563,160,236
564,160,240
565,160,246
566,160,253
567,160,260
568,160,265
569,160,267
570,160,266
571,160,261
572,160,253
573,160,250
490,161,259
491,161,265
492,161,303
493,161,358
494,161,379
495,161,385
496,161,389
497,161,407
498,161,443
499,161,490
500,161,544
501,161,631
502,161,775
503,161,935
504,161,955
505,161,863
506,161,836
507,161,830
508,161,775
509,161,697
510,161,660
511,161,650
512,161,663
513,161,729
514,161,796
515,161,861
516,161,979
517,161,1167
518,161,1499
519,161,1970
520,161,2414
521,161,2506
522,161,2486
523,161,2318
524,161,2422
525,161,2578
526,161,2261
527,161,1979
528,161,1830
529,161,2016
530,161,2461
531,161,2954
532,161,2784
533,161,2392
534,161,1832
535,161,1328
536,161,931
537,161,664
538,161,564
539,161,536
540,161,523
541,161,501
542,161,481
543,161,515
544,161,603
545,161,724
546,161,836
547,161,960
548,161,1022
549,161,934
550,161,827
551,161,922
552,161,1077
553,161,905
554,161,701
555,161,544
556,161,442
557,161,369
558,161,291
559,161,252
560,161,236
561,161,232
562,161,233
563,161,236
564,161,239
565,161,243
566,161,247
567,161,250
568,161,253
569,161,258
570,161,260
571,161,257
572,161,240
573,161,196
490,162,288
491,162,306
492,162,356
493,162,387
494,162,400
495,162,401
496,162,400
497,162,406
498,162,429
499,162,464
500,162,516
501,162,599
502,162,716
503,162,835
504,162,894
505,162,931
506,162,1033
507,162,1108
508,162,1010
509,162,895
510,162,870
511,162,833
512,162,815
513,162,872
514,162,958
515,162,983
516,162,985
517,162,1098
518,162,1378
519,162,1807
520,162,2382
521,162,2872
522,162,2635
523,162,2472
524,162,2686
525,162,2835
526,162,2619
527,162,2561
528,162,2357
529,162,2264
530,162,2491
531,162,2892
532,162,3316
533,162,2905
534,162,2208
535,162,1559
536,162,1095
537,162,844
538,162,763
539,162,758
540,162,741
541,162,688
542,162,637
543,162,661
544,162,784
545,162,977
546,162,1170
547,162,1279
548,162,1350
549,162,1140
550,162,914
551,162,875
552,162,941
553,162,863
554,162,708
555,162,563
556,162,464
557,162,389
558,162,328
559,162,271
560,162,252
561,162,249
562,162,251
563,162,256
564,162,258
565,162,259
566,162,257
567,162,252
568,162,253
569,162,260
570,162,271
571,162,278
572,162,261
573,162,184
490,163,292
491,163,362
492,163,403
493,163,432
494,163,449
495,163,450
496,163,441
497,163,438
498,163,454
499,163,484
500,163,524
501,163,590
502,163,684
503,163,798
504,163,922
505,163,1038
506,163,1186
507,163,1377
508,163,1209
509,163,1139
510,163,1166
511,163,1094
512,163,1033
513,163,1150
514,163,1275
515,163,1258
516,163,1156
517,163,1163
518,163,1349
519,163,1704
520,163,2209
521,163,2575
522,163,2541
523,163,2660
524,163,3111
525,163,3130
526,163,3145
527,163,3287
528,163,3019
529,163,2748
530,163,2854
531,163,3028
532,163,3335
533,163,3150
534,163,2455
535,163,1764
536,163,1298
537,163,1142
538,163,1108
539,163,1124
540,163,1088
541,163,970
542,163,861
543,163,884
544,163,1022
545,163,1267
546,163,1519
547,163,1548
548,163,1434
549,163,1165
550,163,910
551,163,820
552,163,905
553,163,938
554,163,823
555,163,655
556,163,516
557,163,420
558,163,359
559,163,324
560,163,310
561,163,308
562,163,315
563,163,322
564,163,325
565,163,321
566,163,308
567,163,276
568,163,267
569,163,279
570,163,309
571,163,347
572,163,361
573,163,256
490,164,385
491,164,402
492,164,446
493,164,495
494,164,531
495,164,535
496,164,513
497,164,499
498,164,520
499,164,556
500,164,589
501,164,643
502,164,742
503,164,874
504,164,1044
505,164,1188
506,164,1185
507,164,1250
508,164,1221
509,164,1337
510,164,1478
511,164,1350
512,164,1267
513,164,1476
514,164,1647
515,164,1615
516,164,1483
517,164,1468
518,164,1547
519,164,1757
520,164,2299
521,164,2732
522,164,2772
523,164,2620
524,164,2823
525,164,3071
526,164,3228
527,164,3513
528,164,3412
529,164,3183
530,164,3454
531,164,3632
532,164,3831
533,164,3661
534,164,2866
535,164,2101
536,164,1636
537,164,1608
538,164,1670
539,164,1659
540,164,1576
541,164,1343
542,164,1153
543,164,1186
544,164,1388
545,164,1582
546,164,1671
547,164,1562
548,164,1251
549,164,1020
550,164,856
551,164,856
552,164,1015
553,164,1136
554,164,976
555,164,745
556,164,565
557,164,450
558,164,388
559,164,366
560,164,358
561,164,357
562,164,370
563,164,385
564,164,387
565,164,374
566,164,355
567,164,331
568,164,303
569,164,316
570,164,379
571,164,489
572,164,628
573,164,811
490,165,328
491,165,407
492,165,485
493,165,573
494,165,647
495,165,657
496,165,611
497,165,582
498,165,622
499,165,677
500,165,707
501,165,738
502,165,850
503,165,1004
504,165,1107
505,165,1207
506,165,1165
507,165,1170
508,165,1222
509,165,1369
510,165,1519
511,165,1421
512,165,1438
513,165,1810
514,165,2128
515,165,2115
516,165,1934
517,165,1951
518,165,2008
519,165,2101
520,165,2682
521,165,3280
522,165,3294
523,165,2800
524,165,2545
525,165,2815
526,165,3042
527,165,3672
528,165,4061
529,165,3769
530,165,3774
531,165,4003
532,165,4169
533,165,4010
534,165,3263
535,165,2504
536,165,2126
537,165,2217
538,165,2370
539,165,2264
540,165,2115
541,165,1744
542,165,1512
543,165,1557
544,165,1817
545,165,2002
546,165,1783
547,165,1441
548,165,1142
549,165,929
550,165,850
551,165,902
552,165,1043
553,165,1150
554,165,991
555,165,767
556,165,589
557,165,479
558,165,436
559,165,429
560,165,425
561,165,420
562,165,445
563,165,475
564,165,476
565,165,445
566,165,407
567,165,379
568,165,367
569,165,368
570,165,472
571,165,707
572,165,1008
573,165,1527
490,166,333
491,166,417
492,166,517
493,166,643
494,166,770
495,166,786
496,166,704
497,166,667
498,166,748
499,166,846
500,166,872
501,166,850
502,166,935
503,166,1105
504,166,1152
505,166,1103
506,166,1157
507,166,1325
508,166,1365
509,166,1305
510,166,1328
511,166,1323
512,166,1503
513,166,1915
514,166,2315
515,166,2473
516,166,2373
517,166,2575
518,166,2615
519,166,2558
520,166,3001
521,166,3550
522,166,3547
523,166,3083
524,166,2685
525,166,2778
526,166,3117
527,166,3852
528,166,4417
529,166,4098
530,166,3907
531,166,4292
532,166,4433
533,166,4316
534,166,3746
535,166,3016
536,166,2768
537,166,2883
538,166,3061
539,166,2638
540,166,2445
541,166,2114
542,166,2043
543,166,2073
544,166,2254
545,166,2228
546,166,1926
547,166,1515
548,166,1202
549,166,1037
550,166,1044
551,166,1047
552,166,1007
553,166,982
554,166,883
555,166,746
556,166,618
557,166,529
558,166,516
559,166,535
560,166,535
561,166,518
562,166,554
563,166,610
564,166,609
565,166,542
566,166,470
567,166,424
568,166,409
569,166,412
570,166,546
571,166,823
572,166,1147
573,166,1558
490,167,333
491,167,417
492,167,519
493,167,649
494,167,780
495,167,802
496,167,732
497,167,725
498,167,858
499,167,1022
500,167,1044
501,167,945
502,167,932
503,167,1023
504,167,1049
505,167,1035
506,167,1213
507,167,1483
508,167,1531
509,167,1375
510,167,1278
511,167,1294
512,167,1528
513,167,1886
514,167,2289
515,167,2617
516,167,2631
517,167,3066
518,167,3144
519,167,3038
520,167,3482
521,167,3942
522,167,4072
523,167,3593
524,167,3231
525,167,3281
526,167,3549
527,167,4384
528,167,5235
529,167,4723
530,167,4469
531,167,4717
532,167,4921
533,167,4875
534,167,4607
535,167,3803
536,167,3477
537,167,3606
538,167,3191
539,167,2930
540,167,2888
541,167,2666
542,167,2716
543,167,2575
544,167,2758
545,167,2409
546,167,2216
547,167,1821
548,167,1422
549,167,1262
550,167,1352
551,167,1324
552,167,1113
553,167,914
554,167,860
555,167,829
556,167,737
557,167,642
558,167,638
559,167,693
560,167,697
561,167,653
562,167,677
563,167,768
564,167,764
565,167,647
566,167,535
567,167,466
568,167,440
569,167,447
570,167,626
571,167,875
572,167,1189
573,167,1547
490,168,341
491,168,406
492,168,492
493,168,592
494,168,681
495,168,708
496,168,692
497,168,736
498,168,881
499,168,1055
500,168,1089
501,168,986
502,168,916
503,168,950
504,168,966
505,168,980
506,168,1156
507,168,1371
508,168,1488
509,168,1551
510,168,1563
511,168,1560
512,168,1853
513,168,2161
514,168,2381
515,168,2757
516,168,2815
517,168,3274
518,168,3364
519,168,3595
520,168,3942
521,168,4620
522,168,4361
523,168,4312
524,168,4042
525,168,4133
526,168,4062
527,168,4554
528,168,5060
529,168,5181
530,168,5469
531,168,5395
532,168,5329
533,168,5201
534,168,5037
535,168,4586
536,168,4291
537,168,3905
538,168,3636
539,168,3738
540,168,3658
541,168,3232
542,168,3389
543,168,2909
544,168,2599
545,168,2420
546,168,2567
547,168,2044
548,168,1564
549,168,1406
550,168,1574
551,168,1534
552,168,1214
553,168,966
554,168,992
555,168,1047
556,168,918
557,168,768
558,168,759
559,168,863
560,168,870
561,168,772
562,168,752
563,168,835
564,168,830
565,168,708
566,168,585
567,168,500
568,168,459
569,168,455
570,168,628
571,168,859
572,168,1186
573,168,1723
490,169,327
491,169,382
492,169,456
493,169,532
494,169,594
495,169,624
496,169,641
497,169,707
498,169,835
499,169,983
500,169,1069
501,169,1068
502,169,1017
503,169,1067
504,169,1081
505,169,1065
506,169,1150
507,169,1283
508,169,1531
509,169,1850
510,169,1976
511,169,1923
512,169,2239
513,169,2608
514,169,2620
515,169,2810
516,169,3228
517,169,3788
518,169,3756
519,169,4063
520,169,3840
521,169,4254
522,169,4873
523,169,5004
524,169,4854
525,169,4921
526,169,5027
527,169,5381
528,169,5717
529,169,6159
530,169,6497
531,169,5857
532,169,5496
533,169,5504
534,169,5473
535,169,5372
536,169,5234
537,169,4935
538,169,4476
539,169,4555
540,169,4119
541,169,3526
542,169,3406
543,169,3069
544,169,2507
545,169,2207
546,169,2188
547,169,1872
548,169,1492
549,169,1336
550,169,1419
551,169,1374
552,169,1150
553,169,993
554,169,1102
555,169,1268
556,169,1043
557,169,833
558,169,792
559,169,890
560,169,903
561,169,811
562,169,770
563,169,817
564,169,818
565,169,736
566,169,627
567,169,532
568,169,467
569,169,441
570,169,576
571,169,749
572,169,973
573,169,1273
490,170,215
491,170,339
492,170,428
493,170,500
494,170,556
495,170,592
496,170,623
497,170,696
498,170,830
499,170,1017
500,170,1208
501,170,1244
502,170,1182
503,170,1305
504,170,1335
505,170,1297
506,170,1377
507,170,1390
508,170,1566
509,170,1956
510,170,2307
511,170,2134
512,170,2347
513,170,2732
514,170,2875
515,170,3277
516,170,3423
517,170,3409
518,170,3353
519,170,3445
520,170,3384
521,170,3808
522,170,4484
523,170,4990
524,170,5775
525,170,5862
526,170,5954
527,170,6205
528,170,6490
529,170,7224
530,170,6692
531,170,6243
532,170,6165
533,170,6333
534,170,6063
535,170,6114
536,170,5545
537,170,5214
538,170,4682
539,170,4330
540,170,4122
541,170,3758
542,170,3475
543,170,2914
544,170,2408
545,170,2055
546,170,1963
547,170,1722
548,170,1415
549,170,1254
550,170,1235
551,170,1165
552,170,1026
553,170,945
554,170,1024
555,170,1090
556,170,957
557,170,791
558,170,733
559,170,783
560,170,811
561,170,793
562,170,792
563,170,837
564,170,850
565,170,793
566,170,688
567,170,573
568,170,454
569,170,414
570,170,484
571,170,593
572,170,685
573,170,689
490,171,210
491,171,301
492,171,411
493,171,497
494,171,570
495,171,616
496,171,656
497,171,722
498,171,839
499,171,1020
500,171,1223
501,171,1282
502,171,1281
503,171,1478
504,171,1537
505,171,1543
506,171,1673
507,171,1542
508,171,1507
509,171,1830
510,171,2093
511,171,2049
512,171,2185
513,171,2599
514,171,3250
515,171,3576
516,171,3529
517,171,3204
518,171,2963
519,171,2896
520,171,2905
521,171,3355
522,171,4065
523,171,5041
524,171,6001
525,171,6268
526,171,6379
527,171,6696
528,171,6728
529,171,7280
530,171,7354
531,171,7259
532,171,7175
533,171,7093
534,171,6408
535,171,6450
536,171,5692
537,171,5328
538,171,4855
539,171,4412
540,171,4385
541,171,3821
542,171,3437
543,171,2959
544,171,2639
545,171,2349
546,171,2335
547,171,2009
548,171,1601
549,171,1445
550,171,1316
551,171,1153
552,171,1009
553,171,935
554,171,953
555,171,942
556,171,843
557,171,737
558,171,688
559,171,714
560,171,761
561,171,809
562,171,865
563,171,921
564,171,950
565,171,903
566,171,787
567,171,643
568,171,510
569,171,402
570,171,389
571,171,449
572,171,486
573,171,465
490,172,207
491,172,296
492,172,394
493,172,501
494,172,629
495,172,692
496,172,725
497,172,767
498,172,844
499,172,971
500,172,1114
501,172,1179
502,172,1196
503,172,1324
504,172,1391
505,172,1504
506,172,1659
507,172,1538
508,172,1529
509,172,1932
510,172,2238
511,172,2148
512,172,2184
513,172,2716
514,172,3430
515,172,4107
516,172,3815
517,172,3576
518,172,3210
519,172,2933
520,172,2883
521,172,3407
522,172,4247
523,172,5288
524,172,6237
525,172,6710
526,172,7059
527,172,7407
528,172,7569
529,172,7535
530,172,7985
531,172,7817
532,172,7585
533,172,7119
534,172,6474
535,172,6316
536,172,5769
537,172,5722
538,172,5056
539,172,4656
540,172,4597
541,172,4034
542,172,3868
543,172,3388
544,172,3094
545,172,2679
546,172,2812
547,172,2298
548,172,1887
549,172,1833
550,172,1617
551,172,1366
552,172,1200
553,172,1103
554,172,1083
555,172,992
556,172,855
557,172,791
558,172,761
559,172,767
560,172,833
561,172,927
562,172,998
563,172,1053
564,172,1094
565,172,1043
566,172,897
567,172,714
568,172,551
569,172,425
570,172,334
571,172,323
572,172,340
573,172,305
490,173,208
491,173,322
492,173,452
493,173,619
494,173,744
495,173,818
496,173,844
497,173,852
498,173,890
499,173,984
500,173,1137
501,173,1248
502,173,1164
503,173,1098
504,173,1120
505,173,1231
506,173,1334
507,173,1355
508,173,1581
509,173,2086
510,173,2590
511,173,2332
512,173,2291
513,173,2790
514,173,3381
515,173,4120
516,173,4281
517,173,4252
518,173,3895
519,173,3597
520,173,3606
521,173,4092
522,173,4757
523,173,5844
524,173,6927
525,173,7241
526,173,7553
527,173,8260
528,173,7994
529,173,7825
530,173,8098
531,173,8325
532,173,8113
533,173,7594
534,173,6851
535,173,6617
536,173,6388
537,173,6285
538,173,5608
539,173,5320
540,173,5001
541,173,4221
542,173,3947
543,173,3426
544,173,3103
545,173,2583
546,173,2493
547,173,2199
548,173,2056
549,173,2224
550,173,1909
551,173,1706
552,173,1490
553,173,1366
554,173,1365
555,173,1195
556,173,1010
557,173,971
558,173,943
559,173,918
560,173,989
561,173,1102
562,173,1134
563,173,1162
564,173,1216
565,173,1158
566,173,971
567,173,751
568,173,562
569,173,419
570,173,301
571,173,255
572,173,230
573,173,171
490,174,209
491,174,375
492,174,562
493,174,730
494,174,872
495,174,968
496,174,1003
497,174,987
498,174,987
499,174,1029
500,174,1125
501,174,1211
502,174,1090
503,174,949
504,174,896
505,174,965
506,174,1039
507,174,1131
508,174,1433
509,174,1865
510,174,2222
511,174,2266
512,174,2415
513,174,2955
514,174,3349
515,174,3832
516,174,4281
517,174,4626
518,174,4710
519,174,4390
520,174,4517
521,174,5023
522,174,5483
523,174,6433
524,174,7143
525,174,7818
526,174,8128
527,174,8241
528,174,8228
529,174,8492
530,174,8943
531,174,9349
532,174,9180
533,174,8612
534,174,7785
535,174,7290
536,174,7105
537,174,6715
538,174,6265
539,174,5913
540,174,5301
541,174,4546
542,174,3723
543,174,3103
544,174,2771
545,174,2506
546,174,2350
547,174,2075
548,174,2023
549,174,2065
550,174,1957
551,174,2000
552,174,1705
553,174,1553
554,174,1631
555,174,1352
556,174,1162
557,174,1183
558,174,1154
559,174,1070
560,174,1153
561,174,1252
562,174,1195
563,174,1191
564,174,1249
565,174,1180
566,174,960
567,174,728
568,174,537
569,174,394
570,174,274
571,174,221
572,174,192
573,174,159
490,175,310
491,175,469
492,175,638
493,175,813
494,175,982
495,175,1119
496,175,1181
497,175,1153
498,175,1122
499,175,1076
500,175,1053
501,175,1024
502,175,936
503,175,828
504,175,777
505,175,812
506,175,869
507,175,987
508,175,1236
509,175,1572
510,175,1941
511,175,2324
512,175,2573
513,175,3010
514,175,3334
515,175,3530
516,175,3798
517,175,4666
518,175,5025
519,175,5047
520,175,5364
521,175,5753
522,175,6054
523,175,6709
524,175,7427
525,175,8178
526,175,8932
527,175,9244
528,175,9331
529,175,9985
530,175,10679
531,175,11114
532,175,10952
533,175,10322
534,175,9345
535,175,8529
536,175,7820
537,175,7236
538,175,6776
539,175,6232
540,175,5528
541,175,4913
542,175,3929
543,175,3101
544,175,2720
545,175,2752
546,175,2632
547,175,2285
548,175,2311
549,175,2151
550,175,2054
551,175,1891
552,175,1703
553,175,1487
554,175,1427
555,175,1261
556,175,1144
557,175,1180
558,175,1149
559,175,1056
560,175,1110
561,175,1112
562,175,1097
563,175,1133
564,175,1113
565,175,1019
566,175,834
567,175,638
568,175,476
569,175,353
570,175,247
571,175,200
572,175,176
573,175,156
490,176,481
491,176,504
492,176,669
493,176,849
494,176,1044
495,176,1228
496,176,1339
497,176,1302
498,176,1274
499,176,1119
500,176,984
501,176,901
502,176,825
503,176,767
504,176,769
505,176,815
506,176,859
507,176,936
508,176,1150
509,176,1447
510,176,1826
511,176,2259
512,176,2538
513,176,2985
514,176,3374
515,176,3683
516,176,3712
517,176,4230
518,176,5147
519,176,5398
520,176,5487
521,176,5855
522,176,6078
523,176,6895
524,176,7841
525,176,8658
526,176,9422
527,176,10345
528,176,11249
529,176,12099
530,176,13040
531,176,13606
532,176,13472
533,176,12708
534,176,11658
535,176,10321
536,176,9047
537,176,8123
538,176,7162
539,176,6375
540,176,5523
541,176,4798
542,176,3925
543,176,3092
544,176,2808
545,176,2841
546,176,2693
547,176,2345
548,176,2334
549,176,2129
550,176,2056
551,176,1939
552,176,1763
553,176,1433
554,176,1236
555,176,1151
556,176,1034
557,176,986
558,176,940
559,176,900
560,176,947
561,176,986
562,176,1020
563,176,1091
564,176,968
565,176,814
566,176,663
567,176,518
568,176,397
569,176,301
570,176,219
571,176,184
572,176,167
573,176,155
490,177,505
491,177,559
492,177,677
493,177,838
494,177,1027
495,177,1218
496,177,1350
497,177,1351
498,177,1292
499,177,1122
500,177,973
501,177,903
502,177,846
503,177,831
504,177,885
505,177,981
506,177,1029
507,177,1078
508,177,1305
509,177,1566
510,177,1779
511,177,2044
512,177,2323
513,177,2810
514,177,3278
515,177,3460
516,177,3737
517,177,4160
518,177,4659
519,177,5158
520,177,5602
521,177,5947
522,177,6787
523,177,7520
524,177,8442
525,177,9542
526,177,10738
527,177,12231
528,177,13440
529,177,13809
530,177,14915
531,177,15683
532,177,15637
533,177,14884
534,177,14440
535,177,12789
536,177,10739
537,177,8913
538,177,7494
539,177,6430
540,177,5676
541,177,4911
542,177,4109
543,177,3474
544,177,3107
545,177,2842
546,177,2553
547,177,2323
548,177,2127
549,177,1946
550,177,1952
551,177,1848
552,177,1580
553,177,1298
554,177,1203
555,177,1218
556,177,1048
557,177,868
558,177,773
559,177,779
560,177,887
561,177,984
562,177,937
563,177,887
564,177,778
565,177,641
566,177,514
567,177,409
568,177,321
569,177,236
570,177,191
571,177,170
572,177,161
573,177,155
490,178,543
491,178,578
492,178,671
493,178,801
494,178,952
495,178,1103
496,178,1229
497,178,1255
498,178,1189
499,178,1074
500,178,1045
501,178,1043
502,178,981
503,178,990
504,178,1089
505,178,1266
506,178,1324
507,178,1324
508,178,1584
509,178,1918
510,178,2071
511,178,2184
512,178,2475
513,178,2661
514,178,3073
515,178,3674
516,178,4216
517,178,4458
518,178,4909
519,178,6105
520,178,6724
521,178,6944
522,178,7756
523,178,8413
524,178,9414
525,178,10785
526,178,12459
527,178,14244
528,178,15228
529,178,16963
530,178,18786
531,178,19964
532,178,19976
533,178,18752
534,178,16893
535,178,15364
536,178,12725
537,178,10045
538,178,7995
539,178,6618
540,178,5772
541,178,5155
542,178,4526
543,178,3947
544,178,3566
545,178,3212
546,178,2715
547,178,2612
548,178,2285
549,178,2103
550,178,1935
551,178,1736
552,178,1389
553,178,1104
554,178,1095
555,178,1146
556,178,985
557,178,788
558,178,673
559,178,702
560,178,819
561,178,911
562,178,829
563,178,704
564,178,603
565,178,501
566,178,408
567,178,329
568,178,257
569,178,199
570,178,172
571,178,161
572,178,156
573,178,155
490,179,580
491,179,591
492,179,679
493,179,796
494,179,900
495,179,989
496,179,1124
497,179,1231
498,179,1200
499,179,1084
500,179,1145
501,179,1230
502,179,1136
503,179,1180
504,179,1292
505,179,1567
506,179,1627
507,179,1533
508,179,1771
509,179,2195
510,179,2364
511,179,2554
512,179,2915
513,179,2905
514,179,3354
515,179,4002
516,179,4626
517,179,5250
518,179,5387
519,179,6371
520,179,6613
521,179,6927
522,179,7420
523,179,8171
524,179,9616
525,179,11605
526,179,13628
527,179,15187
528,179,17690
529,179,20523
530,179,23098
531,179,24750
532,179,24853
533,179,23169
534,179,20140
535,179,16763
536,179,14117
537,179,10872
538,179,8368
539,179,6599
540,179,5521
541,179,4828
542,179,4431
543,179,3931
544,179,3565
545,179,3195
546,179,2668
547,179,2571
548,179,2244
549,179,2311
550,179,1892
551,179,1514
552,179,1217
553,179,965
554,179,906
555,179,899
556,179,805
557,179,682
558,179,607
559,179,629
560,179,693
561,179,731
562,179,675
563,179,577
564,179,484
565,179,406
566,179,336
567,179,271
568,179,209
569,179,175
570,179,160
571,179,154
572,179,152
573,179,154
490,180,584
491,180,606
492,180,704
493,180,834
494,180,905
495,180,924
496,180,1014
497,180,1127
498,180,1114
499,180,1020
500,180,1107
501,180,1212
502,180,1133
503,180,1189
504,180,1311
505,180,1592
506,180,1649
507,180,1528
508,180,1664
509,180,1945
510,180,2121
511,180,2476
512,180,2872
513,180,2904
514,180,3578
515,180,4541
516,180,5129
517,180,5320
518,180,5620
519,180,6021
520,180,6566
521,180,6292
522,180,7066
523,180,8077
524,180,9817
525,180,12028
526,180,13545
527,180,16291
528,180,19684
529,180,23183
530,180,26274
531,180,28295
532,180,28520
533,180,26565
534,180,22787
535,180,18201
536,180,13939
537,180,10498
538,180,8383
539,180,6430
540,180,5119
541,180,4299
542,180,3841
543,180,3411
544,180,3073
545,180,2722
546,180,2281
547,180,2112
548,180,1928
549,180,1908
550,180,1661
551,180,1427
552,180,1248
553,180,998
554,180,792
555,180,708
556,180,651
557,180,608
558,180,610
559,180,617
560,180,610
561,180,597
562,180,550
563,180,482
564,180,412
565,180,347
566,180,286
567,180,222
568,180,185
569,180,165
570,180,155
571,180,151
572,180,148
573,180,146
490,181,566
491,181,605
492,181,711
493,181,859
494,181,903
495,181,849
496,181,857
497,181,910
498,181,903
499,181,859
500,181,921
501,181,980
502,181,962
503,181,1010
504,181,1144
505,181,1343
506,181,1399
507,181,1342
508,181,1398
509,181,1531
510,181,1657
511,181,1982
512,181,2265
513,181,2488
514,181,3222
515,181,4030
516,181,4432
517,181,4973
518,181,5279
519,181,5664
520,181,6238
521,181,6106
522,181,6695
523,181,8060
524,181,9854
525,181,12160
526,181,13702
527,181,16695
528,181,20275
529,181,23885
530,181,27070
531,181,29203
532,181,29517
533,181,27549
534,181,23592
535,181,18673
536,181,14109
537,181,11204
538,181,8461
539,181,6329
540,181,4873
541,181,3932
542,181,3329
543,181,2920
544,181,2628
545,181,2305
546,181,1917
547,181,1747
548,181,1709
549,181,1647
550,181,1480
551,181,1527
552,181,1431
553,181,1104
554,181,809
555,181,625
556,181,590
557,181,637
558,181,706
559,181,708
560,181,635
561,181,551
562,181,479
563,181,422
564,181,367
565,181,307
566,181,243
567,181,205
568,181,182
569,181,168
570,181,158
571,181,152
572,181,146
573,181,139
490,182,538
491,182,577
492,182,652
493,182,746
494,182,772
495,182,727
496,182,697
497,182,716
498,182,711
499,182,694
500,182,732
501,182,769
502,182,784
503,182,839
504,182,956
505,182,1097
506,182,1162
507,182,1158
508,182,1158
509,182,1193
510,182,1244
511,182,1476
512,182,1713
513,182,2165
514,182,2882
515,182,3492
516,182,3651
517,182,4064
518,182,4664
519,182,5205
520,182,5799
521,182,6425
522,182,7145
523,182,8004
524,182,9647
525,182,11825
526,182,13361
527,182,15961
528,182,19130
529,182,22318
530,182,25130
531,182,27042
532,182,27355
533,182,25613
534,182,22051
535,182,17624
536,182,13556
537,182,10858
538,182,8214
539,182,6265
540,182,4916
541,182,3935
542,182,3279
543,182,2876
544,182,2663
545,182,2320
546,182,1853
547,182,1706
548,182,1793
549,182,1725
550,182,1448
551,182,1481
552,182,1404
553,182,1089
554,182,796
555,182,609
556,182,601
557,182,703
558,182,838
559,182,836
560,182,690
561,182,552
562,182,456
563,182,392
564,182,337
565,182,271
566,182,239
567,182,218
568,182,201
569,182,186
570,182,171
571,182,160
572,182,151
573,182,143
490,183,547
491,183,542
492,183,570
493,183,611
494,183,624
495,183,603
496,183,580
497,183,580
498,183,577
499,183,572
500,183,596
501,183,626
502,183,659
503,183,719
504,183,827
505,183,963
506,183,1085
507,183,1146
508,183,1114
509,183,1058
510,183,1096
511,183,1180
512,183,1363
513,183,1991
514,183,2725
515,183,3225
516,183,3299
517,183,3823
518,183,4446
519,183,5510
520,183,6322
521,183,6644
522,183,7025
523,183,7660
524,183,9056
525,183,11095
526,183,13120
527,183,14388
528,183,16712
529,183,19126
530,183,21235
531,183,22664
532,183,22875
533,183,21502
534,183,18767
535,183,15574
536,183,12995
537,183,10006
538,183,7653
539,183,6059
540,183,5041
541,183,4248
542,183,3682
543,183,3239
544,183,3128
545,183,2667
546,183,2066
547,183,1713
548,183,1740
549,183,1651
550,183,1357
551,183,1212
552,183,1126
553,183,931
554,183,732
555,183,605
556,183,624
557,183,719
558,183,842
559,183,829
560,183,674
561,183,530
562,183,433
563,183,372
564,183,328
565,183,279
566,183,282
567,183,274
568,183,259
569,183,237
570,183,201
571,183,180
572,183,161
573,183,144
490,184,538
491,184,499
492,184,499
493,184,512
494,184,517
495,184,508
496,184,496
497,184,493
498,184,493
499,184,494
500,184,513
501,184,548
502,184,601
503,184,670
504,184,766
505,184,926
506,184,1130
507,184,1290
508,184,1225
509,184,1128
510,184,1202
511,184,1240
512,184,1326
513,184,1812
514,184,2569
515,184,2971
516,184,3159
517,184,3742
518,184,4695
519,184,5183
520,184,5436
521,184,5789
522,184,6091
523,184,6916
524,184,8067
525,184,9718
526,184,11507
527,184,12379
528,184,14046
529,184,15683
530,184,17023
531,184,17888
532,184,17930
533,184,16916
534,184,15097
535,184,13596
536,184,11069
537,184,8626
538,184,7089
539,184,5784
540,184,4840
541,184,4320
542,184,4158
543,184,3603
544,184,3675
545,184,2948
546,184,2188
547,184,1649
548,184,1497
549,184,1355
550,184,1142
551,184,970
552,184,894
553,184,797
554,184,702
555,184,689
556,184,709
557,184,713
558,184,730
559,184,687
560,184,580
561,184,474
562,184,398
563,184,352
564,184,328
565,184,319
566,184,324
567,184,325
568,184,312
569,184,287
570,184,255
571,184,224
572,184,183
573,184,165
490,185,346
491,185,425
492,185,441
493,185,450
494,185,449
495,185,442
496,185,438
497,185,443
498,185,454
499,185,467
500,185,488
501,185,536
502,185,609
503,185,695
504,185,766
505,185,892
506,185,1141
507,185,1377
508,185,1392
509,185,1320
510,185,1431
511,185,1456
512,185,1507
513,185,1951
514,185,2427
515,185,3063
516,185,3193
517,185,3983
518,185,4183
519,185,4069
520,185,4034
521,185,4581
522,185,5098
523,185,6033
524,185,6908
525,185,8257
526,185,9749
527,185,11186
528,185,12604
529,185,13722
530,185,14480
531,185,14890
532,185,14733
533,185,13876
534,185,12401
535,185,10677
536,185,8685
537,185,6945
538,185,5937
539,185,5257
540,185,4598
541,185,3995
542,185,3784
543,185,3490
544,185,3278
545,185,2803
546,185,2188
547,185,1733
548,185,1449
549,185,1211
550,185,1030
551,185,910
552,185,844
553,185,827
554,185,814
555,185,869
556,185,911
557,185,828
558,185,698
559,185,581
560,185,485
561,185,410
562,185,357
563,185,330
564,185,329
565,185,346
566,185,373
567,185,393
568,185,383
569,185,346
570,185,301
571,185,258
572,185,206
573,185,167
490,186,325
491,186,381
492,186,393
493,186,420
494,186,416
495,186,407
496,186,410
497,186,426
498,186,454
499,186,482
500,186,506
501,186,563
502,186,661
503,186,774
504,186,826
505,186,844
506,186,1058
507,186,1318
508,186,1376
509,186,1632
510,186,1707
511,186,1690
512,186,1975
513,186,2277
514,186,2813
515,186,2894
516,186,3202
517,186,3886
518,186,3693
519,186,3923
520,186,3551
521,186,3690
522,186,4518
523,186,5425
524,186,5952
525,186,6645
526,186,7768
527,186,8985
528,186,10046
529,186,10685
530,186,10975
531,186,11027
532,186,10721
533,186,10098
534,186,9123
535,186,7948
536,186,6588
537,186,5404
538,186,4645
539,186,4198
540,186,3753
541,186,3365
542,186,3339
543,186,3612
544,186,3123
545,186,2864
546,186,2455
547,186,2112
548,186,1720
549,186,1347
550,186,1150
551,186,1104
552,186,1028
553,186,1046
554,186,1049
555,186,1091
556,186,1166
557,186,984
558,186,742
559,186,555
560,186,430
561,186,362
562,186,321
563,186,314
564,186,334
565,186,376
566,186,437
567,186,491
568,186,485
569,186,420
570,186,348
571,186,293
572,186,246
573,186,192
490,187,424
491,187,455
492,187,449
493,187,441
494,187,425
495,187,410
496,187,410
497,187,437
498,187,489
499,187,548
500,187,571
501,187,612
502,187,742
503,187,854
504,187,880
505,187,804
506,187,865
507,187,1062
508,187,1283
509,187,1666
510,187,1934
511,187,2085
512,187,2398
513,187,2635
514,187,2888
515,187,3247
516,187,3353
517,187,3585
518,187,3386
519,187,3247
520,187,3215
521,187,3662
522,187,4008
523,187,4434
524,187,4786
525,187,5489
526,187,6019
527,187,6783
528,187,7588
529,187,8028
530,187,8098
531,187,7976
532,187,7633
533,187,7278
534,187,6674
535,187,6048
536,187,5308
537,187,4642
538,187,4109
539,187,3609
540,187,3075
541,187,2668
542,187,2730
543,187,2882
544,187,2656
545,187,2721
546,187,2752
547,187,2497
548,187,1928
549,187,1485
550,187,1386
551,187,1448
552,187,1336
553,187,1330
554,187,1288
555,187,1185
556,187,1201
557,187,993
558,187,734
559,187,538
560,187,413
561,187,338
562,187,284
563,187,305
564,187,339
565,187,401
566,187,497
567,187,599
568,187,596
569,187,489
570,187,387
571,187,317
572,187,263
573,187,196
490,188,551
491,188,520
492,188,502
493,188,487
494,188,464
495,188,442
496,188,439
497,188,461
498,188,537
499,188,640
500,188,658
501,188,626
502,188,726
503,188,785
504,188,776
505,188,723
506,188,753
507,188,897
508,188,1075
509,188,1375
510,188,1717
511,188,1985
512,188,2369
513,188,2819
514,188,2923
515,188,3322
516,188,3462
517,188,3042
518,188,2762
519,188,2626
520,188,3083
521,188,3820
522,188,3909
523,188,3742
524,188,3848
525,188,4228
526,188,4556
527,188,4994
528,188,5620
529,188,5884
530,188,5990
531,188,5979
532,188,5778
533,188,5686
534,188,5300
535,188,4980
536,188,4882
537,188,4277
538,188,3662
539,188,3071
540,188,2523
541,188,2119
542,188,2084
543,188,2126
544,188,2034
545,188,2080
546,188,2169
547,188,2015
548,188,1696
549,188,1392
550,188,1502
551,188,1750
552,188,1532
553,188,1436
554,188,1336
555,188,1146
556,188,1029
557,188,855
558,188,661
559,188,506
560,188,404
561,188,339
562,188,307
563,188,310
564,188,342
565,188,405
566,188,504
567,188,609
568,188,609
569,188,502
570,188,400
571,188,327
572,188,269
573,188,196
490,189,563
491,189,569
492,189,560
493,189,556
494,189,530
495,189,500
496,189,495
497,189,491
498,189,544
499,189,644
500,189,659
501,189,602
502,189,630
503,189,657
504,189,656
505,189,655
506,189,729
507,189,914
508,189,1095
509,189,1254
510,189,1528
511,189,2005
512,189,2558
513,189,2509
514,189,2701
515,189,3150
516,189,2787
517,189,2419
518,189,2106
519,189,2112
520,189,2632
521,189,3169
522,189,3203
523,189,2988
524,189,2922
525,189,3110
526,189,3349
527,189,3625
528,189,4080
529,189,4471
530,189,4803
531,189,4747
532,189,4602
533,189,4796
534,189,4871
535,189,4530
536,189,4320
537,189,3954
538,189,3684
539,189,2941
540,189,2245
541,189,1756
542,189,1578
543,189,1536
544,189,1482
545,189,1514
546,189,1558
547,189,1468
548,189,1316
549,189,1184
550,189,1310
551,189,1469
552,189,1488
553,189,1438
554,189,1282
555,189,1157
556,189,954
557,189,751
558,189,602
559,189,494
560,189,424
561,189,370
562,189,335
563,189,323
564,189,342
565,189,390
566,189,460
567,189,524
568,189,526
569,189,462
570,189,387
571,189,324
572,189,266
573,189,197
490,190,722
491,190,641
492,190,619
493,190,633
494,190,606
495,190,563
496,190,573
497,190,526
498,190,506
499,190,561
500,190,577
501,190,554
502,190,559
503,190,583
504,190,605
505,190,657
506,190,833
507,190,1094
508,190,1357
509,190,1439
510,190,1455
511,190,1818
512,190,2199
513,190,2381
514,190,2429
515,190,2437
516,190,2152
517,190,1813
518,190,1651
519,190,1873
520,190,2325
521,190,2650
522,190,2501
523,190,2228
524,190,2132
525,190,2250
526,190,2505
527,190,2924
528,190,3362
529,190,3842
530,190,4247
531,190,3924
532,190,3781
533,190,4094
534,190,4100
535,190,3904
536,190,3601
537,190,3190
538,190,3056
539,190,2584
540,190,1988
541,190,1509
542,190,1235
543,190,1135
544,190,1078
545,190,1093
546,190,1104
547,190,1050
548,190,980
549,190,937
550,190,1021
551,190,1119
552,190,1221
553,190,1254
554,190,1295
555,190,1229
556,190,973
557,190,752
558,190,630
559,190,571
560,190,507
561,190,436
562,190,379
563,190,348
564,190,348
565,190,377
566,190,421
567,190,457
568,190,458
569,190,422
570,190,371
571,190,315
572,190,246
573,190,206
490,191,780
491,191,667
492,191,629
493,191,637
494,191,610
495,191,569
496,191,579
497,191,528
498,191,491
499,191,505
500,191,522
501,191,528
502,191,544
503,191,588
504,191,660
505,191,745
506,191,932
507,191,1240
508,191,1589
509,191,1634
510,191,1473
511,191,1690
512,191,2094
513,191,2160
514,191,1972
515,191,1759
516,191,1586
517,191,1401
518,191,1497
519,191,1856
520,191,2312
521,191,2644
522,191,2350
523,191,1916
524,191,1675
525,191,1763
526,191,2151
527,191,2689
528,191,3174
529,191,3477
530,191,3592
531,191,3382
532,191,3423
533,191,3861
534,191,3736
535,191,3501
536,191,2980
537,191,2708
538,191,2714
539,191,2306
540,191,1763
541,191,1316
542,191,1027
543,191,882
544,191,827
545,191,819
546,191,810
547,191,772
548,191,736
549,191,727
550,191,779
551,191,852
552,191,935
553,191,998
554,191,1097
555,191,1074
556,191,906
557,191,751
558,191,729
559,191,724
560,191,642
561,191,529
562,191,440
563,191,387
564,191,369
565,191,386
566,191,416
567,191,439
568,191,438
569,191,410
570,191,366
571,191,312
572,191,239
573,191,204
490,192,726
491,192,633
492,192,585
493,192,569
494,192,545
495,192,521
496,192,519
497,192,500
498,192,483
499,192,489
500,192,518
501,192,556
502,192,602
503,192,692
504,192,806
505,192,906
506,192,1006
507,192,1253
508,192,1484
509,192,1491
510,192,1352
511,192,1483
512,192,1733
513,192,1743
514,192,1507
515,192,1297
516,192,1150
517,192,1156
518,192,1367
519,192,1761
520,192,2123
521,192,2512
522,192,2206
523,192,1749
524,192,1476
525,192,1538
526,192,1943
527,192,2443
528,192,2858
529,192,2923
530,192,3070
531,192,3055
532,192,2998
533,192,3287
534,192,3314
535,192,3000
536,192,2548
537,192,2389
538,192,2468
539,192,2124
540,192,1626
541,192,1204
542,192,910
543,192,747
544,192,676
545,192,649
546,192,629
547,192,598
548,192,569
549,192,573
550,192,605
551,192,660
552,192,722
553,192,791
554,192,866
555,192,867
556,192,797
557,192,767
558,192,841
559,192,904
560,192,784
561,192,630
562,192,515
563,192,444
564,192,411
565,192,428
566,192,467
567,192,491
568,192,478
569,192,436
570,192,380
571,192,317
572,192,235
573,192,189
490,193,681
491,193,574
492,193,529
493,193,512
494,193,499
495,193,492
496,193,494
497,193,494
498,193,499
499,193,522
500,193,579
501,193,649
502,193,719
503,193,827
504,193,1002
505,193,1149
506,193,1159
507,193,1347
508,193,1611
509,193,1408
510,193,1228
511,193,1265
512,193,1356
513,193,1339
514,193,1161
515,193,988
516,193,918
517,193,988
518,193,1174
519,193,1446
520,193,1703
521,193,1927
522,193,1779
523,193,1499
524,193,1343
525,193,1515
526,193,1825
527,193,2062
528,193,2290
529,193,2407
530,193,2742
531,193,2837
532,193,2625
533,193,2805
534,193,3058
535,193,2624
536,193,2185
537,193,1994
538,193,2027
539,193,1869
540,193,1484
541,193,1112
542,193,844
543,193,679
544,193,590
545,193,547
546,193,517
547,193,488
548,193,462
549,193,466
550,193,489
551,193,528
552,193,574
553,193,634
554,193,687
555,193,702
556,193,690
557,193,738
558,193,845
559,193,926
560,193,833
561,193,720
562,193,611
563,193,514
564,193,460
565,193,485
566,193,546
567,193,584
568,193,551
569,193,478
570,193,401
571,193,323
572,193,232
573,193,176
490,194,403
491,194,461
492,194,475
493,194,482
494,194,491
495,194,503
496,194,516
497,194,531
498,194,562
499,194,603
500,194,679
501,194,786
502,194,878
503,194,935
504,194,1138
505,194,1368
506,194,1227
507,194,1239
508,194,1340
509,194,1263
510,194,1236
511,194,1363
512,194,1364
513,194,1178
514,194,961
515,194,827
516,194,856
517,194,993
518,194,1160
519,194,1269
520,194,1308
521,194,1407
522,194,1347
523,194,1256
524,194,1307
525,194,1620
526,194,1984
527,194,2070
528,194,1937
529,194,1975
530,194,2348
531,194,2743
532,194,2529
533,194,2539
534,194,2586
535,194,2379
536,194,2160
537,194,1910
538,194,1991
539,194,1875
540,194,1449
541,194,1066
542,194,799
543,194,635
544,194,539
545,194,481
546,194,437
547,194,402
548,194,359
549,194,381
550,194,401
551,194,435
552,194,474
553,194,522
554,194,564
555,194,589
556,194,609
557,194,663
558,194,738
559,194,794
560,194,809
561,194,822
562,194,704
563,194,571
564,194,498
565,194,530
566,194,619
567,194,684
568,194,617
569,194,510
570,194,412
571,194,325
572,194,230
573,194,172
490,195,267
491,195,360
492,195,441
493,195,486
494,195,528
495,195,569
496,195,598
497,195,616
498,195,669
499,195,724
500,195,787
501,195,926
502,195,1050
503,195,1011
504,195,1057
505,195,1146
506,195,1077
507,195,1118
508,195,1163
509,195,1169
510,195,1315
511,195,1519
512,195,1481
513,195,1174
514,195,913
515,195,799
516,195,907
517,195,1146
518,195,1401
519,195,1437
520,195,1260
521,195,1110
522,195,1038
523,195,1087
524,195,1314
525,195,1682
526,195,1996
527,195,1990
528,195,1737
529,195,1694
530,195,2002
531,195,2386
532,195,2477
533,195,2622
534,195,2437
535,195,2425
536,195,2298
537,195,1908
538,195,1751
539,195,1594
540,195,1272
541,195,960
542,195,734
543,195,590
544,195,499
545,195,431
546,195,351
547,195,315
548,195,294
549,195,294
550,195,308
551,195,354
552,195,391
553,195,430
554,195,472
555,195,501
556,195,533
557,195,574
558,195,620
559,195,672
560,195,750
561,195,804
562,195,704
563,195,579
564,195,511
565,195,540
566,195,622
567,195,681
568,195,610
569,195,502
570,195,405
571,195,320
572,195,227
573,195,174
490,196,265
491,196,351
492,196,445
493,196,513
494,196,586
495,196,665
496,196,719
497,196,732
498,196,804
499,196,880
500,196,871
501,196,949
502,196,1044
503,196,961
504,196,883
505,196,901
506,196,888
507,196,921
508,196,986
509,196,1192
510,196,1306
511,196,1490
512,196,1326
513,196,1065
514,196,853
515,196,793
516,196,938
517,196,1240
518,196,1590
519,196,1601
520,196,1279
521,196,1018
522,196,909
523,196,1006
524,196,1292
525,196,1661
526,196,1897
527,196,1726
528,196,1471
529,196,1425
530,196,1695
531,196,2086
532,196,2226
533,196,2274
534,196,2222
535,196,2233
536,196,2200
537,196,1840
538,196,1475
539,196,1254
540,196,1026
541,196,814
542,196,652
543,196,541
544,196,463
545,196,392
546,196,313
547,196,279
548,196,262
549,196,255
550,196,258
551,196,274
552,196,296
553,196,328
554,196,386
555,196,422
556,196,460
557,196,492
558,196,525
559,196,571
560,196,629
561,196,659
562,196,615
563,196,551
564,196,523
565,196,533
566,196,567
567,196,582
568,196,535
569,196,458
570,196,380
571,196,306
572,196,222
573,196,173
490,197,395
491,197,415
492,197,470
493,197,542
494,197,637
495,197,756
496,197,848
497,197,831
498,197,896
499,197,1016
500,197,902
501,197,849
502,197,862
503,197,809
504,197,742
505,197,727
506,197,736
507,197,777
508,197,890
509,197,1091
510,197,1342
511,197,1410
512,197,1155
513,197,917
514,197,778
515,197,794
516,197,905
517,197,1138
518,197,1364
519,197,1359
520,197,1125
521,197,909
522,197,827
523,197,969
524,197,1261
525,197,1589
526,197,1665
527,197,1446
528,197,1254
529,197,1234
530,197,1460
531,197,1786
532,197,1904
533,197,1892
534,197,1878
535,197,2008
536,197,2116
537,197,1767
538,197,1336
539,197,1023
540,197,827
541,197,683
542,197,575
543,197,495
544,197,425
545,197,338
546,197,289
547,197,263
548,197,247
549,197,238
550,197,235
551,197,240
552,197,252
553,197,270
554,197,297
555,197,327
556,197,384
557,197,418
558,197,451
559,197,485
560,197,519
561,197,539
562,197,538
563,197,549
564,197,581
565,197,584
566,197,551
567,197,513
568,197,468
569,197,413
570,197,353
571,197,288
572,197,216
573,197,172
490,198,423
491,198,448
492,198,487
493,198,553
494,198,649
495,198,769
496,198,856
497,198,820
498,198,829
499,198,869
500,198,798
501,198,719
502,198,697
503,198,668
504,198,634
505,198,624
506,198,649
507,198,697
508,198,804
509,198,974
510,198,1179
511,198,1343
512,198,1099
513,198,880
514,198,812
515,198,901
516,198,1001
517,198,1024
518,198,1062
519,198,1019
520,198,888
521,198,767
522,198,750
523,198,910
524,198,1183
525,198,1474
526,198,1502
527,198,1278
528,198,1099
529,198,1117
530,198,1313
531,198,1594
532,198,1667
533,198,1620
534,198,1792
535,198,1918
536,198,2068
537,198,1663
538,198,1226
539,198,906
540,198,709
541,198,596
542,198,518
543,198,456
544,198,392
545,198,314
546,198,277
547,198,255
548,198,240
549,198,231
550,198,226
551,198,226
552,198,232
553,198,242
554,198,257
555,198,276
556,198,303
557,198,333
558,198,384
559,198,418
560,198,445
561,198,470
562,198,508
563,198,580
564,198,665
565,198,667
566,198,582
567,198,501
568,198,439
569,198,387
570,198,328
571,198,258
572,198,212
573,198,173
490,199,478
491,199,484
492,199,500
493,199,554
494,199,634
495,199,724
496,199,767
497,199,735
498,199,711
499,199,708
500,199,666
501,199,612
502,199,585
503,199,574
504,199,574
505,199,600
506,199,652
507,199,709
508,199,763
509,199,853
510,199,979
511,199,1057
512,199,955
513,199,846
514,199,868
515,199,1043
516,199,1190
517,199,1063
518,199,888
519,199,762
520,199,685
521,199,641
522,199,684
523,199,834
524,199,1030
525,199,1218
526,199,1212
527,199,1069
528,199,976
529,199,1075
530,199,1285
531,199,1388
532,199,1355
533,199,1422
534,199,1663
535,199,1788
536,199,1780
537,199,1485
538,199,1119
539,199,835
540,199,655
541,199,549
542,199,479
543,199,416
544,199,341
545,199,297
546,199,271
547,199,253
548,199,239
549,199,228
550,199,222
551,199,222
552,199,225
553,199,233
554,199,243
555,199,254
556,199,269
557,199,286
558,199,313
559,199,361
560,199,396
561,199,435
562,199,492
563,199,578
564,199,671
565,199,674
566,199,587
567,199,503
568,199,440
569,199,383
570,199,304
571,199,257
572,199,222
573,199,193
490,200,576
491,200,528
492,200,521
493,200,573
494,200,662
495,200,752
496,200,765
497,200,695
498,200,629
499,200,598
500,200,568
501,200,536
502,200,520
503,200,527
504,200,560
505,200,626
506,200,721
507,200,811
508,200,830
509,200,796
510,200,811
511,200,846
512,200,847
513,200,867
514,200,884
515,200,1049
516,200,1178
517,200,1021
518,200,800
519,200,640
520,200,559
521,200,571
522,200,678
523,200,868
524,200,1075
525,200,1139
526,200,1024
527,200,885
528,200,865
529,200,990
530,200,1187
531,200,1242
532,200,1163
533,200,1207
534,200,1406
535,200,1650
536,200,1816
537,200,1462
538,200,1083
539,200,805
540,200,632
541,200,530
542,200,456
543,200,366
544,200,317
545,200,290
546,200,270
547,200,254
548,200,240
549,200,230
550,200,224
551,200,222
552,200,226
553,200,233
554,200,242
555,200,250
556,200,257
557,200,265
558,200,277
559,200,302
560,200,357
561,200,407
562,200,463
563,200,529
564,200,589
565,200,596
566,200,552
567,200,498
568,200,450
569,200,395
570,200,321
571,200,280
572,200,244
573,200,193
490,201,642
491,201,551
492,201,531
493,201,583
494,201,683
495,201,796
496,201,799
497,201,692
498,201,598
499,201,541
500,201,511
501,201,494
502,201,492
503,201,516
504,201,567
505,201,660
506,201,797
507,201,941
508,201,944
509,201,816
510,201,732
511,201,770
512,201,886
513,201,990
514,201,934
515,201,928
516,201,949
517,201,846
518,201,689
519,201,563
520,201,503
521,201,542
522,201,675
523,201,895
524,201,1146
525,201,1171
526,201,968
527,201,800
528,201,771
529,201,862
530,201,973
531,201,1018
532,201,983
533,201,1030
534,201,1244
535,201,1514
536,201,1595
537,201,1327
538,201,1008
539,201,763
540,201,609
541,201,516
542,201,444
543,201,352
544,201,310
545,201,289
546,201,272
547,201,258
548,201,244
549,201,233
550,201,227
551,201,226
552,201,231
553,201,239
554,201,248
555,201,254
556,201,257
557,201,259
558,201,262
559,201,274
560,201,305
561,201,368
562,201,422
563,201,471
564,201,510
565,201,524
566,201,514
567,201,491
568,201,456
569,201,396
570,201,359
571,201,330
572,201,297
573,201,251
490,202,576
491,202,529
492,202,518
493,202,564
494,202,644
495,202,722
496,202,723
497,202,648
498,202,570
499,202,516
500,202,487
501,202,483
502,202,500
503,202,532
504,202,579
505,202,669
506,202,800
507,202,938
508,202,933
509,202,793
510,202,695
511,202,736
512,202,876
513,202,996
514,202,932
515,202,828
516,202,772
517,202,688
518,202,587
519,202,503
520,202,469
521,202,516
522,202,633
523,202,802
524,202,976
525,202,984
526,202,840
527,202,716
528,202,739
529,202,878
530,202,1017
531,202,960
532,202,883
533,202,911
534,202,1097
535,202,1366
536,202,1570
537,202,1287
538,202,969
539,202,735
540,202,590
541,202,502
542,202,435
543,202,345
544,202,308
545,202,289
546,202,275
547,202,262
548,202,249
549,202,239
550,202,232
551,202,232
552,202,237
553,202,245
554,202,254
555,202,260
556,202,261
557,202,258
558,202,256
559,202,260
560,202,276
561,202,310
562,202,372
563,202,418
564,202,451
565,202,473
566,202,485
567,202,483
568,202,457
569,202,449
570,202,438
571,202,414
572,202,378
573,202,344
490,203,489
491,203,487
492,203,489
493,203,526
494,203,578
495,203,621
496,203,624
497,203,587
498,203,541
499,203,506
500,203,489
501,203,502
502,203,538
503,203,586
504,203,630
505,203,665
506,203,736
507,203,800
508,203,787
509,203,700
510,203,635
511,203,675
512,203,790
513,203,895
514,203,941
515,203,844
516,203,719
517,203,608
518,203,527
519,203,465
520,203,450
521,203,493
522,203,593
523,203,735
524,203,809
525,203,762
526,203,679
527,203,620
528,203,681
529,203,829
530,203,964
531,203,899
532,203,818
533,203,823
534,203,969
535,203,1162
536,203,1270
537,203,1118
538,203,881
539,203,689
540,203,563
541,203,484
542,203,422
543,203,337
544,203,304
545,203,289
546,203,278
547,203,266
548,203,254
549,203,244
550,203,237
551,203,236
552,203,241
553,203,249
554,203,258
555,203,263
556,203,262
557,203,257
558,203,252
559,203,251
560,203,257
561,203,273
562,203,305
563,203,360
564,203,395
565,203,425
566,203,455
567,203,471
568,203,543
569,203,581
570,203,588
571,203,559
572,203,489
573,203,350
490,204,460
491,204,450
492,204,450
493,204,481
494,204,516
495,204,545
496,204,554
497,204,545
498,204,531
499,204,521
500,204,517
501,204,539
502,204,598
503,204,678
504,204,732
505,204,719
506,204,689
507,204,684
508,204,658
509,204,608
510,204,578
511,204,626
512,204,754
513,204,926
514,204,1073
515,204,932
516,204,763
517,204,622
518,204,522
519,204,461
520,204,445
521,204,475
522,204,546
523,204,645
524,204,675
525,204,620
526,204,559
527,204,534
528,204,584
529,204,677
530,204,750
531,204,751
532,204,728
533,204,743
534,204,842
535,204,960
536,204,1019
537,204,946
538,204,782
539,204,640
540,204,535
541,204,465
542,204,408
543,204,330
544,204,302
545,204,291
546,204,282
547,204,270
548,204,259
549,204,249
550,204,242
551,204,240
552,204,243
553,204,249
554,204,256
555,204,259
556,204,258
557,204,252
558,204,246
559,204,242
560,204,243
561,204,251
562,204,265
563,204,289
564,204,315
565,204,350
566,204,408
567,204,516
568,204,607
569,204,671
570,204,693
571,204,661
572,204,586
573,204,498
490,205,433
491,205,400
492,205,377
493,205,424
494,205,459
495,205,495
496,205,519
497,205,541
498,205,562
499,205,571
500,205,567
501,205,583
502,205,657
503,205,773
504,205,858
505,205,797
506,205,700
507,205,628
508,205,583
509,205,549
510,205,544
511,205,608
512,205,738
513,205,904
514,205,1024
515,205,958
516,205,825
517,205,676
518,205,557
519,205,482
520,205,461
521,205,477
522,205,515
523,205,551
524,205,552
525,205,519
526,205,481
527,205,463
528,205,491
529,205,539
530,205,586
531,205,618
532,205,636
533,205,673
534,205,747
535,205,845
536,205,930
537,205,934
538,205,815
539,205,663
540,205,541
541,205,461
542,205,403
543,205,336
544,205,315
545,205,308
546,205,298
547,205,282
548,205,267
549,205,255
550,205,247
551,205,243
552,205,242
553,205,246
554,205,250
555,205,252
556,205,250
557,205,245
558,205,239
559,205,235
560,205,234
561,205,236
562,205,244
563,205,257
564,205,280
565,205,323
566,205,401
567,205,534
568,205,644
569,205,733
570,205,774
571,205,738
572,205,650
573,205,532
490,206,281
491,206,314
492,206,324
493,206,349
494,206,385
495,206,464
496,206,517
497,206,569
498,206,624
499,206,654
500,206,635
501,206,620
502,206,677
503,206,787
504,206,870
505,206,805
506,206,698
507,206,610
508,206,549
509,206,520
510,206,535
511,206,609
512,206,745
513,206,929
514,206,1103
515,206,1068
516,206,911
517,206,728
518,206,589
519,206,509
520,206,494
521,206,516
522,206,543
523,206,547
524,206,524
525,206,483
526,206,444
527,206,421
528,206,423
529,206,452
530,206,498
531,206,550
532,206,598
533,206,645
534,206,721
535,206,838
536,206,976
537,206,1049
538,206,904
539,206,708
540,206,558
541,206,468
542,206,416
543,206,384
544,206,375
545,206,370
546,206,350
547,206,312
548,206,284
549,206,266
550,206,254
551,206,246
552,206,242
553,206,241
554,206,242
555,206,242
556,206,240
557,206,236
558,206,231
559,206,227
560,206,225
561,206,226
562,206,231
563,206,241
564,206,264
565,206,313
566,206,422
567,206,536
568,206,653
569,206,766
570,206,833
571,206,790
572,206,703
573,206,627
490,207,261
491,207,284
492,207,300
493,207,322
494,207,362
495,207,455
496,207,524
497,207,599
498,207,688
499,207,748
500,207,699
501,207,642
502,207,650
503,207,714
504,207,760
505,207,730
506,207,659
507,207,586
508,207,527
509,207,495
510,207,522
511,207,592
512,207,707
513,207,851
514,207,973
515,207,1019
516,207,888
517,207,716
518,207,587
519,207,524
520,207,538
521,207,596
522,207,656
523,207,650
524,207,577
525,207,498
526,207,440
527,207,406
528,207,397
529,207,425
530,207,484
531,207,555
532,207,596
533,207,635
534,207,699
535,207,814
536,207,956
537,207,1042
538,207,910
539,207,724
540,207,575
541,207,496
542,207,445
543,207,422
544,207,421
545,207,417
546,207,404
547,207,374
548,207,319
549,207,284
550,207,263
551,207,250
552,207,242
553,207,237
554,207,235
555,207,233
556,207,230
557,207,226
558,207,223
559,207,220
560,207,218
561,207,218
562,207,221
563,207,230
564,207,251
565,207,298
566,207,406
567,207,511
568,207,623
569,207,736
570,207,807
571,207,774
572,207,704
573,207,649
490,208,256
491,208,274
492,208,291
493,208,313
494,208,353
495,208,447
496,208,519
497,208,598
498,208,688
499,208,747
500,208,694
501,208,624
502,208,597
503,208,625
504,208,650
505,208,640
506,208,600
507,208,546
508,208,487
509,208,437
510,208,494
511,208,555
512,208,635
513,208,726
514,208,807
515,208,829
516,208,752
517,208,637
518,208,548
519,208,519
520,208,564
521,208,665
522,208,778
523,208,772
524,208,647
525,208,531
526,208,453
527,208,406
528,208,382
529,208,415
530,208,490
531,208,608
532,208,605
533,208,626
534,208,668
535,208,750
536,208,849
537,208,910
538,208,862
539,208,751
540,208,653
541,208,571
542,208,504
543,208,482
544,208,486
545,208,477
546,208,454
547,208,423
548,208,378
549,208,309
550,208,275
551,208,256
552,208,243
553,208,234
554,208,228
555,208,224
556,208,221
557,208,218
558,208,215
559,208,213
560,208,211
561,208,211
562,208,214
563,208,222
564,208,239
565,208,279
566,208,371
567,208,464
568,208,559
569,208,648
570,208,701
571,208,692
572,208,655
573,208,639
490,209,242
491,209,266
492,209,287
493,209,309
494,209,344
495,209,426
496,209,496
497,209,560
498,209,620
499,209,650
500,209,621
501,209,571
502,209,541
503,209,544
504,209,556
505,209,554
506,209,531
507,209,483
508,209,415
509,209,404
510,209,471
511,209,519
512,209,566
513,209,613
514,209,652
515,209,654
516,209,607
517,209,540
518,209,490
519,209,490
520,209,549
521,209,657
522,209,774
523,209,770
524,209,645
525,209,531
526,209,457
527,209,412
528,209,383
529,209,403
530,209,455
531,209,522
532,209,572
533,209,611
534,209,645
535,209,697
536,209,784
537,209,889
538,209,944
539,209,852
540,209,794
541,209,683
542,209,583
543,209,570
544,209,588
545,209,560
546,209,511
547,209,464
548,209,412
549,209,327
550,209,286
551,209,261
552,209,244
553,209,231
554,209,223
555,209,217
556,209,213
557,209,210
558,209,208
559,209,206
560,209,205
561,209,206
562,209,209
563,209,216
564,209,229
565,209,256
566,209,310
567,209,401
568,209,482
569,209,548
570,209,585
571,209,585
572,209,559
573,209,544
490,210,228
491,210,261
492,210,286
493,210,305
494,210,328
495,210,373
496,210,455
497,210,505
498,210,542
499,210,555
500,210,538
501,210,503
502,210,475
503,210,461
504,210,463
505,210,462
506,210,446
507,210,394
508,210,375
509,210,397
510,210,466
511,210,505
512,210,533
513,210,551
514,210,554
515,210,540
516,210,503
517,210,460
518,210,432
519,210,444
520,210,496
521,210,575
522,210,644
523,210,640
524,210,568
525,210,493
526,210,443
527,210,417
528,210,402
529,210,419
530,210,450
531,210,488
532,210,534
533,210,596
534,210,638
535,210,682
536,210,759
537,210,866
538,210,941
539,210,884
540,210,921
541,210,761
542,210,637
543,210,652
544,210,702
545,210,642
546,210,558
547,210,492
548,210,431
549,210,339
550,210,293
551,210,264
552,210,244
553,210,229
554,210,219
555,210,212
556,210,207
557,210,204
558,210,202
559,210,201
560,210,201
561,210,203
562,210,206
563,210,212
564,210,224
565,210,243
566,210,274
567,210,323
568,210,400
569,210,448
570,210,472
571,210,468
572,210,424
573,210,292
490,211,201
491,211,262
492,211,291
493,211,306
494,211,318
495,211,343
496,211,405
497,211,441
498,211,467
499,211,475
500,211,461
501,211,429
502,211,397
503,211,352
504,211,344
505,211,344
506,211,342
507,211,337
508,211,358
509,211,434
510,211,486
511,211,524
512,211,558
513,211,572
514,211,548
515,211,503
516,211,455
517,211,412
518,211,379
519,211,389
520,211,431
521,211,483
522,211,518
523,211,512
524,211,473
525,211,434
526,211,410
527,211,410
528,211,439
529,211,471
530,211,491
531,211,512
532,211,531
533,211,586
534,211,636
535,211,666
536,211,719
537,211,783
538,211,809
539,211,792
540,211,793
541,211,699
542,211,610
543,211,646
544,211,703
545,211,647
546,211,564
547,211,497
548,211,435
549,211,341
550,211,295
551,211,264
552,211,241
553,211,226
554,211,216
555,211,209
556,211,204
557,211,200
558,211,198
559,211,197
560,211,198
561,211,200
562,211,204
563,211,212
564,211,222
565,211,240
566,211,259
567,211,281
568,211,310
569,211,333
570,211,345
571,211,344
572,211,320
573,211,265
490,212,258
491,212,292
492,212,309
493,212,315
494,212,313
495,212,311
496,212,328
497,212,347
498,212,380
499,212,392
500,212,381
501,212,331
502,212,305
503,212,284
504,212,279
505,212,281
506,212,284
507,212,295
508,212,342
509,212,459
510,212,511
511,212,565
512,212,633
513,212,677
514,212,617
515,212,527
516,212,459
517,212,401
518,212,309
519,212,316
520,212,367
521,212,415
522,212,433
523,212,414
524,212,387
525,212,366
526,212,343
527,212,366
528,212,504
529,212,568
530,212,553
531,212,561
532,212,514
533,212,574
534,212,627
535,212,629
536,212,682
537,212,721
538,212,690
539,212,680
540,212,653
541,212,590
542,212,538
543,212,554
544,212,587
545,212,576
546,212,528
547,212,480
548,212,430
549,212,332
550,212,293
551,212,259
552,212,234
553,212,221
554,212,213
555,212,205
556,212,202
557,212,199
558,212,194
559,212,193
560,212,195
561,212,198
562,212,203
563,212,212
564,212,221
565,212,250
566,212,263
567,212,262
568,212,271
569,212,279
570,212,286
571,212,288
572,212,279
573,212,262
490,213,335
491,213,339
492,213,336
493,213,332
494,213,313
495,213,280
496,213,282
497,213,286
498,213,258
499,213,278
500,213,285
501,213,265
502,213,250
503,213,236
504,213,234
505,213,237
506,213,237
507,213,241
508,213,301
509,213,522
510,213,528
511,213,600
512,213,747
513,213,908
514,213,739
515,213,558
516,213,479
517,213,440
518,213,232
519,213,187
520,213,312
521,213,385
522,213,397
523,213,336
524,213,303
525,213,298
526,213,222
527,213,222
528,213,664
529,213,756
530,213,570
531,213,583
532,213,378
533,213,571
534,213,625
535,213,535
536,213,671
537,213,743
538,213,572
539,213,613
540,213,545
541,213,483
542,213,448
543,213,433
544,213,462
545,213,508
546,213,487
547,213,457
548,213,443
549,213,299
550,213,294
551,213,248
552,213,215
553,213,212
554,213,210
555,213,200
556,213,200
557,213,200
558,213,186
559,213,189
560,213,193
561,213,193
562,213,198
563,213,214
564,213,203
565,213,280
566,213,290
567,213,247
568,213,248
569,213,248
570,213,250
571,213,261
572,213,256
573,213,240
