xv,yv,rho
490,148,183
491,148,180
492,148,175
493,148,165
494,148,219
495,148,353
496,148,428
497,148,588
498,148,660
499,148,612
500,148,509
501,148,419
502,148,320
503,148,329
504,148,348
505,148,346
506,148,327
507,148,311
508,148,252
509,148,230
510,148,186
511,148,235
512,148,350
513,148,531
514,148,544
515,148,556
516,148,561
517,148,556
518,148,544
519,148,444
520,148,394
521,148,319
522,148,295
523,148,160
524,148,119
525,148,158
526,148,216
527,148,269
528,148,304
529,148,411
530,148,395
531,148,350
532,148,303
533,148,326
534,148,264
535,148,301
536,148,324
537,148,272
538,148,278
539,148,322
540,148,360
541,148,344
542,148,360
543,148,346
544,148,309
545,148,309
546,148,292
547,148,273
548,148,268
549,148,265
550,148,307
551,148,338
552,148,438
553,148,431
554,148,783
555,148,982
556,148,818
557,148,737
558,148,703
559,148,688
560,148,449
561,148,432
562,148,422
563,148,342
564,148,349
565,148,511
566,148,515
567,148,512
568,148,395
569,148,388
570,148,385
571,148,349
572,148,321
573,148,324
490,149,270
491,149,241
492,149,229
493,149,236
494,149,298
495,149,384
496,149,480
497,149,609
498,149,720
499,149,718
500,149,617
501,149,513
502,149,431
503,149,409
504,149,400
505,149,382
506,149,356
507,149,332
508,149,308
509,149,294
510,149,284
511,149,313
512,149,380
513,149,474
514,149,532
515,149,576
516,149,595
517,149,575
518,149,529
519,149,461
520,149,411
521,149,373
522,149,349
523,149,323
524,149,335
525,149,388
526,149,470
527,149,560
528,149,565
529,149,503
530,149,427
531,149,369
532,149,333
533,149,326
534,149,317
535,149,323
536,149,330
537,149,330
538,149,348
539,149,374
540,149,387
541,149,379
542,149,377
543,149,369
544,149,332
545,149,313
546,149,300
547,149,291
548,149,292
549,149,303
550,149,337
551,149,409
552,149,479
553,149,541
554,149,679
555,149,756
556,149,714
557,149,659
558,149,612
559,149,561
560,149,464
561,149,422
562,149,380
563,149,367
564,149,387
565,149,445
566,149,461
567,149,453
568,149,413
569,149,396
570,149,387
571,149,375
572,149,370
573,149,383
490,150,328
491,150,285
492,150,269
493,150,278
494,150,336
495,150,402
496,150,487
497,150,593
498,150,686
499,150,703
500,150,638
501,150,553
502,150,498
503,150,482
504,150,473
505,150,439
506,150,394
507,150,359
508,150,346
509,150,337
510,150,332
511,150,346
512,150,392
513,150,464
514,150,545
515,150,629
516,150,676
517,150,630
518,150,546
519,150,469
520,150,418
521,150,392
522,150,391
523,150,411
524,150,456
525,150,523
526,150,623
527,150,753
528,150,737
529,150,579
530,150,460
531,150,387
532,150,349
533,150,344
534,150,340
535,150,338
536,150,352
537,150,382
538,150,423
539,150,453
540,150,447
541,150,421
542,150,399
543,150,385
544,150,365
545,150,322
546,150,308
547,150,306
548,150,317
549,150,340
550,150,379
551,150,459
552,150,518
553,150,567
554,150,621
555,150,642
556,150,619
557,150,580
558,150,536
559,150,482
560,150,404
561,150,375
562,150,364
563,150,370
564,150,390
565,150,418
566,150,431
567,150,428
568,150,413
569,150,403
570,150,400
571,150,401
572,150,404
573,150,392
490,151,330
491,151,304
492,151,293
493,151,302
494,151,337
495,151,398
496,151,462
497,151,538
498,151,604
499,151,623
500,151,589
501,151,542
502,151,528
503,151,553
504,151,576
505,151,513
506,151,437
507,151,395
508,151,395
509,151,388
510,151,374
511,151,372
512,151,404
513,151,467
514,151,565
515,151,698
516,151,796
517,151,699
518,151,566
519,151,469
520,151,413
521,151,394
522,151,404
523,151,434
524,151,480
525,151,540
526,151,615
527,151,701
528,151,697
529,151,592
530,151,498
531,151,421
532,151,380
533,151,380
534,151,376
535,151,365
536,151,383
537,151,441
538,151,525
539,151,580
540,151,541
541,151,472
542,151,422
543,151,396
544,151,376
545,151,331
546,151,315
547,151,320
548,151,348
549,151,406
550,151,454
551,151,511
552,151,555
553,151,579
554,151,591
555,151,580
556,151,553
557,151,515
558,151,469
559,151,403
560,151,367
561,151,354
562,151,354
563,151,364
564,151,383
565,151,403
566,151,417
567,151,421
568,151,418
569,151,416
570,151,422
571,151,439
572,151,462
573,151,480
490,152,332
491,152,318
492,152,313
493,152,339
494,152,360
495,152,387
496,152,429
497,152,481
498,152,526
499,152,542
500,152,524
501,152,508
502,152,526
503,152,595
504,152,684
505,152,567
506,152,471
507,152,454
508,152,476
509,152,470
510,152,434
511,152,414
512,152,445
513,152,481
514,152,558
515,152,684
516,152,782
517,152,684
518,152,551
519,152,455
520,152,401
521,152,392
522,152,403
523,152,427
524,152,452
525,152,490
526,152,548
527,152,654
528,152,753
529,152,723
530,152,583
531,152,469
532,152,436
533,152,451
534,152,448
535,152,423
536,152,418
537,152,494
538,152,630
539,152,740
540,152,640
541,152,513
542,152,435
543,152,400
544,152,381
545,152,342
546,152,324
547,152,337
548,152,391
549,152,441
550,152,498
551,152,559
552,152,602
553,152,610
554,152,590
555,152,551
556,152,511
557,152,463
558,152,398
559,152,364
560,152,347
561,152,341
562,152,344
563,152,356
564,152,374
565,152,394
566,152,412
567,152,424
568,152,429
569,152,436
570,152,453
571,152,491
572,152,539
573,152,552
490,153,408
491,153,343
492,153,345
493,153,353
494,153,366
495,153,384
496,153,416
497,153,465
498,153,509
499,153,519
500,153,494
501,153,470
502,153,488
503,153,538
504,153,576
505,153,524
506,153,474
507,153,519
508,153,594
509,153,592
510,153,519
511,153,491
512,153,536
513,153,555
514,153,548
515,153,600
516,153,643
517,153,594
518,153,508
519,153,436
520,153,404
521,153,406
522,153,420
523,153,434
524,153,439
525,153,466
526,153,524
527,153,661
528,153,847
529,153,838
530,153,637
531,153,506
532,153,521
533,153,580
534,153,580
535,153,518
536,153,469
537,153,508
538,153,629
539,153,733
540,153,630
541,153,502
542,153,425
543,153,391
544,153,374
545,153,341
546,153,333
547,153,372
548,153,412
549,153,464
550,153,536
551,153,615
552,153,667
553,153,658
554,153,609
555,153,550
556,153,491
557,153,413
558,153,369
559,153,347
560,153,337
561,153,333
562,153,336
563,153,347
564,153,365
565,153,389
566,153,414
567,153,433
568,153,445
569,153,459
570,153,491
571,153,560
572,153,669
573,153,736
490,154,409
491,154,347
492,154,343
493,154,360
494,154,381
495,154,397
496,154,417
497,154,474
498,154,538
499,154,545
500,154,493
501,154,448
502,154,442
503,154,464
504,154,477
505,154,462
506,154,472
507,154,557
508,154,689
509,154,701
510,154,615
511,154,592
512,154,681
513,154,692
514,154,615
515,154,585
516,154,604
517,154,571
518,154,504
519,154,443
520,154,432
521,154,458
522,154,499
523,154,502
524,154,487
525,154,495
526,154,500
527,154,589
528,154,711
529,154,710
530,154,588
531,154,519
532,154,629
533,154,779
534,154,787
535,154,669
536,154,602
537,154,524
538,154,532
539,154,560
540,154,512
541,154,440
542,154,391
543,154,370
544,154,358
545,154,328
546,154,343
547,154,386
548,154,422
549,154,482
550,154,572
551,154,685
552,154,765
553,154,720
554,154,632
555,154,552
556,154,489
557,154,432
558,154,365
559,154,342
560,154,331
561,154,327
562,154,329
563,154,339
564,154,358
565,154,385
566,154,415
567,154,441
568,154,457
569,154,475
570,154,517
571,154,625
572,154,865
573,154,1393
490,155,234
491,155,286
492,155,326
493,155,374
494,155,420
495,155,436
496,155,431
497,155,483
498,155,572
499,155,578
500,155,498
501,155,440
502,155,412
503,155,414
504,155,416
505,155,414
506,155,446
507,155,518
508,155,614
509,155,671
510,155,751
511,155,698
512,155,803
513,155,808
514,155,689
515,155,720
516,155,777
517,155,713
518,155,600
519,155,511
520,155,488
521,155,539
522,155,634
523,155,635
524,155,612
525,155,600
526,155,529
527,155,517
528,155,571
529,155,578
530,155,532
531,155,542
532,155,704
533,155,948
534,155,977
535,155,872
536,155,807
537,155,629
538,155,481
539,155,433
540,155,403
541,155,371
542,155,351
543,155,344
544,155,337
545,155,316
546,155,359
547,155,392
548,155,435
549,155,503
550,155,601
551,155,743
552,155,874
553,155,763
554,155,638
555,155,543
556,155,480
557,155,431
558,155,362
559,155,339
560,155,329
561,155,323
562,155,323
563,155,332
564,155,351
565,155,379
566,155,412
567,155,440
568,155,457
569,155,471
570,155,504
571,155,594
572,155,800
573,155,1271
490,156,178
491,156,246
492,156,315
493,156,395
494,156,479
495,156,494
496,156,451
497,156,457
498,156,511
499,156,527
500,156,491
501,156,458
502,156,421
503,156,397
504,156,387
505,156,388
506,156,410
507,156,455
508,156,525
509,156,643
510,156,745
511,156,681
512,156,704
513,156,712
514,156,686
515,156,857
516,156,1009
517,156,887
518,156,727
519,156,622
520,156,554
521,156,606
522,156,700
523,156,697
524,156,744
525,156,725
526,156,595
527,156,601
528,156,614
529,156,645
530,156,631
531,156,580
532,156,700
533,156,887
534,156,940
535,156,1019
536,156,966
537,156,695
538,156,490
539,156,375
540,156,334
541,156,319
542,156,315
543,156,316
544,156,301
545,156,304
546,156,356
547,156,394
548,156,445
549,156,530
550,156,653
551,156,768
552,156,779
553,156,738
554,156,624
555,156,530
556,156,468
557,156,422
558,156,357
559,156,335
560,156,324
561,156,318
562,156,317
563,156,324
564,156,341
565,156,368
566,156,399
567,156,426
568,156,440
569,156,446
570,156,456
571,156,479
572,156,493
573,156,334
490,157,111
491,157,214
492,157,303
493,157,392
494,157,480
495,157,494
496,157,443
497,157,421
498,157,458
499,157,526
500,157,569
501,157,517
502,157,450
503,157,411
504,157,399
505,157,387
506,157,386
507,157,410
508,157,465
509,157,541
510,157,590
511,157,565
512,157,563
513,157,586
514,157,667
515,157,863
516,157,1039
517,157,985
518,157,922
519,157,785
520,157,671
521,157,711
522,157,780
523,157,709
524,157,729
525,157,706
526,157,723
527,157,824
528,157,807
529,157,892
530,157,888
531,157,781
532,157,861
533,157,1093
534,157,1105
535,157,931
536,157,820
537,157,622
538,157,455
539,157,353
540,157,302
541,157,288
542,157,288
543,157,291
544,157,285
545,157,301
546,157,353
547,157,391
548,157,445
549,157,539
550,157,690
551,157,860
552,157,749
553,157,703
554,157,594
555,157,505
556,157,448
557,157,408
558,157,351
559,157,328
560,157,317
561,157,311
562,157,309
563,157,314
564,157,327
565,157,350
566,157,377
567,157,400
568,157,411
569,157,412
570,157,407
571,157,401
572,157,377
573,157,293
490,158,84
491,158,202
492,158,291
493,158,365
494,158,421
495,158,433
496,158,410
497,158,401
498,158,459
499,158,563
500,158,677
501,158,571
502,158,486
503,158,464
504,158,452
505,158,423
506,158,396
507,158,393
508,158,421
509,158,457
510,158,478
511,158,471
512,158,471
513,158,501
514,158,598
515,158,747
516,158,913
517,158,1161
518,158,1172
519,158,969
520,158,832
521,158,850
522,158,928
523,158,864
524,158,883
525,158,791
526,158,878
527,158,1116
528,158,1030
529,158,1213
530,158,1224
531,158,1028
532,158,1084
533,158,1277
534,158,1236
535,158,907
536,158,660
537,158,509
538,158,398
539,158,327
540,158,290
541,158,275
542,158,263
543,158,296
544,158,314
545,158,337
546,158,367
547,158,393
548,158,435
549,158,503
550,158,607
551,158,700
552,158,687
553,158,662
554,158,566
555,158,481
556,158,428
557,158,396
558,158,350
559,158,320
560,158,308
561,158,302
562,158,299
563,158,302
564,158,312
565,158,328
566,158,349
567,158,367
568,158,376
569,158,376
570,158,369
571,158,356
572,158,336
573,158,303
490,159,91
491,159,215
492,159,293
493,159,345
494,159,378
495,159,387
496,159,381
497,159,391
498,159,439
499,159,513
500,159,572
501,159,538
502,159,525
503,159,563
504,159,556
505,159,493
506,159,436
507,159,410
508,159,411
509,159,421
510,159,427
511,159,427
512,159,433
513,159,471
514,159,551
515,159,693
516,159,904
517,159,1166
518,159,1215
519,159,1119
520,159,1209
521,159,1128
522,159,1256
523,159,1260
524,159,1285
525,159,1091
526,159,930
527,159,989
528,159,1234
529,159,1344
530,159,1407
531,159,1344
532,159,1482
533,159,1246
534,159,1078
535,159,817
536,159,593
537,159,440
538,159,357
539,159,312
540,159,292
541,159,287
542,159,293
543,159,316
544,159,341
545,159,367
546,159,399
547,159,430
548,159,453
549,159,470
550,159,520
551,159,603
552,159,708
553,159,693
554,159,563
555,159,465
556,159,410
557,159,380
558,159,352
559,159,308
560,159,294
561,159,289
562,159,288
563,159,289
564,159,296
565,159,307
566,159,321
567,159,335
568,159,343
569,159,344
570,159,339
571,159,329
572,159,315
573,159,298
490,160,170
491,160,246
492,160,307
493,160,342
494,160,359
495,160,363
496,160,362
497,160,376
498,160,408
499,160,451
500,160,485
501,160,503
502,160,584
503,160,695
504,160,693
505,160,581
506,160,504
507,160,487
508,160,472
509,160,451
510,160,437
511,160,436
512,160,446
513,160,482
514,160,552
515,160,656
516,160,799
517,160,960
518,160,1085
519,160,1373
520,160,1639
521,160,1486
522,160,1447
523,160,1441
524,160,1719
525,160,1409
526,160,1150
527,160,981
528,160,1040
529,160,1185
530,160,1424
531,160,1639
532,160,1644
533,160,1339
534,160,979
535,160,742
536,160,560
537,160,427
538,160,352
539,160,324
540,160,325
541,160,326
542,160,328
543,160,351
544,160,385
545,160,425
546,160,464
547,160,515
548,160,542
549,160,524
550,160,516
551,160,602
552,160,687
553,160,629
554,160,522
555,160,438
556,160,389
557,160,358
558,160,317
559,160,289
560,160,279
561,160,275
562,160,275
563,160,277
564,160,282
565,160,290
566,160,299
567,160,309
568,160,316
569,160,319
570,160,317
571,160,310
572,160,301
573,160,301
490,161,309
491,161,295
492,161,313
493,161,350
494,161,359
495,161,357
496,161,356
497,161,366
498,161,387
499,161,415
500,161,447
501,161,504
502,161,603
503,161,721
504,161,726
505,161,630
506,161,609
507,161,623
508,161,585
509,161,532
510,161,514
511,161,512
512,161,517
513,161,546
514,161,592
515,161,649
516,161,717
517,161,821
518,161,1043
519,161,1400
520,161,1745
521,161,1766
522,161,1733
523,161,1520
524,161,1591
525,161,1782
526,161,1479
527,161,1184
528,161,1068
529,161,1224
530,161,1620
531,161,2112
532,161,1878
533,161,1602
534,161,1213
535,161,880
536,161,633
537,161,459
538,161,406
539,161,399
540,161,401
541,161,395
542,161,385
543,161,406
544,161,456
545,161,523
546,161,580
547,161,665
548,161,717
549,161,648
550,161,559
551,161,649
552,161,800
553,161,653
554,161,514
555,161,426
556,161,376
557,161,341
558,161,296
559,161,274
560,161,266
561,161,264
562,161,266
563,161,269
564,161,273
565,161,278
566,161,285
567,161,291
568,161,298
569,161,303
570,161,305
571,161,301
572,161,282
573,161,235
490,162,343
491,162,335
492,162,362
493,162,374
494,162,375
495,162,370
496,162,365
497,162,369
498,162,384
499,162,408
500,162,444
501,162,498
502,162,572
503,162,645
504,162,667
505,162,655
506,162,751
507,162,828
508,162,743
509,162,650
510,162,646
511,162,633
512,162,625
513,162,676
514,162,723
515,162,731
516,162,720
517,162,787
518,162,955
519,162,1238
520,162,1689
521,162,2120
522,162,1826
523,162,1613
524,162,1808
525,162,1948
526,162,1692
527,162,1596
528,162,1497
529,162,1422
530,162,1603
531,162,1942
532,162,2400
533,162,2062
534,162,1511
535,162,1043
536,162,731
537,162,569
538,162,521
539,162,530
540,162,533
541,162,509
542,162,479
543,162,486
544,162,556
545,162,677
546,162,804
547,162,877
548,162,960
549,162,794
550,162,616
551,162,595
552,162,660
553,162,606
554,162,509
555,162,431
556,162,386
557,162,349
558,162,316
559,162,277
560,162,266
561,162,265
562,162,268
563,162,272
564,162,276
565,162,280
566,162,283
567,162,284
568,162,289
569,162,299
570,162,311
571,162,318
572,162,301
573,162,219
490,163,345
491,163,377
492,163,393
493,163,402
494,163,405
495,163,401
496,163,393
497,163,393
498,163,407
499,163,430
500,163,458
501,163,500
502,163,553
503,163,618
504,163,694
505,163,761
506,163,879
507,163,1050
508,163,879
509,163,814
510,163,850
511,163,803
512,163,761
513,163,858
514,163,933
515,163,915
516,163,846
517,163,825
518,163,928
519,163,1143
520,163,1500
521,163,1762
522,163,1663
523,163,1779
524,163,2239
525,163,2199
526,163,2146
527,163,2206
528,163,2053
529,163,1813
530,163,1914
531,163,2007
532,163,2334
533,163,2237
534,163,1669
535,163,1155
536,163,831
537,163,747
538,163,726
539,163,756
540,163,753
541,163,685
542,163,611
543,163,617
544,163,691
545,163,859
546,163,1062
547,163,1082
548,163,1004
549,163,802
550,163,609
551,163,540
552,163,620
553,163,664
554,163,597
555,163,496
556,163,417
557,163,363
558,163,329
559,163,308
560,163,301
561,163,300
562,163,305
563,163,311
564,163,315
565,163,316
566,163,312
567,163,291
568,163,293
569,163,311
570,163,344
571,163,385
572,163,402
573,163,301
490,164,374
491,164,387
492,164,411
493,164,436
494,164,454
495,164,453
496,164,440
497,164,435
498,164,455
499,164,482
500,164,505
501,164,538
502,164,596
503,164,674
504,164,792
505,164,899
506,164,864
507,164,908
508,164,862
509,164,964
510,164,1099
511,164,982
512,164,903
513,164,1098
514,164,1240
515,164,1184
516,164,1062
517,164,1052
518,164,1063
519,164,1144
520,164,1552
521,164,1882
522,164,1875
523,164,1698
524,164,1843
525,164,2118
526,164,2227
527,164,2456
528,164,2354
529,164,2113
530,164,2465
531,164,2611
532,164,2818
533,164,2715
534,164,2005
535,164,1386
536,164,1031
537,164,1054
538,164,1120
539,164,1124
540,164,1093
541,164,926
542,164,781
543,164,797
544,164,939
545,164,1071
546,164,1146
547,164,1073
548,164,826
549,164,677
550,164,566
551,164,577
552,164,718
553,164,840
554,164,720
555,164,559
556,164,446
557,164,377
558,164,340
559,164,328
560,164,322
561,164,320
562,164,329
563,164,339
564,164,342
565,164,338
566,164,332
567,164,325
568,164,314
569,164,340
570,164,408
571,164,519
572,164,659
573,164,799
490,165,313
491,165,375
492,165,427
493,165,481
494,165,529
495,165,536
496,165,506
497,165,490
498,165,524
499,165,564
500,165,582
501,165,596
502,165,670
503,165,772
504,165,833
505,165,910
506,165,847
507,165,824
508,165,851
509,165,982
510,165,1121
511,165,1019
512,165,1012
513,165,1341
514,165,1616
515,165,1514
516,165,1374
517,165,1417
518,165,1408
519,165,1389
520,165,1867
521,165,2399
522,165,2386
523,165,1870
524,165,1525
525,165,1696
526,165,1969
527,165,2593
528,165,2984
529,165,2641
530,165,2671
531,165,2911
532,165,3090
533,165,2987
534,165,2301
535,165,1648
536,165,1356
537,165,1490
538,165,1665
539,165,1576
540,165,1497
541,165,1184
542,165,990
543,165,1020
544,165,1243
545,165,1407
546,165,1202
547,165,932
548,165,735
549,165,601
550,165,560
551,165,609
552,165,737
553,165,850
554,165,729
555,165,569
556,165,456
557,165,389
558,165,364
559,165,360
560,165,355
561,165,350
562,165,367
563,165,388
564,165,390
565,165,374
566,165,356
567,165,351
568,165,361
569,165,381
570,165,492
571,165,715
572,165,1008
573,165,1510
490,166,316
491,166,376
492,166,443
493,166,527
494,166,620
495,166,633
496,166,572
497,166,546
498,166,610
499,166,680
500,166,693
501,166,665
502,166,726
503,166,859
504,166,880
505,166,810
506,166,832
507,166,961
508,166,977
509,166,909
510,166,936
511,166,922
512,166,1056
513,166,1393
514,166,1727
515,166,1847
516,166,1709
517,166,1895
518,166,1890
519,166,1725
520,166,2076
521,166,2578
522,166,2525
523,166,1998
524,166,1560
525,166,1521
526,166,1982
527,166,2711
528,166,3255
529,166,2850
530,166,2623
531,166,3119
532,166,3265
533,166,3189
534,166,2672
535,166,1998
536,166,1837
537,166,2002
538,166,2239
539,166,1790
540,166,1674
541,166,1391
542,166,1378
543,166,1392
544,166,1563
545,166,1541
546,166,1283
547,166,970
548,166,781
549,166,685
550,166,716
551,166,722
552,166,690
553,166,692
554,166,632
555,166,543
556,166,465
557,166,410
558,166,407
559,166,420
560,166,418
561,166,403
562,166,431
563,166,476
564,166,478
565,166,434
566,166,393
567,166,377
568,166,389
569,166,418
570,166,563
571,166,816
572,166,1124
573,166,1524
490,167,316
491,167,376
492,167,445
493,167,533
494,167,630
495,167,648
496,167,594
497,167,588
498,167,689
499,167,812
500,167,820
501,167,729
502,167,716
503,167,788
504,167,798
505,167,761
506,167,888
507,167,1100
508,167,1119
509,167,958
510,167,868
511,167,872
512,167,1047
513,167,1313
514,167,1642
515,167,1921
516,167,1858
517,167,2283
518,167,2308
519,167,2087
520,167,2484
521,167,2867
522,167,2630
523,167,2384
524,167,2024
525,167,1881
526,167,2345
527,167,3209
528,167,4058
529,167,3420
530,167,3105
531,167,3449
532,167,3709
533,167,3698
534,167,3518
535,167,2676
536,167,2386
537,167,2624
538,167,2150
539,167,1911
540,167,1987
541,167,1809
542,167,1933
543,167,1768
544,167,1996
545,167,1651
546,167,1548
547,167,1252
548,167,953
549,167,852
550,167,965
551,167,954
552,167,780
553,167,622
554,167,601
555,167,597
556,167,541
557,167,477
558,167,478
559,167,522
560,167,525
561,167,490
562,167,514
563,167,598
564,167,601
565,167,513
566,167,440
567,167,406
568,167,411
569,167,441
570,167,621
571,167,852
572,167,1148
573,167,1483
490,168,326
491,168,373
492,168,431
493,168,498
494,168,560
495,168,581
496,168,572
497,168,604
498,168,705
499,168,830
500,168,844
501,168,752
502,168,695
503,168,724
504,168,730
505,168,719
506,168,839
507,168,987
508,168,1050
509,168,1084
510,168,1086
511,168,1060
512,168,1296
513,168,1520
514,168,1668
515,168,1998
516,168,1947
517,168,2377
518,168,2403
519,168,2602
520,168,2902
521,168,3562
522,168,3165
523,168,3158
524,168,2694
525,168,2575
526,168,2626
527,168,3211
528,168,3680
529,168,3757
530,168,4172
531,168,4123
532,168,4078
533,168,3967
534,168,3840
535,168,3333
536,168,3122
537,168,2675
538,168,2437
539,168,2698
540,168,2697
541,168,2250
542,168,2539
543,168,2058
544,168,1765
545,168,1661
546,168,1925
547,168,1463
548,168,1064
549,168,963
550,168,1161
551,168,1145
552,168,869
553,168,663
554,168,706
555,168,768
556,168,669
557,168,555
558,168,555
559,168,648
560,168,658
561,168,581
562,168,576
563,168,663
564,168,669
565,168,577
566,168,490
567,168,438
568,168,428
569,168,445
570,168,613
571,168,829
572,168,1136
573,168,1641
490,169,316
491,169,362
492,169,415
493,169,467
494,169,510
495,169,533
496,169,546
497,169,590
498,169,669
499,169,758
500,169,809
501,169,808
502,169,766
503,169,810
504,169,814
505,169,777
506,169,816
507,169,887
508,169,1066
509,169,1324
510,169,1410
511,169,1327
512,169,1600
513,169,1903
514,169,1825
515,169,1940
516,169,2329
517,169,2880
518,169,2803
519,169,3107
520,169,2760
521,169,3120
522,169,3737
523,169,3813
524,169,3395
525,169,3561
526,169,3627
527,169,4089
528,169,4340
529,169,4796
530,169,5247
531,169,4538
532,169,4138
533,169,4208
534,169,4205
535,169,4088
536,169,4076
537,169,3802
538,169,3309
539,169,3515
540,169,3069
541,169,2421
542,169,2409
543,169,2200
544,169,1691
545,169,1461
546,169,1530
547,169,1294
548,169,1003
549,169,907
550,169,1020
551,169,1005
552,169,827
553,169,699
554,169,806
555,169,970
556,169,769
557,169,601
558,169,576
559,169,670
560,169,690
561,169,628
562,169,618
563,169,684
564,169,700
565,169,639
566,169,550
567,169,477
568,169,440
569,169,430
570,169,560
571,169,720
572,169,926
573,169,1199
490,170,251
491,170,344
492,170,410
493,170,463
494,170,504
495,170,529
496,170,548
497,170,590
498,170,669
499,170,789
500,170,928
501,170,947
502,170,882
503,170,990
504,170,1000
505,170,939
506,170,987
507,170,960
508,170,1075
509,170,1388
510,170,1692
511,170,1488
512,170,1664
513,170,1977
514,170,2012
515,170,2374
516,170,2481
517,170,2445
518,170,2394
519,170,2500
520,170,2358
521,170,2701
522,170,3294
523,170,3677
524,170,4498
525,170,4600
526,170,4600
527,170,4870
528,170,5112
529,170,5958
530,170,5314
531,170,4871
532,170,4898
533,170,5158
534,170,4803
535,170,4915
536,170,4283
537,170,4007
538,170,3444
539,170,3101
540,170,2956
541,170,2589
542,170,2370
543,170,1955
544,170,1570
545,170,1292
546,170,1281
547,170,1132
548,170,926
549,170,837
550,170,866
551,170,840
552,170,747
553,170,687
554,170,754
555,170,811
556,170,704
557,170,579
558,170,540
559,170,591
560,170,628
561,170,642
562,170,683
563,170,762
564,170,794
565,170,744
566,170,640
567,170,532
568,170,457
569,170,408
570,170,482
571,170,572
572,170,650
573,170,636
490,171,249
491,171,322
492,171,417
493,171,487
494,171,544
495,171,575
496,171,595
497,171,625
498,171,685
499,171,795
500,171,938
501,171,971
502,171,956
503,171,1129
504,171,1157
505,171,1129
506,171,1232
507,171,1082
508,171,996
509,171,1243
510,171,1452
511,171,1393
512,171,1495
513,171,1810
514,171,2374
515,171,2617
516,171,2540
517,171,2201
518,171,2001
519,171,1974
520,171,1929
521,171,2265
522,171,2805
523,171,3686
524,171,4633
525,171,4828
526,171,4851
527,171,4810
528,171,5076
529,171,5940
530,171,6113
531,171,6127
532,171,6101
533,171,6014
534,171,5147
535,171,5276
536,171,4378
537,171,4049
538,171,3590
539,171,3138
540,171,3274
541,171,2695
542,171,2336
543,171,1965
544,171,1779
545,171,1561
546,171,1639
547,171,1391
548,171,1066
549,171,994
550,171,932
551,171,833
552,171,745
553,171,697
554,171,710
555,171,699
556,171,626
557,171,547
558,171,516
559,171,549
560,171,605
561,171,683
562,171,788
563,171,892
564,171,947
565,171,897
566,171,762
567,171,607
568,171,485
569,171,394
570,171,387
571,171,442
572,171,467
573,171,436
490,172,247
491,172,328
492,172,418
493,172,514
494,172,626
495,172,670
496,172,678
497,172,681
498,172,702
499,172,760
500,172,843
501,172,877
502,172,886
503,172,998
504,172,1031
505,172,1101
506,172,1223
507,172,1080
508,172,1013
509,172,1336
510,172,1588
511,172,1491
512,172,1459
513,172,1914
514,172,2536
515,172,3137
516,172,2770
517,172,2552
518,172,2225
519,172,1970
520,172,1863
521,172,2279
522,172,2959
523,172,3878
524,172,4771
525,172,5179
526,172,5499
527,172,5810
528,172,6106
529,172,6169
530,172,6871
531,172,6797
532,172,6585
533,172,6028
534,172,5222
535,172,5073
536,172,4354
537,172,4468
538,172,3715
539,172,3331
540,172,3440
541,172,2870
542,172,2846
543,172,2428
544,172,2239
545,172,1851
546,172,2103
547,172,1636
548,172,1283
549,172,1314
550,172,1168
551,172,989
552,172,895
553,172,833
554,172,821
555,172,746
556,172,637
557,172,579
558,172,572
559,172,591
560,172,665
561,172,789
562,172,918
563,172,1035
564,172,1109
565,172,1052
566,172,879
567,172,676
568,172,514
569,172,408
570,172,336
571,172,330
572,172,339
573,172,290
490,173,247
491,173,357
492,173,480
493,173,639
494,173,751
495,173,806
496,173,806
497,173,774
498,173,756
499,173,786
500,173,878
501,173,961
502,173,884
503,173,825
504,173,832
505,173,903
506,173,963
507,173,942
508,173,1092
509,173,1497
510,173,1940
511,173,1667
512,173,1547
513,173,1921
514,173,2428
515,173,3141
516,173,3248
517,173,3208
518,173,2842
519,173,2540
520,173,2514
521,173,2902
522,173,3394
523,173,4406
524,173,5463
525,173,5671
526,173,5923
527,173,6774
528,173,6502
529,173,6495
530,173,7031
531,173,7430
532,173,7206
533,173,6578
534,173,5635
535,173,5370
536,173,5093
537,173,5070
538,173,4281
539,173,4075
540,173,3839
541,173,2995
542,173,2905
543,173,2464
544,173,2246
545,173,1728
546,173,1728
547,173,1497
548,173,1413
549,173,1659
550,173,1383
551,173,1253
552,173,1110
553,173,1027
554,173,1048
555,173,902
556,173,732
557,173,685
558,173,698
559,173,696
560,173,768
561,173,919
562,173,1017
563,173,1114
564,173,1203
565,173,1143
566,173,939
567,173,704
568,173,518
569,173,397
570,173,305
571,173,273
572,173,250
573,173,198
490,174,248
491,174,404
492,174,581
493,174,741
494,174,874
495,174,955
496,174,963
497,174,909
498,174,850
499,174,830
500,174,885
501,174,948
502,174,847
503,174,734
504,174,685
505,174,727
506,174,761
507,174,797
508,174,1006
509,174,1323
510,174,1593
511,174,1591
512,174,1696
513,174,2173
514,174,2459
515,174,2863
516,174,3261
517,174,3560
518,174,3610
519,174,3186
520,174,3311
521,174,3766
522,174,4091
523,174,4999
524,174,5583
525,174,6282
526,174,6563
527,174,6674
528,174,6617
529,174,7208
530,174,8045
531,174,8613
532,174,8388
533,174,7675
534,174,6628
535,174,6019
536,174,5877
537,174,5468
538,174,5012
539,174,4723
540,174,4120
541,174,3392
542,174,2612
543,174,2116
544,174,1896
545,174,1668
546,174,1563
547,174,1330
548,174,1331
549,174,1425
550,174,1362
551,174,1500
552,174,1264
553,174,1162
554,174,1278
555,174,1016
556,174,803
557,174,802
558,174,853
559,174,796
560,174,847
561,174,1019
562,174,1028
563,174,1085
564,174,1178
565,174,1118
566,174,898
567,174,666
568,174,487
569,174,371
570,174,281
571,174,244
572,174,219
573,174,188
490,175,367
491,175,490
492,175,640
493,175,806
494,175,968
495,175,1088
496,175,1122
497,175,1057
498,175,979
499,175,871
500,175,822
501,175,806
502,175,739
503,175,659
504,175,615
505,175,633
506,175,658
507,175,723
508,175,877
509,175,1092
510,175,1344
511,175,1652
512,175,1830
513,175,2190
514,175,2441
515,175,2586
516,175,2768
517,175,3610
518,175,3862
519,175,3773
520,175,4114
521,175,4407
522,175,4647
523,175,5226
524,175,5851
525,175,6641
526,175,7500
527,175,7905
528,175,8066
529,175,9094
530,175,10123
531,175,10676
532,175,10420
533,175,9577
534,175,8305
535,175,7356
536,175,6568
537,175,6005
538,175,5625
539,175,5105
540,175,4402
541,175,3880
542,175,2945
543,175,2199
544,175,1873
545,175,1957
546,175,1855
547,175,1514
548,175,1608
549,175,1473
550,175,1434
551,175,1333
552,175,1232
553,175,1084
554,175,1070
555,175,921
556,175,764
557,175,792
558,175,847
559,175,779
560,175,784
561,175,860
562,175,895
563,175,971
564,175,987
565,175,917
566,175,748
567,175,566
568,175,424
569,175,330
570,175,253
571,175,223
572,175,205
573,175,187
490,176,467
491,176,495
492,176,649
493,176,822
494,176,1009
495,176,1172
496,176,1250
497,176,1177
498,176,1111
499,176,934
500,176,780
501,176,710
502,176,655
503,176,612
504,176,613
505,176,637
506,176,657
507,176,688
508,176,812
509,176,995
510,176,1260
511,176,1599
512,176,1788
513,176,2154
514,176,2506
515,176,2806
516,176,2716
517,176,3167
518,176,3994
519,176,4131
520,176,4089
521,176,4020
522,176,4503
523,176,5317
524,176,6297
525,176,7168
526,176,8057
527,176,9290
528,176,10634
529,176,11989
530,176,13323
531,176,14088
532,176,13855
533,176,12698
534,176,11115
535,176,9372
536,176,7933
537,176,7089
538,176,6139
539,176,5375
540,176,4496
541,176,3826
542,176,3031
543,176,2248
544,176,2020
545,176,2071
546,176,1919
547,176,1565
548,176,1617
549,176,1437
550,176,1422
551,176,1379
552,176,1297
553,176,1043
554,176,887
555,176,829
556,176,723
557,176,681
558,176,687
559,176,667
560,176,684
561,176,745
562,176,799
563,176,894
564,176,805
565,176,688
566,176,568
567,176,447
568,176,351
569,176,285
570,176,228
571,176,207
572,176,196
573,176,186
490,177,479
491,177,527
492,177,634
493,177,790
494,177,975
495,177,1147
496,177,1244
497,177,1206
498,177,1113
499,177,929
500,177,773
501,177,704
502,177,653
503,177,625
504,177,684
505,177,748
506,177,774
507,177,786
508,177,925
509,177,1078
510,177,1192
511,177,1369
512,177,1554
513,177,1966
514,177,2378
515,177,2513
516,177,2722
517,177,3091
518,177,3435
519,177,3766
520,177,4112
521,177,4172
522,177,5202
523,177,5932
524,177,6928
525,177,8249
526,177,9851
527,177,12023
528,177,14026
529,177,15115
530,177,16806
531,177,17923
532,177,17826
533,177,16509
534,177,15163
535,177,12601
536,177,10020
537,177,8035
538,177,6612
539,177,5553
540,177,4823
541,177,4070
542,177,3311
543,177,2738
544,177,2383
545,177,2082
546,177,1776
547,177,1562
548,177,1396
549,177,1243
550,177,1324
551,177,1297
552,177,1120
553,177,922
554,177,866
555,177,900
556,177,761
557,177,623
558,177,570
559,177,585
560,177,673
561,177,760
562,177,720
563,177,693
564,177,620
565,177,521
566,177,427
567,177,349
568,177,289
569,177,236
570,177,206
571,177,195
572,177,190
573,177,186
490,178,498
491,178,522
492,178,601
493,178,726
494,178,878
495,178,1020
496,178,1111
497,178,1093
498,178,993
499,178,860
500,178,807
501,178,790
502,178,728
503,178,692
504,178,812
505,178,947
506,178,983
507,178,954
508,178,1125
509,178,1349
510,178,1413
511,178,1438
512,178,1656
513,178,1757
514,178,2081
515,178,2619
516,178,3105
517,178,3253
518,178,3560
519,178,4709
520,178,5256
521,178,5387
522,178,6238
523,178,6929
524,178,8096
525,178,9884
526,178,12415
527,178,15354
528,178,17414
529,178,20158
530,178,22836
531,178,24625
532,178,24707
533,178,22767
534,178,19548
535,178,16591
536,178,12830
537,178,9598
538,178,7362
539,178,5929
540,178,5069
541,178,4457
542,178,3841
543,178,3278
544,178,2893
545,178,2516
546,178,1971
547,178,1905
548,178,1577
549,178,1422
550,178,1316
551,178,1206
552,178,953
553,178,748
554,178,781
555,178,847
556,178,721
557,178,579
558,178,504
559,178,540
560,178,636
561,178,713
562,178,642
563,178,546
564,178,479
565,178,408
566,178,343
567,178,288
568,178,245
569,178,205
570,178,190
571,178,186
572,178,185
573,178,186
490,179,510
491,179,510
492,179,572
493,179,673
494,179,782
495,179,876
496,179,979
497,179,1037
498,179,974
499,179,840
500,179,866
501,179,925
502,179,825
503,179,765
504,179,946
505,179,1184
506,179,1227
507,179,1117
508,179,1272
509,179,1583
510,179,1655
511,179,1749
512,179,2039
513,179,1939
514,179,2278
515,179,2807
516,179,3350
517,179,3930
518,179,3902
519,179,4876
520,179,5024
521,179,5363
522,179,5758
523,179,6633
524,179,8487
525,179,11274
526,179,14651
527,179,17667
528,179,21596
529,179,25714
530,179,29475
531,179,32090
532,179,32462
533,179,29947
534,179,25127
535,179,19656
536,179,15343
537,179,10999
538,179,7982
539,179,6019
540,179,4887
541,179,4174
542,179,3808
543,179,3313
544,179,2943
545,179,2559
546,179,1989
547,179,1910
548,179,1554
549,179,1681
550,179,1298
551,179,991
552,179,796
553,179,633
554,179,629
555,179,648
556,179,589
557,179,509
558,179,462
559,179,489
560,179,544
561,179,577
562,179,537
563,179,466
564,179,400
565,179,347
566,179,298
567,179,253
568,179,209
569,179,189
570,179,182
571,179,181
572,179,182
573,179,186
490,180,499
491,180,503
492,180,559
493,180,654
494,180,729
495,180,771
496,180,849
497,180,924
498,180,888
499,180,780
500,180,833
501,180,911
502,180,824
503,180,779
504,180,975
505,180,1224
506,180,1272
507,180,1148
508,180,1217
509,180,1392
510,180,1457
511,180,1700
512,180,2004
513,180,1919
514,180,2462
515,180,3300
516,180,3799
517,180,3889
518,180,4107
519,180,4411
520,180,4987
521,180,4766
522,180,5565
523,180,6733
524,180,9008
525,180,12333
526,180,15454
527,180,19930
528,180,24912
529,180,29879
530,180,34451
531,180,37787
532,180,38508
533,180,35669
534,180,29766
535,180,22579
536,180,16039
537,180,10987
538,180,8097
539,180,5830
540,180,4446
541,180,3634
542,180,3236
543,180,2839
544,180,2514
545,180,2164
546,180,1703
547,180,1522
548,180,1300
549,180,1302
550,180,1100
551,180,912
552,180,815
553,180,662
554,180,538
555,180,506
556,180,480
557,180,454
558,180,461
559,180,474
560,180,477
561,180,480
562,180,456
563,180,413
564,180,365
565,180,319
566,180,274
567,180,224
568,180,198
569,180,185
570,180,179
571,180,177
572,180,177
573,180,176
490,181,495
491,181,499
492,181,550
493,181,650
494,181,697
495,181,681
496,181,703
497,181,741
498,181,721
499,181,668
500,181,703
501,181,742
502,181,722
503,181,729
504,181,893
505,181,1064
506,181,1116
507,181,1059
508,181,1067
509,181,1115
510,181,1137
511,181,1336
512,181,1492
513,181,1543
514,181,2086
515,181,2714
516,181,3057
517,181,3570
518,181,3745
519,181,3960
520,181,4666
521,181,4669
522,181,5303
523,181,6826
524,181,9257
525,181,12866
526,181,16082
527,181,20834
528,181,25939
529,181,30968
530,181,35693
531,181,39301
532,181,40280
533,181,37495
534,181,31334
535,181,23609
536,181,16420
537,181,11437
538,181,7931
539,181,5513
540,181,3994
541,181,3112
542,181,2632
543,181,2318
544,181,2072
545,181,1784
546,181,1417
547,181,1193
548,181,1039
549,181,983
550,181,922
551,181,1026
552,181,985
553,181,749
554,181,559
555,181,447
556,181,436
557,181,470
558,181,519
559,181,526
560,181,487
561,181,446
562,181,410
563,181,380
564,181,345
565,181,302
566,181,249
567,181,218
568,181,199
569,181,187
570,181,181
571,181,177
572,181,173
573,181,167
490,182,492
491,182,490
492,182,514
493,182,569
494,182,598
495,182,588
496,182,583
497,182,599
498,182,590
499,182,567
500,182,588
501,182,611
502,182,624
503,182,665
504,182,795
505,182,917
506,182,970
507,182,948
508,182,924
509,182,902
510,182,876
511,182,984
512,182,1064
513,182,1250
514,182,1702
515,182,2131
516,182,2283
517,182,2662
518,182,3102
519,182,3493
520,182,4384
521,182,5162
522,182,5645
523,182,6723
524,182,8990
525,182,12433
526,182,15483
527,182,19746
528,182,24200
529,182,28488
530,182,32550
531,182,35760
532,182,36746
533,182,34380
534,182,28903
535,182,21932
536,182,15415
537,182,10722
538,182,7398
539,182,5199
540,182,3762
541,182,2817
542,182,2312
543,182,2083
544,182,1973
545,182,1715
546,182,1334
547,182,1046
548,182,917
549,182,859
550,182,849
551,182,1003
552,182,979
553,182,747
554,182,557
555,182,440
556,182,443
557,182,511
558,182,609
559,182,612
560,182,516
561,182,441
562,182,394
563,182,361
564,182,328
565,182,276
566,182,249
567,182,228
568,182,212
569,182,199
570,182,188
571,182,181
572,182,176
573,182,170
490,183,522
491,183,481
492,183,470
493,183,491
494,183,509
495,183,511
496,183,508
497,183,511
498,183,506
499,183,498
500,183,511
501,183,529
502,183,555
503,183,607
504,183,712
505,183,807
506,183,868
507,183,872
508,183,831
509,183,765
510,183,720
511,183,731
512,183,786
513,183,1087
514,183,1492
515,183,1834
516,183,1940
517,183,2426
518,183,2823
519,183,3543
520,183,4639
521,183,4987
522,183,5423
523,183,6240
524,183,8123
525,183,11120
526,183,14306
527,183,17102
528,183,20435
529,183,23507
530,183,26340
531,183,28618
532,183,29332
533,183,27572
534,183,23465
535,183,18366
536,183,14003
537,183,9598
538,183,6670
539,183,4846
540,183,3684
541,183,2895
542,183,2445
543,183,2209
544,183,2256
545,183,1910
546,183,1429
547,183,1043
548,183,845
549,183,777
550,183,751
551,183,792
552,183,771
553,183,644
554,183,519
555,183,438
556,183,454
557,183,516
558,183,607
559,183,603
560,183,501
561,183,421
562,183,372
563,183,343
564,183,318
565,183,279
566,183,280
567,183,267
568,183,250
569,183,233
570,183,209
571,183,194
572,183,183
573,183,171
490,184,525
491,184,462
492,184,438
493,184,439
494,184,450
495,184,455
496,184,456
497,184,453
498,184,452
499,184,447
500,184,456
501,184,478
502,184,512
503,184,568
504,184,647
505,184,739
506,184,812
507,184,841
508,184,797
509,184,708
510,184,673
511,184,661
512,184,704
513,184,896
514,184,1348
515,184,1616
516,184,1873
517,184,2418
518,184,3180
519,184,2951
520,184,3832
521,184,4133
522,184,4438
523,184,5294
524,184,6919
525,184,9287
526,184,12044
527,184,13947
528,184,16202
529,184,18055
530,184,19557
531,184,20802
532,184,21110
533,184,19905
534,184,17304
535,184,14692
536,184,11024
537,184,7827
538,184,6060
539,184,4595
540,184,3500
541,184,2961
542,184,2880
543,184,2440
544,184,2713
545,184,2082
546,184,1470
547,184,1017
548,184,821
549,184,701
550,184,653
551,184,638
552,184,616
553,184,557
554,184,495
555,184,495
556,184,507
557,184,499
558,184,515
559,184,497
560,184,438
561,184,383
562,184,345
563,184,323
564,184,311
565,184,302
566,184,299
567,184,291
568,184,276
569,184,258
570,184,240
571,184,225
572,184,201
573,184,195
490,185,407
491,185,430
492,185,418
493,185,411
494,185,410
495,185,409
496,185,410
497,185,406
498,185,410
499,185,409
500,185,422
501,185,446
502,185,485
503,185,540
504,185,600
505,185,651
506,185,761
507,185,850
508,185,817
509,185,720
510,185,702
511,185,708
512,185,749
513,185,990
514,185,1203
515,185,1700
516,185,1855
517,185,2353
518,185,2822
519,185,2489
520,185,2452
521,185,3014
522,185,3550
523,185,4571
524,185,5654
525,185,7466
526,185,9604
527,185,11706
528,185,13401
529,185,14403
530,185,14836
531,185,15385
532,185,15345
533,185,14441
534,185,12645
535,185,10406
536,185,7942
537,185,5918
538,185,4844
539,185,4165
540,185,3489
541,185,2846
542,185,2644
543,185,2380
544,185,2243
545,185,1860
546,185,1392
547,185,1110
548,185,933
549,185,765
550,185,654
551,185,619
552,185,583
553,185,575
554,185,563
555,185,609
556,185,642
557,185,579
558,185,489
559,185,423
560,185,377
561,185,342
562,185,315
563,185,302
564,185,303
565,185,308
566,185,317
567,185,321
568,185,311
569,185,287
570,185,263
571,185,245
572,185,219
573,185,196
490,186,386
491,186,406
492,186,398
493,186,401
494,186,390
495,186,364
496,186,371
497,186,370
498,186,376
499,186,382
500,186,391
501,186,408
502,186,454
503,186,522
504,186,574
505,186,594
506,186,682
507,186,775
508,186,735
509,186,846
510,186,786
511,186,833
512,186,991
513,186,1153
514,186,1563
515,186,1641
516,186,1908
517,186,2525
518,186,2335
519,186,2576
520,186,2144
521,186,2206
522,186,3113
523,186,4089
524,186,4730
525,186,5712
526,186,7237
527,186,8831
528,186,9951
529,186,10402
530,186,10382
531,186,10295
532,186,9958
533,186,9357
534,186,8339
535,186,7054
536,186,5559
537,186,4284
538,186,3504
539,186,3109
540,186,2729
541,186,2358
542,186,2337
543,186,2673
544,186,2144
545,186,1909
546,186,1592
547,186,1427
548,186,1179
549,186,912
550,186,778
551,186,768
552,186,704
553,186,721
554,186,717
555,186,752
556,186,833
557,186,692
558,186,523
559,186,409
560,186,341
561,186,309
562,186,288
563,186,286
564,186,296
565,186,315
566,186,346
567,186,376
568,186,370
569,186,327
570,186,288
571,186,265
572,186,250
573,186,225
490,187,502
491,187,466
492,187,432
493,187,407
494,187,386
495,187,367
496,187,358
497,187,359
498,187,371
499,187,390
500,187,397
501,187,395
502,187,446
503,187,539
504,187,583
505,187,553
506,187,566
507,187,625
508,187,688
509,187,855
510,187,991
511,187,1088
512,187,1277
513,187,1411
514,187,1578
515,187,2055
516,187,2030
517,187,2390
518,187,2119
519,187,1990
520,187,1937
521,187,2389
522,187,2735
523,187,3199
524,187,3566
525,187,4288
526,187,5279
527,187,6358
528,187,7071
529,187,7297
530,187,7179
531,187,6882
532,187,6467
533,187,6164
534,187,5566
535,187,4957
536,187,4187
537,187,3544
538,187,3055
539,187,2621
540,187,2166
541,187,1799
542,187,1892
543,187,2050
544,187,1779
545,187,1820
546,187,1918
547,187,1805
548,187,1359
549,187,1015
550,187,962
551,187,1032
552,187,923
553,187,921
554,187,889
555,187,801
556,187,848
557,187,697
558,187,520
559,187,401
560,187,332
561,187,293
562,187,258
563,187,276
564,187,293
565,187,324
566,187,380
567,187,451
568,187,448
569,187,372
570,187,312
571,187,280
572,187,261
573,187,228
490,188,537
491,188,496
492,188,458
493,188,427
494,188,399
495,188,374
496,188,356
497,188,360
498,188,384
499,188,426
500,188,433
501,188,409
502,188,435
503,188,500
504,188,527
505,188,514
506,188,523
507,188,568
508,188,610
509,188,724
510,188,928
511,188,1107
512,188,1309
513,188,1375
514,188,1714
515,188,2114
516,188,1851
517,188,1791
518,188,1630
519,188,1537
520,188,1982
521,188,2692
522,188,2807
523,188,2463
524,188,2510
525,188,3046
526,188,3752
527,188,4454
528,188,4949
529,188,5086
530,188,4995
531,188,4849
532,188,4591
533,188,4520
534,188,4106
535,188,3803
536,188,3806
537,188,3204
538,188,2621
539,188,2142
540,188,1732
541,188,1424
542,188,1436
543,188,1477
544,188,1357
545,188,1348
546,188,1461
547,188,1401
548,188,1184
549,188,943
550,188,1071
551,188,1305
552,188,1060
553,188,967
554,188,916
555,188,769
556,188,704
557,188,597
558,188,475
559,188,383
560,188,326
561,188,292
562,188,276
563,188,279
564,188,294
565,188,327
566,188,386
567,188,461
568,188,462
569,188,387
570,188,325
571,188,290
572,188,267
573,188,228
490,189,544
491,189,526
492,189,487
493,189,456
494,189,423
495,189,387
496,189,361
497,189,363
498,189,387
499,189,431
500,189,441
501,189,422
502,189,435
503,189,467
504,189,485
505,189,493
506,189,526
507,189,613
508,189,688
509,189,735
510,189,893
511,189,1248
512,189,1663
513,189,1430
514,189,1646
515,189,2094
516,189,1642
517,189,1281
518,189,1198
519,189,1270
520,189,1726
521,189,2212
522,189,2256
523,189,1953
524,189,1855
525,189,2101
526,189,2559
527,189,3040
528,189,3422
529,189,3643
530,189,3805
531,189,3651
532,189,3491
533,189,3704
534,189,3801
535,189,3396
536,189,3215
537,189,2919
538,189,2758
539,189,2117
540,189,1574
541,189,1220
542,189,1117
543,189,1093
544,189,1028
545,189,1021
546,189,1063
547,189,1022
548,189,930
549,189,831
550,189,943
551,189,1050
552,189,967
553,189,890
554,189,862
555,189,808
556,189,669
557,189,535
558,189,444
559,189,377
560,189,339
561,189,312
562,189,294
563,189,288
564,189,298
565,189,324
566,189,366
567,189,410
568,189,413
569,189,373
570,189,329
571,189,297
572,189,270
573,189,230
490,190,701
491,190,586
492,190,519
493,190,489
494,190,453
495,190,400
496,190,367
497,190,362
498,190,379
499,190,407
500,190,423
501,190,433
502,190,443
503,190,463
504,190,479
505,190,504
506,190,598
507,190,741
508,190,901
509,190,923
510,190,875
511,190,1126
512,190,1366
513,190,1313
514,190,1391
515,190,1557
516,190,1343
517,190,1055
518,190,925
519,190,1052
520,190,1350
521,190,1584
522,190,1522
523,190,1398
524,190,1389
525,190,1534
526,190,1887
527,190,2320
528,190,2645
529,190,2970
530,190,3263
531,190,2857
532,190,2708
533,190,3036
534,190,3020
535,190,2832
536,190,2549
537,190,2180
538,190,2169
539,190,1832
540,190,1411
541,190,1095
542,190,919
543,190,860
544,190,805
545,190,798
546,190,802
547,190,769
548,190,727
549,190,696
550,190,757
551,190,804
552,190,802
553,190,825
554,190,940
555,190,916
556,190,718
557,190,559
558,190,474
559,190,436
560,190,395
561,190,353
562,190,323
563,190,307
564,190,308
565,190,327
566,190,356
567,190,383
568,190,387
569,190,367
570,190,335
571,190,302
572,190,258
573,190,243
490,191,760
491,191,609
492,191,525
493,191,489
494,191,452
495,191,402
496,191,372
497,191,367
498,191,384
499,191,413
500,191,433
501,191,448
502,191,463
503,191,494
504,191,523
505,191,556
506,191,653
507,191,840
508,191,1088
509,191,1100
510,191,925
511,191,1065
512,191,1377
513,191,1382
514,191,1151
515,191,1121
516,191,1023
517,191,882
518,191,864
519,191,1099
520,191,1496
521,191,1808
522,191,1562
523,191,1253
524,191,1121
525,191,1233
526,191,1588
527,191,2034
528,191,2402
529,191,2591
530,191,2622
531,191,2374
532,191,2456
533,191,2913
534,191,2746
535,191,2550
536,191,2041
537,191,1824
538,191,1929
539,191,1631
540,191,1255
541,191,978
542,191,804
543,191,713
544,191,669
545,191,652
546,191,639
547,191,611
548,191,586
549,191,577
550,191,609
551,191,639
552,191,661
553,191,728
554,191,831
555,191,821
556,191,693
557,191,572
558,191,556
559,191,549
560,191,486
561,191,411
562,191,360
563,191,334
564,191,328
565,191,343
566,191,368
567,191,388
568,191,393
569,191,376
570,191,346
571,191,309
572,191,257
573,191,242
490,192,709
491,192,585
492,192,502
493,192,456
494,192,427
495,192,400
496,192,386
497,192,393
498,192,409
499,192,430
500,192,450
501,192,476
502,192,502
503,192,554
504,192,614
505,192,658
506,192,691
507,192,841
508,192,991
509,192,990
510,192,866
511,192,954
512,192,1145
513,192,1152
514,192,968
515,192,831
516,192,787
517,192,743
518,192,818
519,192,1076
520,192,1469
521,192,1773
522,192,1516
523,192,1183
524,192,1011
525,192,1069
526,192,1387
527,192,1773
528,192,2093
529,192,2071
530,192,2162
531,192,2130
532,192,2095
533,192,2386
534,192,2401
535,192,2127
536,192,1726
537,192,1626
538,192,1772
539,192,1513
540,192,1165
541,192,904
542,192,728
543,192,628
544,192,580
545,192,557
546,192,537
547,192,511
548,192,485
549,192,486
550,192,503
551,192,529
552,192,566
553,192,629
554,192,690
555,192,693
556,192,639
557,192,606
558,192,653
559,192,693
560,192,587
561,192,474
562,192,405
563,192,371
564,192,358
565,192,378
566,192,411
567,192,435
568,192,431
569,192,403
570,192,362
571,192,316
572,192,254
573,192,225
490,193,668
491,193,542
492,193,471
493,193,438
494,193,430
495,193,422
496,193,419
497,193,424
498,193,439
499,193,459
500,193,491
501,193,531
502,193,568
503,193,629
504,193,740
505,193,829
506,193,803
507,193,931
508,193,1143
509,193,956
510,193,804
511,193,823
512,193,888
513,193,897
514,193,793
515,193,690
516,193,637
517,193,654
518,193,722
519,193,927
520,193,1159
521,193,1318
522,193,1219
523,193,1035
524,193,930
525,193,1059
526,193,1268
527,193,1416
528,193,1592
529,193,1651
530,193,1925
531,193,1976
532,193,1749
533,193,1958
534,193,2251
535,193,1826
536,193,1436
537,193,1296
538,193,1372
539,193,1296
540,193,1047
541,193,825
542,193,673
543,193,579
544,193,523
545,193,494
546,193,471
547,193,447
548,193,426
549,193,422
550,193,431
551,193,452
552,193,491
553,193,543
554,193,587
555,193,600
556,193,585
557,193,607
558,193,667
559,193,712
560,193,618
561,193,532
562,193,469
563,193,415
564,193,388
565,193,415
566,193,465
567,193,499
568,193,480
569,193,430
570,193,375
571,193,319
572,193,248
573,193,208
490,194,477
491,194,463
492,194,442
493,194,440
494,194,445
495,194,452
496,194,459
497,194,468
498,194,485
499,194,504
500,194,546
501,194,613
502,194,666
503,194,687
504,194,833
505,194,1013
506,194,872
507,194,859
508,194,936
509,194,866
510,194,835
511,194,935
512,194,939
513,194,814
514,194,682
515,194,604
516,194,625
517,194,699
518,194,783
519,194,831
520,194,846
521,194,953
522,194,942
523,194,897
524,194,932
525,194,1151
526,194,1415
527,194,1460
528,194,1325
529,194,1336
530,194,1625
531,194,1953
532,194,1711
533,194,1746
534,194,1813
535,194,1632
536,194,1472
537,194,1257
538,194,1395
539,194,1348
540,194,1034
541,194,787
542,194,632
543,194,541
544,194,487
545,194,452
546,194,423
547,194,400
548,194,375
549,194,373
550,194,376
551,194,399
552,194,433
553,194,476
554,194,514
555,194,536
556,194,546
557,194,568
558,194,596
559,194,609
560,194,602
561,194,622
562,194,538
563,194,451
564,194,408
565,194,441
566,194,512
567,194,569
568,194,521
569,194,445
570,194,377
571,194,316
572,194,244
573,194,202
490,195,317
491,195,377
492,195,428
493,195,453
494,195,477
495,195,501
496,195,516
497,195,522
498,195,551
499,195,576
500,195,607
501,195,702
502,195,793
503,195,746
504,195,773
505,195,843
506,195,778
507,195,724
508,195,759
509,195,784
510,195,914
511,195,1072
512,195,1053
513,195,832
514,195,662
515,195,585
516,195,652
517,195,799
518,195,971
519,195,984
520,195,848
521,195,765
522,195,751
523,195,807
524,195,963
525,195,1210
526,195,1432
527,195,1423
528,195,1218
529,195,1172
530,195,1386
531,195,1662
532,195,1729
533,195,1915
534,195,1710
535,195,1730
536,195,1645
537,195,1292
538,195,1198
539,195,1122
540,195,906
541,195,712
542,195,584
543,195,506
544,195,459
545,195,420
546,195,361
547,195,336
548,195,319
549,195,310
550,195,313
551,195,350
552,195,381
553,195,418
554,195,454
555,195,478
556,195,500
557,195,514
558,195,522
559,195,532
560,195,575
561,195,618
562,195,541
563,195,455
564,195,412
565,195,440
566,195,506
567,195,559
568,195,507
569,195,431
570,195,365
571,195,308
572,195,240
573,195,205
490,196,311
491,196,365
492,196,431
493,196,472
494,196,516
495,196,562
496,196,592
497,196,592
498,196,637
499,196,681
500,196,657
501,196,713
502,196,791
503,196,723
504,196,664
505,196,685
506,196,663
507,196,635
508,196,671
509,196,768
510,196,922
511,196,1051
512,196,927
513,196,756
514,196,620
515,196,574
516,196,657
517,196,855
518,196,1123
519,196,1130
520,196,883
521,196,723
522,196,679
523,196,763
524,196,955
525,196,1204
526,196,1378
527,196,1237
528,196,1054
529,196,1013
530,196,1171
531,196,1410
532,196,1572
533,196,1629
534,196,1563
535,196,1568
536,196,1565
537,196,1267
538,196,988
539,196,868
540,196,739
541,196,620
542,196,533
543,196,476
544,196,437
545,196,397
546,196,339
547,196,314
548,196,298
549,196,287
550,196,283
551,196,293
552,196,313
553,196,347
554,196,394
555,196,422
556,196,448
557,196,460
558,196,463
559,196,475
560,196,500
561,196,515
562,196,479
563,196,435
564,196,418
565,196,429
566,196,458
567,196,476
568,196,448
569,196,397
570,196,347
571,196,298
572,196,237
573,196,205
490,197,380
491,197,403
492,197,445
493,197,492
494,197,549
495,197,621
496,197,680
497,197,654
498,197,698
499,197,794
500,197,689
501,197,644
502,197,662
503,197,632
504,197,591
505,197,588
506,197,584
507,197,589
508,197,655
509,197,785
510,197,965
511,197,981
512,197,795
513,197,646
514,197,563
515,197,564
516,197,612
517,197,766
518,197,934
519,197,937
520,197,779
521,197,654
522,197,621
523,197,734
524,197,932
525,197,1162
526,197,1209
527,197,1047
528,197,928
529,197,894
530,197,997
531,197,1163
532,197,1304
533,197,1327
534,197,1283
535,197,1392
536,197,1521
537,197,1241
538,197,923
539,197,722
540,197,621
541,197,548
542,197,493
543,197,453
544,197,417
545,197,357
546,197,325
547,197,305
548,197,289
549,197,276
550,197,270
551,197,271
552,197,281
553,197,298
554,197,319
555,197,344
556,197,390
557,197,410
558,197,418
559,197,425
560,197,435
561,197,440
562,197,432
563,197,438
564,197,464
565,197,467
566,197,445
567,197,424
568,197,401
569,197,369
570,197,331
571,197,289
572,197,235
573,197,204
490,198,392
491,198,420
492,198,454
493,198,499
494,198,555
495,198,626
496,198,681
497,198,646
498,198,650
499,198,681
500,198,626
501,198,569
502,198,562
503,198,551
504,198,536
505,198,531
506,198,540
507,198,560
508,198,625
509,198,724
510,198,830
511,198,863
512,198,714
513,198,597
514,198,576
515,198,635
516,198,686
517,198,678
518,198,708
519,198,693
520,198,622
521,198,562
522,198,565
523,198,681
524,198,867
525,198,1082
526,198,1108
527,198,952
528,198,831
529,198,794
530,198,859
531,198,986
532,198,1076
533,198,1120
534,198,1278
535,198,1355
536,198,1519
537,198,1181
538,198,868
539,198,669
540,198,561
541,198,505
542,198,469
543,198,438
544,198,402
545,198,345
546,198,319
547,198,300
548,198,284
549,198,271
550,198,264
551,198,262
552,198,267
553,198,277
554,198,290
555,198,305
556,198,327
557,198,365
558,198,380
559,198,389
560,198,396
561,198,404
562,198,424
563,198,471
564,198,534
565,198,536
566,198,473
567,198,422
568,198,388
569,198,360
570,198,323
571,198,271
572,198,237
573,198,206
490,199,418
491,199,439
492,199,460
493,199,496
494,199,541
495,199,590
496,199,613
497,199,589
498,199,576
499,199,577
500,199,549
501,199,515
502,199,501
503,199,500
504,199,504
505,199,522
506,199,550
507,199,578
508,199,600
509,199,640
510,199,682
511,199,684
512,199,624
513,199,570
514,199,608
515,199,737
516,199,848
517,199,733
518,199,603
519,199,528
520,199,499
521,199,483
522,199,516
523,199,611
524,199,733
525,199,873
526,199,885
527,199,804
528,199,733
529,199,722
530,199,779
531,199,836
532,199,892
533,199,1022
534,199,1218
535,199,1277
536,199,1258
537,199,1042
538,199,803
539,199,637
540,199,541
541,199,488
542,199,455
543,199,421
544,199,368
545,199,338
546,199,318
547,199,300
548,199,283
549,199,269
550,199,262
551,199,260
552,199,264
553,199,271
554,199,282
555,199,292
556,199,303
557,199,317
558,199,334
559,199,360
560,199,375
561,199,394
562,199,426
563,199,480
564,199,546
565,199,548
566,199,486
567,199,435
568,199,403
569,199,372
570,199,316
571,199,282
572,199,256
573,199,232
490,200,468
491,200,460
492,200,469
493,200,506
494,200,560
495,200,614
496,200,618
497,200,570
498,200,528
499,200,513
500,200,494
501,200,475
502,200,466
503,200,474
504,200,496
505,200,536
506,200,590
507,200,642
508,200,646
509,200,605
510,200,578
511,200,583
512,200,598
513,200,612
514,200,610
515,200,738
516,200,846
517,200,722
518,200,568
519,200,470
520,200,427
521,200,441
522,200,510
523,200,631
524,200,769
525,200,812
526,200,740
527,200,663
528,200,634
529,200,641
530,200,694
531,200,742
532,200,787
533,200,886
534,200,1018
535,200,1189
536,200,1348
537,200,1058
538,200,795
539,200,629
540,200,536
541,200,485
542,200,449
543,200,388
544,200,359
545,200,340
546,200,322
547,200,303
548,200,286
549,200,272
550,200,264
551,200,262
552,200,267
553,200,276
554,200,287
555,200,296
556,200,301
557,200,304
558,200,309
559,200,320
560,200,359
561,200,388
562,200,418
563,200,457
564,200,494
565,200,500
566,200,475
567,200,451
568,200,432
569,200,404
570,200,349
571,200,318
572,200,285
573,200,232
490,201,498
491,201,472
492,201,473
493,201,512
494,201,575
495,201,654
496,201,654
497,201,577
498,201,517
499,201,481
500,201,462
501,201,451
502,201,450
503,201,467
504,201,500
505,201,554
506,201,636
507,201,732
508,201,728
509,201,627
510,201,555
511,201,572
512,201,650
513,201,719
514,201,656
515,201,648
516,201,674
517,201,611
518,201,513
519,201,438
520,201,402
521,201,426
522,201,506
523,201,647
524,201,831
525,201,849
526,201,704
527,201,598
528,201,556
529,201,558
530,201,589
531,201,643
532,201,695
533,201,779
534,201,923
535,201,1110
536,201,1161
537,201,953
538,201,744
539,201,604
540,201,524
541,201,480
542,201,447
543,201,384
544,201,361
545,201,345
546,201,328
547,201,310
548,201,292
549,201,277
550,201,269
551,201,268
552,201,275
553,201,287
554,201,300
555,201,309
556,201,310
557,201,306
558,201,303
559,201,307
560,201,325
561,201,373
562,201,402
563,201,429
564,201,453
565,201,466
566,201,470
567,201,471
568,201,464
569,201,426
570,201,403
571,201,378
572,201,345
573,201,300
490,202,468
491,202,463
492,202,469
493,202,503
494,202,553
495,202,603
496,202,603
497,202,553
498,202,504
499,202,470
500,202,449
501,202,444
502,202,454
503,202,475
504,202,504
505,202,558
506,202,637
507,202,729
508,202,720
509,202,613
510,202,538
511,202,559
512,202,649
513,202,730
514,202,668
515,202,590
516,202,566
517,202,522
518,202,464
519,202,413
520,202,386
521,202,409
522,202,474
523,202,581
524,202,698
525,202,708
526,202,614
527,202,531
528,202,503
529,202,520
530,202,566
531,202,596
532,202,640
533,202,714
534,202,836
535,202,1022
536,202,1196
537,202,955
538,202,732
539,202,590
540,202,512
541,202,472
542,202,442
543,202,382
544,202,362
545,202,349
546,202,334
547,202,316
548,202,299
549,202,284
550,202,276
551,202,275
552,202,283
553,202,298
554,202,313
555,202,322
556,202,320
557,202,312
558,202,304
559,202,301
560,202,311
561,202,338
562,202,377
563,202,403
564,202,426
565,202,449
566,202,472
567,202,489
568,202,482
569,202,490
570,202,487
571,202,464
572,202,430
573,202,410
490,203,430
491,203,446
492,203,458
493,203,485
494,203,516
495,203,541
496,203,542
497,203,519
498,203,490
499,203,466
500,203,450
501,203,455
502,203,477
503,203,510
504,203,538
505,203,556
506,203,597
507,203,634
508,203,619
509,203,555
510,203,505
511,203,526
512,203,596
513,203,661
514,203,700
515,203,637
516,203,557
517,203,488
518,203,442
519,203,402
520,203,379
521,203,392
522,203,431
523,203,490
524,203,544
525,203,550
526,203,509
527,203,466
528,203,458
529,203,482
530,203,529
531,203,564
532,203,610
533,203,673
534,203,772
535,203,895
536,203,966
537,203,843
538,203,678
539,203,560
540,203,491
541,203,455
542,203,428
543,203,373
544,203,357
545,203,348
546,203,336
547,203,320
548,203,304
549,203,291
550,203,283
551,203,282
552,203,289
553,203,304
554,203,319
555,203,327
556,203,324
557,203,313
558,203,301
559,203,295
560,203,297
561,203,308
562,203,326
563,203,370
564,203,398
565,203,429
566,203,465
567,203,488
568,203,570
569,203,616
570,203,626
571,203,596
572,203,530
573,203,413
490,204,430
491,204,433
492,204,440
493,204,465
494,204,485
495,204,499
496,204,502
497,204,496
498,204,485
499,204,477
500,204,469
501,204,479
502,204,516
503,204,571
504,204,611
505,204,601
506,204,576
507,204,568
508,204,544
509,204,504
510,204,479
511,204,507
512,204,594
513,204,723
514,204,849
515,204,739
516,204,619
517,204,523
518,204,455
519,204,408
520,204,382
521,204,384
522,204,401
523,204,426
524,204,447
525,204,451
526,204,436
527,204,420
528,204,420
529,204,434
530,204,450
531,204,523
532,204,582
533,204,639
534,204,705
535,204,767
536,204,788
537,204,723
538,204,604
539,204,519
540,204,463
541,204,431
542,204,408
543,204,358
544,204,347
545,204,341
546,204,333
547,204,321
548,204,308
549,204,297
550,204,288
551,204,286
552,204,291
553,204,303
554,204,315
555,204,322
556,204,318
557,204,307
558,204,295
559,204,288
560,204,286
561,204,290
562,204,299
563,204,317
564,204,339
565,204,374
566,204,431
567,204,531
568,204,619
569,204,684
570,204,707
571,204,673
572,204,592
573,204,485
490,205,418
491,205,407
492,205,393
493,205,434
494,205,454
495,205,473
496,205,483
497,205,496
498,205,507
499,205,509
500,205,502
501,205,508
502,205,558
503,205,642
504,205,712
505,205,669
506,205,600
507,205,547
508,205,511
509,205,480
510,205,471
511,205,515
512,205,612
513,205,741
514,205,835
515,205,786
516,205,690
517,205,580
518,205,492
519,205,434
520,205,406
521,205,399
522,205,401
523,205,402
524,205,401
525,205,404
526,205,397
527,205,391
528,205,388
529,205,394
530,205,410
531,205,486
532,205,555
533,205,609
534,205,652
535,205,699
536,205,735
537,205,724
538,205,633
539,205,529
540,205,456
541,205,414
542,205,388
543,205,346
544,205,340
545,205,339
546,205,335
547,205,324
548,205,313
549,205,303
550,205,294
551,205,289
552,205,290
553,205,296
554,205,305
555,205,309
556,205,305
557,205,296
558,205,287
559,205,280
560,205,277
561,205,278
562,205,283
563,205,294
564,205,314
565,205,353
566,205,427
567,205,537
568,205,634
569,205,720
570,205,760
571,205,726
572,205,637
573,205,512
490,206,332
491,206,353
492,206,363
493,206,381
494,206,401
495,206,456
496,206,484
497,206,514
498,206,547
499,206,565
500,206,548
501,206,535
502,206,577
503,206,661
504,206,731
505,206,688
506,206,616
507,206,554
508,206,505
509,206,475
510,206,479
511,206,533
512,206,642
513,206,791
514,206,933
515,206,901
516,206,771
517,206,626
518,206,520
519,206,457
520,206,437
521,206,439
522,206,446
523,206,440
524,206,420
525,206,401
526,206,385
527,206,372
528,206,347
529,206,353
530,206,377
531,206,435
532,206,525
533,206,587
534,206,642
535,206,704
536,206,782
537,206,825
538,206,697
539,206,551
540,206,453
541,206,403
542,206,378
543,206,366
544,206,368
545,206,372
546,206,370
547,206,339
548,206,323
549,206,312
550,206,301
551,206,292
552,206,288
553,206,289
554,206,293
555,206,294
556,206,291
557,206,285
558,206,278
559,206,273
560,206,270
561,206,269
562,206,272
563,206,279
564,206,297
565,206,336
566,206,429
567,206,520
568,206,623
569,206,728
570,206,795
571,206,759
572,206,678
573,206,603
490,207,311
491,207,335
492,207,351
493,207,366
494,207,388
495,207,452
496,207,489
497,207,534
498,207,592
499,207,634
500,207,595
501,207,555
502,207,566
503,207,618
504,207,660
505,207,647
506,207,605
507,207,556
508,207,508
509,207,473
510,207,483
511,207,532
512,207,624
513,207,741
514,207,833
515,207,868
516,207,752
517,207,613
518,207,516
519,207,466
520,207,465
521,207,491
522,207,522
523,207,514
524,207,467
525,207,424
526,207,395
527,207,373
528,207,339
529,207,341
530,207,365
531,207,414
532,207,507
533,207,570
534,207,623
535,207,684
536,207,764
537,207,812
538,207,690
539,207,548
540,207,447
541,207,406
542,207,381
543,207,372
544,207,378
545,207,386
546,207,391
547,207,383
548,207,348
549,207,326
550,207,310
551,207,297
552,207,288
553,207,283
554,207,282
555,207,280
556,207,277
557,207,273
558,207,268
559,207,264
560,207,262
561,207,260
562,207,262
563,207,267
564,207,282
565,207,317
566,207,404
567,207,487
568,207,585
569,207,690
570,207,760
571,207,736
572,207,676
573,207,625
490,208,307
491,208,328
492,208,347
493,208,363
494,208,385
495,208,449
496,208,489
497,208,535
498,208,594
499,208,637
500,208,595
501,208,548
502,208,535
503,208,565
504,208,592
505,208,596
506,208,577
507,208,541
508,208,492
509,208,438
510,208,473
511,208,510
512,208,570
513,208,642
514,208,700
515,208,708
516,208,637
517,208,546
518,208,480
519,208,456
520,208,478
521,208,534
522,208,608
523,208,601
524,208,513
525,208,445
526,208,407
527,208,383
528,208,340
529,208,348
530,208,370
531,208,416
532,208,503
533,208,560
534,208,598
535,208,634
536,208,674
537,208,691
538,208,637
539,208,555
540,208,493
541,208,446
542,208,406
543,208,396
544,208,406
545,208,413
546,208,416
547,208,415
548,208,398
549,208,348
550,208,323
551,208,303
552,208,289
553,208,279
554,208,273
555,208,269
556,208,265
557,208,262
558,208,258
559,208,255
560,208,253
561,208,252
562,208,254
563,208,258
564,208,271
565,208,299
566,208,373
567,208,447
568,208,529
569,208,610
570,208,663
571,208,662
572,208,632
573,208,620
490,209,291
491,209,321
492,209,345
493,209,362
494,209,382
495,209,441
496,209,479
497,209,515
498,209,552
499,209,570
500,209,547
501,209,515
502,209,499
503,209,511
504,209,531
505,209,541
506,209,534
507,209,502
508,209,441
509,209,421
510,209,464
511,209,486
512,209,514
513,209,546
514,209,569
515,209,561
516,209,517
517,209,466
518,209,432
519,209,431
520,209,464
521,209,527
522,209,604
523,209,599
524,209,512
525,209,446
526,209,413
527,209,396
528,209,361
529,209,368
530,209,393
531,209,434
532,209,519
533,209,569
534,209,590
535,209,601
536,209,630
537,209,684
538,209,717
539,209,632
540,209,597
541,209,520
542,209,450
543,209,446
544,209,468
545,209,462
546,209,449
547,209,441
548,209,425
549,209,367
550,209,335
551,209,310
552,209,290
553,209,276
554,209,266
555,209,259
556,209,255
557,209,252
558,209,249
559,209,247
560,209,246
561,209,246
562,209,248
563,209,253
564,209,263
565,209,283
566,209,324
567,209,400
568,209,469
569,209,529
570,209,567
571,209,572
572,209,551
573,209,531
490,210,275
491,210,316
492,210,346
493,210,363
494,210,376
495,210,404
496,210,458
497,210,486
498,210,506
499,210,510
500,210,495
501,210,471
502,210,455
503,210,452
504,210,464
505,210,475
506,210,471
507,210,429
508,210,411
509,210,418
510,210,461
511,210,474
512,210,483
513,210,488
514,210,483
515,210,466
516,210,436
517,210,406
518,210,388
519,210,396
520,210,427
521,210,472
522,210,513
523,210,508
524,210,463
525,210,425
526,210,410
527,210,412
528,210,398
529,210,420
530,210,446
531,210,477
532,210,521
533,210,597
534,210,611
535,210,610
536,210,631
537,210,686
538,210,729
539,210,665
540,210,713
541,210,581
542,210,485
543,210,504
544,210,555
545,210,521
546,210,480
547,210,460
548,210,441
549,210,383
550,210,345
551,210,315
552,210,291
553,210,274
554,210,261
555,210,253
556,210,248
557,210,244
558,210,241
559,210,240
560,210,240
561,210,242
562,210,245
563,210,251
564,210,260
565,210,277
566,210,301
567,210,341
568,210,409
569,210,452
570,210,478
571,210,480
572,210,448
573,210,343
490,211,242
491,211,317
492,211,352
493,211,367
494,211,372
495,211,383
496,211,428
497,211,447
498,211,461
499,211,462
500,211,449
501,211,423
502,211,402
503,211,367
504,211,368
505,211,376
506,211,381
507,211,380
508,211,395
509,211,449
510,211,472
511,211,483
512,211,492
513,211,492
514,211,470
515,211,435
516,211,402
517,211,374
518,211,353
519,211,360
520,211,385
521,211,415
522,211,434
523,211,428
524,211,406
525,211,391
526,211,395
527,211,420
528,211,453
529,211,495
530,211,511
531,211,527
532,211,548
533,211,626
534,211,641
535,211,621
536,211,627
537,211,648
538,211,646
539,211,618
540,211,620
541,211,545
542,211,474
543,211,507
544,211,561
545,211,528
546,211,486
547,211,464
548,211,443
549,211,384
550,211,347
551,211,315
552,211,289
553,211,271
554,211,258
555,211,249
556,211,243
557,211,240
558,211,237
559,211,236
560,211,237
561,211,240
562,211,245
563,211,252
564,211,262
565,211,280
566,211,297
567,211,314
568,211,340
569,211,361
570,211,375
571,211,376
572,211,359
573,211,315
490,212,311
491,212,353
492,212,373
493,212,378
494,212,371
495,212,361
496,212,368
497,212,378
498,212,403
499,212,411
500,212,401
501,212,355
502,212,333
503,212,318
504,212,318
505,212,323
506,212,329
507,212,340
508,212,379
509,212,461
510,212,483
511,212,504
512,212,534
513,212,550
514,212,511
515,212,454
516,212,413
517,212,376
518,212,308
519,212,312
520,212,343
521,212,377
522,212,388
523,212,368
524,212,350
525,212,344
526,212,348
527,212,375
528,212,538
529,212,606
530,212,566
531,212,548
532,212,516
533,212,595
534,212,655
535,212,608
536,212,626
537,212,638
538,212,589
539,212,571
540,212,540
541,212,487
542,212,444
543,212,451
544,212,479
545,212,485
546,212,468
547,212,452
548,212,433
549,212,373
550,212,344
551,212,309
552,212,280
553,212,265
554,212,255
555,212,246
556,212,242
557,212,238
558,212,233
559,212,232
560,212,235
561,212,238
562,212,244
563,212,254
564,212,264
565,212,296
566,212,311
567,212,306
568,212,313
569,212,322
570,212,329
571,212,333
572,212,326
573,212,313
490,213,404
491,213,409
492,213,404
493,213,400
494,213,377
495,213,336
496,213,336
497,213,340
498,213,305
499,213,329
500,213,338
501,213,315
502,213,298
503,213,282
504,213,281
505,213,284
506,213,284
507,213,286
508,213,354
509,213,504
510,213,490
511,213,523
512,213,597
513,213,680
514,213,589
515,213,480
516,213,440
517,213,421
518,213,269
519,213,217
520,213,299
521,213,369
522,213,377
523,213,316
524,213,286
525,213,285
526,213,240
527,213,237
528,213,734
529,213,824
530,213,577
531,213,551
532,213,349
533,213,609
534,213,683
535,213,516
536,213,644
537,213,709
538,213,530
539,213,567
540,213,490
541,213,434
542,213,410
543,213,377
544,213,398
545,213,454
546,213,449
547,213,434
548,213,431
549,213,354
550,213,351
551,213,297
552,213,259
553,213,256
554,213,253
555,213,242
556,213,242
557,213,242
558,213,225
559,213,228
560,213,233
561,213,233
562,213,239
563,213,259
564,213,245
565,213,337
566,213,349
567,213,297
568,213,297
569,213,297
570,213,300
571,213,313
572,213,307
573,213,289
