xv,yv,rho
490,148,167
491,148,165
492,148,161
493,148,153
494,148,226
495,148,366
496,148,453
497,148,633
498,148,732
499,148,685
500,148,556
501,148,444
502,148,333
503,148,342
504,148,362
505,148,358
506,148,337
507,148,317
508,148,233
509,148,213
510,148,173
511,148,219
512,148,358
513,148,543
514,148,562
515,148,581
516,148,589
517,148,581
518,148,562
519,148,456
520,148,402
521,148,294
522,148,301
523,148,172
524,148,143
525,148,201
526,148,286
527,148,364
528,148,398
529,148,476
530,148,433
531,148,371
532,148,314
533,148,331
534,148,243
535,148,279
536,148,332
537,148,284
538,148,293
539,148,338
540,148,374
541,148,355
542,148,368
543,148,320
544,148,284
545,148,283
546,148,267
547,148,249
548,148,245
549,148,244
550,148,284
551,148,349
552,148,459
553,148,475
554,148,861
555,148,1133
556,148,895
557,148,775
558,148,725
559,148,709
560,148,467
561,148,444
562,148,429
563,148,315
564,148,320
565,148,466
566,148,469
567,148,467
568,148,359
569,148,353
570,148,351
571,148,317
572,148,292
573,148,295
490,149,246
491,149,220
492,149,212
493,149,226
494,149,300
495,149,397
496,149,504
497,149,648
498,149,770
499,149,764
500,149,647
501,149,533
502,149,451
503,149,436
504,149,431
505,149,411
506,149,378
507,149,346
508,149,313
509,149,298
510,149,288
511,149,318
512,149,395
513,149,499
514,149,570
515,149,627
516,149,653
517,149,627
518,149,567
519,149,485
520,149,424
521,149,373
522,149,352
523,149,328
524,149,350
525,149,427
526,149,548
527,149,672
528,149,683
529,149,596
530,149,488
531,149,405
532,149,353
533,149,338
534,149,321
535,149,329
536,149,348
537,149,356
538,149,382
539,149,411
540,149,420
541,149,405
542,149,391
543,149,366
544,149,316
545,149,291
546,149,276
547,149,268
548,149,270
549,149,285
550,149,325
551,149,412
552,149,495
553,149,574
554,149,735
555,149,833
556,149,772
557,149,694
558,149,632
559,149,573
560,149,468
561,149,418
562,149,366
563,149,340
564,149,354
565,149,405
566,149,420
567,149,413
568,149,377
569,149,362
570,149,354
571,149,343
572,149,338
573,149,348
490,150,300
491,150,261
492,150,249
493,150,265
494,150,334
495,150,413
496,150,508
497,150,622
498,150,720
499,150,731
500,150,658
501,150,573
502,150,530
503,150,530
504,150,529
505,150,488
506,150,431
507,150,387
508,150,370
509,150,359
510,150,352
511,150,365
512,150,418
513,150,503
514,150,606
515,150,713
516,150,771
517,150,714
518,150,606
519,150,507
520,150,439
521,150,403
522,150,397
523,150,416
524,150,468
525,150,562
526,150,707
527,150,881
528,150,877
529,150,695
530,150,539
531,150,436
532,150,381
533,150,368
534,150,362
535,150,361
536,150,385
537,150,429
538,150,486
539,150,522
540,150,508
541,150,465
542,150,426
543,150,394
544,150,359
545,150,305
546,150,286
547,150,284
548,150,297
549,150,327
550,150,372
551,150,461
552,150,528
553,150,588
554,150,654
555,150,684
556,150,656
557,150,605
558,150,548
559,150,482
560,150,394
561,150,358
562,150,341
563,150,340
564,150,355
565,150,380
566,150,392
567,150,391
568,150,379
569,150,370
570,150,368
571,150,369
572,150,370
573,150,357
490,151,302
491,151,281
492,151,274
493,151,290
494,151,329
495,151,406
496,151,480
497,151,562
498,151,629
499,151,645
500,151,609
501,151,570
502,151,576
503,151,625
504,151,660
505,151,586
506,151,493
507,151,441
508,151,441
509,151,433
510,151,414
511,151,409
512,151,445
513,151,523
514,151,646
515,151,809
516,151,922
517,151,809
518,151,644
519,151,518
520,151,443
521,151,417
522,151,423
523,151,449
524,151,499
525,151,582
526,151,700
527,151,832
528,151,850
529,151,728
530,151,598
531,151,488
532,151,430
533,151,425
534,151,420
535,151,408
536,151,435
537,151,514
538,151,623
539,151,690
540,151,638
541,151,540
542,151,462
543,151,414
544,151,375
545,151,315
546,151,296
547,151,302
548,151,335
549,151,402
550,151,458
551,151,521
552,151,568
553,151,595
554,151,612
555,151,605
556,151,575
557,151,529
558,151,470
559,151,392
560,151,349
561,151,331
562,151,327
563,151,334
564,151,349
565,151,367
566,151,379
567,151,384
568,151,383
569,151,383
570,151,389
571,151,405
572,151,424
573,151,437
490,152,305
491,152,298
492,152,302
493,152,336
494,152,364
495,152,401
496,152,450
497,152,508
498,152,556
499,152,571
500,152,553
501,152,545
502,152,584
503,152,679
504,152,783
505,152,654
506,152,542
507,152,523
508,152,552
509,152,547
510,152,502
511,152,475
512,152,510
513,152,556
514,152,652
515,152,803
516,152,914
517,152,799
518,152,632
519,152,508
520,152,441
521,152,432
522,152,447
523,152,467
524,152,492
525,152,546
526,152,639
527,152,791
528,152,921
529,152,884
530,152,710
531,152,563
532,152,516
533,152,532
534,152,528
535,152,497
536,152,495
537,152,591
538,152,758
539,152,883
540,152,765
541,152,599
542,152,485
543,152,423
544,152,382
545,152,323
546,152,307
547,152,328
548,152,391
549,152,452
550,152,518
551,152,584
552,152,628
553,152,635
554,152,611
555,152,569
556,152,524
557,152,466
558,152,389
559,152,346
560,152,324
561,152,316
562,152,317
563,152,326
564,152,341
565,152,359
566,152,375
567,152,386
568,152,392
569,152,401
570,152,419
571,152,454
572,152,495
573,152,502
490,153,406
491,153,334
492,153,345
493,153,364
494,153,384
495,153,408
496,153,446
497,153,504
498,153,557
499,153,567
500,153,536
501,153,512
502,153,542
503,153,612
504,153,661
505,153,603
506,153,549
507,153,608
508,153,703
509,153,707
510,153,624
511,153,589
512,153,636
513,153,657
514,153,652
515,153,713
516,153,761
517,153,697
518,153,584
519,153,491
520,153,458
521,153,475
522,153,505
523,153,520
524,153,520
525,153,552
526,153,630
527,153,806
528,153,1025
529,153,1015
530,153,783
531,153,625
532,153,640
533,153,714
534,153,715
535,153,639
536,153,580
537,153,624
538,153,764
539,153,879
540,153,757
541,153,590
542,153,476
543,153,414
544,153,377
545,153,323
546,153,320
547,153,371
548,153,423
549,153,489
550,153,573
551,153,664
552,153,720
553,153,703
554,153,642
555,153,571
556,153,502
557,153,410
558,153,353
559,153,325
560,153,311
561,153,306
562,153,309
563,153,318
564,153,334
565,153,355
566,153,375
567,153,392
568,153,405
569,153,421
570,153,454
571,153,519
572,153,615
573,153,670
490,154,417
491,154,353
492,154,359
493,154,386
494,154,416
495,154,436
496,154,462
497,154,530
498,154,608
499,154,615
500,154,551
501,154,494
502,154,488
503,154,517
504,154,536
505,154,522
506,154,542
507,154,655
508,154,817
509,154,844
510,154,756
511,154,729
512,154,822
513,154,830
514,154,740
515,154,707
516,154,724
517,154,675
518,154,584
519,154,508
520,154,506
521,154,564
522,154,637
523,154,650
524,154,631
525,154,631
526,154,628
527,154,731
528,154,876
529,154,875
530,154,733
531,154,655
532,154,788
533,154,969
534,154,985
535,154,851
536,154,760
537,154,660
538,154,660
539,154,682
540,154,614
541,154,511
542,154,434
543,154,390
544,154,360
545,154,317
546,154,331
547,154,391
548,154,444
549,154,521
550,154,631
551,154,764
552,154,852
553,154,793
554,154,682
555,154,581
556,154,503
557,154,430
558,154,349
559,154,318
560,154,305
561,154,300
562,154,302
563,154,311
564,154,328
565,154,351
566,154,376
567,154,397
568,154,414
569,154,434
570,154,477
571,154,578
572,154,794
573,154,1268
490,155,245
491,155,301
492,155,353
493,155,415
494,155,474
495,155,493
496,155,489
497,155,551
498,155,655
499,155,663
500,155,568
501,155,492
502,155,451
503,155,451
504,155,454
505,155,458
506,155,504
507,155,606
508,155,737
509,155,820
510,155,910
511,155,859
512,155,967
513,155,968
514,155,839
515,155,871
516,155,931
517,155,851
518,155,709
519,155,598
520,155,584
521,155,679
522,155,823
523,155,844
524,155,825
525,155,799
526,155,697
527,155,670
528,155,725
529,155,733
530,155,680
531,155,695
532,155,895
533,155,1181
534,155,1227
535,155,1110
536,155,1014
537,155,792
538,155,603
539,155,528
540,155,475
541,155,421
542,155,381
543,155,357
544,155,336
545,155,310
546,155,358
547,155,406
548,155,467
549,155,557
550,155,684
551,155,852
552,155,990
553,155,859
554,155,703
555,155,580
556,155,498
557,155,431
558,155,347
559,155,315
560,155,301
561,155,296
562,155,297
563,155,305
564,155,321
565,155,345
566,155,372
567,155,395
568,155,411
569,155,428
570,155,464
571,155,549
572,155,734
573,155,1157
490,156,189
491,156,264
492,156,348
493,156,447
494,156,548
495,156,566
496,156,515
497,156,524
498,156,591
499,156,614
500,156,571
501,156,520
502,156,465
503,156,432
504,156,419
505,156,423
506,156,456
507,156,523
508,156,625
509,156,773
510,156,892
511,156,831
512,156,855
513,156,862
514,156,842
515,156,1034
516,156,1203
517,156,1071
518,156,880
519,156,742
520,156,669
521,156,761
522,156,907
523,156,930
524,156,994
525,156,968
526,156,816
527,156,807
528,156,805
529,156,830
530,156,813
531,156,769
532,156,924
533,156,1154
534,156,1225
535,156,1285
536,156,1196
537,156,872
538,156,609
539,156,452
540,156,385
541,156,352
542,156,334
543,156,320
544,156,294
545,156,299
546,156,361
547,156,414
548,156,487
549,156,601
550,156,758
551,156,899
552,156,910
553,156,846
554,156,699
555,156,574
556,156,489
557,156,424
558,156,342
559,156,310
560,156,297
561,156,291
562,156,291
563,156,297
564,156,312
565,156,334
566,156,360
567,156,382
568,156,396
569,156,405
570,156,418
571,156,443
572,156,453
573,156,304
490,157,119
491,157,231
492,157,333
493,157,442
494,157,546
495,157,563
496,157,503
497,157,479
498,157,530
499,157,616
500,157,665
501,157,598
502,157,511
503,157,458
504,157,439
505,157,425
506,157,426
507,157,462
508,157,539
509,157,638
510,157,701
511,157,677
512,157,676
513,157,706
514,157,807
515,157,1042
516,157,1254
517,157,1209
518,157,1122
519,157,949
520,157,814
521,157,881
522,157,987
523,157,932
524,157,972
525,157,958
526,157,990
527,157,1109
528,157,1078
529,157,1149
530,157,1141
531,157,1035
532,157,1136
533,157,1392
534,157,1406
535,157,1204
536,157,1042
537,157,784
538,157,561
539,157,417
540,157,340
541,157,310
542,157,298
543,157,283
544,157,282
545,157,301
546,157,364
547,157,417
548,157,493
549,157,619
550,157,808
551,157,1002
552,157,888
553,157,817
554,157,675
555,157,554
556,157,472
557,157,412
558,157,336
559,157,304
560,157,291
561,157,285
562,157,283
563,157,288
564,157,300
565,157,319
566,157,341
567,157,359
568,157,370
569,157,373
570,157,373
571,157,369
572,157,347
573,157,267
490,158,91
491,158,214
492,158,314
493,158,402
494,158,470
495,158,484
496,158,456
497,158,449
498,158,526
499,158,655
500,158,784
501,158,666
502,158,564
503,158,533
504,158,515
505,158,475
506,158,440
507,158,438
508,158,474
509,158,522
510,158,550
511,158,544
512,158,545
513,158,586
514,158,712
515,158,910
516,158,1128
517,158,1404
518,158,1411
519,158,1183
520,158,1023
521,158,1056
522,158,1158
523,158,1107
524,158,1142
525,158,1064
526,158,1188
527,158,1471
528,158,1403
529,158,1554
530,158,1560
531,158,1363
532,158,1422
533,158,1606
534,158,1538
535,158,1159
536,158,850
537,158,640
538,158,482
539,158,378
540,158,321
541,158,293
542,158,273
543,158,302
544,158,323
545,158,350
546,158,389
547,158,428
548,158,488
549,158,582
550,158,717
551,158,836
552,158,826
553,158,782
554,158,653
555,158,535
556,158,456
557,158,401
558,158,332
559,158,298
560,158,282
561,158,276
562,158,274
563,158,277
564,158,286
565,158,300
566,158,317
567,158,332
568,158,341
569,158,342
570,158,337
571,158,327
572,158,308
573,158,276
490,159,86
491,159,215
492,159,303
493,159,367
494,159,407
495,159,419
496,159,413
497,159,428
498,159,494
499,159,591
500,159,664
501,159,630
502,159,616
503,159,659
504,159,649
505,159,570
506,159,496
507,159,460
508,159,458
509,159,469
510,159,476
511,159,475
512,159,483
513,159,533
514,159,641
515,159,831
516,159,1098
517,159,1404
518,159,1476
519,159,1388
520,159,1475
521,159,1412
522,159,1554
523,159,1575
524,159,1609
525,159,1412
526,159,1265
527,159,1382
528,159,1691
529,159,1771
530,159,1834
531,159,1751
532,159,1864
533,159,1608
534,159,1377
535,159,1042
536,159,746
537,159,539
538,159,422
539,159,354
540,159,321
541,159,307
542,159,308
543,159,333
544,159,365
545,159,399
546,159,442
547,159,486
548,159,521
549,159,553
550,159,623
551,159,731
552,159,848
553,159,820
554,159,656
555,159,523
556,159,440
557,159,388
558,159,326
559,159,288
560,159,271
561,159,265
562,159,263
563,159,265
564,159,272
565,159,282
566,159,294
567,159,305
568,159,312
569,159,314
570,159,310
571,159,301
572,159,288
573,159,272
490,160,157
491,160,233
492,160,306
493,160,352
494,160,375
495,160,382
496,160,383
497,160,403
498,160,447
499,160,506
500,160,553
501,160,582
502,160,681
503,160,811
504,160,811
505,160,680
506,160,586
507,160,559
508,160,534
509,160,505
510,160,485
511,160,480
512,160,488
513,160,532
514,160,624
515,160,765
516,160,958
517,160,1172
518,160,1346
519,160,1671
520,160,1967
521,160,1844
522,160,1817
523,160,1826
524,160,2102
525,160,1792
526,160,1512
527,160,1366
528,160,1458
529,160,1622
530,160,1935
531,160,2105
532,160,2083
533,160,1729
534,160,1286
535,160,954
536,160,695
537,160,511
538,160,410
539,160,369
540,160,361
541,160,356
542,160,355
543,160,382
544,160,429
545,160,485
546,160,542
547,160,610
548,160,648
549,160,631
550,160,629
551,160,734
552,160,835
553,160,761
554,160,617
555,160,496
556,160,419
557,160,367
558,160,304
559,160,272
560,160,258
561,160,253
562,160,253
563,160,255
564,160,260
565,160,267
566,160,275
567,160,283
568,160,289
569,160,292
570,160,291
571,160,285
572,160,276
573,160,275
490,161,283
491,161,279
492,161,307
493,161,353
494,161,368
495,161,370
496,161,371
497,161,385
498,161,414
499,161,452
500,161,495
501,161,567
502,161,693
503,161,837
504,161,849
505,161,744
506,161,718
507,161,730
508,161,682
509,161,614
510,161,585
511,161,573
512,161,571
513,161,601
514,161,659
515,161,738
516,161,842
517,161,996
518,161,1280
519,161,1707
520,161,2113
521,161,2174
522,161,2137
523,161,1946
524,161,2040
525,161,2207
526,161,1888
527,161,1595
528,161,1451
529,161,1638
530,161,2077
531,161,2580
532,161,2380
533,161,2040
534,161,1548
535,161,1109
536,161,779
537,161,555
538,161,480
539,161,465
540,161,461
541,161,446
542,161,430
543,161,458
544,161,528
545,161,624
546,161,712
547,161,819
548,161,879
549,161,797
550,161,696
551,161,793
552,161,953
553,161,788
554,161,610
555,161,484
556,161,408
557,161,354
558,161,293
559,161,262
560,161,250
561,161,247
562,161,248
563,161,251
564,161,255
565,161,259
566,161,264
567,161,269
568,161,274
569,161,279
570,161,282
571,161,278
572,161,260
573,161,214
490,162,314
491,162,319
492,162,358
493,162,380
494,162,387
495,162,385
496,162,382
497,162,386
498,162,405
499,162,434
500,162,478
501,162,547
502,162,644
503,162,743
504,162,780
505,162,779
506,162,890
507,162,978
508,162,883
509,162,775
510,162,760
511,162,733
512,162,711
513,162,760
514,162,811
515,162,826
516,162,831
517,162,936
518,162,1169
519,162,1538
520,162,2068
521,162,2537
522,162,2261
523,162,2073
524,162,2283
525,162,2428
526,162,2192
527,162,2129
528,162,1946
529,162,1857
530,162,2076
531,162,2468
532,162,2922
533,162,2535
534,162,1889
535,162,1311
536,162,911
537,162,702
538,162,640
539,162,644
540,162,638
541,162,598
542,162,555
543,162,570
544,162,669
545,162,832
546,162,999
547,162,1094
548,162,1172
549,162,979
550,162,769
551,162,740
552,162,809
553,162,741
554,162,611
555,162,496
556,162,424
557,162,368
558,162,321
559,162,273
560,162,258
561,162,256
562,162,259
563,162,263
564,162,266
565,162,268
566,162,269
567,162,267
568,162,270
569,162,278
570,162,290
571,162,298
572,162,280
573,162,201
490,163,318
491,163,369
492,163,398
493,163,417
494,163,427
495,163,425
496,163,417
497,163,414
498,163,429
499,163,455
500,163,489
501,163,542
502,163,616
503,163,708
504,163,810
505,163,901
506,163,1042
507,163,1228
508,163,1054
509,163,985
510,163,1017
511,163,954
512,163,896
513,163,994
514,163,1073
515,163,1050
516,163,980
517,163,982
518,163,1135
519,163,1431
520,163,1879
521,163,2205
522,163,2137
523,163,2250
524,163,2709
525,163,2705
526,163,2693
527,163,2825
528,163,2579
529,163,2309
530,163,2418
531,163,2566
532,163,2896
533,163,2748
534,163,2097
535,163,1471
536,163,1064
537,163,945
538,163,922
539,163,948
540,163,929
541,163,830
542,163,734
543,163,747
544,163,859
545,163,1074
546,163,1309
547,163,1336
548,163,1237
549,163,995
550,163,762
551,163,681
552,163,769
553,163,810
554,163,716
555,163,577
556,163,466
557,163,391
558,163,344
559,163,315
560,163,305
561,163,304
562,163,310
563,163,316
564,163,320
565,163,318
566,163,310
567,163,283
568,163,279
569,163,294
570,163,326
571,163,365
572,163,380
573,163,277
490,164,380
491,164,394
492,164,429
493,164,466
494,164,493
495,164,495
496,164,477
497,164,466
498,164,486
499,164,517
500,164,545
501,164,588
502,164,668
503,164,775
504,164,924
505,164,1052
506,164,1032
507,164,1088
508,164,1049
509,164,1163
510,164,1305
511,164,1178
512,164,1091
513,164,1298
514,164,1453
515,164,1390
516,164,1258
517,164,1257
518,164,1304
519,164,1455
520,164,1949
521,164,2346
522,164,2363
523,164,2190
524,164,2329
525,164,2613
526,164,2767
527,164,3044
528,164,2935
529,164,2695
530,164,3006
531,164,3178
532,164,3390
533,164,3249
534,164,2477
535,164,1760
536,164,1339
537,164,1343
538,164,1415
539,164,1414
540,164,1354
541,164,1143
542,164,967
543,164,992
544,164,1173
545,164,1344
546,164,1430
547,164,1335
548,164,1049
549,164,852
550,164,710
551,164,718
552,164,877
553,164,1004
554,164,860
555,164,657
556,164,506
557,164,413
558,164,363
559,164,346
560,164,340
561,164,338
562,164,350
563,164,362
564,164,365
565,164,357
566,164,344
567,164,328
568,164,308
569,164,327
570,164,392
571,164,502
572,164,639
573,164,805
490,165,321
491,165,391
492,165,456
493,165,529
494,165,592
495,165,600
496,165,559
497,165,535
498,165,572
499,165,621
500,165,644
501,165,666
502,165,761
503,165,894
504,165,978
505,165,1067
506,165,1010
507,165,1000
508,165,1041
509,165,1186
510,165,1335
511,165,1231
512,165,1234
513,165,1593
514,165,1895
515,165,1799
516,165,1654
517,165,1704
518,165,1719
519,165,1758
520,165,2307
521,165,2888
522,165,2887
523,165,2364
524,165,2009
525,165,2185
526,165,2522
527,165,3187
528,165,3582
529,165,3262
530,165,3278
531,165,3520
532,165,3700
533,165,3565
534,165,2831
535,165,2101
536,165,1759
537,165,1883
538,165,2056
539,165,1957
540,165,1836
541,165,1480
542,165,1257
543,165,1297
544,165,1549
545,165,1729
546,165,1514
547,165,1198
548,165,940
549,165,762
550,165,703
551,165,758
552,165,900
553,165,1016
554,165,872
555,165,672
556,165,523
557,165,432
558,165,398
559,165,394
560,165,390
561,165,384
562,165,406
563,165,433
564,165,435
565,165,410
566,165,382
567,165,366
568,165,364
569,165,374
570,165,480
571,165,711
572,165,1008
573,165,1518
490,166,325
491,166,396
492,166,481
493,166,589
494,166,702
495,166,716
496,166,640
497,166,606
498,166,680
499,166,767
500,166,786
501,166,759
502,166,834
503,166,990
504,166,1024
505,166,961
506,166,998
507,166,1151
508,166,1179
509,166,1113
510,166,1136
511,166,1125
512,166,1285
513,166,1671
514,166,2047
515,166,2186
516,166,2064
517,166,2261
518,166,2277
519,166,2165
520,166,2579
521,166,3118
522,166,3072
523,166,2525
524,166,2057
525,166,2029
526,166,2547
527,166,3341
528,166,3905
529,166,3539
530,166,3328
531,166,3771
532,166,3925
533,166,3827
534,166,3270
535,166,2548
536,166,2339
537,166,2489
538,166,2699
539,166,2258
540,166,2095
541,166,1777
542,166,1730
543,166,1754
544,166,1938
545,166,1916
546,166,1629
547,166,1255
548,166,995
549,166,861
550,166,885
551,166,892
552,166,855
553,166,844
554,166,762
555,166,646
556,166,540
557,166,467
558,166,460
559,166,478
560,166,477
561,166,461
562,166,494
563,166,547
564,166,548
565,166,491
566,166,433
567,166,401
568,166,399
569,166,414
570,166,551
571,166,820
572,166,1136
573,166,1541
490,167,325
491,167,396
492,167,483
493,167,594
494,167,712
495,167,731
496,167,665
497,167,656
498,167,777
499,167,925
500,167,940
501,167,839
502,167,825
503,167,909
504,167,926
505,167,899
506,167,1056
507,167,1305
508,167,1338
509,167,1172
510,167,1072
511,167,1078
512,167,1288
513,167,1611
514,167,1987
515,167,2296
516,167,2273
517,167,2709
518,167,2762
519,167,2600
520,167,3030
521,167,3452
522,167,3248
523,167,2967
524,167,2576
525,167,2445
526,167,2950
527,167,3855
528,167,4710
529,167,4143
530,167,3862
531,167,4158
532,167,4394
533,167,4368
534,167,4134
535,167,3302
536,167,2990
537,167,3172
538,167,2726
539,167,2472
540,167,2481
541,167,2276
542,167,2363
543,167,2209
544,167,2410
545,167,2067
546,167,1920
547,167,1562
548,167,1200
549,167,1066
550,167,1175
551,167,1157
552,167,956
553,167,770
554,167,733
555,167,717
556,167,641
557,167,559
558,167,560
559,167,613
560,167,617
561,167,575
562,167,600
563,167,691
564,167,691
565,167,585
566,167,489
567,167,437
568,167,426
569,167,443
570,167,623
571,167,865
572,167,1169
573,167,1516
490,168,334
491,168,390
492,168,462
493,168,546
494,168,624
495,168,647
496,168,632
497,168,669
498,168,796
499,168,950
500,168,974
501,168,871
502,168,804
503,168,836
504,168,845
505,168,846
506,168,999
507,168,1187
508,168,1279
509,168,1327
510,168,1331
511,168,1313
512,168,1585
513,168,1858
514,168,2045
515,168,2404
516,168,2413
517,168,2867
518,168,2930
519,168,3147
520,168,3478
521,168,4153
522,168,3823
523,168,3789
524,168,3339
525,168,3224
526,168,3335
527,168,3950
528,168,4453
529,168,4560
530,168,4902
531,168,4839
532,168,4782
533,168,4667
534,168,4521
535,168,4024
536,168,3781
537,168,3368
538,168,3107
539,168,3281
540,168,3238
541,168,2796
542,168,3015
543,168,2530
544,168,2219
545,168,2080
546,168,2289
547,168,1786
548,168,1331
549,168,1198
550,168,1390
551,168,1364
552,168,1055
553,168,818
554,168,856
555,168,920
556,168,803
557,168,665
558,168,662
559,168,766
560,168,774
561,168,682
562,168,669
563,168,757
564,168,758
565,168,648
566,168,539
567,168,470
568,168,444
569,168,448
570,168,621
571,168,844
572,168,1162
573,168,1683
490,169,321
491,169,372
492,169,436
493,169,500
494,169,553
495,169,579
496,169,593
497,169,647
498,169,753
499,169,874
500,169,945
501,169,941
502,169,891
503,169,939
504,169,947
505,169,918
506,169,982
507,169,1087
508,169,1308
509,169,1606
510,169,1714
511,169,1640
512,169,1941
513,169,2283
514,169,2249
515,169,2405
516,169,2816
517,169,3380
518,169,3329
519,169,3634
520,169,3358
521,169,3754
522,169,4375
523,169,4483
524,169,4138
525,169,4280
526,169,4368
527,169,4820
528,169,5120
529,169,5574
530,169,5955
531,169,5276
532,169,4894
533,169,4937
534,169,4927
535,169,4811
536,169,4742
537,169,4451
538,169,3976
539,169,4108
540,169,3672
541,169,3045
542,169,2972
543,169,2681
544,169,2131
545,169,1861
546,169,1889
547,169,1607
548,169,1258
549,169,1129
550,169,1235
551,169,1206
552,169,998
553,169,850
554,169,966
555,169,1138
556,169,919
557,169,722
558,169,689
559,169,790
560,169,807
561,169,725
562,169,696
563,169,754
564,169,763
565,169,690
566,169,590
567,169,506
568,169,455
569,169,435
570,169,568
571,169,735
572,169,950
573,169,1237
490,170,232
491,170,341
492,170,419
493,170,482
494,170,530
495,170,560
496,170,584
497,170,641
498,170,750
499,170,907
500,170,1077
501,170,1104
502,170,1037
503,170,1155
504,170,1175
505,170,1124
506,170,1189
507,170,1181
508,170,1329
509,170,1693
510,170,2027
511,170,1831
512,170,2027
513,170,2384
514,170,2477
515,170,2865
516,170,2994
517,170,2968
518,170,2912
519,170,3009
520,170,2909
521,170,3303
522,170,3954
523,170,4418
524,170,5222
525,170,5344
526,170,5363
527,170,5621
528,170,5890
529,170,6676
530,170,6098
531,170,5636
532,170,5600
533,170,5819
534,170,5524
535,170,5611
536,170,5011
537,170,4699
538,170,4148
539,170,3794
540,170,3621
541,170,3264
542,170,3015
543,170,2482
544,170,2014
545,170,1691
546,170,1643
547,170,1442
548,170,1175
549,170,1046
550,170,1055
551,170,1007
552,170,887
553,170,816
554,170,896
555,170,963
556,170,839
557,170,687
558,170,637
559,170,691
560,170,724
561,170,720
562,170,737
563,170,798
564,170,821
565,170,768
566,170,665
567,170,555
568,170,452
569,170,411
570,170,488
571,170,583
572,170,668
573,170,663
490,171,229
491,171,311
492,171,413
493,171,491
494,171,557
495,171,595
496,171,625
497,171,672
498,171,763
499,171,912
500,171,1090
501,171,1136
502,171,1125
503,171,1316
504,171,1361
505,171,1351
506,171,1470
507,171,1323
508,171,1257
509,171,1552
510,171,1794
511,171,1734
512,171,1850
513,171,2227
514,171,2851
515,171,3144
516,171,3078
517,171,2735
518,171,2503
519,171,2449
520,171,2429
521,171,2837
522,171,3489
523,171,4443
524,171,5408
525,171,5648
526,171,5700
527,171,5708
528,171,5969
529,171,6697
530,171,6816
531,171,6759
532,171,6700
533,171,6622
534,171,5863
535,171,5946
536,171,5129
537,171,4779
538,171,4306
539,171,3856
540,171,3903
541,171,3319
542,171,2953
543,171,2511
544,171,2246
545,171,1986
546,171,2022
547,171,1726
548,171,1345
549,171,1227
550,171,1128
551,171,993
552,171,873
553,171,812
554,171,832
555,171,824
556,171,735
557,171,640
558,171,599
559,171,631
560,171,683
561,171,746
562,171,824
563,171,903
564,171,944
565,171,897
566,171,774
567,171,627
568,171,500
569,171,397
570,171,387
571,171,445
572,171,477
573,171,451
490,172,226
491,172,310
492,172,404
493,172,506
494,172,626
495,172,680
496,172,700
497,172,723
498,172,772
499,172,868
500,172,984
501,172,1034
502,172,1045
503,172,1168
504,172,1221
505,172,1317
506,172,1459
507,172,1320
508,172,1278
509,172,1653
510,172,1938
511,172,1833
512,172,1808
513,172,2321
514,172,3023
515,172,3676
516,172,3343
517,172,3104
518,172,2742
519,172,2463
520,172,2379
521,172,2870
522,172,3659
523,172,4668
524,172,5603
525,172,6051
526,172,6387
527,172,6698
528,172,6930
529,172,6940
530,172,7494
531,172,7362
532,172,7136
533,172,6632
534,172,5916
535,172,5773
536,172,5158
537,172,5183
538,172,4472
539,172,4079
540,172,4100
541,172,3526
542,172,3427
543,172,2970
544,172,2721
545,172,2310
546,172,2506
547,172,2003
548,172,1608
549,172,1596
550,172,1408
551,172,1184
552,172,1048
553,172,968
554,172,955
555,172,871
556,172,742
557,172,685
558,172,665
559,172,678
560,172,750
561,172,860
562,172,957
563,172,1039
564,172,1096
565,172,1044
566,172,887
567,172,697
568,172,534
569,172,417
570,172,334
571,172,325
572,172,339
573,172,298
490,173,227
491,173,338
492,173,464
493,173,627
494,173,746
495,173,810
496,173,824
497,173,810
498,173,822
499,173,887
500,173,1014
501,173,1114
502,173,1029
503,173,963
504,173,978
505,173,1073
506,173,1158
507,173,1154
508,173,1347
509,173,1816
510,173,2298
511,173,2018
512,173,1903
513,173,2331
514,173,2919
515,173,3683
516,173,3820
517,173,3784
518,173,3411
519,173,3099
520,173,3093
521,173,3543
522,173,4145
523,173,5217
524,173,6300
525,173,6567
526,173,6856
527,173,7614
528,173,7303
529,173,7206
530,173,7605
531,173,7911
532,173,7695
533,173,7129
534,173,6296
535,173,6065
536,173,5831
537,173,5770
538,173,5040
539,173,4791
540,173,4510
541,173,3692
542,173,3497
543,173,3005
544,173,2726
545,173,2196
546,173,2149
547,173,1877
548,173,1760
549,173,1974
550,173,1670
551,173,1497
552,173,1310
553,173,1205
554,173,1219
555,173,1056
556,173,872
557,173,836
558,173,824
559,173,808
560,173,883
561,173,1016
562,173,1078
563,173,1134
564,173,1206
565,173,1149
566,173,955
567,173,729
568,173,542
569,173,409
570,173,302
571,173,262
572,173,239
573,173,184
490,174,227
491,174,389
492,174,571
493,174,735
494,174,872
495,174,960
496,174,981
497,174,946
498,174,914
499,174,927
500,174,1013
501,174,1090
502,174,974
503,174,841
504,174,788
505,174,845
506,174,900
507,174,963
508,174,1226
509,174,1611
510,174,1931
511,174,1946
512,174,2069
513,174,2587
514,174,2937
515,174,3390
516,174,3821
517,174,4151
518,174,4219
519,174,3828
520,174,3971
521,174,4461
522,174,4870
523,174,5813
524,174,6477
525,174,7163
526,174,7459
527,174,7548
528,174,7409
529,174,7801
530,174,8499
531,174,9006
532,174,8818
533,174,8185
534,174,7258
535,174,6727
536,174,6576
537,174,6188
538,174,5739
539,174,5419
540,174,4807
541,174,4054
542,174,3234
543,174,2655
544,174,2369
545,174,2120
546,174,1989
547,174,1725
548,174,1699
549,174,1771
550,174,1684
551,174,1776
552,174,1501
553,174,1371
554,174,1474
555,174,1195
556,174,996
557,174,1020
558,174,1015
559,174,939
560,174,1021
561,174,1147
562,174,1116
563,174,1137
564,174,1215
565,174,1152
566,174,931
567,174,699
568,174,514
569,174,383
570,174,276
571,174,231
572,174,204
573,174,173
490,175,337
491,175,480
492,175,640
493,175,809
494,175,974
495,175,1102
496,175,1151
497,175,1104
498,175,1051
499,175,963
500,175,930
501,175,920
502,175,839
503,175,741
504,175,691
505,175,718
506,175,758
507,175,850
508,175,1055
509,175,1337
510,175,1659
511,175,2012
512,175,2227
513,175,2635
514,175,2926
515,175,3087
516,175,3313
517,175,4190
518,175,4498
519,175,4460
520,175,4805
521,175,5150
522,175,5430
523,175,6062
524,175,6748
525,175,7515
526,175,8316
527,175,8658
528,175,8726
529,175,9529
530,175,10424
531,175,10935
532,175,10736
533,175,10006
534,175,8889
535,175,8011
536,175,7277
537,175,6706
538,175,6288
539,175,5760
540,175,5055
541,175,4480
542,175,3499
543,175,2685
544,175,2327
545,175,2398
546,175,2290
547,175,1936
548,175,1998
549,175,1846
550,175,1774
551,175,1635
552,175,1484
553,175,1295
554,175,1258
555,175,1097
556,175,972
557,175,1013
558,175,1008
559,175,922
560,175,972
561,175,992
562,175,999
563,175,1056
564,175,1053
565,175,971
566,175,794
567,175,604
568,175,452
569,175,342
570,175,249
571,175,210
572,175,189
573,175,171
490,176,474
491,176,499
492,176,660
493,176,836
494,176,1026
495,176,1200
496,176,1296
497,176,1241
498,176,1197
499,176,1028
500,176,875
501,176,802
502,176,738
503,176,684
504,176,688
505,176,722
506,176,752
507,176,805
508,176,977
509,176,1222
510,176,1553
511,176,1950
512,176,2188
513,176,2605
514,176,2974
515,176,3273
516,176,3223
517,176,3742
518,176,4637
519,176,4837
520,176,4846
521,176,5109
522,176,5349
523,176,6197
524,176,7167
525,176,8008
526,176,8824
527,176,9892
528,176,11001
529,176,12086
530,176,13220
531,176,13888
532,176,13709
533,176,12762
534,176,11463
535,176,9923
536,176,8563
537,176,7673
538,176,6715
539,176,5940
540,176,5075
541,176,4375
542,176,3521
543,176,2689
544,176,2436
545,176,2497
546,176,2352
547,176,1993
548,176,2014
549,176,1816
550,176,1770
551,176,1686
552,176,1550
553,176,1246
554,176,1066
555,176,994
556,176,880
557,176,842
558,176,816
559,176,783
560,176,823
561,176,869
562,176,915
563,176,1003
564,176,893
565,176,754
566,176,617
567,176,484
568,176,376
569,176,293
570,176,223
571,176,194
572,176,181
573,176,170
490,177,492
491,177,542
492,177,656
493,177,814
494,177,1000
495,177,1182
496,177,1298
497,177,1281
498,177,1207
499,177,1027
500,177,872
501,177,804
502,177,744
503,177,712
504,177,784
505,177,865
506,177,900
507,177,928
508,177,1116
509,177,1327
510,177,1492
511,177,1716
512,177,1953
513,177,2416
514,177,2865
515,177,3012
516,177,3241
517,177,3653
518,177,4089
519,177,4521
520,177,4916
521,177,5155
522,177,6085
523,177,6828
524,177,7783
525,177,8976
526,177,10354
527,177,12173
528,177,13758
529,177,14458
530,177,15841
531,177,16770
532,177,16697
533,177,15691
534,177,14851
535,177,12775
536,177,10450
537,177,8524
538,177,7093
539,177,6032
540,177,5296
541,177,4536
542,177,3742
543,177,3126
544,177,2769
545,177,2495
546,177,2197
547,177,1973
548,177,1788
549,177,1618
550,177,1664
551,177,1598
552,177,1367
553,177,1116
554,177,1042
555,177,1072
556,177,912
557,177,748
558,177,670
559,177,681
560,177,784
561,177,880
562,177,836
563,177,797
564,177,703
565,177,583
566,177,472
567,177,380
568,177,305
569,177,234
570,177,198
571,177,182
572,177,174
573,177,170
490,178,521
491,178,549
492,178,636
493,178,763
494,178,913
495,178,1059
496,178,1169
497,178,1176
498,178,1093
499,178,968
500,178,929
501,178,921
502,178,850
503,178,809
504,178,952
505,178,1115
506,178,1160
507,178,1141
508,178,1365
509,178,1653
510,178,1762
511,178,1829
512,178,2088
513,178,2230
514,178,2606
515,178,3190
516,178,3713
517,178,3899
518,178,4290
519,178,5501
520,178,6095
521,178,6266
522,178,7107
523,178,7778
524,178,8852
525,178,10411
526,178,12477
527,178,14797
528,178,16274
529,178,18482
530,178,20710
531,178,22164
532,178,22196
533,178,20645
534,178,18183
535,178,16020
536,178,12843
537,178,9864
538,178,7700
539,178,6295
540,178,5453
541,178,4846
542,178,4222
543,178,3647
544,178,3267
545,178,2906
546,178,2380
547,178,2299
548,178,1966
549,178,1795
550,178,1655
551,178,1494
552,178,1182
553,178,928
554,178,945
555,178,1012
556,178,863
557,178,686
558,178,586
559,178,621
560,178,732
561,178,822
562,178,742
563,178,628
564,178,543
565,178,456
566,178,376
567,178,309
568,178,254
569,178,202
570,178,180
571,178,172
572,178,170
573,178,169
490,179,545
491,179,550
492,179,627
493,179,736
494,179,841
495,179,930
496,179,1052
497,179,1140
498,179,1094
499,179,966
500,179,1014
501,179,1090
502,179,977
503,179,908
504,179,1118
505,179,1392
506,179,1443
507,179,1332
508,179,1537
509,179,1919
510,179,2043
511,179,2189
512,179,2522
513,179,2457
514,179,2861
515,179,3466
516,179,4062
517,179,4675
518,179,4732
519,179,5732
520,179,5929
521,179,6255
522,179,6715
523,179,7498
524,179,9124
525,179,11491
526,179,14133
527,179,16351
528,179,19512
529,179,22952
530,179,26080
531,179,28156
532,179,28359
533,179,26294
534,179,22468
535,179,18160
536,179,14753
537,179,10964
538,179,8191
539,179,6321
540,179,5223
541,179,4528
542,179,4154
543,179,3656
544,179,3291
545,179,2916
546,179,2363
547,179,2280
548,179,1934
549,179,2036
550,179,1624
551,179,1269
552,179,1012
553,179,797
554,179,769
555,179,779
556,179,702
557,179,596
558,179,531
559,179,557
560,179,620
561,179,658
562,179,609
563,179,522
564,179,442
565,179,376
566,179,317
567,179,262
568,179,208
569,179,181
570,179,170
571,179,167
572,179,166
573,179,169
490,180,542
491,180,555
492,180,635
493,180,751
494,180,822
495,180,848
496,180,934
497,180,1033
498,180,1009
499,180,904
500,180,979
501,180,1074
502,180,975
503,180,920
504,180,1142
505,180,1424
506,180,1475
507,180,1344
508,180,1450
509,180,1689
510,180,1814
511,180,2126
512,180,2484
513,180,2450
514,180,3076
515,180,4006
516,180,4559
517,180,4701
518,180,4963
519,180,5320
520,180,5906
521,180,5659
522,180,6418
523,180,7474
524,180,9466
525,180,12199
526,180,14434
527,180,17966
528,180,22100
529,180,26292
530,180,30056
531,180,32642
532,180,33056
533,180,30699
534,180,25985
535,180,20242
536,180,14940
537,180,10750
538,180,8251
539,180,6140
540,180,4791
541,180,3978
542,180,3553
543,180,3139
544,180,2810
545,180,2462
546,180,2007
547,180,1835
548,180,1632
549,180,1627
550,180,1399
551,180,1185
552,180,1044
553,180,835
554,180,664
555,180,606
556,180,564
557,180,529
558,180,535
559,180,545
560,180,542
561,180,538
562,180,502
563,180,447
564,180,388
565,180,332
566,180,279
567,180,222
568,180,190
569,180,174
570,180,166
571,180,163
572,180,162
573,180,161
490,181,531
491,181,552
492,181,635
493,181,766
494,181,811
495,181,768
496,181,781
497,181,829
498,181,816
499,181,765
500,181,816
501,181,867
502,181,839
503,181,838
504,181,1020
505,181,1210
506,181,1262
507,181,1198
508,181,1232
509,181,1327
510,181,1404
511,181,1677
512,181,1901
513,181,2038
514,181,2703
515,181,3461
516,181,3824
517,181,4356
518,181,4604
519,181,4911
520,181,5595
521,181,5555
522,181,6129
523,181,7522
524,181,9593
525,181,12501
526,181,14789
527,181,18586
528,181,22889
529,181,27172
530,181,31051
531,181,33806
532,181,34374
533,181,32034
534,181,27112
535,181,20949
536,181,15203
537,181,11408
538,181,8240
539,181,5954
540,181,4460
541,181,3539
542,181,2982
543,181,2617
544,181,2352
545,181,2047
546,181,1662
547,181,1468
548,181,1393
549,181,1336
550,181,1207
551,181,1298
552,181,1233
553,181,941
554,181,687
555,181,533
556,181,510
557,181,554
558,181,618
559,181,623
560,181,563
561,181,498
562,181,443
563,181,400
564,181,355
565,181,303
566,181,244
567,181,210
568,181,189
569,181,177
570,181,169
571,181,164
572,181,159
573,181,152
490,182,515
491,182,533
492,182,586
493,182,665
494,182,691
495,182,659
496,182,639
497,182,657
498,182,650
499,182,630
500,182,660
501,182,690
502,182,701
503,182,736
504,182,874
505,182,1004
506,182,1058
507,182,1039
508,182,1032
509,182,1039
510,182,1047
511,182,1226
512,182,1388
513,182,1733
514,182,2353
515,182,2904
516,182,3023
517,182,3409
518,182,3966
519,182,4453
520,182,5285
521,182,6019
522,182,6541
523,182,7433
524,182,9358
525,182,12109
526,182,14335
527,182,17683
528,182,21475
529,182,25203
530,182,28586
531,182,31046
532,182,31617
533,182,29581
534,182,25174
535,182,19618
536,182,14448
537,182,10895
538,182,7873
539,182,5799
540,182,4412
541,182,3438
542,182,2830
543,182,2495
544,182,2338
545,182,2033
546,182,1579
547,182,1398
548,182,1434
549,182,1373
550,182,1160
551,182,1259
552,182,1216
553,182,933
554,182,680
555,182,521
556,182,520
557,182,612
558,182,737
559,182,737
560,182,609
561,182,498
562,182,424
563,182,375
564,182,331
565,182,272
566,182,242
567,182,222
568,182,206
569,182,192
570,182,179
571,182,170
572,182,163
573,182,156
490,183,535
491,183,512
492,183,522
493,183,553
494,183,568
495,183,557
496,183,543
497,183,544
498,183,540
499,183,532
500,183,551
501,183,576
502,183,603
503,183,652
504,183,760
505,183,864
506,183,946
507,183,975
508,183,949
509,183,898
510,183,901
511,183,943
512,183,1055
513,183,1569
514,183,2193
515,183,2636
516,183,2677
517,183,3184
518,183,3706
519,183,4703
520,183,5637
521,183,5983
522,183,6349
523,183,7035
524,183,8650
525,183,11134
526,183,13754
527,183,15639
528,183,18443
529,183,21202
530,183,23658
531,183,25454
532,183,25860
533,183,24292
534,183,20940
535,183,16900
536,183,13511
537,183,9863
538,183,7221
539,183,5533
540,183,4489
541,183,3694
542,183,3162
543,183,2779
544,183,2748
545,183,2333
546,183,1763
547,183,1391
548,183,1377
549,183,1300
550,183,1081
551,183,1007
552,183,959
553,183,794
554,183,625
555,183,517
556,183,536
557,183,621
558,183,737
559,183,729
560,183,594
561,183,477
562,183,403
563,183,357
564,183,322
565,183,278
566,183,280
567,183,270
568,183,255
569,183,235
570,183,203
571,183,186
572,183,171
573,183,157
490,184,531
491,184,482
492,184,470
493,184,476
494,184,483
495,184,480
496,184,474
497,184,471
498,184,469
499,184,467
500,184,481
501,184,509
502,184,553
503,184,615
504,184,695
505,184,809
506,184,936
507,184,1025
508,184,1000
509,184,911
510,184,949
511,184,960
512,184,998
513,184,1375
514,184,2038
515,184,2379
516,184,2551
517,184,3093
518,184,4010
519,184,4338
520,184,4708
521,184,5083
522,184,5370
523,184,6251
524,184,7563
525,184,9534
526,184,11780
527,184,13101
528,184,15062
529,184,16833
530,184,18278
531,184,19315
532,184,19465
533,184,18346
534,184,16164
535,184,14166
536,184,11104
537,184,8291
538,184,6649
539,184,5269
540,184,4275
541,184,3763
542,184,3656
543,184,3109
544,184,3278
545,184,2577
546,184,1856
547,184,1336
548,184,1184
549,184,1062
550,184,910
551,184,798
552,184,754
553,184,676
554,184,595
555,184,590
556,184,608
557,184,607
558,184,628
559,184,597
560,184,512
561,184,429
562,184,371
563,184,337
564,184,319
565,184,310
566,184,311
567,184,308
568,184,295
569,184,273
570,184,248
571,184,225
572,184,191
573,184,179
490,185,375
491,185,428
492,185,430
493,185,431
494,185,429
495,185,423
496,185,422
497,185,423
498,185,429
499,185,436
500,185,451
501,185,487
502,185,544
503,185,617
504,185,677
505,185,740
506,185,944
507,185,1136
508,185,1128
509,185,1024
510,185,1096
511,185,1109
512,185,1122
513,185,1494
514,185,1869
515,185,2485
516,185,2561
517,185,3305
518,185,3534
519,185,3325
520,185,3300
521,185,3884
522,185,4405
523,185,5395
524,185,6354
525,185,7914
526,185,9701
527,185,11445
528,185,13008
529,185,14103
530,185,14781
531,185,15228
532,185,15117
533,185,14223
534,185,12579
535,185,10603
536,185,8371
537,185,6484
538,185,5456
539,185,4785
540,185,4116
541,185,3490
542,185,3293
543,185,3002
544,185,2831
545,185,2390
546,185,1819
547,185,1426
548,185,1187
549,185,983
550,185,841
551,185,757
552,185,708
553,185,699
554,185,688
555,185,743
556,185,786
557,185,710
558,185,596
559,185,502
560,185,431
561,185,375
562,185,336
563,185,315
564,185,315
565,185,327
566,185,346
567,185,358
568,185,348
569,185,317
570,185,282
571,185,252
572,185,211
573,185,181
490,186,354
491,186,391
492,186,392
493,186,409
494,186,400
495,186,384
496,186,388
497,186,398
498,186,414
499,186,432
500,186,446
501,186,483
502,186,558
503,186,658
504,186,707
505,186,713
506,186,878
507,186,1076
508,186,1077
509,186,1279
510,186,1292
511,186,1269
512,186,1525
513,186,1762
514,186,2265
515,186,2308
516,186,2588
517,186,3280
518,186,3078
519,186,3335
520,186,2910
521,186,3001
522,186,3895
523,186,4853
524,186,5415
525,186,6198
526,186,7520
527,186,8916
528,186,10016
529,186,10576
530,186,10744
531,186,10742
532,186,10421
533,186,9799
534,186,8790
535,186,7554
536,186,6115
537,186,4880
538,186,4119
539,186,3708
540,186,3291
541,186,2909
542,186,2895
543,186,3212
544,186,2697
545,186,2455
546,186,2076
547,186,1800
548,186,1466
549,186,1133
550,186,965
551,186,939
552,186,868
553,186,890
554,186,891
555,186,935
556,186,1019
557,186,852
558,186,638
559,186,482
560,186,384
561,186,334
562,186,303
563,186,299
564,186,315
565,186,346
566,186,394
567,186,438
568,186,432
569,186,376
570,186,319
571,186,279
572,186,248
573,186,208
490,187,461
491,187,462
492,187,441
493,187,424
494,187,405
495,187,386
496,187,381
497,187,397
498,187,431
499,187,472
500,187,484
501,187,502
502,187,603
503,187,711
504,187,746
505,187,677
506,187,711
507,187,850
508,187,1003
509,187,1310
510,187,1521
511,187,1643
512,187,1907
513,187,2075
514,187,2300
515,187,2690
516,187,2696
517,187,3026
518,187,2833
519,187,2686
520,187,2632
521,187,3091
522,187,3466
523,187,3919
524,187,4239
525,187,5001
526,187,5666
527,187,6556
528,187,7352
529,187,7712
530,187,7683
531,187,7489
532,187,7106
533,187,6772
534,187,6165
535,187,5550
536,187,4795
537,187,4142
538,187,3635
539,187,3166
540,187,2657
541,187,2261
542,187,2350
543,187,2517
544,187,2266
545,187,2342
546,187,2408
547,187,2202
548,187,1673
549,187,1263
550,187,1186
551,187,1258
552,187,1143
553,187,1142
554,187,1107
555,187,1008
556,187,1044
557,187,859
558,187,633
559,187,470
560,187,371
561,187,314
562,187,270
563,187,289
564,187,316
565,187,364
566,187,443
567,187,534
568,187,531
569,187,435
570,187,351
571,187,299
572,187,263
573,187,211
490,188,544
491,188,509
492,188,480
493,188,457
494,188,430
495,188,405
496,188,394
497,188,408
498,188,464
499,188,544
500,188,554
501,188,514
502,188,588
503,188,650
504,188,657
505,188,616
506,188,630
507,188,727
508,188,839
509,188,1065
510,188,1350
511,188,1565
512,188,1864
513,188,2223
514,188,2351
515,188,2762
516,188,2820
517,188,2457
518,188,2246
519,188,2116
520,188,2587
521,188,3342
522,188,3473
523,188,3126
524,188,3245
525,188,3723
526,188,4175
527,188,4706
528,188,5315
529,188,5504
530,188,5527
531,188,5469
532,188,5240
533,188,5163
534,188,4757
535,188,4449
536,188,4414
537,188,3805
538,188,3197
539,188,2647
540,188,2151
541,188,1783
542,188,1778
543,188,1827
544,188,1719
545,188,1753
546,188,1861
547,188,1742
548,188,1461
549,188,1177
550,188,1304
551,188,1555
552,188,1316
553,188,1220
554,188,1141
555,188,968
556,188,876
557,188,732
558,188,570
559,188,444
560,188,364
561,188,314
562,188,290
563,188,293
564,188,318
565,188,367
566,188,450
567,188,544
568,188,544
569,188,449
570,188,364
571,188,309
572,188,269
573,188,211
490,189,553
491,189,548
492,189,525
493,189,508
494,189,477
495,189,440
496,189,424
497,189,421
498,189,467
499,189,549
500,189,561
501,189,510
502,189,529
503,189,560
504,189,568
505,189,568
506,189,619
507,189,759
508,189,888
509,189,991
510,189,1214
511,189,1644
512,189,2140
513,189,1987
514,189,2197
515,189,2673
516,189,2250
517,189,1900
518,189,1661
519,189,1687
520,189,2240
521,189,2795
522,189,2840
523,189,2493
524,189,2416
525,189,2663
526,189,2983
527,189,3318
528,189,3748
529,189,4073
530,189,4352
531,189,4253
532,189,4092
533,189,4311
534,189,4407
535,189,4038
536,189,3847
537,189,3507
538,189,3287
539,189,2574
540,189,1929
541,189,1491
542,189,1351
543,189,1321
544,189,1261
545,189,1281
546,189,1328
547,189,1258
548,189,1131
549,189,1011
550,189,1137
551,189,1277
552,189,1265
553,189,1210
554,189,1083
555,189,991
556,189,816
557,189,643
558,189,522
559,189,433
560,189,380
561,189,340
562,189,313
563,189,304
564,189,319
565,189,357
566,189,415
567,189,471
568,189,473
569,189,420
570,189,359
571,189,311
572,189,268
573,189,213
490,190,712
491,190,614
492,190,572
493,190,568
494,190,534
495,190,480
496,190,472
497,190,440
498,190,438
499,190,488
500,190,504
501,190,491
502,190,496
503,190,518
504,190,537
505,190,573
506,190,713
507,190,923
508,190,1142
509,190,1190
510,190,1167
511,190,1487
512,190,1803
513,190,1905
514,190,1959
515,190,2027
516,190,1761
517,190,1434
518,190,1289
519,190,1403
520,190,1790
521,190,2085
522,190,2008
523,190,1815
524,190,1768
525,190,1925
526,190,2191
527,190,2621
528,190,3016
529,190,3444
530,190,3819
531,190,3439
532,190,3282
533,190,3624
534,190,3626
535,190,3432
536,190,3138
537,190,2735
538,190,2663
539,190,2245
540,190,1715
541,190,1302
542,190,1073
543,190,995
544,190,938
545,190,947
546,190,957
547,190,912
548,190,854
549,190,816
550,190,892
551,190,964
552,190,1034
553,190,1062
554,190,1130
555,190,1087
556,190,852
557,190,655
558,190,551
559,190,504
560,190,451
561,190,394
562,190,350
563,190,326
564,190,327
565,190,352
566,190,389
567,190,420
568,190,423
569,190,395
570,190,353
571,190,309
572,190,252
573,190,224
490,191,770
491,191,638
492,191,580
493,191,570
494,191,536
495,191,483
496,191,477
497,191,444
498,191,433
499,191,456
500,191,475
501,191,485
502,191,498
503,191,535
504,191,588
505,191,647
506,191,793
507,191,1051
508,191,1361
509,191,1387
510,191,1206
511,191,1392
512,191,1764
513,191,1792
514,191,1592
515,191,1442
516,191,1309
517,191,1127
518,191,1112
519,191,1413
520,191,1906
521,191,2267
522,191,1988
523,191,1594
524,191,1391
525,191,1492
526,191,1873
527,191,2385
528,191,2827
529,191,3084
530,191,3163
531,191,2921
532,191,2979
533,191,3450
534,191,3305
535,191,3082
536,191,2551
537,191,2300
538,191,2363
539,191,2000
540,191,1521
541,191,1146
542,191,909
543,191,792
544,191,744
545,191,734
546,191,724
547,191,690
548,191,660
549,191,650
550,191,692
551,191,746
552,191,805
553,191,864
554,191,972
555,191,958
556,191,804
557,191,661
558,191,645
559,191,642
560,191,568
561,191,472
562,191,399
563,191,359
564,191,347
565,191,363
566,191,391
567,191,412
568,191,414
569,191,392
570,191,356
571,191,311
572,191,248
573,191,222
490,192,718
491,192,610
492,192,545
493,192,516
494,192,487
495,192,458
496,192,449
497,192,440
498,192,441
499,192,455
500,192,481
501,192,512
502,192,549
503,192,622
504,192,710
505,192,782
506,192,849
507,192,1054
508,192,1253
509,192,1254
510,192,1111
511,192,1226
512,192,1458
513,192,1463
514,192,1239
515,192,1067
516,192,973
517,192,914
518,192,1020
519,192,1363
520,192,1848
521,192,2194
522,192,1897
523,192,1479
524,192,1239
525,192,1297
526,192,1676
527,192,2138
528,192,2519
529,192,2536
530,192,2660
531,192,2634
532,192,2579
533,192,2886
534,192,2914
535,192,2609
536,192,2165
537,192,2034
538,192,2158
539,192,1848
540,192,1407
541,192,1054
542,192,814
543,192,682
544,192,625
545,192,601
546,192,582
547,192,553
548,192,525
549,192,528
550,192,552
551,192,594
552,192,644
553,192,709
554,192,781
555,192,783
556,192,719
557,192,687
558,192,754
559,192,810
560,192,694
561,192,555
562,192,460
563,192,407
564,192,383
565,192,402
566,192,438
567,192,463
568,192,454
569,192,418
570,192,371
571,192,316
572,192,243
573,192,206
490,193,675
491,193,559
492,193,501
493,193,476
494,193,463
495,193,453
496,193,452
497,193,454
498,193,465
499,193,487
500,193,534
501,193,589
502,193,643
503,193,729
504,193,877
505,193,998
506,193,987
507,193,1151
508,193,1399
509,193,1192
510,193,1014
511,193,1043
512,193,1126
513,193,1123
514,193,975
515,193,830
516,193,761
517,193,785
518,193,897
519,193,1172
520,193,1468
521,193,1654
522,193,1521
523,193,1274
524,193,1133
525,193,1288
526,193,1559
527,193,1757
528,193,1965
529,193,2052
530,193,2372
531,193,2449
532,193,2214
533,193,2415
534,193,2703
535,193,2260
536,193,1828
537,193,1659
538,193,1724
539,193,1606
540,193,1277
541,193,970
542,193,756
543,193,626
544,193,554
545,193,519
546,193,494
547,193,467
548,193,443
549,193,443
550,193,460
551,193,490
552,193,530
553,193,588
554,193,637
555,193,651
556,193,636
557,193,673
558,193,763
559,193,831
560,193,734
561,193,631
562,193,543
563,193,464
564,193,422
565,193,449
566,193,507
567,193,544
568,193,517
569,193,455
570,193,388
571,193,321
572,193,239
573,193,191
490,194,438
491,194,463
492,194,460
493,194,460
494,194,466
495,194,475
496,194,484
497,194,496
498,194,521
499,194,552
500,194,612
501,194,702
502,194,775
503,194,813
504,194,996
505,194,1209
506,194,1058
507,194,1051
508,194,1144
509,194,1067
510,194,1037
511,194,1157
512,194,1161
513,194,998
514,194,816
515,194,706
516,194,733
517,194,842
518,194,971
519,194,1053
520,194,1082
521,194,1189
522,194,1149
523,194,1074
524,194,1117
525,194,1397
526,194,1727
527,194,1791
528,194,1643
529,194,1664
530,194,2013
531,194,2394
532,194,2151
533,194,2171
534,194,2234
535,194,2034
536,194,1838
537,194,1601
538,194,1721
539,194,1641
540,194,1258
541,194,932
542,194,716
543,194,587
544,194,512
545,194,465
546,194,429
547,194,400
548,194,361
549,194,376
550,194,389
551,194,417
552,194,453
553,194,498
554,194,538
555,194,561
556,194,576
557,194,615
558,194,670
559,194,708
560,194,713
561,194,732
562,194,627
563,194,513
564,194,452
565,194,486
566,194,570
567,194,633
568,194,573
569,194,479
570,194,395
571,194,321
572,194,236
573,194,186
490,195,291
491,195,367
492,195,434
493,195,469
494,195,502
495,195,534
496,195,556
497,195,567
498,195,610
499,195,651
500,195,699
501,195,820
502,195,932
503,195,885
504,195,921
505,195,1004
506,195,927
507,195,863
508,195,911
509,195,955
510,195,1122
511,195,1314
512,195,1285
513,195,1009
514,195,785
515,195,686
516,195,778
517,195,982
518,195,1204
519,195,1228
520,195,1061
521,195,936
522,195,888
523,195,941
524,195,1140
525,195,1463
526,195,1744
527,195,1734
528,195,1487
529,195,1434
530,195,1709
531,195,2059
532,195,2139
533,195,2306
534,195,2107
535,195,2113
536,195,2005
537,195,1622
538,195,1496
539,195,1380
540,195,1102
541,195,841
542,195,660
543,195,548
544,195,479
545,195,425
546,195,355
547,195,324
548,195,305
549,195,301
550,195,310
551,195,352
552,195,386
553,195,424
554,195,462
555,195,488
556,195,515
557,195,543
558,195,571
559,195,604
560,195,669
561,195,721
562,195,628
563,195,519
564,195,460
565,195,490
566,195,568
567,195,626
568,195,563
569,195,468
570,195,386
571,195,314
572,195,233
573,195,189
490,196,287
491,196,356
492,196,437
493,196,492
494,196,551
495,196,615
496,196,658
497,196,662
498,196,723
499,196,786
500,196,768
501,196,838
502,196,928
503,196,847
504,196,774
505,196,793
506,196,762
507,196,729
508,196,784
509,196,922
510,196,1128
511,196,1289
512,196,1138
513,196,914
514,196,733
515,196,679
516,196,799
517,196,1062
518,196,1385
519,196,1394
520,196,1094
521,196,871
522,196,787
523,196,878
524,196,1127
525,196,1450
526,196,1666
527,196,1499
528,196,1263
529,196,1212
530,196,1440
531,196,1786
532,196,1922
533,196,1978
534,196,1920
535,196,1932
536,196,1916
537,196,1576
538,196,1244
539,196,1069
540,196,888
541,196,719
542,196,592
543,196,509
544,196,450
545,196,393
546,196,324
547,196,295
548,196,278
549,196,270
550,196,270
551,196,283
552,196,303
553,196,335
554,196,390
555,196,422
556,196,453
557,196,476
558,196,493
559,196,523
560,196,568
561,196,592
562,196,550
563,196,493
564,196,470
565,196,481
566,196,514
567,196,531
568,196,494
569,196,429
570,196,364
571,196,303
572,196,229
573,196,188
490,197,387
491,197,409
492,197,457
493,197,516
494,197,594
495,197,693
496,197,771
497,197,746
498,197,803
499,197,916
500,197,801
501,197,750
502,197,766
503,197,722
504,197,665
505,197,654
506,197,646
507,197,656
508,197,751
509,197,931
510,197,1165
511,197,1211
512,197,977
513,197,777
514,197,663
515,197,675
516,197,759
517,197,962
518,197,1169
519,197,1168
520,197,963
521,197,782
522,197,719
523,197,849
524,197,1103
525,197,1394
526,197,1457
527,197,1254
528,197,1086
529,197,1055
530,197,1231
531,197,1505
532,197,1622
533,197,1622
534,197,1595
535,197,1724
536,197,1851
537,197,1527
538,197,1138
539,197,874
540,197,723
541,197,615
542,197,534
543,197,474
544,197,421
545,197,346
546,197,305
547,197,282
548,197,266
549,197,256
550,197,251
551,197,255
552,197,265
553,197,283
554,197,307
555,197,335
556,197,387
557,197,415
558,197,435
559,197,455
560,197,478
561,197,490
562,197,485
563,197,494
564,197,524
565,197,528
566,197,499
567,197,469
568,197,435
569,197,391
570,197,342
571,197,289
572,197,225
573,197,187
490,198,407
491,198,434
492,198,469
493,198,525
494,198,603
495,198,701
496,198,775
497,198,736
498,198,743
499,198,781
500,198,715
501,198,644
502,198,629
503,198,609
504,198,582
505,198,573
506,198,583
507,198,616
508,198,708
509,198,849
510,198,1011
511,198,1145
512,198,920
513,198,738
514,198,690
515,198,770
516,198,850
517,198,857
518,198,893
519,198,864
520,198,758
521,198,663
522,198,654
523,198,795
524,198,1033
525,198,1296
526,198,1323
527,198,1120
528,198,957
529,198,950
530,198,1089
531,198,1326
532,198,1404
533,198,1376
534,198,1550
535,198,1660
536,198,1826
537,198,1443
538,198,1053
539,198,786
540,198,632
541,198,549
542,198,493
543,198,447
544,198,396
545,198,328
546,198,296
547,198,276
548,198,261
549,198,250
550,198,244
551,198,243
552,198,248
553,198,258
554,198,272
555,198,290
556,198,315
557,198,346
558,198,383
559,198,404
560,198,420
561,198,437
562,198,466
563,198,528
564,198,606
565,198,608
566,198,530
567,198,462
568,198,413
569,198,373
570,198,325
571,198,264
572,198,224
573,198,189
490,199,449
491,199,460
492,199,478
493,199,524
494,199,587
495,199,658
496,199,692
497,199,662
498,199,643
499,199,643
500,199,608
501,199,562
502,199,542
503,199,535
504,199,536
505,199,558
506,199,598
507,199,641
508,199,678
509,199,745
510,199,836
511,199,887
512,199,797
513,199,708
514,199,737
515,199,900
516,199,1036
517,199,909
518,199,748
519,199,644
520,199,590
521,199,559
522,199,596
523,199,721
524,199,885
525,199,1055
526,199,1056
527,199,936
528,199,846
529,199,904
530,199,1059
531,199,1138
532,199,1127
533,199,1221
534,199,1455
535,199,1555
536,199,1543
537,199,1278
538,199,965
539,199,734
540,199,595
541,199,517
542,199,466
543,199,418
544,199,353
545,199,316
546,199,293
547,199,275
548,199,260
549,199,248
550,199,241
551,199,240
552,199,244
553,199,251
554,199,261
555,199,272
556,199,285
557,199,301
558,199,321
559,199,360
560,199,385
561,199,414
562,199,460
563,199,532
564,199,615
565,199,618
566,199,540
567,199,470
568,199,422
569,199,377
570,199,309
571,199,268
572,199,238
573,199,212
490,200,523
491,200,493
492,200,493
493,200,539
494,200,612
495,200,687
496,200,695
497,200,633
498,200,577
499,200,554
500,200,530
501,200,504
502,200,491
503,200,498
504,200,526
505,200,580
506,200,657
507,200,730
508,200,740
509,200,698
510,200,696
511,200,716
512,200,718
513,200,738
514,200,748
515,200,904
516,200,1029
517,200,883
518,200,687
519,200,553
520,200,489
521,200,503
522,200,593
523,200,754
524,200,932
525,200,986
526,200,885
527,200,769
528,200,744
529,200,823
530,200,972
531,200,1021
532,200,976
533,200,1043
534,200,1220
535,200,1439
536,200,1610
537,200,1277
538,200,944
539,200,716
540,200,582
541,200,506
542,200,451
543,200,375
544,200,336
545,200,313
546,200,295
547,200,278
548,200,262
549,200,250
550,200,243
551,200,242
552,200,246
553,200,254
554,200,263
555,200,272
556,200,278
557,200,283
558,200,291
559,200,310
560,200,357
561,200,397
562,200,441
563,200,495
564,200,545
565,200,552
566,200,516
567,200,475
568,200,441
569,200,399
570,200,334
571,200,297
572,200,263
573,200,211
490,201,572
491,201,511
492,201,500
493,201,547
494,201,632
495,201,731
496,201,733
497,201,637
498,201,557
499,201,509
500,201,485
501,201,471
502,201,469
503,201,489
504,201,532
505,201,607
506,201,721
507,201,846
508,201,845
509,201,722
510,201,639
511,201,668
512,201,771
513,201,863
514,201,800
515,201,793
516,201,820
517,201,734
518,201,602
519,201,498
520,201,449
521,201,482
522,201,592
523,201,779
524,201,1006
525,201,1027
526,201,842
527,201,695
528,201,656
529,201,707
530,201,782
531,201,835
532,201,835
533,201,898
534,201,1089
535,201,1330
536,201,1401
537,201,1153
538,201,880
539,201,683
540,201,565
541,201,497
542,201,445
543,201,366
544,201,333
545,201,315
546,201,299
547,201,282
548,201,267
549,201,254
550,201,247
551,201,247
552,201,252
553,201,262
554,201,272
555,201,280
556,201,282
557,201,281
558,201,281
559,201,289
560,201,314
561,201,370
562,201,413
563,201,451
564,201,483
565,201,497
566,201,493
567,201,481
568,201,459
569,201,409
570,201,379
571,201,352
572,201,320
573,201,275
490,202,523
491,202,495
492,202,492
493,202,533
494,202,600
495,202,667
496,202,667
497,202,602
498,202,536
499,202,491
500,202,466
501,202,463
502,202,476
503,202,502
504,202,540
505,202,613
506,202,723
507,202,844
508,202,836
509,202,706
510,202,614
511,202,647
512,202,768
513,202,873
514,202,806
515,202,710
516,202,669
517,202,605
518,202,524
519,202,456
520,202,423
521,202,457
522,202,550
523,202,696
524,202,846
525,202,858
526,202,731
527,202,620
528,202,621
529,202,714
530,202,823
531,202,789
532,202,758
533,202,806
534,202,970
535,202,1209
536,202,1407
537,202,1136
538,202,856
539,202,663
540,202,550
541,202,486
542,202,437
543,202,361
544,202,332
545,202,317
546,202,303
547,202,288
548,202,273
549,202,260
550,202,253
551,202,253
552,202,259
553,202,270
554,202,282
555,202,289
556,202,289
557,202,283
558,202,278
559,202,279
560,202,292
561,202,321
562,202,374
563,202,411
564,202,439
565,202,462
566,202,479
567,202,485
568,202,467
569,202,467
570,202,459
571,202,437
572,202,403
573,202,376
490,203,460
491,203,466
492,203,473
493,203,505
494,203,548
495,203,583
496,203,584
497,203,553
498,203,514
499,203,485
500,203,468
501,203,478
502,203,507
503,203,548
504,203,583
505,203,609
506,203,667
507,203,722
508,203,707
509,203,628
510,203,568
511,203,600
512,203,695
513,203,783
514,203,826
515,203,742
516,203,637
517,203,546
518,203,483
519,203,432
520,203,408
521,203,430
522,203,488
523,203,572
524,203,647
525,203,654
526,203,594
527,203,538
528,203,571
529,203,673
530,203,782
531,203,746
532,203,713
533,203,741
534,203,872
535,203,1038
536,203,1132
537,203,990
538,203,783
539,203,624
540,203,526
541,203,469
542,203,424
543,203,353
544,203,328
545,203,316
546,203,305
547,203,291
548,203,278
549,203,266
550,203,259
551,203,258
552,203,264
553,203,275
554,203,286
555,203,292
556,203,291
557,203,283
558,203,275
559,203,272
560,203,276
561,203,289
562,203,315
563,203,365
564,203,397
565,203,427
566,203,459
567,203,478
568,203,555
569,203,597
570,203,606
571,203,577
572,203,509
573,203,380
490,204,445
491,204,441
492,204,444
493,204,472
494,204,501
495,204,522
496,204,528
497,204,520
498,204,507
499,204,498
500,204,491
501,204,509
502,204,558
503,204,626
504,204,674
505,204,661
506,204,631
507,204,626
508,204,601
509,204,555
510,204,527
511,204,565
512,204,675
513,204,829
514,204,971
515,204,839
516,204,691
517,204,571
518,204,486
519,204,431
520,204,404
521,204,413
522,204,442
523,204,479
524,204,510
525,204,513
526,204,489
527,204,473
528,204,502
529,204,561
530,204,614
531,204,640
532,204,653
533,204,686
534,204,772
535,204,866
536,204,908
537,204,838
538,204,693
539,204,578
540,204,498
541,204,447
542,204,407
543,204,342
544,204,322
545,204,314
546,204,305
547,204,294
548,204,282
549,204,272
550,204,264
551,204,262
552,204,266
553,204,274
554,204,284
555,204,289
556,204,286
557,204,278
558,204,270
559,204,264
560,204,264
561,204,269
562,204,281
563,204,302
564,204,326
565,204,361
566,204,418
567,204,523
568,204,613
569,204,677
570,204,700
571,204,667
572,204,590
573,204,492
490,205,425
491,205,403
492,205,383
493,205,428
494,205,456
495,205,484
496,205,500
497,205,518
498,205,534
499,205,540
500,205,534
501,205,545
502,205,609
503,205,712
504,205,793
505,205,737
506,205,650
507,205,586
508,205,546
509,205,513
510,205,506
511,205,561
512,205,674
513,205,824
514,205,933
515,205,874
516,205,758
517,205,627
518,205,523
519,205,456
520,205,427
521,205,427
522,205,436
523,205,442
524,205,441
525,205,441
526,205,429
527,205,424
528,205,437
529,205,465
530,205,500
531,205,549
532,205,595
533,205,637
534,205,697
535,205,771
536,205,835
537,205,834
538,205,727
539,205,597
540,205,498
541,205,437
542,205,395
543,205,339
544,205,326
545,205,322
546,205,315
547,205,301
548,205,288
549,205,278
550,205,269
551,205,265
552,205,265
553,205,270
554,205,276
555,205,279
556,205,276
557,205,269
558,205,262
559,205,256
560,205,254
561,205,256
562,205,262
563,205,274
564,205,296
565,205,336
566,205,411
567,205,536
568,205,640
569,205,727
570,205,768
571,205,733
572,205,643
573,205,522
490,206,305
491,206,332
492,206,341
493,206,363
494,206,392
495,206,459
496,206,500
497,206,542
498,206,587
499,206,612
500,206,593
501,206,577
502,206,628
503,206,728
504,206,808
505,206,750
506,206,658
507,206,581
508,206,526
509,206,497
510,206,506
511,206,570
512,206,693
513,206,862
514,206,1024
515,206,990
516,206,845
517,206,678
518,206,554
519,206,482
520,206,464
521,206,476
522,206,493
523,206,489
524,206,462
525,206,432
526,206,407
527,206,393
528,206,387
529,206,399
530,206,429
531,206,481
532,206,547
533,206,607
534,206,679
535,206,772
536,206,886
537,206,949
538,206,808
539,206,632
540,206,505
541,206,435
542,206,396
543,206,374
544,206,371
545,206,371
546,206,363
547,206,325
548,206,302
549,206,287
550,206,276
551,206,268
552,206,264
553,206,264
554,206,266
555,206,267
556,206,264
557,206,259
558,206,253
559,206,249
560,206,246
561,206,246
562,206,250
563,206,259
564,206,279
565,206,324
566,206,426
567,206,530
568,206,640
569,206,750
570,206,817
571,206,776
572,206,691
573,206,615
490,207,285
491,207,308
492,207,324
493,207,342
494,207,373
495,207,453
496,207,507
497,207,568
498,207,643
499,207,697
500,207,650
501,207,599
502,207,608
503,207,668
504,207,713
505,207,690
506,207,632
507,207,570
508,207,517
509,207,483
510,207,502
511,207,562
512,207,665
513,207,797
514,207,906
515,207,950
516,207,825
517,207,667
518,207,551
519,207,493
520,207,501
521,207,545
522,207,592
523,207,586
524,207,523
525,207,460
526,207,415
527,207,385
528,207,362
529,207,369
530,207,396
531,207,446
532,207,519
533,207,588
534,207,660
535,207,751
536,207,867
537,207,939
538,207,809
539,207,638
540,207,511
541,207,450
542,207,412
543,207,397
544,207,400
545,207,403
546,207,398
547,207,378
548,207,332
549,207,303
550,207,285
551,207,272
552,207,264
553,207,259
554,207,257
555,207,255
556,207,253
557,207,249
558,207,244
559,207,241
560,207,239
561,207,238
562,207,240
563,207,248
564,207,265
565,207,307
566,207,406
567,207,501
568,207,606
569,207,715
570,207,787
571,207,757
572,207,691
573,207,637
490,208,280
491,208,299
492,208,317
493,208,336
494,208,367
495,208,448
496,208,505
497,208,568
498,208,645
499,208,698
500,208,648
501,208,587
502,208,565
503,208,595
504,208,621
505,208,618
506,208,588
507,208,543
508,208,488
509,208,436
510,208,483
511,208,533
512,208,602
513,208,684
514,208,754
515,208,772
516,208,698
517,208,593
518,208,514
519,208,487
520,208,521
521,208,603
522,208,702
523,208,695
524,208,584
525,208,489
526,208,430
527,208,389
528,208,339
529,208,360
530,208,387
531,208,435
532,208,509
533,208,575
534,208,631
535,208,693
536,208,766
537,208,808
538,208,755
539,208,656
540,208,574
541,208,509
542,208,455
543,208,439
544,208,448
545,208,446
546,208,436
547,208,419
548,208,387
549,208,327
550,208,297
551,208,278
552,208,265
553,208,255
554,208,249
555,208,245
556,208,242
557,208,239
558,208,236
559,208,233
560,208,231
561,208,231
562,208,233
563,208,239
564,208,254
565,208,289
566,208,372
567,208,457
568,208,546
569,208,631
570,208,684
571,208,678
572,208,644
573,208,630
490,209,265
491,209,292
492,209,314
493,209,333
494,209,362
495,209,433
496,209,488
497,209,538
498,209,588
499,209,613
500,209,586
501,209,543
502,209,520
503,209,527
504,209,543
505,209,547
506,209,532
507,209,491
508,209,426
509,209,410
510,209,467
511,209,502
512,209,540
513,209,579
514,209,611
515,209,609
516,209,564
517,209,504
518,209,460
519,209,460
520,209,507
521,209,596
522,209,698
523,209,693
524,209,583
525,209,490
526,209,435
527,209,401
528,209,351
529,209,354
530,209,377
531,209,420
532,209,510
533,209,575
534,209,615
535,209,649
536,209,710
537,209,794
538,209,840
539,209,749
540,209,702
541,209,606
542,209,518
543,209,510
544,209,532
545,209,515
546,209,482
547,209,453
548,209,418
549,209,345
550,209,309
551,209,284
552,209,266
553,209,253
554,209,243
555,209,237
556,209,233
557,209,230
558,209,227
559,209,226
560,209,225
561,209,225
562,209,228
563,209,233
564,209,245
565,209,269
566,209,316
567,209,401
568,209,477
569,209,539
570,209,577
571,209,579
572,209,555
573,209,537
490,210,250
491,210,287
492,210,314
493,210,332
494,210,350
495,210,387
496,210,457
497,210,496
498,210,524
499,210,534
500,210,517
501,210,488
502,210,466
503,210,457
504,210,463
505,210,468
506,210,458
507,210,409
508,210,390
509,210,406
510,210,463
511,210,489
512,210,507
513,210,518
514,210,518
515,210,503
516,210,470
517,210,433
518,210,409
519,210,420
520,210,462
521,210,525
522,210,582
523,210,579
524,210,518
525,210,460
526,210,427
527,210,412
528,210,382
529,210,393
530,210,413
531,210,443
532,210,495
533,210,586
534,210,623
535,210,646
536,210,698
537,210,783
538,210,845
539,210,783
540,210,829
541,210,678
542,210,564
543,210,582
544,210,637
545,210,587
546,210,521
547,210,477
548,210,435
549,210,358
550,210,317
551,210,288
552,210,266
553,210,250
554,210,239
555,210,232
556,210,227
557,210,223
558,210,221
559,210,220
560,210,220
561,210,221
562,210,225
563,210,231
564,210,241
565,210,259
566,210,287
567,210,332
568,210,405
569,210,450
570,210,475
571,210,474
572,210,436
573,210,317
490,211,220
491,211,288
492,211,320
493,211,335
494,211,343
495,211,362
496,211,417
497,211,445
498,211,464
499,211,469
500,211,455
501,211,426
502,211,399
503,211,359
504,211,355
505,211,359
506,211,360
507,211,356
508,211,375
509,211,440
510,211,479
511,211,504
512,211,525
513,211,531
514,211,508
515,211,469
516,211,428
517,211,393
518,211,365
519,211,374
520,211,407
521,211,449
522,211,477
523,211,471
524,211,440
525,211,413
526,211,403
527,211,412
528,211,427
529,211,455
530,211,464
531,211,477
532,211,504
533,211,586
534,211,637
535,211,644
536,211,675
537,211,719
538,211,733
539,211,710
540,211,713
541,211,626
542,211,544
543,211,581
544,211,640
545,211,593
546,211,527
547,211,481
548,211,439
549,211,360
550,211,319
551,211,288
552,211,264
553,211,247
554,211,236
555,211,228
556,211,223
557,211,219
558,211,216
559,211,216
560,211,217
561,211,219
562,211,224
563,211,231
564,211,241
565,211,259
566,211,277
567,211,297
568,211,324
569,211,346
570,211,359
571,211,359
572,211,339
573,211,289
490,212,283
491,212,321
492,212,339
493,212,345
494,212,340
495,212,335
496,212,347
497,212,362
498,212,391
499,212,402
500,212,391
501,212,343
502,212,318
503,212,300
504,212,297
505,212,301
506,212,305
507,212,316
508,212,359
509,212,460
510,212,497
511,212,535
512,212,584
513,212,614
514,212,565
515,212,490
516,212,435
517,212,388
518,212,308
519,212,314
520,212,355
521,212,396
522,212,410
523,212,391
524,212,368
525,212,355
526,212,344
527,212,357
528,212,497
529,212,553
530,212,511
531,212,493
532,212,468
533,212,554
534,212,634
535,212,618
536,212,655
537,212,681
538,212,641
539,212,627
540,212,599
541,212,540
542,212,491
543,212,505
544,212,537
545,212,533
546,212,500
547,212,466
548,212,432
549,212,351
550,212,317
551,212,282
552,212,256
553,212,242
554,212,233
555,212,225
556,212,221
557,212,218
558,212,212
559,212,212
560,212,214
561,212,217
562,212,222
563,212,232
564,212,241
565,212,272
566,212,286
567,212,283
568,212,290
569,212,299
570,212,306
571,212,309
572,212,301
573,212,286
490,213,368
491,213,372
492,213,368
493,213,365
494,213,343
495,213,307
496,213,308
497,213,312
498,213,281
499,213,302
500,213,311
501,213,289
502,213,273
503,213,258
504,213,257
505,213,259
506,213,260
507,213,263
508,213,326
509,213,513
510,213,510
511,213,562
512,213,674
513,213,797
514,213,666
515,213,520
516,213,460
517,213,431
518,213,249
519,213,202
520,213,305
521,213,377
522,213,387
523,213,326
524,213,294
525,213,292
526,213,223
527,213,219
528,213,669
529,213,751
530,213,525
531,213,502
532,213,319
533,213,557
534,213,627
535,213,525
536,213,658
537,213,726
538,213,551
539,213,590
540,213,518
541,213,459
542,213,429
543,213,406
544,213,431
545,213,482
546,213,468
547,213,446
548,213,437
549,213,326
550,213,322
551,213,271
552,213,236
553,213,233
554,213,230
555,213,220
556,213,220
557,213,220
558,213,205
559,213,207
560,213,212
561,213,212
562,213,218
563,213,235
564,213,223
565,213,307
566,213,318
567,213,271
568,213,271
569,213,272
570,213,274
571,213,286
572,213,281
573,213,264
