xv,yv,rho
490,148,189
491,148,185
492,148,178
493,148,164
494,148,175
495,148,284
496,148,330
497,148,438
498,148,451
499,148,403
500,148,363
501,148,321
502,148,254
503,148,263
504,148,278
505,148,278
506,148,266
507,148,257
508,148,257
509,148,232
510,148,185
511,148,229
512,148,290
513,148,445
514,148,445
515,148,445
516,148,445
517,148,445
518,148,445
519,148,366
520,148,330
521,148,330
522,148,245
523,148,113
524,148,57
525,148,57
526,148,57
527,148,57
528,148,90
529,148,241
530,148,275
531,148,266
532,148,241
533,148,272
534,148,272
535,148,269
536,148,266
537,148,213
538,148,213
539,148,251
540,148,287
541,148,278
542,148,298
543,148,313
544,148,321
545,148,324
546,148,307
547,148,287
548,148,281
549,148,275
550,148,275
551,148,275
552,148,347
553,148,298
554,148,552
555,148,586
556,148,586
557,148,586
558,148,586
559,148,572
560,148,360
561,148,358
562,148,358
563,148,358
564,148,368
565,148,549
566,148,554
567,148,552
568,148,422
569,148,414
570,148,411
571,148,371
572,148,341
573,148,344
490,149,284
491,149,253
492,149,237
493,149,231
494,149,250
495,149,310
496,149,381
497,149,482
498,149,565
499,149,596
500,149,555
501,149,460
502,149,361
503,149,311
504,149,293
505,149,284
506,149,274
507,149,265
508,149,257
509,149,244
510,149,234
511,149,259
512,149,307
513,149,377
514,149,405
515,149,418
516,149,421
517,149,417
518,149,402
519,149,364
520,149,336
521,149,323
522,149,306
523,149,301
524,149,322
525,149,335
526,149,311
527,149,268
528,149,241
529,149,260
530,149,268
531,149,266
532,149,261
533,149,267
534,149,267
535,149,263
536,149,256
537,149,241
538,149,245
539,149,264
540,149,282
541,149,290
542,149,303
543,149,317
544,149,325
545,149,325
546,149,315
547,149,304
548,149,302
549,149,309
550,149,327
551,149,357
552,149,401
553,149,426
554,149,504
555,149,526
556,149,524
557,149,518
558,149,506
559,149,474
560,149,397
561,149,373
562,149,371
563,149,384
564,149,415
565,149,480
566,149,495
567,149,482
568,149,436
569,149,417
570,149,407
571,149,394
572,149,390
573,149,409
490,150,347
491,150,302
492,150,282
493,150,276
494,150,288
495,150,326
496,150,390
497,150,482
498,150,579
499,150,631
500,150,595
501,150,494
502,150,390
503,150,329
504,150,304
505,150,292
506,150,282
507,150,272
508,150,263
509,150,254
510,150,252
511,150,269
512,150,303
513,150,344
514,150,373
515,150,389
516,150,394
517,150,389
518,150,374
519,150,350
520,150,329
521,150,323
522,150,341
523,150,390
524,150,450
525,150,471
526,150,433
527,150,364
528,150,305
529,150,279
530,150,271
531,150,268
532,150,266
533,150,266
534,150,264
535,150,260
536,150,255
537,150,253
538,150,261
539,150,273
540,150,284
541,150,293
542,150,305
543,150,319
544,150,329
545,150,328
546,150,321
547,150,315
548,150,318
549,150,334
550,150,366
551,150,410
552,150,454
553,150,481
554,150,500
555,150,494
556,150,476
557,150,461
558,150,446
559,150,421
560,150,387
561,150,371
562,150,373
563,150,391
564,150,420
565,150,452
566,150,462
567,150,452
568,150,431
569,150,418
570,150,413
571,150,415
572,150,424
573,150,419
490,151,347
491,151,322
492,151,306
493,151,298
494,151,303
495,151,325
496,151,369
497,151,436
498,151,508
499,151,547
500,151,520
501,151,445
502,151,371
503,151,328
504,151,309
505,151,298
506,151,288
507,151,278
508,151,268
509,151,259
510,151,258
511,151,270
512,151,293
513,151,322
514,151,345
515,151,359
516,151,364
517,151,360
518,151,347
519,151,328
520,151,312
521,151,309
522,151,332
523,151,386
524,151,444
525,151,459
526,151,420
527,151,358
528,151,305
529,151,278
530,151,269
531,151,266
532,151,265
533,151,264
534,151,262
535,151,258
536,151,256
537,151,258
538,151,267
539,151,276
540,151,283
541,151,290
542,151,302
543,151,318
544,151,329
545,151,329
546,151,323
547,151,320
548,151,327
549,151,350
550,151,390
551,151,443
552,151,488
553,151,508
554,151,502
555,151,474
556,151,442
557,151,419
558,151,402
559,151,385
560,151,367
561,151,361
562,151,367
563,151,385
564,151,411
565,151,435
566,151,446
567,151,445
568,151,436
569,151,429
570,151,430
571,151,447
572,151,481
573,151,517
490,152,347
491,152,324
492,152,308
493,152,300
494,152,301
495,152,314
496,152,340
497,152,379
498,152,421
499,152,441
500,152,425
501,152,384
502,152,345
503,152,323
504,152,313
505,152,303
506,152,293
507,152,282
508,152,272
509,152,263
510,152,260
511,152,268
512,152,286
513,152,307
514,152,325
515,152,337
516,152,342
517,152,338
518,152,325
519,152,307
520,152,292
521,152,286
522,152,298
523,152,331
524,152,366
525,152,373
526,152,348
527,152,312
528,152,285
529,152,271
530,152,266
531,152,262
532,152,260
533,152,260
534,152,259
535,152,256
536,152,255
537,152,260
538,152,267
539,152,273
540,152,276
541,152,281
542,152,294
543,152,312
544,152,325
545,152,328
546,152,322
547,152,321
548,152,331
549,152,357
550,152,403
551,152,460
552,152,504
553,152,518
554,152,500
555,152,460
556,152,420
557,152,392
558,152,376
559,152,362
560,152,352
561,152,350
562,152,357
563,152,373
564,152,395
565,152,420
566,152,442
567,152,455
568,152,457
569,152,453
570,152,459
571,152,494
572,152,558
573,152,596
490,153,347
491,153,312
492,153,293
493,153,286
494,153,287
495,153,296
496,153,313
497,153,334
498,153,355
499,153,365
500,153,357
501,153,341
502,153,327
503,153,320
504,153,315
505,153,308
506,153,297
507,153,286
508,153,275
509,153,266
510,153,263
511,153,269
512,153,283
513,153,300
514,153,316
515,153,329
516,153,336
517,153,333
518,153,318
519,153,297
520,153,278
521,153,265
522,153,264
523,153,274
524,153,287
525,153,290
526,153,284
527,153,276
528,153,271
529,153,268
530,153,262
531,153,255
532,153,253
533,153,253
534,153,253
535,153,252
536,153,253
537,153,256
538,153,261
539,153,264
540,153,263
541,153,267
542,153,282
543,153,303
544,153,319
545,153,324
546,153,320
547,153,320
548,153,331
549,153,359
550,153,406
551,153,464
552,153,507
553,153,517
554,153,493
555,153,449
556,153,408
557,153,381
558,153,366
559,153,354
560,153,346
561,153,343
562,153,348
563,153,360
564,153,381
565,153,411
566,153,447
567,153,476
568,153,486
569,153,483
570,153,495
571,153,561
572,153,695
573,153,801
490,154,344
491,154,285
492,154,267
493,154,263
494,154,268
495,154,279
496,154,292
497,154,305
498,154,316
499,154,321
500,154,320
501,154,318
502,154,317
503,154,317
504,154,315
505,154,309
506,154,299
507,154,288
508,154,277
509,154,268
510,154,266
511,154,271
512,154,284
513,154,300
514,154,317
515,154,335
516,154,346
517,154,344
518,154,328
519,154,303
520,154,280
521,154,261
522,154,249
523,154,243
524,154,242
525,154,246
526,154,253
527,154,262
528,154,268
529,154,266
530,154,257
531,154,249
532,154,246
533,154,247
534,154,248
535,154,247
536,154,245
537,154,246
538,154,248
539,154,248
540,154,246
541,154,251
542,154,268
543,154,292
544,154,310
545,154,317
546,154,316
547,154,318
548,154,329
549,154,356
550,154,401
551,154,456
552,154,497
553,154,505
554,154,479
555,154,437
556,154,399
557,154,376
558,154,364
559,154,355
560,154,346
561,154,340
562,154,341
563,154,349
564,154,370
565,154,407
566,154,455
567,154,497
568,154,512
569,154,507
570,154,524
571,154,628
572,154,909
573,154,1534
490,155,182
491,155,220
492,155,234
493,155,244
494,155,255
495,155,268
496,155,280
497,155,290
498,155,296
499,155,300
500,155,302
501,155,306
502,155,309
503,155,312
504,155,311
505,155,305
506,155,297
507,155,287
508,155,279
509,155,272
510,155,271
511,155,276
512,155,287
513,155,303
514,155,324
515,155,346
516,155,362
517,155,362
518,155,347
519,155,323
520,155,301
521,155,280
522,155,260
523,155,242
524,155,232
525,155,234
526,155,246
527,155,259
528,155,266
529,155,263
530,155,253
531,155,244
532,155,241
533,155,244
534,155,245
535,155,242
536,155,236
537,155,232
538,155,230
539,155,228
540,155,228
541,155,235
542,155,253
543,155,277
544,155,297
545,155,307
546,155,310
547,155,314
548,155,325
549,155,348
550,155,388
551,155,437
552,155,473
553,155,480
554,155,456
555,155,419
556,155,388
557,155,372
558,155,364
559,155,356
560,155,347
561,155,339
562,155,335
563,155,341
564,155,362
565,155,404
566,155,459
567,155,506
568,155,521
569,155,511
570,155,515
571,155,597
572,155,837
573,155,1397
490,156,131
491,156,181
492,156,214
493,156,236
494,156,253
495,156,267
496,156,278
497,156,284
498,156,288
499,156,291
500,156,294
501,156,297
502,156,301
503,156,302
504,156,300
505,156,296
506,156,289
507,156,284
508,156,280
509,156,278
510,156,278
511,156,282
512,156,291
513,156,306
514,156,330
515,156,355
516,156,372
517,156,375
518,156,365
519,156,353
520,156,340
521,156,320
522,156,293
523,156,265
524,156,246
525,156,241
526,156,248
527,156,258
528,156,263
529,156,259
530,156,249
531,156,242
532,156,242
533,156,245
534,156,246
535,156,240
536,156,229
537,156,218
538,156,212
539,156,210
540,156,212
541,156,221
542,156,238
543,156,260
544,156,280
545,156,293
546,156,302
547,156,309
548,156,318
549,156,335
550,156,365
551,156,404
552,156,435
553,156,441
554,156,422
555,156,393
556,156,371
557,156,362
558,156,359
559,156,354
560,156,345
561,156,336
562,156,330
563,156,333
564,156,353
565,156,393
566,156,447
567,156,492
568,156,505
569,156,489
570,156,472
571,156,480
572,156,503
573,156,355
490,157,75
491,157,158
492,157,209
493,157,240
494,157,260
495,157,273
496,157,281
497,157,284
498,157,286
499,157,287
500,157,289
501,157,292
502,157,292
503,157,291
504,157,287
505,157,283
506,157,279
507,157,279
508,157,281
509,157,283
510,157,285
511,157,287
512,157,293
513,157,307
514,157,331
515,157,356
516,157,374
517,157,380
518,157,383
519,157,389
520,157,391
521,157,377
522,157,343
523,157,302
524,157,271
525,157,256
526,157,255
527,157,259
528,157,261
529,157,258
530,157,250
531,157,245
532,157,246
533,157,251
534,157,254
535,157,247
536,157,230
537,157,212
538,157,201
539,157,198
540,157,202
541,157,212
542,157,227
543,157,245
544,157,264
545,157,280
546,157,294
547,157,303
548,157,309
549,157,320
550,157,339
551,157,366
552,157,387
553,157,392
554,157,380
555,157,362
556,157,350
557,157,347
558,157,347
559,157,345
560,157,338
561,157,330
562,157,324
563,157,324
564,157,338
565,157,370
566,157,414
567,157,452
568,157,464
569,157,451
570,157,427
571,157,406
572,157,384
573,157,310
490,158,57
491,158,158
492,158,217
493,158,251
494,158,271
495,158,281
496,158,285
497,158,285
498,158,286
499,158,287
500,158,289
501,158,291
502,158,290
503,158,285
504,158,280
505,158,275
506,158,274
507,158,277
508,158,284
509,158,290
510,158,292
511,158,292
512,158,296
513,158,308
514,158,328
515,158,351
516,158,368
517,158,380
518,158,399
519,158,425
520,158,443
521,158,435
522,158,396
523,158,344
524,158,300
525,158,274
526,158,266
527,158,266
528,158,269
529,158,269
530,158,263
531,158,257
532,158,257
533,158,263
534,158,268
535,158,263
536,158,242
537,158,217
538,158,199
539,158,195
540,158,200
541,158,210
542,158,223
543,158,238
544,158,254
545,158,272
546,158,287
547,158,297
548,158,301
549,158,305
550,158,315
551,158,330
552,158,342
553,158,346
554,158,339
555,158,330
556,158,327
557,158,329
558,158,332
559,158,331
560,158,326
561,158,320
562,158,315
563,158,314
564,158,321
565,158,342
566,158,371
567,158,398
568,158,411
569,158,407
570,158,390
571,158,368
572,158,347
573,158,321
490,159,83
491,159,182
492,159,237
493,159,266
494,159,280
495,159,286
496,159,286
497,159,285
498,159,286
499,159,289
500,159,294
501,159,299
502,159,299
503,159,294
504,159,287
505,159,282
506,159,281
507,159,285
508,159,293
509,159,299
510,159,301
511,159,302
512,159,306
513,159,318
514,159,335
515,159,352
516,159,365
517,159,383
518,159,416
519,159,458
520,159,486
521,159,480
522,159,439
523,159,381
524,159,330
525,159,299
526,159,287
527,159,288
528,159,295
529,159,298
530,159,294
531,159,285
532,159,281
533,159,285
534,159,293
535,159,290
536,159,265
537,159,232
538,159,208
539,159,201
540,159,207
541,159,218
542,159,230
543,159,241
544,159,253
545,159,268
546,159,283
547,159,292
548,159,294
549,159,293
550,159,295
551,159,301
552,159,308
553,159,310
554,159,307
555,159,304
556,159,306
557,159,310
558,159,313
559,159,312
560,159,309
561,159,305
562,159,303
563,159,301
564,159,305
565,159,316
566,159,333
567,159,351
568,159,364
569,159,367
570,159,360
571,159,345
572,159,329
573,159,316
490,160,171
491,160,234
492,160,267
493,160,283
494,160,289
495,160,288
496,160,286
497,160,284
498,160,287
499,160,294
500,160,305
501,160,316
502,160,322
503,160,321
504,160,314
505,160,308
506,160,306
507,160,308
508,160,311
509,160,313
510,160,315
511,160,320
512,160,332
513,160,350
514,160,368
515,160,378
516,160,381
517,160,395
518,160,432
519,160,479
520,160,510
521,160,505
522,160,464
523,160,408
524,160,360
525,160,333
526,160,323
527,160,327
528,160,337
529,160,345
530,160,345
531,160,337
532,160,327
533,160,326
534,160,332
535,160,328
536,160,297
537,160,255
538,160,226
539,160,217
540,160,223
541,160,235
542,160,247
543,160,255
544,160,261
545,160,270
546,160,281
547,160,287
548,160,287
549,160,282
550,160,279
551,160,281
552,160,284
553,160,287
554,160,288
555,160,287
556,160,289
557,160,291
558,160,292
559,160,290
560,160,288
561,160,286
562,160,287
563,160,288
564,160,291
565,160,297
566,160,307
567,160,319
568,160,330
569,160,336
570,160,335
571,160,325
572,160,314
573,160,319
490,161,324
491,161,302
492,161,303
493,161,303
494,161,299
495,161,292
496,161,286
497,161,285
498,161,290
499,161,302
500,161,320
501,161,339
502,161,352
503,161,355
504,161,352
505,161,347
506,161,344
507,161,341
508,161,337
509,161,333
510,161,335
511,161,347
512,161,373
513,161,407
514,161,434
515,161,439
516,161,426
517,161,421
518,161,445
519,161,486
520,161,513
521,161,506
522,161,469
523,161,423
524,161,390
525,161,375
526,161,372
527,161,375
528,161,385
529,161,399
530,161,411
531,161,413
532,161,404
533,161,393
534,161,387
535,161,371
536,161,329
537,161,279
538,161,247
539,161,239
540,161,247
541,161,262
542,161,273
543,161,278
544,161,278
545,161,279
546,161,283
547,161,285
548,161,282
549,161,274
550,161,268
551,161,267
552,161,271
553,161,277
554,161,280
555,161,279
556,161,277
557,161,275
558,161,272
559,161,270
560,161,268
561,161,268
562,161,270
563,161,274
564,161,278
565,161,283
566,161,291
567,161,300
568,161,308
569,161,314
570,161,314
571,161,306
572,161,288
573,161,245
490,162,360
491,162,335
492,162,327
493,162,320
494,162,310
495,162,298
496,162,290
497,162,290
498,162,299
499,162,316
500,162,339
501,162,363
502,162,380
503,162,388
504,162,389
505,162,388
506,162,387
507,162,380
508,162,368
509,162,357
510,162,357
511,162,377
512,162,418
513,162,471
514,162,514
515,162,521
516,162,491
517,162,459
518,162,458
519,162,483
520,162,500
521,162,490
522,162,458
523,162,429
524,162,417
525,162,418
526,162,421
527,162,423
528,162,430
529,162,452
530,162,484
531,162,507
532,162,505
533,162,484
534,162,453
535,162,410
536,162,351
537,162,296
538,162,265
539,162,262
540,162,276
541,162,295
542,162,307
543,162,310
544,162,304
545,162,297
546,162,292
547,162,287
548,162,280
549,162,269
550,162,260
551,162,259
552,162,267
553,162,278
554,162,284
555,162,281
556,162,274
557,162,266
558,162,261
559,162,257
560,162,255
561,162,255
562,162,258
563,162,263
564,162,267
565,162,272
566,162,279
567,162,287
568,162,294
569,162,302
570,162,308
571,162,312
572,162,298
573,162,226
490,163,360
491,163,341
492,163,336
493,163,330
494,163,319
495,163,307
496,163,301
497,163,305
498,163,319
499,163,339
500,163,363
501,163,385
502,163,402
503,163,411
504,163,416
505,163,420
506,163,422
507,163,416
508,163,398
509,163,379
510,163,376
511,163,399
512,163,451
513,163,521
514,163,582
515,163,598
516,163,561
517,163,508
518,163,482
519,163,483
520,163,484
521,163,468
522,163,443
523,163,431
524,163,438
525,163,453
526,163,462
527,163,462
528,163,469
529,163,501
530,163,555
531,163,604
532,163,615
533,163,586
534,163,529
535,163,453
536,163,372
537,163,310
538,163,283
539,163,288
540,163,309
541,163,334
542,163,348
543,163,347
544,163,334
545,163,318
546,163,305
547,163,294
548,163,282
549,163,268
550,163,256
551,163,255
552,163,267
553,163,285
554,163,294
555,163,290
556,163,279
557,163,267
558,163,258
559,163,253
560,163,250
561,163,249
562,163,251
563,163,255
564,163,259
565,163,263
566,163,269
567,163,276
568,163,287
569,163,303
570,163,330
571,163,369
572,163,393
573,163,313
490,164,316
491,164,324
492,164,332
493,164,334
494,164,327
495,164,319
496,164,319
497,164,330
498,164,349
499,164,370
500,164,389
501,164,405
502,164,417
503,164,424
504,164,430
505,164,438
506,164,444
507,164,440
508,164,422
509,164,399
510,164,391
511,164,412
512,164,469
513,164,550
514,164,626
515,164,657
516,164,628
517,164,572
518,164,531
519,164,508
520,164,487
521,164,460
522,164,438
523,164,438
524,164,457
525,164,480
526,164,494
527,164,499
528,164,511
529,164,552
530,164,623
531,164,690
532,164,715
533,164,686
534,164,612
535,164,510
536,164,408
537,164,335
538,164,308
539,164,319
540,164,349
541,164,380
542,164,395
543,164,386
544,164,364
545,164,338
546,164,318
547,164,304
548,164,291
549,164,276
550,164,263
551,164,262
552,164,275
553,164,294
554,164,305
555,164,301
556,164,287
557,164,273
558,164,262
559,164,254
560,164,250
561,164,248
562,164,249
563,164,253
564,164,256
565,164,258
566,164,261
567,164,269
568,164,285
569,164,319
570,164,384
571,164,491
572,164,627
573,164,730
490,165,257
491,165,302
492,165,326
493,165,336
494,165,337
495,165,337
496,165,345
497,165,363
498,165,384
499,165,402
500,165,414
501,165,421
502,165,426
503,165,430
504,165,436
505,165,444
506,165,453
507,165,454
508,165,440
509,165,419
510,165,408
511,165,426
512,165,481
513,165,567
514,165,654
515,165,702
516,165,693
517,165,652
518,165,612
519,165,574
520,165,530
521,165,487
522,165,460
523,165,460
524,165,481
525,165,508
526,165,531
527,165,548
528,165,571
529,165,620
530,165,696
531,165,767
532,165,797
533,165,771
534,165,690
535,165,574
536,165,456
537,165,373
538,165,344
539,165,359
540,165,397
541,165,434
542,165,446
543,165,428
544,165,393
545,165,358
546,165,333
547,165,319
548,165,309
549,165,297
550,165,285
551,165,282
552,165,292
553,165,306
554,165,313
555,165,308
556,165,294
557,165,279
558,165,266
559,165,258
560,165,253
561,165,251
562,165,253
563,165,256
564,165,257
565,165,257
566,165,259
567,165,267
568,165,291
569,165,346
570,165,455
571,165,639
572,165,920
573,165,1401
490,166,257
491,166,296
492,166,325
493,166,341
494,166,349
495,166,358
496,166,375
497,166,397
498,166,418
499,166,431
500,166,434
501,166,432
502,166,432
503,166,434
504,166,439
505,166,446
506,166,455
507,166,461
508,166,458
509,166,445
510,166,435
511,166,449
512,166,500
513,166,584
514,166,673
515,166,734
516,166,750
517,166,737
518,166,714
519,166,674
520,166,618
521,166,559
522,166,517
523,166,505
524,166,518
525,166,548
526,166,586
527,166,624
528,166,663
529,166,716
530,166,786
531,166,850
532,166,875
533,166,842
534,166,752
535,166,626
536,166,501
537,166,415
538,166,387
539,166,406
540,166,450
541,166,489
542,166,499
543,166,472
544,166,425
545,166,381
546,166,352
547,166,339
548,166,334
549,166,328
550,166,318
551,166,312
552,166,313
553,166,317
554,166,317
555,166,310
556,166,297
557,166,283
558,166,271
559,166,262
560,166,258
561,166,259
562,166,263
563,166,268
564,166,269
565,166,267
566,166,265
567,166,273
568,166,302
569,166,373
570,166,510
571,166,728
572,166,1023
573,166,1401
490,167,257
491,167,297
492,167,327
493,167,346
494,167,360
495,167,375
496,167,397
497,167,423
498,167,442
499,167,450
500,167,448
501,167,441
502,167,439
503,167,443
504,167,448
505,167,451
506,167,455
507,167,465
508,167,473
509,167,473
510,167,471
511,167,485
512,167,531
513,167,606
514,167,690
515,167,755
516,167,790
517,167,804
518,167,803
519,167,778
520,167,724
521,167,657
522,167,600
523,167,570
524,167,573
525,167,608
526,167,665
527,167,727
528,167,785
529,167,846
530,167,919
531,167,983
532,167,1000
533,167,940
534,167,815
535,167,666
536,167,536
537,167,458
538,167,438
539,167,462
540,167,505
541,167,541
542,167,546
543,167,514
544,167,460
545,167,408
546,167,374
547,167,361
548,167,358
549,167,356
550,167,348
551,167,338
552,167,330
553,167,325
554,167,319
555,167,310
556,167,299
557,167,287
558,167,276
559,167,269
560,167,268
561,167,275
562,167,286
563,167,296
564,167,300
565,167,294
566,167,286
567,167,288
568,167,317
569,167,394
570,167,540
571,167,762
572,167,1042
573,167,1338
490,168,269
491,168,300
492,168,329
493,168,348
494,168,363
495,168,382
496,168,407
497,168,435
498,168,454
499,168,461
500,168,458
501,168,453
502,168,455
503,168,465
504,168,470
505,168,465
506,168,458
507,168,463
508,168,480
509,168,494
510,168,506
511,168,528
512,168,574
513,168,640
514,168,710
515,168,767
516,168,805
517,168,831
518,168,847
519,168,841
520,168,803
521,168,741
522,168,678
523,168,638
524,168,638
525,168,682
526,168,759
527,168,844
528,168,928
529,168,1023
530,168,1144
531,168,1256
532,168,1277
533,168,1161
534,168,951
535,168,738
536,168,588
537,168,517
538,168,508
539,168,533
540,168,565
541,168,585
542,168,579
543,168,543
544,168,489
545,168,435
546,168,397
547,168,378
548,168,375
549,168,376
550,168,372
551,168,360
552,168,346
553,168,334
554,168,324
555,168,313
556,168,303
557,168,293
558,168,285
559,168,281
560,168,287
561,168,304
562,168,330
563,168,356
564,168,365
565,168,350
566,168,325
567,168,311
568,168,330
569,168,400
570,168,538
571,168,746
572,168,1029
573,168,1475
490,169,263
491,169,298
492,169,327
493,169,349
494,169,366
495,169,386
496,169,411
497,169,437
498,169,457
499,169,466
500,169,467
501,169,469
502,169,482
503,169,501
504,169,507
505,169,490
506,169,466
507,169,459
508,169,475
509,169,501
510,169,528
511,169,564
512,169,618
513,169,681
514,169,736
515,169,774
516,169,795
517,169,814
518,169,833
519,169,841
520,169,824
521,169,781
522,169,728
523,169,696
524,169,705
525,169,764
526,169,861
527,169,977
528,169,1112
529,169,1302
530,169,1562
531,169,1804
532,169,1854
533,169,1636
534,169,1262
535,169,920
536,169,711
537,169,627
538,169,616
539,169,625
540,169,628
541,169,618
542,169,594
543,169,556
544,169,507
545,169,458
546,169,418
547,169,396
548,169,392
549,169,397
550,169,398
551,169,388
552,169,372
553,169,355
554,169,339
555,169,325
556,169,312
557,169,302
558,169,296
559,169,298
560,169,313
561,169,349
562,169,405
563,169,462
564,169,488
565,169,457
566,169,394
567,169,344
568,169,337
569,169,384
570,169,490
571,169,644
572,169,831
573,169,1061
490,170,257
491,170,296
492,170,332
493,170,363
494,170,386
495,170,405
496,170,423
497,170,442
498,170,458
499,170,468
500,170,475
501,170,488
502,170,513
503,170,539
504,170,542
505,170,513
506,170,473
507,170,453
508,170,464
509,170,494
510,170,534
511,170,586
512,170,654
513,170,724
514,170,774
515,170,790
516,170,785
517,170,781
518,170,789
519,170,799
520,170,802
521,170,788
522,170,766
523,170,760
524,170,793
525,170,874
526,170,998
527,170,1161
528,170,1393
529,170,1761
530,170,2260
531,170,2704
532,170,2784
533,170,2404
534,170,1792
535,170,1257
536,170,939
537,170,806
538,170,762
539,170,734
540,170,690
541,170,638
542,170,591
543,170,552
544,170,514
545,170,475
546,170,441
547,170,419
548,170,416
549,170,427
550,170,437
551,170,434
552,170,419
553,170,398
554,170,374
555,170,351
556,170,330
557,170,315
558,170,310
559,170,319
560,170,348
561,170,412
562,170,514
563,170,628
564,170,685
565,170,631
566,170,507
567,170,397
568,170,345
569,170,355
570,170,415
571,170,500
572,170,571
573,170,544
490,171,257
491,171,306
492,171,358
493,171,411
494,171,448
495,171,464
496,171,465
497,171,464
498,171,464
499,171,468
500,171,478
501,171,500
502,171,533
503,171,559
504,171,554
505,171,517
506,171,472
507,171,448
508,171,456
509,171,487
510,171,536
511,171,605
512,171,695
513,171,783
514,171,839
515,171,848
516,171,826
517,171,802
518,171,788
519,171,784
520,171,793
521,171,810
522,171,832
523,171,869
524,171,938
525,171,1049
526,171,1208
527,171,1441
528,171,1819
529,171,2422
530,171,3196
531,171,3821
532,171,3872
533,171,3285
534,171,2425
535,171,1695
536,171,1250
537,171,1034
538,171,928
539,171,840
540,171,740
541,171,646
542,171,579
543,171,540
544,171,514
545,171,489
546,171,464
547,171,447
548,171,447
549,171,465
550,171,487
551,171,496
552,171,488
553,171,465
554,171,432
555,171,394
556,171,359
557,171,335
558,171,329
559,171,345
560,171,391
561,171,489
562,171,652
563,171,839
564,171,940
565,171,862
566,171,662
567,171,471
568,171,361
569,171,330
570,171,348
571,171,385
572,171,405
573,171,374
490,172,257
491,172,328
492,172,411
493,172,499
494,172,562
495,172,580
496,172,559
497,172,522
498,172,490
499,172,474
500,172,477
501,172,501
502,172,533
503,172,551
504,172,536
505,172,497
506,172,459
507,172,443
508,172,455
509,172,491
510,172,550
511,172,640
512,172,754
513,172,866
514,172,944
515,172,973
516,172,968
517,172,949
518,172,916
519,172,877
520,172,864
521,172,892
522,172,952
523,172,1039
524,172,1154
525,172,1302
526,172,1507
527,172,1832
528,172,2389
529,172,3238
530,172,4223
531,172,4899
532,172,4815
533,172,4024
534,172,2997
535,172,2148
536,172,1606
537,172,1298
538,172,1106
539,172,944
540,172,789
541,172,660
542,172,580
543,172,541
544,172,520
545,172,503
546,172,487
547,172,477
548,172,482
549,172,505
550,172,537
551,172,560
552,172,563
553,172,544
554,172,505
555,172,450
556,172,396
557,172,361
558,172,353
559,172,375
560,172,436
561,172,562
562,172,775
563,172,1025
564,172,1165
565,172,1070
566,172,806
567,172,544
568,172,382
569,172,316
570,172,304
571,172,309
572,172,300
573,172,248
490,173,257
491,173,358
492,173,475
493,173,605
494,173,705
495,173,739
496,173,704
497,173,630
498,173,552
499,173,500
500,173,482
501,173,494
502,173,516
503,173,521
504,173,500
505,173,466
506,173,442
507,173,438
508,173,459
509,173,503
510,173,577
511,173,687
512,173,821
513,173,953
514,173,1060
515,173,1136
516,173,1191
517,173,1215
518,173,1177
519,173,1089
520,173,1026
521,173,1034
522,173,1112
523,173,1246
524,173,1418
525,173,1625
526,173,1900
527,173,2345
528,173,3100
529,173,4182
530,173,5304
531,173,5917
532,173,5630
533,173,4656
534,173,3543
535,173,2655
536,173,2057
537,173,1660
538,173,1365
539,173,1112
540,173,893
541,173,727
542,173,629
543,173,580
544,173,550
545,173,527
546,173,511
547,173,503
548,173,510
549,173,535
550,173,571
551,173,604
552,173,620
553,173,609
554,173,566
555,173,498
556,173,427
557,173,382
558,173,373
559,173,400
560,173,466
561,173,599
562,173,820
563,173,1084
564,173,1234
565,173,1138
566,173,857
567,173,571
568,173,386
569,173,304
570,173,277
571,173,267
572,173,247
573,173,199
490,174,257
491,174,391
492,174,528
493,174,688
494,174,829
495,174,898
496,174,873
497,174,774
498,174,650
499,174,550
500,174,498
501,174,487
502,174,491
503,174,484
504,174,462
505,174,440
506,174,429
507,174,437
508,174,464
509,174,516
510,174,600
511,174,718
512,174,856
513,174,996
514,174,1131
515,174,1271
516,174,1411
517,174,1502
518,174,1474
519,174,1347
520,174,1231
521,174,1203
522,174,1286
523,174,1470
524,174,1735
525,174,2064
526,174,2481
527,174,3088
528,174,4037
529,174,5320
530,174,6557
531,174,7116
532,174,6658
533,174,5516
534,174,4311
535,174,3384
536,174,2742
537,174,2263
538,174,1849
539,174,1478
540,174,1161
541,174,927
542,174,783
543,174,695
544,174,625
545,174,570
546,174,535
547,174,520
548,174,524
549,174,545
550,174,579
551,174,615
552,174,639
553,174,636
554,174,594
555,174,518
556,174,438
557,174,388
558,174,380
559,174,408
560,174,468
561,174,576
562,174,753
563,174,963
564,174,1084
565,174,1003
566,174,767
567,174,519
568,174,357
569,174,282
570,174,256
571,174,242
572,174,223
573,174,192
490,175,385
491,175,438
492,175,556
493,175,726
494,175,901
495,175,1015
496,175,1018
497,175,913
498,175,754
499,175,610
500,175,521
501,175,484
502,175,469
503,175,454
504,175,438
505,175,428
506,175,429
507,175,442
508,175,471
509,175,523
510,175,605
511,175,714
512,175,838
513,175,974
514,175,1132
515,175,1330
516,175,1547
517,175,1699
518,175,1696
519,175,1564
520,175,1428
521,175,1385
522,175,1487
523,175,1757
524,175,2196
525,175,2783
526,175,3499
527,175,4371
528,175,5522
529,175,6961
530,175,8325
531,175,8956
532,175,8449
533,175,7123
534,175,5685
535,175,4574
536,175,3816
537,175,3237
538,175,2694
539,175,2170
540,175,1703
541,175,1342
542,175,1107
543,175,938
544,175,783
545,175,653
546,175,569
547,175,528
548,175,519
549,175,531
550,175,559
551,175,592
552,175,619
553,175,623
554,175,585
555,175,510
556,175,429
557,175,380
558,175,374
559,175,402
560,175,449
561,175,516
562,175,614
563,175,731
564,175,796
565,175,736
566,175,576
567,175,409
568,175,299
569,175,249
570,175,232
571,175,223
572,175,210
573,175,192
490,176,398
491,176,444
492,176,544
493,176,712
494,176,912
495,176,1066
496,176,1098
497,176,995
498,176,816
499,176,645
500,176,534
501,176,478
502,176,452
503,176,436
504,176,430
505,176,435
506,176,446
507,176,460
508,176,484
509,176,527
510,176,594
511,176,680
512,176,782
513,176,905
514,176,1075
515,176,1310
516,176,1571
517,176,1758
518,176,1788
519,176,1694
520,176,1595
521,176,1587
522,176,1753
523,176,2173
524,176,2903
525,176,3956
526,176,5248
527,176,6651
528,176,8165
529,176,9822
530,176,11417
531,176,12348
532,176,11967
533,176,10358
534,176,8324
535,176,6600
536,176,5423
537,176,4600
538,176,3874
539,176,3163
540,176,2502
541,176,1975
542,176,1618
543,176,1333
544,176,1047
545,176,795
546,176,626
547,176,537
548,176,501
549,176,497
550,176,513
551,176,539
552,176,565
553,176,573
554,176,544
555,176,479
556,176,407
557,176,363
558,176,361
559,176,389
560,176,428
561,176,460
562,176,488
563,176,519
564,176,528
565,176,483
566,176,392
567,176,300
568,176,240
569,176,216
570,176,210
571,176,207
572,176,201
573,176,192
490,177,398
491,177,426
492,177,504
493,177,658
494,177,863
495,177,1035
496,177,1082
497,177,982
498,177,804
499,177,635
500,177,523
501,177,465
502,177,437
503,177,428
504,177,439
505,177,464
506,177,486
507,177,498
508,177,509
509,177,533
510,177,575
511,177,634
512,177,709
513,177,819
514,177,991
515,177,1237
516,177,1505
517,177,1697
518,177,1753
519,177,1722
520,177,1705
521,177,1790
522,177,2082
523,177,2718
524,177,3847
525,177,5566
526,177,7782
527,177,10183
528,177,12512
529,177,14737
530,177,16880
531,177,18478
532,177,18433
533,177,16334
534,177,13078
535,177,9948
536,177,7685
537,177,6214
538,177,5123
539,177,4167
540,177,3311
541,177,2643
542,177,2191
543,177,1807
544,177,1384
545,177,992
546,177,714
547,177,556
548,177,481
549,177,454
550,177,454
551,177,467
552,177,486
553,177,495
554,177,477
555,177,429
556,177,374
557,177,343
558,177,345
559,177,375
560,177,409
561,177,424
562,177,413
563,177,391
564,177,365
565,177,326
566,177,276
567,177,230
568,177,202
569,177,193
570,177,193
571,177,195
572,177,194
573,177,192
490,178,398
491,178,403
492,178,454
493,178,578
494,178,759
495,178,917
496,178,961
497,178,876
498,178,726
499,178,588
500,178,497
501,178,447
502,178,425
503,178,431
504,178,465
505,178,515
506,178,551
507,178,561
508,178,555
509,178,552
510,178,563
511,178,590
512,178,639
513,178,731
514,178,894
515,178,1130
516,178,1379
517,178,1552
518,178,1618
519,178,1643
520,178,1724
521,178,1946
522,178,2420
523,178,3323
524,178,4901
525,178,7394
526,178,10803
527,178,14697
528,178,18476
529,178,21886
530,178,25121
531,178,27866
532,178,28393
533,178,25580
534,178,20391
535,178,14882
536,178,10633
537,178,7890
538,178,6112
539,178,4806
540,178,3780
541,178,3049
542,178,2587
543,178,2181
544,178,1691
545,178,1197
546,178,820
547,178,591
548,178,473
549,178,419
550,178,399
551,178,395
552,178,401
553,178,406
554,178,398
555,178,370
556,178,339
557,178,321
558,178,328
559,178,355
560,178,386
561,178,396
562,178,374
563,178,335
564,178,296
565,178,260
566,178,227
567,178,201
568,178,186
569,178,182
570,178,184
571,178,188
572,178,190
573,178,192
490,179,387
491,179,380
492,179,408
493,179,494
494,179,626
495,179,744
496,179,778
497,179,720
498,179,620
499,179,528
500,179,466
501,179,430
502,179,420
503,179,443
504,179,503
505,179,581
506,179,634
507,179,643
508,179,618
509,179,588
510,179,566
511,179,560
512,179,581
513,179,651
514,179,794
515,179,1006
516,179,1225
517,179,1371
518,179,1434
519,179,1492
520,179,1655
521,179,2023
522,179,2710
523,179,3916
524,179,5971
525,179,9269
526,179,13958
527,179,19536
528,179,25088
529,179,30129
530,179,34952
531,179,39303
532,179,40667
533,179,37068
534,179,29490
535,179,20909
536,179,13986
537,179,9450
538,179,6687
539,179,4930
540,179,3751
541,179,3020
542,179,2618
543,179,2285
544,179,1844
545,179,1342
546,179,917
547,179,634
548,179,478
549,179,401
550,179,363
551,179,343
552,179,334
553,179,333
554,179,330
555,179,321
556,179,310
557,179,305
558,179,312
559,179,333
560,179,357
561,179,366
562,179,349
563,179,316
564,179,279
565,179,245
566,179,217
567,179,196
568,179,183
569,179,179
570,179,181
571,179,184
572,179,187
573,179,192
490,180,366
491,180,363
492,180,377
493,180,427
494,180,509
495,180,584
496,180,608
497,180,578
498,180,524
499,180,474
500,180,438
501,180,417
502,180,419
503,180,460
504,180,545
505,180,647
506,180,715
507,180,722
508,180,682
509,180,627
510,180,577
511,180,541
512,180,535
513,180,583
514,180,703
515,180,887
516,180,1073
517,180,1194
518,180,1248
519,180,1320
520,180,1537
521,180,2023
522,180,2908
523,180,4417
524,180,6948
525,180,11000
526,180,16774
527,180,23609
528,180,30387
529,180,36677
530,180,43034
531,180,49162
532,180,51639
533,180,47527
534,180,37777
535,180,26293
536,180,16803
537,180,10518
538,180,6788
539,180,4610
540,180,3324
541,180,2621
542,180,2292
543,180,2076
544,180,1773
545,180,1362
546,180,961
547,180,665
548,180,489
549,180,397
550,180,348
551,180,318
552,180,299
553,180,290
554,180,289
555,180,291
556,180,293
557,180,296
558,180,302
559,180,315
560,180,331
561,180,340
562,180,332
563,180,311
564,180,282
565,180,252
566,180,224
567,180,202
568,180,188
569,180,181
570,180,180
571,180,180
572,180,181
573,180,182
490,181,374
491,181,362
492,181,362
493,181,388
494,181,434
495,181,477
496,181,494
497,181,481
498,181,457
499,181,434
500,181,416
501,181,407
502,181,420
503,181,475
504,181,577
505,181,694
506,181,769
507,181,773
508,181,720
509,181,645
510,181,573
511,181,517
512,181,491
513,181,518
514,181,614
515,181,765
516,181,917
517,181,1015
518,181,1062
519,181,1137
520,181,1376
521,181,1920
522,181,2928
523,181,4664
524,181,7563
525,181,12128
526,181,18404
527,181,25422
528,181,32000
529,181,38166
530,181,45014
531,181,52219
532,181,55677
533,181,51714
534,181,41148
535,181,28384
536,181,17686
537,181,10537
538,181,6336
539,181,4001
540,181,2729
541,181,2081
542,181,1800
543,181,1670
544,181,1504
545,181,1230
546,181,915
547,181,656
548,181,490
549,181,398
550,181,347
551,181,315
552,181,292
553,181,279
554,181,276
555,181,281
556,181,288
557,181,293
558,181,298
559,181,305
560,181,315
561,181,322
562,181,321
563,181,309
564,181,289
565,181,263
566,181,236
567,181,212
568,181,195
569,181,184
570,181,180
571,181,178
572,181,177
573,181,171
490,182,393
491,182,370
492,182,359
493,182,369
494,182,395
495,182,421
496,182,433
497,182,428
498,182,417
499,182,408
500,182,401
501,182,399
502,182,418
503,182,481
504,182,589
505,182,709
506,182,784
507,182,782
508,182,717
509,182,625
510,182,539
511,182,473
512,182,437
513,182,449
514,182,518
515,182,630
516,182,742
517,182,817
518,182,858
519,182,928
520,182,1148
521,182,1660
522,182,2646
523,182,4406
524,182,7382
525,182,11979
526,182,17982
527,182,24125
528,182,29268
529,182,33858
530,182,39422
531,182,45841
532,182,49347
533,182,46337
534,182,37245
535,182,25894
536,182,16116
537,182,9417
538,182,5447
539,182,3291
540,182,2169
541,182,1601
542,182,1341
543,182,1237
544,182,1151
545,182,995
546,182,791
547,182,606
548,182,476
549,182,398
550,182,353
551,182,323
552,182,301
553,182,286
554,182,281
555,182,284
556,182,289
557,182,293
558,182,296
559,182,300
560,182,306
561,182,310
562,182,311
563,182,305
564,182,291
565,182,270
566,182,245
567,182,221
568,182,201
569,182,187
570,182,181
571,182,178
572,182,177
573,182,175
490,183,438
491,183,386
492,183,362
493,183,361
494,183,376
495,183,394
496,183,403
497,183,400
498,183,394
499,183,390
500,183,387
501,183,390
502,183,411
503,183,473
504,183,576
505,183,688
506,183,755
507,183,745
508,183,669
509,183,568
510,183,477
511,183,414
512,183,382
513,183,386
514,183,428
515,183,498
516,183,571
517,183,624
518,183,657
519,183,713
520,183,877
521,183,1269
522,183,2067
523,183,3568
524,183,6181
525,183,10208
526,183,15296
527,183,20152
528,183,23673
529,183,26253
530,183,29403
531,183,33450
532,183,35952
533,183,34200
534,183,28111
535,183,20096
536,183,12825
537,183,7590
538,183,4386
539,183,2639
540,183,1736
541,183,1261
542,183,1015
543,183,908
544,183,851
545,183,772
546,183,660
547,183,546
548,183,456
549,183,396
550,183,359
551,183,335
552,183,316
553,183,302
554,183,293
555,183,291
556,183,291
557,183,290
558,183,289
559,183,291
560,183,294
561,183,296
562,183,297
563,183,294
564,183,285
565,183,268
566,183,247
567,183,225
568,183,205
569,183,190
570,183,183
571,183,182
572,183,181
573,183,175
490,184,451
491,184,395
492,184,364
493,184,357
494,184,365
495,184,377
496,184,382
497,184,378
498,184,373
499,184,370
500,184,371
501,184,377
502,184,397
503,184,450
504,184,538
505,184,632
506,184,683
507,184,663
508,184,586
509,184,489
510,184,410
511,184,361
512,184,341
513,184,346
514,184,371
515,184,410
516,184,452
517,184,485
518,184,509
519,184,546
520,184,647
521,184,896
522,184,1437
523,184,2517
524,184,4479
525,184,7566
526,184,11501
527,184,15210
528,184,17595
529,184,18660
530,184,19599
531,184,21144
532,184,22263
533,184,21364
534,184,18077
535,184,13478
536,184,9011
537,184,5570
538,184,3345
539,184,2090
540,184,1418
541,184,1038
542,184,817
543,184,711
544,184,667
545,184,628
546,184,571
547,184,503
548,184,441
549,184,395
550,184,366
551,184,347
552,184,332
553,184,318
554,184,308
555,184,301
556,184,293
557,184,284
558,184,278
559,184,276
560,184,276
561,184,276
562,184,276
563,184,274
564,184,269
565,184,257
566,184,242
567,184,223
568,184,206
569,184,193
570,184,188
571,184,189
572,184,192
573,184,199
490,185,427
491,185,395
492,185,368
493,185,357
494,185,357
495,185,361
496,185,360
497,185,354
498,185,349
499,185,348
500,185,353
501,185,361
502,185,379
503,185,419
504,185,484
505,185,551
506,185,582
507,185,555
508,185,487
509,185,410
510,185,354
511,185,327
512,185,324
513,185,334
514,185,352
515,185,374
516,185,397
517,185,416
518,185,429
519,185,449
520,185,503
521,185,644
522,185,974
523,185,1681
524,185,3035
525,185,5259
526,185,8205
527,185,11048
528,185,12713
529,185,12911
530,185,12543
531,185,12499
532,185,12601
533,185,12073
534,185,10516
535,185,8230
536,185,5836
537,185,3842
538,185,2465
539,185,1643
540,185,1175
541,185,886
542,185,706
543,185,616
544,185,581
545,185,560
546,185,527
547,185,482
548,185,436
549,185,401
550,185,378
551,185,362
552,185,348
553,185,335
554,185,323
555,185,310
556,185,295
557,185,278
558,185,264
559,185,257
560,185,254
561,185,253
562,185,251
563,185,250
564,185,247
565,185,240
566,185,229
567,185,217
568,185,204
569,185,195
570,185,192
571,185,195
572,185,199
573,185,199
490,186,409
491,186,408
492,186,383
493,186,365
494,186,356
495,186,349
496,186,340
497,186,331
498,186,327
499,186,329
500,186,337
501,186,347
502,186,362
503,186,388
504,186,428
505,186,466
506,186,476
507,186,448
508,186,397
509,186,347
510,186,318
511,186,313
512,186,324
513,186,340
514,186,356
515,186,372
516,186,385
517,186,394
518,186,397
519,186,403
520,186,429
521,186,507
522,186,706
523,186,1163
524,186,2092
525,186,3691
526,186,5882
527,186,8018
528,186,9143
529,186,8936
530,186,8107
531,186,7463
532,186,7135
533,186,6762
534,186,6022
535,186,4913
536,186,3678
537,186,2585
538,186,1790
539,186,1290
540,186,983
541,186,780
542,186,647
543,186,578
544,186,552
545,186,537
546,186,513
547,186,477
548,186,442
549,186,416
550,186,399
551,186,384
552,186,369
553,186,353
554,186,337
555,186,319
556,186,298
557,186,274
558,186,255
559,186,243
560,186,237
561,186,233
562,186,232
563,186,231
564,186,227
565,186,221
566,186,215
567,186,209
568,186,201
569,186,196
570,186,195
571,186,200
572,186,210
573,186,229
490,187,537
491,187,459
492,187,413
493,187,384
494,187,364
495,187,346
496,187,330
497,187,318
498,187,316
499,187,320
500,187,329
501,187,339
502,187,350
503,187,364
504,187,383
505,187,398
506,187,394
507,187,369
508,187,335
509,187,309
510,187,301
511,187,310
512,187,330
513,187,350
514,187,367
515,187,380
516,187,390
517,187,393
518,187,390
519,187,386
520,187,396
521,187,440
522,187,563
523,187,859
524,187,1487
525,187,2598
526,187,4137
527,187,5617
528,187,6318
529,187,6016
530,187,5246
531,187,4600
532,187,4240
533,187,3979
534,187,3586
535,187,2998
536,187,2334
537,187,1744
538,187,1313
539,187,1033
540,187,848
541,187,714
542,187,621
543,187,570
544,187,548
545,187,533
546,187,512
547,187,482
548,187,456
549,187,439
550,187,427
551,187,413
552,187,394
553,187,373
554,187,352
555,187,330
556,187,304
557,187,276
558,187,252
559,187,235
560,187,226
561,187,222
562,187,221
563,187,220
564,187,215
565,187,209
566,187,207
567,187,206
568,187,203
569,187,200
570,187,199
571,187,204
572,187,215
573,187,232
490,188,537
491,188,487
492,188,441
493,188,404
494,188,377
495,188,353
496,188,331
497,188,319
498,188,317
499,188,322
500,188,329
501,188,338
502,188,345
503,188,352
504,188,357
505,188,357
506,188,347
507,188,326
508,188,305
509,188,294
510,188,298
511,188,315
512,188,337
513,188,358
514,188,376
515,188,392
516,188,402
517,188,404
518,188,396
519,188,385
520,188,385
521,188,410
522,188,488
523,188,675
524,188,1072
525,188,1774
526,188,2746
527,188,3674
528,188,4092
529,188,3865
530,188,3337
531,188,2887
532,188,2631
533,188,2464
534,188,2234
535,188,1897
536,188,1530
537,188,1223
538,188,1010
539,188,871
540,188,768
541,188,683
542,188,616
543,188,573
544,188,550
545,188,532
546,188,511
547,188,486
548,188,467
549,188,458
550,188,452
551,188,441
552,188,422
553,188,397
554,188,371
555,188,345
556,188,317
557,188,286
558,188,257
559,188,236
560,188,224
561,188,219
562,188,219
563,188,219
564,188,214
565,188,209
566,188,210
567,188,215
568,188,217
569,188,214
570,188,210
571,188,211
572,188,219
573,188,232
490,189,542
491,189,514
492,189,461
493,189,418
494,189,386
495,189,359
496,189,337
497,189,325
498,189,324
499,189,328
500,189,335
501,189,343
502,189,349
503,189,352
504,189,349
505,189,343
506,189,331
507,189,315
508,189,301
509,189,299
510,189,308
511,189,327
512,189,348
513,189,368
514,189,387
515,189,406
516,189,421
517,189,424
518,189,412
519,189,395
520,189,388
521,189,402
522,189,454
523,189,573
524,189,813
525,189,1225
526,189,1796
527,189,2353
528,189,2623
529,189,2501
530,189,2182
531,189,1902
532,189,1738
533,189,1631
534,189,1490
535,189,1291
536,189,1087
537,189,933
538,189,839
539,189,780
540,189,729
541,189,674
542,189,618
543,189,575
544,189,546
545,189,524
546,189,502
547,189,479
548,189,463
549,189,460
550,189,462
551,189,457
552,189,443
553,189,420
554,189,394
555,189,368
556,189,339
557,189,307
558,189,274
559,189,247
560,189,230
561,189,224
562,189,225
563,189,226
564,189,222
565,189,220
566,189,227
567,189,239
568,189,245
569,189,241
570,189,231
571,189,225
572,189,227
573,189,235
490,190,704
491,190,566
492,190,476
493,190,420
494,190,386
495,190,359
496,190,338
497,190,329
498,190,330
499,190,335
500,190,343
501,190,352
502,190,359
503,190,361
504,190,356
505,190,348
506,190,338
507,190,326
508,190,318
509,190,319
510,190,330
511,190,347
512,190,364
513,190,381
514,190,402
515,190,424
516,190,442
517,190,445
518,190,429
519,190,407
520,190,395
521,190,404
522,190,441
523,190,522
524,190,671
525,190,914
526,190,1249
527,190,1596
528,190,1791
529,190,1742
530,190,1556
531,190,1383
532,190,1277
533,190,1204
534,190,1112
535,190,986
536,190,863
537,190,779
538,190,741
539,190,726
540,190,706
541,190,667
542,190,615
543,190,566
544,190,530
545,190,503
546,190,479
547,190,455
548,190,440
549,190,440
550,190,447
551,190,451
552,190,449
553,190,438
554,190,420
555,190,399
556,190,374
557,190,342
558,190,304
559,190,268
560,190,245
561,190,236
562,190,237
563,190,240
564,190,239
565,190,242
566,190,257
567,190,276
568,190,287
569,190,280
570,190,261
571,190,245
572,190,241
573,190,251
490,191,766
491,191,583
492,191,471
493,191,409
494,191,376
495,191,352
496,191,334
497,191,328
498,191,333
499,191,341
500,191,351
501,191,362
502,191,372
503,191,376
504,191,372
505,191,366
506,191,361
507,191,354
508,191,351
509,191,353
510,191,362
511,191,374
512,191,387
513,191,400
514,191,419
515,191,441
516,191,458
517,191,456
518,191,436
519,191,411
520,191,399
521,191,407
522,191,436
523,191,494
524,191,590
525,191,733
526,191,927
527,191,1140
528,191,1282
529,191,1283
530,191,1194
531,191,1103
532,191,1042
533,191,994
534,191,927
535,191,835
536,191,742
537,191,682
538,191,665
539,191,672
540,191,669
541,191,639
542,191,588
543,191,536
544,191,497
545,191,469
546,191,444
547,191,419
548,191,403
549,191,400
550,191,409
551,191,423
552,191,437
553,191,445
554,191,444
555,191,434
556,191,415
557,191,384
558,191,341
559,191,296
560,191,266
561,191,253
562,191,253
563,191,256
564,191,259
565,191,269
566,191,291
567,191,317
568,191,330
569,191,319
570,191,291
571,191,263
572,191,249
573,191,251
490,192,714
491,192,556
492,192,449
493,192,392
494,192,364
495,192,345
496,192,332
497,192,331
498,192,338
499,192,348
500,192,359
501,192,373
502,192,385
503,192,392
504,192,392
505,192,390
506,192,389
507,192,388
508,192,388
509,192,391
510,192,398
511,192,405
512,192,412
513,192,420
514,192,434
515,192,450
516,192,459
517,192,450
518,192,426
519,192,405
520,192,399
521,192,413
522,192,443
523,192,488
524,192,548
525,192,625
526,192,724
527,192,841
528,192,940
529,192,976
530,192,962
531,192,934
532,192,910
533,192,880
534,192,828
535,192,748
536,192,661
537,192,602
538,192,587
539,192,599
540,192,604
541,192,581
542,192,536
543,192,490
544,192,455
545,192,430
546,192,407
547,192,383
548,192,364
549,192,356
550,192,363
551,192,381
552,192,409
553,192,436
554,192,455
555,192,460
556,192,450
557,192,420
558,192,372
559,192,323
560,192,287
561,192,271
562,192,269
563,192,272
564,192,279
565,192,295
566,192,322
567,192,349
568,192,360
569,192,344
570,192,308
571,192,272
572,192,247
573,192,232
490,193,673
491,193,514
492,193,423
493,193,379
494,193,360
495,193,349
496,193,343
497,193,345
498,193,352
499,193,359
500,193,368
501,193,382
502,193,396
503,193,405
504,193,409
505,193,411
506,193,414
507,193,416
508,193,418
509,193,422
510,193,427
511,193,430
512,193,433
513,193,435
514,193,440
515,193,445
516,193,443
517,193,427
518,193,404
519,193,390
520,193,396
521,193,425
522,193,466
523,193,509
524,193,548
525,193,583
526,193,619
527,193,672
528,193,738
529,193,792
530,193,822
531,193,832
532,193,828
533,193,809
534,193,765
535,193,691
536,193,604
537,193,537
538,193,512
539,193,518
540,193,522
541,193,506
542,193,473
543,193,440
544,193,415
545,193,397
546,193,378
547,193,356
548,193,336
549,193,323
550,193,324
551,193,342
552,193,374
553,193,414
554,193,448
555,193,467
556,193,466
557,193,439
558,193,392
559,193,341
560,193,304
561,193,286
562,193,280
563,193,283
564,193,292
565,193,312
566,193,339
567,193,363
568,193,369
569,193,348
570,193,309
571,193,269
572,193,239
573,193,213
490,194,509
491,194,441
492,194,396
493,194,375
494,194,369
495,194,367
496,194,368
497,194,371
498,194,374
499,194,374
500,194,378
501,194,389
502,194,403
503,194,414
504,194,421
505,194,425
506,194,429
507,194,432
508,194,436
509,194,440
510,194,443
511,194,445
512,194,443
513,194,439
514,194,432
515,194,424
516,194,412
517,194,394
518,194,375
519,194,371
520,194,391
521,194,437
522,194,497
523,194,552
524,194,587
525,194,598
526,194,597
527,194,611
528,194,653
529,194,706
530,194,747
531,194,767
532,194,770
533,194,755
534,194,716
535,194,649
536,194,565
537,194,493
538,194,456
539,194,449
540,194,449
541,194,438
542,194,419
543,194,400
544,194,386
545,194,375
546,194,360
547,194,341
548,194,321
549,194,305
550,194,301
551,194,312
552,194,341
553,194,382
554,194,423
555,194,453
556,194,460
557,194,441
558,194,399
559,194,351
560,194,315
561,194,295
562,194,286
563,194,287
564,194,295
565,194,313
566,194,337
567,194,356
568,194,357
569,194,335
570,194,297
571,194,260
572,194,231
573,194,206
490,195,333
491,195,373
492,195,379
493,195,384
494,195,390
495,195,396
496,195,400
497,195,402
498,195,398
499,195,391
500,195,387
501,195,392
502,195,404
503,195,416
504,195,425
505,195,432
506,195,436
507,195,440
508,195,444
509,195,448
510,195,450
511,195,449
512,195,442
513,195,429
514,195,412
515,195,393
516,195,375
517,195,357
518,195,345
519,195,348
520,195,376
521,195,433
522,195,508
523,195,580
524,195,626
525,195,635
526,195,621
527,195,615
528,195,637
529,195,675
530,195,705
531,195,718
532,195,718
533,195,705
534,195,673
535,195,616
536,195,543
537,195,473
538,195,429
539,195,410
540,195,403
541,195,394
542,195,384
543,195,375
544,195,368
545,195,360
546,195,349
547,195,332
548,195,314
549,195,297
550,195,289
551,195,293
552,195,312
553,195,345
554,195,385
555,195,418
556,195,434
557,195,424
558,195,391
559,195,351
560,195,318
561,195,298
562,195,288
563,195,285
564,195,291
565,195,304
566,195,321
567,195,334
568,195,332
569,195,312
570,195,280
571,195,250
572,195,227
573,195,209
490,196,324
491,196,357
492,196,380
493,196,400
494,196,414
495,196,423
496,196,428
497,196,427
498,196,418
499,196,404
500,196,394
501,196,394
502,196,402
503,196,413
504,196,424
505,196,432
506,196,438
507,196,442
508,196,446
509,196,449
510,196,449
511,196,445
512,196,432
513,196,412
514,196,386
515,196,362
516,196,342
517,196,328
518,196,320
519,196,325
520,196,350
521,196,403
522,196,479
523,196,559
524,196,619
525,196,642
526,196,636
527,196,628
528,196,637
529,196,657
530,196,671
531,196,675
532,196,672
533,196,660
534,196,637
535,196,594
536,196,535
537,196,474
538,196,427
539,196,401
540,196,387
541,196,377
542,196,369
543,196,363
544,196,358
545,196,351
546,196,341
547,196,325
548,196,308
549,196,291
550,196,280
551,196,279
552,196,290
553,196,312
554,196,342
555,196,372
556,196,391
557,196,389
558,196,368
559,196,339
560,196,314
561,196,297
562,196,288
563,196,285
564,196,288
565,196,296
566,196,305
567,196,312
568,196,308
569,196,292
570,196,266
571,196,242
572,196,224
573,196,209
490,197,333
491,197,358
492,197,385
493,197,411
494,197,429
495,197,438
496,197,440
497,197,437
498,197,426
499,197,411
500,197,398
501,197,393
502,197,397
503,197,407
504,197,418
505,197,429
506,197,435
507,197,440
508,197,443
509,197,446
510,197,445
511,197,436
512,197,418
513,197,390
514,197,361
515,197,336
516,197,319
517,197,308
518,197,303
519,197,306
520,197,324
521,197,363
522,197,425
523,197,498
524,197,562
525,197,600
526,197,612
527,197,615
528,197,623
529,197,633
530,197,638
531,197,638
532,197,634
533,197,626
534,197,610
535,197,579
536,197,533
537,197,480
538,197,435
539,197,405
540,197,387
541,197,376
542,197,367
543,197,360
544,197,354
545,197,346
546,197,334
547,197,318
548,197,300
549,197,284
550,197,273
551,197,270
552,197,275
553,197,287
554,197,307
555,197,328
556,197,344
557,197,347
558,197,336
559,197,320
560,197,306
561,197,297
562,197,293
563,197,292
564,197,294
565,197,297
566,197,300
567,197,301
568,197,295
569,197,281
570,197,261
571,197,241
572,197,225
573,197,209
490,198,333
491,198,358
492,198,386
493,198,412
494,198,428
495,198,434
496,198,433
497,198,430
498,198,422
499,198,410
500,198,397
501,198,389
502,198,389
503,198,398
504,198,410
505,198,421
506,198,428
507,198,432
508,198,435
509,198,438
510,198,436
511,198,424
512,198,401
513,198,370
514,198,341
515,198,319
516,198,306
517,198,299
518,198,295
519,198,296
520,198,305
521,198,330
522,198,374
523,198,430
524,198,486
525,198,529
526,198,557
527,198,575
528,198,589
529,198,598
530,198,603
531,198,604
532,198,604
533,198,600
534,198,589
535,198,566
536,198,528
537,198,482
538,198,440
539,198,411
540,198,394
541,198,382
542,198,373
543,198,365
544,198,356
545,198,345
546,198,331
547,198,313
548,198,293
549,198,277
550,198,267
551,198,265
552,198,268
553,198,275
554,198,287
555,198,300
556,198,311
557,198,316
558,198,312
559,198,306
560,198,303
561,198,303
562,198,305
563,198,307
564,198,309
565,198,308
566,198,306
567,198,303
568,198,296
569,198,285
570,198,268
571,198,250
572,198,233
573,198,213
490,199,335
491,199,359
492,199,383
493,199,405
494,199,417
495,199,419
496,199,416
497,199,414
498,199,411
499,199,403
500,199,391
501,199,382
502,199,381
503,199,389
504,199,402
505,199,413
506,199,418
507,199,421
508,199,423
509,199,426
510,199,423
511,199,410
512,199,385
513,199,354
514,199,327
515,199,309
516,199,301
517,199,296
518,199,294
519,199,293
520,199,296
521,199,311
522,199,340
523,199,380
524,199,421
525,199,458
526,199,491
527,199,518
528,199,537
529,199,549
530,199,559
531,199,568
532,199,574
533,199,574
534,199,567
535,199,549
536,199,517
537,199,477
538,199,440
539,199,414
540,199,399
541,199,390
542,199,382
543,199,374
544,199,364
545,199,350
546,199,333
547,199,312
548,199,290
549,199,274
550,199,265
551,199,264
552,199,267
553,199,274
554,199,284
555,199,294
556,199,300
557,199,303
558,199,303
559,199,304
560,199,308
561,199,314
562,199,320
563,199,325
564,199,326
565,199,323
566,199,319
567,199,316
568,199,313
569,199,306
570,199,292
571,199,273
572,199,256
573,199,241
490,200,347
491,200,362
492,200,381
493,200,399
494,200,408
495,200,407
496,200,404
497,200,403
498,200,401
499,200,394
500,200,382
501,200,373
502,200,373
503,200,383
504,200,397
505,200,407
506,200,410
507,200,410
508,200,410
509,200,411
510,200,406
511,200,392
512,200,368
513,200,340
514,200,319
515,200,306
516,200,301
517,200,299
518,200,297
519,200,293
520,200,292
521,200,301
522,200,322
523,200,348
524,200,375
525,200,402
526,200,429
527,200,453
528,200,471
529,200,486
530,200,504
531,200,524
532,200,540
533,200,547
534,200,543
535,200,529
536,200,503
537,200,468
538,200,436
539,200,414
540,200,402
541,200,396
542,200,391
543,200,385
544,200,375
545,200,360
546,200,340
547,200,317
548,200,294
549,200,276
550,200,268
551,200,267
552,200,273
553,200,284
554,200,297
555,200,307
556,200,310
557,200,308
558,200,306
559,200,308
560,200,315
561,200,324
562,200,332
563,200,336
564,200,338
565,200,337
566,200,338
567,200,343
568,200,351
569,200,354
570,200,341
571,200,318
572,200,288
573,200,241
490,201,347
491,201,364
492,201,382
493,201,397
494,201,404
495,201,404
496,201,402
497,201,401
498,201,396
499,201,386
500,201,372
501,201,364
502,201,366
503,201,379
504,201,395
505,201,405
506,201,406
507,201,403
508,201,399
509,201,394
510,201,386
511,201,371
512,201,350
513,201,331
514,201,318
515,201,312
516,201,310
517,201,308
518,201,302
519,201,294
520,201,289
521,201,294
522,201,309
523,201,327
524,201,343
525,201,357
526,201,373
527,201,388
528,201,401
529,201,419
530,201,448
531,201,482
532,201,509
533,201,523
534,201,524
535,201,513
536,201,491
537,201,460
538,201,430
539,201,410
540,201,401
541,201,398
542,201,397
543,201,395
544,201,387
545,201,373
546,201,352
547,201,327
548,201,303
549,201,284
550,201,274
551,201,274
552,201,282
553,201,301
554,201,323
555,201,337
556,201,333
557,201,322
558,201,313
559,201,312
560,201,318
561,201,326
562,201,334
563,201,339
564,201,344
565,201,352
566,201,366
567,201,387
568,201,413
569,201,430
570,201,422
571,201,391
572,201,355
573,201,316
490,202,347
491,202,366
492,202,384
493,202,398
494,202,405
495,202,406
496,202,405
497,202,402
498,202,395
499,202,382
500,202,366
501,202,357
502,202,361
503,202,378
504,202,398
505,202,408
506,202,407
507,202,400
508,202,389
509,202,378
510,202,364
511,202,351
512,202,339
513,202,334
514,202,333
515,202,333
516,202,330
517,202,324
518,202,312
519,202,296
520,202,285
521,202,286
522,202,296
523,202,309
524,202,318
525,202,324
526,202,330
527,202,337
528,202,347
529,202,369
530,202,407
531,202,452
532,202,490
533,202,510
534,202,515
535,202,506
536,202,484
537,202,453
538,202,422
539,202,402
540,202,393
541,202,393
542,202,396
543,202,398
544,202,394
545,202,383
546,202,363
547,202,339
548,202,314
549,202,294
550,202,283
551,202,282
552,202,294
553,202,320
554,202,351
555,202,368
556,202,358
557,202,335
558,202,318
559,202,311
560,202,313
561,202,320
562,202,327
563,202,334
564,202,346
565,202,367
566,202,400
567,202,441
568,202,488
569,202,524
570,202,522
571,202,484
572,202,441
573,202,435
490,203,347
491,203,369
492,203,386
493,203,399
494,203,405
495,203,406
496,203,407
497,203,405
498,203,397
499,203,383
500,203,367
501,203,358
502,203,364
503,203,384
504,203,407
505,203,419
506,203,415
507,203,402
508,203,384
509,203,365
510,203,348
511,203,340
512,203,346
513,203,366
514,203,383
515,203,383
516,203,370
517,203,351
518,203,327
519,203,303
520,203,286
521,203,282
522,203,287
523,203,295
524,203,300
525,203,303
526,203,306
527,203,309
528,203,320
529,203,344
530,203,387
531,203,439
532,203,483
533,203,508
534,203,515
535,203,507
536,203,484
537,203,448
538,203,411
539,203,387
540,203,377
541,203,378
542,203,384
543,203,390
544,203,391
545,203,383
546,203,367
547,203,345
548,203,322
549,203,304
550,203,292
551,203,289
552,203,301
553,203,329
554,203,364
555,203,381
556,203,366
557,203,338
558,203,316
559,203,305
560,203,304
561,203,308
562,203,315
563,203,325
564,203,344
565,203,377
566,203,424
567,203,483
568,203,548
569,203,605
570,203,615
571,203,568
572,203,497
573,203,435
490,204,368
491,204,375
492,204,387
493,204,397
494,204,401
495,204,403
496,204,405
497,204,406
498,204,402
499,204,390
500,204,376
501,204,369
502,204,378
503,204,402
504,204,428
505,204,440
506,204,433
507,204,412
508,204,385
509,204,359
510,204,343
511,204,348
512,204,384
513,204,441
514,204,484
515,204,476
516,204,435
517,204,391
518,204,352
519,204,320
520,204,298
521,204,288
522,204,288
523,204,291
524,204,294
525,204,297
526,204,299
527,204,303
528,204,313
529,204,337
530,204,380
531,204,434
532,204,483
533,204,514
534,204,525
535,204,517
536,204,489
537,204,445
538,204,398
539,204,366
540,204,352
541,204,352
542,204,360
543,204,369
544,204,374
545,204,370
546,204,359
547,204,342
548,204,325
549,204,310
550,204,299
551,204,294
552,204,301
553,204,323
554,204,352
555,204,366
556,204,353
557,204,328
558,204,307
559,204,297
560,204,294
561,204,297
562,204,303
563,204,313
564,204,334
565,204,369
566,204,421
567,204,488
568,204,569
569,204,649
570,204,678
571,204,631
572,204,534
573,204,414
490,205,368
491,205,373
492,205,384
493,205,393
494,205,396
495,205,397
496,205,401
497,205,406
498,205,407
499,205,401
500,205,390
501,205,388
502,205,401
503,205,429
504,205,457
505,205,469
506,205,459
507,205,431
508,205,396
509,205,364
510,205,350
511,205,373
512,205,445
513,205,549
514,205,618
515,205,594
516,205,514
517,205,438
518,205,384
519,205,347
520,205,322
521,205,306
522,205,299
523,205,297
524,205,298
525,205,301
526,205,304
527,205,307
528,205,315
529,205,336
530,205,374
531,205,427
532,205,481
533,205,519
534,205,535
535,205,528
536,205,496
537,205,443
538,205,386
539,205,345
540,205,325
541,205,322
542,205,327
543,205,336
544,205,343
545,205,346
546,205,342
547,205,335
548,205,327
549,205,317
550,205,305
551,205,297
552,205,298
553,205,311
554,205,329
555,205,339
556,205,330
557,205,313
558,205,299
559,205,291
560,205,288
561,205,288
562,205,291
563,205,299
564,205,316
565,205,346
566,205,393
567,205,459
568,205,550
569,205,649
570,205,699
571,205,665
572,205,565
573,205,432
490,206,347
491,206,363
492,206,379
493,206,388
494,206,390
495,206,391
496,206,397
497,206,408
498,206,415
499,206,413
500,206,406
501,206,408
502,206,426
503,206,457
504,206,485
505,206,497
506,206,486
507,206,456
508,206,414
509,206,377
510,206,364
511,206,398
512,206,494
513,206,628
514,206,711
515,206,671
516,206,562
517,206,465
518,206,406
519,206,372
520,206,348
521,206,330
522,206,316
523,206,309
524,206,307
525,206,309
526,206,311
527,206,313
528,206,318
529,206,331
530,206,361
531,206,410
532,206,467
533,206,511
534,206,531
535,206,525
536,206,491
537,206,434
538,206,373
539,206,328
540,206,306
541,206,298
542,206,298
543,206,302
544,206,310
545,206,319
546,206,326
547,206,332
548,206,333
549,206,326
550,206,313
551,206,301
552,206,296
553,206,301
554,206,310
555,206,314
556,206,309
557,206,300
558,206,292
559,206,286
560,206,283
561,206,281
562,206,280
563,206,284
564,206,296
565,206,320
566,206,359
567,206,421
568,206,514
569,206,619
570,206,683
571,206,665
572,206,591
573,206,512
490,207,327
491,207,355
492,207,375
493,207,386
494,207,387
495,207,387
496,207,396
497,207,411
498,207,423
499,207,425
500,207,419
501,207,422
502,207,440
503,207,470
504,207,499
505,207,513
506,207,506
507,207,477
508,207,435
509,207,395
510,207,378
511,207,405
512,207,489
513,207,609
514,207,680
515,207,637
516,207,532
517,207,446
518,207,401
519,207,379
520,207,363
521,207,346
522,207,330
523,207,320
524,207,316
525,207,315
526,207,316
527,207,317
528,207,318
529,207,325
530,207,345
531,207,385
532,207,438
533,207,483
534,207,504
535,207,496
536,207,463
537,207,410
538,207,355
539,207,316
540,207,295
541,207,285
542,207,279
543,207,278
544,207,285
545,207,300
546,207,320
547,207,339
548,207,348
549,207,342
550,207,324
551,207,307
552,207,296
553,207,294
554,207,295
555,207,296
556,207,293
557,207,289
558,207,284
559,207,280
560,207,276
561,207,273
562,207,270
563,207,271
564,207,280
565,207,298
566,207,331
567,207,387
568,207,472
569,207,570
570,207,634
571,207,630
572,207,582
573,207,532
490,208,324
491,208,351
492,208,374
493,208,385
494,208,385
495,208,386
496,208,397
497,208,415
498,208,431
499,208,432
500,208,424
501,208,421
502,208,433
503,208,459
504,208,488
505,208,506
506,208,506
507,208,485
508,208,449
509,208,412
510,208,390
511,208,398
512,208,445
513,208,516
514,208,555
515,208,518
516,208,444
517,208,390
518,208,369
519,208,365
520,208,360
521,208,349
522,208,335
523,208,325
524,208,320
525,208,319
526,208,320
527,208,321
528,208,322
529,208,327
530,208,341
531,208,374
532,208,420
533,208,459
534,208,474
535,208,461
536,208,428
537,208,384
538,208,341
539,208,312
540,208,296
541,208,284
542,208,274
543,208,269
544,208,275
545,208,295
546,208,324
547,208,354
548,208,369
549,208,362
550,208,339
551,208,315
552,208,298
553,208,288
554,208,283
555,208,280
556,208,278
557,208,276
558,208,272
559,208,268
560,208,265
561,208,263
562,208,261
563,208,262
564,208,268
565,208,283
566,208,311
567,208,358
568,208,428
569,208,508
570,208,562
571,208,569
572,208,545
573,208,532
490,209,307
491,209,347
492,209,375
493,209,386
494,209,386
495,209,386
496,209,398
497,209,417
498,209,432
499,209,431
500,209,416
501,209,404
502,209,407
503,209,426
504,209,453
505,209,476
506,209,484
507,209,473
508,209,448
509,209,420
510,209,399
511,209,392
512,209,403
513,209,424
514,209,431
515,209,400
516,209,356
517,209,331
518,209,329
519,209,338
520,209,343
521,209,340
522,209,332
523,209,324
524,209,320
525,209,319
526,209,322
527,209,329
528,209,340
529,209,353
530,209,373
531,209,407
532,209,449
533,209,477
534,209,476
535,209,449
536,209,414
537,209,377
538,209,345
539,209,323
540,209,307
541,209,293
542,209,279
543,209,272
544,209,278
545,209,300
546,209,335
547,209,371
548,209,390
549,209,382
550,209,355
551,209,325
552,209,301
553,209,284
554,209,273
555,209,267
556,209,264
557,209,262
558,209,259
559,209,255
560,209,254
561,209,254
562,209,255
563,209,257
564,209,263
565,209,275
566,209,298
567,209,334
568,209,386
569,209,444
570,209,486
571,209,495
572,209,478
573,209,456
490,210,290
491,210,343
492,210,378
493,210,389
494,210,387
495,210,386
496,210,395
497,210,412
498,210,422
499,210,417
500,210,398
501,210,379
502,210,372
503,210,383
504,210,405
505,210,428
506,210,441
507,210,440
508,210,430
509,210,416
510,210,403
511,210,391
512,210,383
513,210,375
514,210,361
515,210,334
516,210,307
517,210,295
518,210,299
519,210,311
520,210,322
521,210,326
522,210,323
523,210,318
524,210,314
525,210,316
526,210,325
527,210,346
528,210,381
529,210,418
530,210,455
531,210,502
532,210,541
533,210,550
534,210,521
535,210,472
536,210,430
537,210,397
538,210,369
539,210,347
540,210,328
541,210,309
542,210,291
543,210,282
544,210,287
545,210,310
546,210,346
547,210,382
548,210,401
549,210,393
550,210,365
551,210,332
552,210,304
553,210,283
554,210,268
555,210,259
556,210,254
557,210,252
558,210,249
559,210,247
560,210,248
561,210,250
562,210,254
563,210,258
564,210,263
565,210,275
566,210,293
567,210,319
568,210,354
569,210,392
570,210,420
571,210,426
572,210,407
573,210,358
490,211,254
491,211,345
492,211,385
493,211,396
494,211,390
495,211,383
496,211,387
497,211,397
498,211,401
499,211,395
500,211,377
501,211,356
502,211,344
503,211,346
504,211,359
505,211,376
506,211,388
507,211,396
508,211,403
509,211,406
510,211,401
511,211,393
512,211,381
513,211,365
514,211,344
515,211,319
516,211,298
517,211,288
518,211,284
519,211,289
520,211,302
521,211,312
522,211,313
523,211,306
524,211,302
525,211,305
526,211,323
527,211,369
528,211,456
529,211,525
530,211,570
531,211,621
532,211,649
533,211,645
534,211,585
535,211,509
536,211,464
537,211,435
538,211,401
539,211,376
540,211,350
541,211,325
542,211,305
543,211,293
544,211,298
545,211,321
546,211,353
547,211,384
548,211,400
549,211,393
550,211,367
551,211,333
552,211,304
553,211,283
554,211,267
555,211,256
556,211,250
557,211,247
558,211,245
559,211,244
560,211,247
561,211,251
562,211,256
563,211,262
564,211,269
565,211,284
566,211,299
567,211,314
568,211,334
569,211,355
570,211,372
571,211,376
572,211,363
573,211,330
490,212,330
491,212,382
492,212,405
493,212,407
494,212,394
495,212,376
496,212,373
497,212,376
498,212,369
499,212,369
500,212,360
501,212,340
502,212,326
503,212,319
504,212,323
505,212,332
506,212,341
507,212,352
508,212,380
509,212,402
510,212,399
511,212,394
512,212,386
513,212,374
514,212,357
515,212,333
516,212,318
517,212,305
518,212,280
519,212,267
520,212,280
521,212,302
522,212,305
523,212,287
524,212,276
525,212,280
526,212,303
527,212,370
528,212,571
529,212,666
530,212,650
531,212,665
532,212,640
533,212,678
534,212,623
535,212,520
536,212,503
537,212,490
538,212,431
539,212,409
540,212,369
541,212,336
542,212,315
543,212,296
544,212,302
545,212,331
546,212,356
547,212,376
548,212,387
549,212,383
550,212,364
551,212,327
552,212,296
553,212,279
554,212,267
555,212,256
556,212,251
557,212,248
558,212,242
559,212,242
560,212,246
561,212,250
562,212,257
563,212,266
564,212,273
565,212,307
566,212,321
567,212,316
568,212,322
569,212,331
570,212,340
571,212,346
572,212,340
573,212,330
490,213,432
491,213,438
492,213,432
493,213,427
494,213,401
495,213,355
496,213,355
497,213,358
498,213,319
499,213,344
500,213,355
501,213,330
502,213,313
503,213,296
504,213,296
505,213,298
506,213,298
507,213,298
508,213,368
509,213,427
510,213,398
511,213,393
512,213,393
513,213,393
514,213,385
515,213,352
516,213,352
517,213,352
518,213,275
519,213,219
520,213,248
521,213,307
522,213,313
523,213,257
524,213,232
525,213,235
526,213,245
527,213,245
528,213,796
529,213,898
530,213,623
531,213,594
532,213,368
533,213,654
534,213,640
535,213,438
536,213,547
537,213,599
538,213,430
539,213,458
540,213,382
541,213,335
542,213,324
543,213,278
544,213,290
545,213,349
546,213,360
547,213,360
548,213,366
549,213,371
550,213,371
551,213,313
552,213,272
553,213,269
554,213,266
555,213,254
556,213,254
557,213,254
558,213,235
559,213,238
560,213,245
561,213,245
562,213,251
563,213,272
564,213,257
565,213,358
566,213,371
567,213,313
568,213,313
569,213,313
570,213,316
571,213,330
572,213,324
573,213,304
