xv,yv,rho
490,148,201
491,148,197
492,148,191
493,148,178
494,148,213
495,148,341
496,148,404
497,148,544
498,148,587
499,148,537
500,148,463
501,148,395
502,148,307
503,148,317
504,148,335
505,148,334
506,148,318
507,148,304
508,148,272
509,148,248
510,148,200
511,148,254
512,148,342
513,148,519
514,148,525
515,148,532
516,148,534
517,148,532
518,148,525
519,148,431
520,148,387
521,148,346
522,148,290
523,148,148
524,148,95
525,148,115
526,148,144
527,148,171
528,148,207
529,148,346
530,148,356
531,148,329
532,148,292
533,148,320
534,148,287
535,148,316
536,148,316
537,148,260
538,148,263
539,148,307
540,148,345
541,148,332
542,148,352
543,148,365
544,148,336
545,148,338
546,148,320
547,148,299
548,148,294
549,148,289
550,148,323
551,148,328
552,148,418
553,148,388
554,148,704
555,148,825
556,148,740
557,148,699
558,148,682
559,148,666
560,148,430
561,148,421
562,148,416
563,148,373
564,148,382
565,148,561
566,148,565
567,148,563
568,148,434
569,148,426
570,148,423
571,148,383
572,148,353
573,148,356
490,149,296
491,149,264
492,149,249
493,149,249
494,149,296
495,149,371
496,149,455
497,149,570
498,149,666
499,149,670
500,149,592
501,149,499
502,149,415
503,149,383
504,149,369
505,149,355
506,149,336
507,149,319
508,149,303
509,149,290
510,149,280
511,149,308
512,149,367
513,149,451
514,149,495
515,149,524
516,149,536
517,149,523
518,149,492
519,149,438
520,149,399
521,149,374
522,149,348
523,149,322
524,149,328
525,149,356
526,149,391
527,149,430
528,149,427
529,149,402
530,149,367
531,149,336
532,149,315
533,149,316
534,149,313
535,149,314
536,149,313
537,149,304
538,149,314
539,149,337
540,149,354
541,149,355
542,149,362
543,149,367
544,149,355
545,149,338
546,149,327
547,149,318
548,149,317
549,149,325
550,149,350
551,149,407
552,149,465
553,149,510
554,149,624
555,149,677
556,149,656
557,149,623
558,149,592
559,149,550
560,149,461
561,149,427
562,149,396
563,149,398
564,149,425
565,149,488
566,149,506
567,149,496
568,149,452
569,149,433
570,149,423
571,149,410
572,149,405
573,149,420
490,150,359
491,150,312
492,150,292
493,150,293
494,150,337
495,150,390
496,150,466
497,150,564
498,150,653
499,150,677
500,150,625
501,150,540
502,150,469
503,150,433
504,150,414
505,150,388
506,150,359
507,150,335
508,150,325
509,150,316
510,150,313
511,150,328
512,150,369
513,150,428
514,150,485
515,150,539
516,150,568
517,150,539
518,150,486
519,150,434
520,150,398
521,150,383
522,150,387
523,150,413
524,150,454
525,150,494
526,150,534
527,150,596
528,150,565
529,150,452
530,150,383
531,150,344
532,150,324
533,150,324
534,150,322
535,150,317
536,150,323
537,150,336
538,150,361
539,150,382
540,150,385
541,150,377
542,150,374
543,150,375
544,150,372
545,150,343
546,150,334
547,150,331
548,150,339
549,150,357
550,150,390
551,150,460
552,150,510
553,150,549
554,150,590
555,150,600
556,150,582
557,150,554
558,150,524
559,150,484
560,150,417
561,150,396
562,150,391
563,150,403
564,150,428
565,150,459
566,150,473
567,150,468
568,150,451
569,150,439
570,150,435
571,150,436
572,150,441
573,150,431
490,151,360
491,151,332
492,151,316
493,151,317
494,151,352
495,151,388
496,151,444
497,151,515
498,151,581
499,151,605
500,151,576
501,151,519
502,151,480
503,151,473
504,151,477
505,151,432
506,151,383
507,151,354
508,151,351
509,151,344
510,151,337
511,151,341
512,151,369
513,151,416
514,151,481
515,151,568
516,151,638
517,151,569
518,151,484
519,151,423
520,151,386
521,151,375
522,151,389
523,151,426
524,151,471
525,151,507
526,151,532
527,151,555
528,151,527
529,151,451
530,151,401
531,151,360
532,151,338
533,151,339
534,151,337
535,151,328
536,151,337
537,151,369
538,151,418
539,151,454
540,151,435
541,151,402
542,151,383
543,151,379
544,151,376
545,151,348
546,151,338
547,151,341
548,151,371
549,151,408
550,151,451
551,151,504
552,151,546
553,151,568
554,151,574
555,151,558
556,151,531
557,151,501
558,151,469
559,151,417
560,151,391
561,151,381
562,151,384
563,151,398
564,151,420
565,151,443
566,151,457
567,151,460
568,151,455
569,151,452
570,151,457
571,151,475
572,151,503
573,151,528
490,152,361
491,152,339
492,152,327
493,152,343
494,152,354
495,152,374
496,152,410
497,152,457
498,152,500
499,152,517
500,152,501
501,152,474
502,152,466
503,152,495
504,152,557
505,152,467
506,152,402
507,152,388
508,152,397
509,152,390
510,152,368
511,152,359
512,152,386
513,152,412
514,152,465
515,152,550
516,152,620
517,152,551
518,152,465
519,152,405
520,152,368
521,152,356
522,152,363
523,152,392
524,152,423
525,152,447
526,152,464
527,152,507
528,152,555
529,152,533
530,152,447
531,152,381
532,152,362
533,152,372
534,152,370
535,152,355
536,152,350
537,152,396
538,152,480
539,152,558
540,152,491
541,152,420
542,152,386
543,152,377
544,152,376
545,152,369
546,152,342
547,152,349
548,152,391
549,152,428
550,152,479
551,152,536
552,152,578
553,152,590
554,152,572
555,152,535
556,152,498
557,152,461
558,152,411
559,152,387
560,152,374
561,152,370
562,152,375
563,152,388
564,152,409
565,152,433
566,152,453
567,152,466
568,152,470
569,152,474
570,152,489
571,152,529
572,152,585
573,152,606
490,153,403
491,153,360
492,153,343
493,153,342
494,153,349
495,153,362
496,153,388
497,153,426
498,153,461
499,153,471
500,153,453
501,153,431
502,153,434
503,153,458
504,153,478
505,153,441
506,153,402
507,153,426
508,153,469
509,153,463
510,153,412
511,153,398
512,153,434
513,153,452
514,153,450
515,153,489
516,153,519
517,153,490
518,153,437
519,153,388
520,153,356
521,153,340
522,153,329
523,153,351
524,153,369
525,153,391
526,153,425
527,153,500
528,153,621
529,153,613
530,153,476
531,153,393
532,153,403
533,153,437
534,153,437
535,153,399
536,153,369
537,153,396
538,153,474
539,153,549
540,153,480
541,153,407
542,153,374
543,153,368
544,153,370
545,153,365
546,153,346
547,153,373
548,153,399
549,153,439
550,153,499
551,153,567
552,153,614
553,153,614
554,153,579
555,153,530
556,153,481
557,153,420
558,153,389
559,153,374
560,153,365
561,153,362
562,153,366
563,153,378
564,153,399
565,153,427
566,153,456
567,153,478
568,153,491
569,153,500
570,153,529
571,153,603
572,153,726
573,153,808
490,154,402
491,154,339
492,154,327
493,154,334
494,154,347
495,154,359
496,154,376
497,154,415
498,154,460
499,154,466
500,154,434
501,154,406
502,154,402
503,154,413
504,154,419
505,154,405
506,154,405
507,154,451
508,154,534
509,154,532
510,154,463
511,154,451
512,154,521
513,154,536
514,154,490
515,154,473
516,154,490
517,154,474
518,154,434
519,154,391
520,154,363
521,154,349
522,154,347
523,154,345
524,154,344
525,154,359
526,154,385
527,154,447
528,154,524
529,154,521
530,154,440
531,154,392
532,154,460
533,154,553
534,154,554
535,154,473
536,154,441
537,154,392
538,154,405
539,154,427
540,154,402
541,154,366
542,154,350
543,154,351
544,154,355
545,154,339
546,154,362
547,154,378
548,154,401
549,154,445
550,154,514
551,154,601
552,154,666
553,154,642
554,154,583
555,154,523
556,154,475
557,154,435
558,154,386
559,154,370
560,154,361
561,154,357
562,154,358
563,154,369
564,154,390
565,154,423
566,154,460
567,154,490
568,154,507
569,154,520
570,154,558
571,154,673
572,154,941
573,154,1530
490,155,224
491,155,271
492,155,300
493,155,331
494,155,363
495,155,376
496,155,375
497,155,412
498,155,474
499,155,479
500,155,426
501,155,394
502,155,379
503,155,383
504,155,383
505,155,378
506,155,391
507,155,427
508,155,478
509,155,502
510,155,564
511,155,518
512,155,605
513,155,616
514,155,532
515,155,561
516,155,606
517,155,567
518,155,496
519,155,436
520,155,399
521,155,388
522,155,397
523,155,381
524,155,364
525,155,365
526,155,366
527,155,388
528,155,428
529,155,430
530,155,399
531,155,402
532,155,498
533,155,660
534,155,671
535,155,591
536,155,563
537,155,454
538,155,364
539,155,344
540,155,333
541,155,323
542,155,322
543,155,331
544,155,338
545,155,326
546,155,359
547,155,378
548,155,405
549,155,451
550,155,518
551,155,621
552,155,731
553,155,654
554,155,573
555,155,507
556,155,463
557,155,430
558,155,383
559,155,368
560,155,359
561,155,353
562,155,352
563,155,361
564,155,382
565,155,417
566,155,458
567,155,492
568,155,509
569,155,518
570,155,546
571,155,640
572,155,869
573,155,1396
490,156,168
491,156,229
492,156,283
493,156,338
494,156,398
495,156,413
496,156,386
497,156,392
498,156,427
499,156,435
500,156,412
501,156,399
502,156,381
503,156,368
504,156,362
505,156,361
506,156,370
507,156,389
508,156,422
509,156,496
510,156,567
511,156,513
512,156,534
513,156,546
514,156,525
515,156,653
516,156,768
517,156,675
518,156,570
519,156,511
520,156,460
521,156,448
522,156,454
523,156,429
524,156,423
525,156,413
526,156,368
527,156,389
528,156,434
529,156,464
530,156,454
531,156,410
532,156,478
533,156,588
534,156,611
535,156,693
536,156,672
537,156,489
538,156,369
539,156,305
540,156,289
541,156,289
542,156,297
543,156,309
544,156,316
545,156,314
546,156,352
547,156,374
548,156,406
549,156,459
550,156,540
551,156,620
552,156,635
553,156,621
554,156,549
555,156,488
556,156,447
557,156,420
558,156,377
559,156,364
560,156,356
561,156,349
562,156,346
563,156,352
564,156,372
565,156,405
566,156,444
567,156,477
568,156,492
569,156,492
570,156,495
571,156,517
572,156,534
573,156,367
490,157,102
491,157,199
492,157,272
493,157,337
494,157,401
495,157,415
496,157,384
497,157,370
498,157,390
499,157,431
500,157,461
501,157,431
502,157,393
503,157,370
504,157,364
505,157,355
506,157,352
507,157,364
508,157,395
509,157,438
510,157,467
511,157,449
512,157,451
513,157,469
514,157,524
515,157,657
516,157,779
517,157,723
518,157,696
519,157,618
520,157,550
521,157,541
522,157,549
523,157,499
524,157,469
525,157,447
526,157,432
527,157,476
528,157,528
529,157,608
530,157,605
531,157,523
532,157,568
533,157,732
534,157,738
535,157,615
536,157,563
537,157,442
538,157,346
539,157,292
540,157,268
541,157,268
542,157,277
543,157,292
544,157,290
545,157,305
546,157,345
547,157,368
548,157,400
549,157,456
550,157,554
551,157,683
552,157,597
553,157,579
554,157,513
555,157,458
556,157,424
557,157,404
558,157,368
559,157,355
560,157,348
561,157,342
562,157,338
563,157,342
564,157,357
565,157,384
566,157,417
567,157,446
568,157,458
569,157,455
570,157,445
571,157,434
572,157,409
573,157,322
490,158,78
491,158,192
492,158,270
493,158,327
494,158,368
495,158,380
496,158,368
497,158,360
498,158,394
499,158,458
500,158,543
501,158,463
502,158,408
503,158,397
504,158,390
505,158,372
506,158,356
507,158,355
508,158,373
509,158,395
510,158,407
511,158,403
512,158,404
513,158,424
514,158,487
515,158,577
516,158,670
517,158,860
518,158,876
519,158,739
520,158,676
521,158,658
522,158,691
523,158,643
524,158,617
525,158,542
526,158,517
527,158,599
528,158,633
529,158,820
530,158,823
531,158,660
532,158,700
533,158,865
534,158,852
535,158,619
536,158,463
537,158,380
538,158,317
539,158,279
540,158,263
541,158,261
542,158,257
543,158,288
544,158,306
545,158,326
546,158,348
547,158,363
548,158,387
549,158,427
550,158,490
551,158,549
552,158,540
553,158,533
554,158,478
555,158,430
556,158,402
557,158,388
558,158,375
559,158,345
560,158,336
561,158,331
562,158,328
563,158,330
564,158,340
565,158,359
566,158,383
567,158,405
568,158,416
569,158,415
570,158,404
571,158,388
572,158,366
573,158,333
490,159,96
491,159,213
492,159,282
493,159,324
494,159,349
495,159,357
496,159,353
497,159,358
498,159,385
499,159,429
500,159,466
501,159,443
502,159,434
503,159,459
504,159,454
505,159,415
506,159,382
507,159,368
508,159,371
509,159,380
510,159,385
511,159,387
512,159,392
513,159,419
514,159,467
515,159,552
516,159,684
517,159,869
518,159,900
519,159,816
520,159,907
521,159,819
522,159,907
523,159,886
524,159,882
525,159,736
526,159,593
527,159,569
528,159,644
529,159,851
530,159,887
531,159,864
532,159,998
533,159,818
534,159,734
535,159,579
536,159,445
537,159,349
538,159,300
539,159,274
540,159,267
541,159,271
542,159,280
543,159,299
544,159,319
545,159,338
546,159,361
547,159,380
548,159,392
549,159,397
550,159,424
551,159,472
552,159,549
553,159,546
554,159,463
555,159,409
556,159,381
557,159,369
558,159,359
559,159,328
560,159,320
561,159,317
562,159,315
563,159,316
564,159,322
565,159,334
566,159,351
567,159,367
568,159,377
569,159,378
570,159,372
571,159,359
572,159,344
573,159,328
490,160,185
491,160,265
492,160,307
493,160,333
494,160,345
495,160,347
496,160,345
497,160,352
498,160,370
499,160,396
500,160,418
501,160,428
502,160,481
503,160,555
504,160,552
505,160,475
506,160,426
507,160,421
508,160,414
509,160,403
510,160,397
511,160,400
512,160,412
513,160,440
514,160,487
515,160,548
516,160,630
517,160,725
518,160,794
519,160,1012
520,160,1217
521,160,1061
522,160,1005
523,160,976
524,160,1210
525,160,936
526,160,770
527,160,623
528,160,627
529,160,736
530,160,920
531,160,1077
532,160,1088
533,160,882
534,160,661
535,160,540
536,160,439
537,160,356
538,160,305
539,160,287
540,160,293
541,160,300
542,160,306
543,160,323
544,160,344
545,160,368
546,160,391
547,160,421
548,160,436
549,160,422
550,160,412
551,160,465
552,160,519
553,160,484
554,160,427
555,160,384
556,160,361
557,160,348
558,160,336
559,160,309
560,160,302
561,160,300
562,160,300
563,160,302
564,160,307
565,160,315
566,160,325
567,160,337
568,160,346
569,160,349
570,160,347
571,160,339
572,160,329
573,160,331
490,161,338
491,161,315
492,161,323
493,161,348
494,161,351
495,161,347
496,161,343
497,161,348
498,161,362
499,161,382
500,161,405
501,161,444
502,161,507
503,161,585
504,161,585
505,161,515
506,161,501
507,161,511
508,161,488
509,161,456
510,161,449
511,161,456
512,161,470
513,161,500
514,161,535
515,161,569
516,161,601
517,161,649
518,161,788
519,161,1029
520,161,1267
521,161,1244
522,161,1231
523,161,1029
524,161,1038
525,161,1225
526,161,1002
527,161,774
528,161,740
529,161,820
530,161,1099
531,161,1482
532,161,1198
533,161,1052
534,161,835
535,161,644
536,161,496
537,161,380
538,161,344
539,161,339
540,161,344
541,161,348
542,161,346
543,161,361
544,161,388
545,161,424
546,161,449
547,161,501
548,161,534
549,161,489
550,161,426
551,161,491
552,161,608
553,161,500
554,161,419
555,161,372
556,161,347
557,161,330
558,161,302
559,161,289
560,161,286
561,161,285
562,161,287
563,161,290
564,161,294
565,161,300
566,161,308
567,161,316
568,161,324
569,161,330
570,161,332
571,161,326
572,161,306
573,161,257
490,162,374
491,162,353
492,162,368
493,162,370
494,162,365
495,162,357
496,162,351
497,162,353
498,162,366
499,162,386
500,162,415
501,162,454
502,162,501
503,162,544
504,162,552
505,162,536
506,162,603
507,162,653
508,162,591
509,162,526
510,162,530
511,162,534
512,162,546
513,162,600
514,162,643
515,162,649
516,162,627
517,162,653
518,162,743
519,162,904
520,162,1209
521,162,1561
522,162,1279
523,162,1076
524,162,1204
525,162,1317
526,162,1109
527,162,949
528,162,1007
529,162,965
530,162,1070
531,162,1265
532,162,1558
533,162,1416
534,162,1051
535,162,754
536,162,558
537,162,449
538,162,412
539,162,418
540,162,427
541,162,423
542,162,412
543,162,414
544,162,450
545,162,514
546,162,585
547,162,622
548,162,695
549,162,578
550,162,459
551,162,448
552,162,495
553,162,463
554,162,412
555,162,372
556,162,351
557,162,330
558,162,311
559,162,284
560,162,278
561,162,278
562,162,281
563,162,285
564,162,289
565,162,294
566,162,299
567,162,304
568,162,312
569,162,323
570,162,334
571,162,341
572,162,323
573,162,238
490,163,375
491,163,385
492,163,388
493,163,389
494,163,385
495,163,378
496,163,372
497,163,374
498,163,388
499,163,409
500,163,434
501,163,465
502,163,498
503,163,535
504,163,580
505,163,617
506,163,695
507,163,827
508,163,682
509,163,630
510,163,660
511,163,640
512,163,631
513,163,721
514,163,789
515,163,785
516,163,729
517,163,689
518,163,734
519,163,851
520,163,1063
521,163,1221
522,163,1107
523,163,1200
524,163,1589
525,163,1499
526,163,1450
527,163,1260
528,163,1414
529,163,1235
530,163,1314
531,163,1343
532,163,1587
533,163,1553
534,163,1154
535,163,823
536,163,613
537,163,555
538,163,526
539,163,551
540,163,563
541,163,535
542,163,498
543,163,499
544,163,527
545,163,621
546,163,759
547,163,764
548,163,715
549,163,581
550,163,455
551,163,408
552,163,465
553,163,502
554,163,470
555,163,415
556,163,369
557,163,337
558,163,316
559,163,302
560,163,298
561,163,297
562,163,301
563,163,305
564,163,309
565,163,312
566,163,314
567,163,302
568,163,310
569,163,331
570,163,365
571,163,406
572,163,425
573,163,327
490,164,369
491,164,379
492,164,395
493,164,408
494,164,415
495,164,412
496,164,406
497,164,407
498,164,427
499,164,451
500,164,471
501,164,495
502,164,531
503,164,573
504,164,651
505,164,724
506,164,684
507,164,714
508,164,668
509,164,737
510,164,840
511,164,757
512,164,712
513,164,875
514,164,993
515,164,962
516,164,873
517,164,852
518,164,833
519,164,841
520,164,1098
521,164,1304
522,164,1281
523,164,1120
524,164,1238
525,164,1461
526,164,1517
527,164,1679
528,164,1589
529,164,1397
530,164,1748
531,164,1842
532,164,2001
533,164,1945
534,164,1401
535,164,978
536,164,732
537,164,741
538,164,773
539,164,779
540,164,783
541,164,690
542,164,603
543,164,611
544,164,688
545,164,753
546,164,802
547,164,760
548,164,583
549,164,501
550,164,432
551,164,440
552,164,538
553,164,633
554,164,552
555,164,454
556,164,387
557,164,345
558,164,320
559,164,311
560,164,307
561,164,304
562,164,310
563,164,317
564,164,320
565,164,319
566,164,319
567,164,322
568,164,321
569,164,356
570,164,427
571,164,536
572,164,693
573,164,793
490,165,305
491,165,361
492,165,399
493,165,433
494,165,462
495,165,466
496,165,453
497,165,450
498,165,480
499,165,509
500,165,524
501,165,533
502,165,579
503,165,640
504,165,672
505,165,734
506,165,681
507,165,653
508,165,664
509,165,755
510,165,859
511,165,782
512,165,780
513,165,1040
514,165,1262
515,165,1177
516,165,1075
517,165,1101
518,165,1074
519,165,1009
520,165,1331
521,165,1729
522,165,1710
523,165,1284
524,165,1008
525,165,1149
526,165,1302
527,165,1776
528,165,2110
529,165,1810
530,165,1870
531,165,2065
532,165,2207
533,165,2146
534,165,1609
535,165,1144
536,165,931
537,165,1018
538,165,1148
539,165,1087
540,165,1068
541,165,856
542,165,725
543,165,739
544,165,882
545,165,1002
546,165,833
547,165,649
548,165,538
549,165,458
550,165,432
551,165,464
552,165,554
553,165,643
554,165,561
555,165,462
556,165,394
557,165,353
558,165,334
559,165,329
560,165,324
561,165,319
562,165,330
563,165,343
564,165,345
565,165,337
566,165,330
567,165,334
568,165,356
569,165,392
570,165,504
571,165,713
572,165,1002
573,165,1501
490,166,307
491,166,358
492,166,407
493,166,461
494,166,524
495,166,536
496,166,502
497,166,493
498,166,541
499,166,588
500,166,596
501,166,575
502,166,614
503,166,706
504,166,715
505,166,656
506,166,667
507,166,757
508,166,761
509,166,703
510,166,728
511,166,721
512,166,823
513,166,1071
514,166,1324
515,166,1423
516,166,1299
517,166,1446
518,166,1427
519,166,1244
520,166,1461
521,166,1839
522,166,1791
523,166,1370
524,166,1057
525,166,1016
526,166,1327
527,166,1842
528,166,2285
529,166,1937
530,166,1763
531,166,2235
532,166,2324
533,166,2269
534,166,1866
535,166,1362
536,166,1253
537,166,1364
538,166,1607
539,166,1204
540,166,1163
541,166,966
542,166,983
543,166,982
544,166,1094
545,166,1071
546,166,875
547,166,670
548,166,575
549,166,519
550,166,544
551,166,543
552,166,519
553,166,531
554,166,498
555,166,444
556,166,397
557,166,362
558,166,358
559,166,362
560,166,359
561,166,349
562,166,369
563,166,398
564,166,400
565,166,375
566,166,353
567,166,351
568,166,378
569,166,425
570,166,585
571,166,806
572,166,1108
573,166,1506
490,167,307
491,167,358
492,167,408
493,167,467
494,167,534
495,167,551
496,167,523
497,167,526
498,167,597
499,167,680
500,167,684
501,167,617
502,167,608
503,167,658
504,167,663
505,167,630
506,167,712
507,167,862
508,167,869
509,167,744
510,167,683
511,167,693
512,167,817
513,167,999
514,167,1244
515,167,1467
516,167,1383
517,167,1740
518,167,1740
519,167,1488
520,167,1786
521,167,2059
522,167,1814
523,167,1651
524,167,1400
525,167,1263
526,167,1603
527,167,2269
528,167,3041
529,167,2406
530,167,2120
531,167,2460
532,167,2697
533,167,2687
534,167,2595
535,167,1858
536,167,1610
537,167,1885
538,167,1422
539,167,1235
540,167,1365
541,167,1246
542,167,1376
543,167,1219
544,167,1448
545,167,1123
546,167,1069
547,167,879
548,167,688
549,167,627
550,167,714
551,167,706
552,167,588
553,167,483
554,167,476
555,167,476
556,167,442
557,167,401
558,167,398
559,167,423
560,167,424
561,167,405
562,167,426
563,167,488
564,167,492
565,167,434
566,167,389
567,167,375
568,167,397
569,167,444
570,167,613
571,167,837
572,167,1127
573,167,1450
490,168,319
491,168,358
492,168,402
493,168,448
494,168,491
495,168,512
496,168,515
497,168,544
498,168,612
499,168,694
500,168,700
501,168,634
502,168,599
503,168,621
504,168,625
505,168,611
506,168,684
507,168,773
508,168,805
509,168,828
510,168,836
511,168,818
512,168,994
513,168,1148
514,168,1251
515,168,1524
516,168,1418
517,168,1764
518,168,1742
519,168,1900
520,168,2120
521,168,2710
522,168,2231
523,168,2280
524,168,1872
525,168,1786
526,168,1753
527,168,2208
528,168,2576
529,168,2617
530,168,3084
531,168,3070
532,168,3053
533,168,2941
534,168,2825
535,168,2365
536,168,2204
537,168,1751
538,168,1575
539,168,1886
540,168,1932
541,168,1541
542,168,1873
543,168,1438
544,168,1205
545,168,1141
546,168,1413
547,168,1038
548,168,762
549,168,702
550,168,863
551,168,854
552,168,654
553,168,512
554,168,546
555,168,586
556,168,519
557,168,444
558,168,444
559,168,509
560,168,518
561,168,472
562,168,481
563,168,553
564,168,563
565,168,499
566,168,438
567,168,405
568,168,412
569,168,447
570,168,604
571,168,813
572,168,1112
573,168,1600
490,169,310
491,169,353
492,169,395
493,169,435
494,169,467
495,169,489
496,169,506
497,169,540
498,169,590
499,169,641
500,169,668
501,169,674
502,169,650
503,169,686
504,169,688
505,169,654
506,169,663
507,169,694
508,169,813
509,169,998
510,169,1055
511,169,989
512,169,1208
513,169,1448
514,169,1353
515,169,1410
516,169,1731
517,169,2213
518,169,2091
519,169,2382
520,169,1975
521,169,2238
522,169,2803
523,169,2834
524,169,2354
525,169,2562
526,169,2605
527,169,3031
528,169,3196
529,169,3571
530,169,4120
531,169,3494
532,169,3152
533,169,3203
534,169,3152
535,169,2989
536,169,3048
537,169,2809
538,169,2309
539,169,2612
540,169,2206
541,169,1644
542,169,1691
543,169,1581
544,169,1174
545,169,1010
546,169,1082
547,169,920
548,169,732
549,169,677
550,169,767
551,169,759
552,169,638
553,169,548
554,169,620
555,169,745
556,169,587
557,169,474
558,169,460
559,169,529
560,169,550
561,169,523
562,169,541
563,169,610
564,169,632
565,169,585
566,169,508
567,169,446
568,169,424
569,169,432
570,169,552
571,169,706
572,169,904
573,169,1162
490,170,272
491,170,346
492,170,400
493,170,444
494,170,478
495,170,500
496,170,517
497,170,545
498,170,593
499,170,664
500,170,759
501,170,774
502,170,726
503,170,811
504,170,813
505,170,753
506,170,775
507,170,740
508,170,811
509,170,1030
510,170,1279
511,170,1104
512,170,1253
513,170,1497
514,170,1473
515,170,1778
516,170,1842
517,170,1794
518,170,1754
519,170,1857
520,170,1701
521,170,1940
522,170,2392
523,170,2617
524,170,3409
525,170,3471
526,170,3465
527,170,3737
528,170,3931
529,170,4779
530,170,4143
531,170,3893
532,170,3993
533,170,4193
534,170,3732
535,170,3803
536,170,3171
537,170,2964
538,170,2430
539,170,2150
540,170,2069
541,170,1668
542,170,1455
543,170,1351
544,170,1089
545,170,887
546,170,888
547,170,803
548,170,688
549,170,644
550,170,677
551,170,668
552,170,611
553,170,566
554,170,601
555,170,630
556,170,553
557,170,471
558,170,447
559,170,486
560,170,524
561,170,564
562,170,634
563,170,730
564,170,771
565,170,723
566,170,614
567,170,505
568,170,438
569,170,408
570,170,476
571,170,560
572,170,632
573,170,610
490,171,271
491,171,335
492,171,420
493,171,482
494,171,532
495,171,556
496,171,568
497,171,580
498,171,609
499,171,671
500,171,766
501,171,789
502,171,779
503,171,913
504,171,921
505,171,876
506,171,948
507,171,823
508,171,743
509,171,912
510,171,1066
511,171,1041
512,171,1136
513,171,1351
514,171,1791
515,171,1944
516,171,1884
517,171,1598
518,171,1466
519,171,1470
520,171,1419
521,171,1632
522,171,1972
523,171,2654
524,171,3484
525,171,3612
526,171,3634
527,171,3538
528,171,3818
529,171,4777
530,171,5066
531,171,5242
532,171,5249
533,171,5098
534,171,4115
535,171,4226
536,171,3287
537,171,2983
538,171,2570
539,171,2187
540,171,2398
541,171,1944
542,171,1572
543,171,1329
544,171,1234
545,171,1081
546,171,1166
547,171,998
548,171,781
549,171,759
550,171,737
551,171,685
552,171,635
553,171,600
554,171,595
555,171,574
556,171,518
557,171,464
558,171,443
559,171,473
560,171,530
561,171,624
562,171,758
563,171,893
564,171,962
565,171,905
566,171,751
567,171,583
568,171,464
569,171,399
570,171,391
571,171,438
572,171,456
573,171,421
490,172,270
491,172,351
492,172,438
493,172,528
494,172,628
495,172,662
496,172,658
497,172,643
498,172,635
499,172,654
500,172,697
501,172,718
502,172,731
503,172,817
504,172,824
505,172,856
506,172,939
507,172,819
508,172,751
509,172,983
510,172,1174
511,172,1129
512,172,1125
513,172,1473
514,172,1929
515,172,2425
516,172,2052
517,172,1904
518,172,1668
519,172,1481
520,172,1375
521,172,1647
522,172,2131
523,172,2825
524,172,3578
525,172,3907
526,172,4186
527,172,4387
528,172,4833
529,172,5048
530,172,5961
531,172,6039
532,172,5875
533,172,5252
534,172,4342
535,172,4079
536,172,3261
537,172,3404
538,172,2683
539,172,2350
540,172,2513
541,172,1994
542,172,2051
543,172,1706
544,172,1600
545,172,1281
546,172,1555
547,172,1176
548,172,921
549,172,984
550,172,902
551,172,796
552,172,753
553,172,710
554,172,689
555,172,623
556,172,540
557,172,490
558,172,488
559,172,510
560,172,585
561,172,718
562,172,884
563,172,1047
564,172,1139
565,172,1072
566,172,875
567,172,654
568,172,489
569,172,397
570,172,343
571,172,338
572,172,339
573,172,282
490,173,270
491,173,381
492,173,501
493,173,654
494,173,759
495,173,806
496,173,794
497,173,743
498,173,696
499,173,684
500,173,729
501,173,788
502,173,736
503,173,694
504,173,692
505,173,725
506,173,753
507,173,724
508,173,822
509,173,1111
510,173,1483
511,173,1272
512,173,1204
513,173,1490
514,173,1849
515,173,2435
516,173,2505
517,173,2477
518,173,2164
519,173,1925
520,173,1871
521,173,2132
522,173,2463
523,173,3299
524,173,4262
525,173,4357
526,173,4532
527,173,5387
528,173,5287
529,173,5585
530,173,6345
531,173,6862
532,173,6631
533,173,5912
534,173,4849
535,173,4433
536,173,4027
537,173,4024
538,173,3211
539,173,3048
540,173,2867
541,173,2065
542,173,2102
543,173,1747
544,173,1619
545,173,1184
546,173,1222
547,173,1066
548,173,1022
549,173,1260
550,173,1045
551,173,978
552,173,899
553,173,844
554,173,853
555,173,737
556,173,606
557,173,557
558,173,570
559,173,579
560,173,654
561,173,809
562,173,956
563,173,1108
564,173,1215
565,173,1146
566,173,925
567,173,678
568,173,491
569,173,382
570,173,312
571,173,288
572,173,264
573,173,213
490,174,270
491,174,422
492,174,591
493,174,748
494,174,881
495,174,956
496,174,952
497,174,879
498,174,791
499,174,734
500,174,744
501,174,783
502,174,712
503,174,636
504,174,597
505,174,617
506,174,627
507,174,640
508,174,780
509,174,996
510,174,1198
511,174,1210
512,174,1314
513,174,1714
514,174,1914
515,174,2229
516,174,2566
517,174,2793
518,174,2832
519,174,2415
520,174,2478
521,174,2828
522,174,3029
523,174,3834
524,174,4303
525,174,4971
526,174,5245
527,174,5446
528,174,5691
529,174,6661
530,174,7599
531,174,8167
532,174,7879
533,174,7044
534,174,5870
535,174,5085
536,174,4852
537,174,4404
538,174,3924
539,174,3647
540,174,3109
541,174,2465
542,174,1830
543,174,1493
544,174,1356
545,174,1160
546,174,1079
547,174,923
548,174,942
549,174,1035
550,174,1003
551,174,1170
552,174,998
553,174,933
554,174,1032
555,174,816
556,174,643
557,174,623
558,174,675
559,174,643
560,174,691
561,174,873
562,174,934
563,174,1041
564,174,1147
565,174,1084
566,174,863
567,174,631
568,174,457
569,174,356
570,174,293
571,174,260
572,174,237
573,174,205
490,175,399
491,175,501
492,175,638
493,175,803
494,175,967
495,175,1081
496,175,1100
497,175,1017
498,175,909
499,175,780
500,175,713
501,175,686
502,175,639
503,175,586
504,175,553
505,175,560
506,175,571
507,175,612
508,175,709
509,175,847
510,175,1013
511,175,1261
512,175,1402
513,175,1687
514,175,1905
515,175,2034
516,175,2178
517,175,2899
518,175,3045
519,175,2895
520,175,3181
521,175,3400
522,175,3557
523,175,4054
524,175,4614
525,175,5384
526,175,6306
527,175,6857
528,175,7322
529,175,8633
530,175,9762
531,175,10332
532,175,9995
533,175,8998
534,175,7566
535,175,6520
536,175,5616
537,175,5047
538,175,4665
539,175,4137
540,175,3458
541,175,2977
542,175,2185
543,175,1637
544,175,1368
545,175,1387
546,175,1277
547,175,1019
548,175,1114
549,175,1025
550,175,1032
551,175,996
552,175,958
553,175,870
554,175,867
555,175,749
556,175,606
557,175,614
558,175,670
559,175,630
560,175,635
561,175,732
562,175,791
563,175,886
564,175,922
565,175,861
566,175,700
567,175,525
568,175,394
569,175,316
570,175,260
571,175,238
572,175,223
573,175,204
490,176,461
491,176,495
492,176,639
493,176,809
494,176,996
495,176,1149
496,176,1205
497,176,1115
498,176,1017
499,176,837
500,176,691
501,176,625
502,176,582
503,176,552
504,176,550
505,176,564
506,176,577
507,176,596
508,176,670
509,176,785
510,176,968
511,176,1224
512,176,1359
513,176,1641
514,176,1942
515,176,2262
516,176,2189
517,176,2521
518,176,3193
519,176,3238
520,176,3149
521,176,3020
522,176,3426
523,176,4179
524,176,5166
525,176,6081
526,176,7097
527,176,8519
528,176,10110
529,176,11753
530,176,13281
531,176,14143
532,176,13854
533,176,12464
534,176,10565
535,176,8644
536,176,7145
537,176,6320
538,176,5371
539,176,4619
540,176,3756
541,176,3093
542,176,2435
543,176,1813
544,176,1582
545,176,1525
546,176,1349
547,176,1063
548,176,1113
549,176,985
550,176,1003
551,176,1018
552,176,1000
553,176,834
554,176,718
555,176,670
556,176,585
557,176,546
558,176,558
559,176,556
560,176,570
561,176,628
562,176,680
563,176,767
564,176,709
565,176,621
566,176,517
567,176,407
568,176,324
569,176,275
570,176,234
571,176,222
572,176,214
573,176,204
490,177,466
491,177,512
492,177,612
493,177,768
494,177,955
495,177,1117
496,177,1191
497,177,1130
498,177,1011
499,177,829
500,177,682
501,177,614
502,177,572
503,177,552
504,177,592
505,177,637
506,177,659
507,177,665
508,177,750
509,177,838
510,177,906
511,177,1033
512,177,1160
513,177,1485
514,177,1827
515,177,1967
516,177,2175
517,177,2482
518,177,2692
519,177,2867
520,177,3135
521,177,3122
522,177,4073
523,177,4775
524,177,5844
525,177,7367
526,177,9266
527,177,11769
528,177,14204
529,177,15784
530,177,17813
531,177,19149
532,177,19039
533,177,17343
534,177,15300
535,177,12210
536,177,9456
537,177,7473
538,177,6078
539,177,5014
540,177,4256
541,177,3508
542,177,2834
543,177,2340
544,177,1966
545,177,1616
546,177,1299
547,177,1110
548,177,970
549,177,853
550,177,942
551,177,948
552,177,845
553,177,730
554,177,690
555,177,707
556,177,600
557,177,506
558,177,480
559,177,498
560,177,565
561,177,628
562,177,598
563,177,581
564,177,531
565,177,458
566,177,382
567,177,317
568,177,270
569,177,241
570,177,215
571,177,210
572,177,207
573,177,204
490,178,476
491,178,497
492,178,566
493,178,692
494,178,852
495,178,993
496,178,1062
497,178,1015
498,178,897
499,178,760
500,178,688
501,178,656
502,178,610
503,178,587
504,178,673
505,178,771
506,178,804
507,178,781
508,178,883
509,178,1018
510,178,1045
511,178,1043
512,178,1207
513,178,1282
514,178,1538
515,178,1987
516,178,2405
517,178,2516
518,178,2709
519,178,3668
520,178,4111
521,178,4218
522,178,5053
523,178,5790
524,178,7105
525,178,9200
526,178,12258
527,178,15876
528,178,18667
529,178,22005
530,178,25154
531,178,27349
532,178,27533
533,178,25145
534,178,20972
535,178,16980
536,178,12621
537,178,9255
538,178,7016
539,178,5550
540,178,4617
541,178,3966
542,178,3369
543,178,2838
544,178,2429
545,178,2025
546,178,1489
547,178,1411
548,178,1116
549,178,989
550,178,924
551,178,874
552,178,712
553,178,584
554,178,615
555,178,655
556,178,564
557,178,474
558,178,434
559,178,468
560,178,536
561,178,589
562,178,536
563,178,465
564,178,416
565,178,362
566,178,310
567,178,267
568,178,237
569,178,210
570,178,202
571,178,202
572,178,203
573,178,204
490,179,476
491,179,475
492,179,518
493,179,610
494,179,730
495,179,837
496,179,911
497,179,926
498,179,848
499,179,718
500,179,709
501,179,738
502,179,665
503,179,630
504,179,766
505,179,947
506,179,990
507,179,906
508,179,993
509,179,1191
510,179,1210
511,179,1247
512,179,1470
513,179,1376
514,179,1634
515,179,2038
516,179,2483
517,179,2993
518,179,2879
519,179,3735
520,179,3828
521,179,4207
522,179,4623
523,179,5629
524,179,7733
525,179,10939
526,179,15145
527,179,19171
528,179,24007
529,179,28840
530,179,33301
531,179,36609
532,179,37255
533,179,34214
534,179,28164
535,179,21230
536,179,15785
537,179,10944
538,179,7744
539,179,5715
540,179,4521
541,179,3761
542,179,3377
543,179,2900
544,179,2511
545,179,2104
546,179,1545
547,179,1436
548,179,1094
549,179,1219
550,179,907
551,179,696
552,179,587
553,179,490
554,179,499
555,179,510
556,179,474
557,179,428
558,179,405
559,179,430
560,179,472
561,179,494
562,179,465
563,179,413
564,179,362
565,179,319
566,179,279
567,179,245
568,179,212
569,179,199
570,179,196
571,179,197
572,179,199
573,179,204
490,180,458
491,180,456
492,180,482
493,180,546
494,180,629
495,180,704
496,180,767
497,180,804
498,180,757
499,180,658
500,180,677
501,180,723
502,180,664
503,180,647
504,180,801
505,180,997
506,180,1048
507,180,960
508,180,984
509,180,1069
510,180,1069
511,180,1213
512,180,1431
513,180,1333
514,180,1746
515,180,2420
516,180,2820
517,180,2845
518,180,3031
519,180,3253
520,180,3826
521,180,3660
522,180,4568
523,180,5906
524,180,8451
525,180,12404
526,180,16647
527,180,22263
528,180,28201
529,180,34016
530,180,39546
531,180,43901
532,180,45109
533,180,41681
534,180,34242
535,180,25242
536,180,17245
537,180,11320
538,180,7939
539,180,5522
540,180,4107
541,180,3288
542,180,2892
543,180,2523
544,180,2197
545,180,1834
546,180,1383
547,180,1172
548,180,948
549,180,931
550,180,772
551,180,626
552,180,578
553,180,495
554,180,426
555,180,417
556,180,405
557,180,390
558,180,396
559,180,410
560,180,421
561,180,429
562,180,414
563,180,382
564,180,344
565,180,306
566,180,270
567,180,228
568,180,208
569,180,198
570,180,194
571,180,193
572,180,193
573,180,193
490,181,461
491,181,449
492,181,459
493,181,506
494,181,557
495,181,596
496,181,632
497,181,650
498,181,626
499,181,578
500,181,591
501,181,611
502,181,605
503,181,631
504,181,770
505,181,914
506,181,973
507,181,937
508,181,919
509,181,910
510,181,877
511,181,976
512,181,1058
513,181,1062
514,181,1446
515,181,1806
516,181,2147
517,181,2596
518,181,2705
519,181,2805
520,181,3482
521,181,3553
522,181,4316
523,181,6068
524,181,8887
525,181,13212
526,181,17655
527,181,23524
528,181,29502
529,181,35342
530,181,41103
531,181,45910
532,181,47550
533,181,44219
534,181,36413
535,181,26703
536,181,17862
537,181,11351
538,181,7643
539,181,5060
540,181,3544
541,181,2720
542,181,2326
543,181,2052
544,181,1817
545,181,1537
546,181,1193
547,181,966
548,181,787
549,181,715
550,181,649
551,181,716
552,181,690
553,181,541
554,181,436
555,181,378
556,181,375
557,181,392
558,181,416
559,181,424
560,181,413
561,181,400
562,181,384
563,181,364
564,181,337
565,181,303
566,181,257
567,181,230
568,181,212
569,181,201
570,181,195
571,181,192
572,181,189
573,181,183
490,182,470
491,182,450
492,182,442
493,182,464
494,182,494
495,182,519
496,182,536
497,182,545
498,182,533
499,182,513
500,182,521
501,182,534
502,182,553
503,182,604
504,182,725
505,182,841
506,182,900
507,182,886
508,182,844
509,182,789
510,182,730
511,182,760
512,182,777
513,182,804
514,182,1062
515,182,1261
516,182,1519
517,182,1931
518,182,2071
519,182,2400
520,182,3155
521,182,3943
522,182,4568
523,182,5946
524,182,8601
525,182,12805
526,182,16985
527,182,22264
528,182,27358
529,182,32191
530,182,37057
531,182,41325
532,182,42980
533,182,40239
534,182,33370
535,182,24617
536,182,16547
537,182,10420
538,182,6897
539,182,4510
540,182,3082
541,182,2211
542,182,1840
543,182,1703
544,182,1599
545,182,1384
546,182,1098
547,182,831
548,182,672
549,182,593
550,182,617
551,182,713
552,182,692
553,182,543
554,182,438
555,182,376
556,182,377
557,182,408
558,182,459
559,182,462
560,182,418
561,182,387
562,182,368
563,182,351
564,182,328
565,182,286
566,182,261
567,182,239
568,182,221
569,182,208
570,182,199
571,182,194
572,182,191
573,182,187
490,183,510
491,183,454
492,183,416
493,183,433
494,183,453
495,183,470
496,183,480
497,183,482
498,183,477
499,183,469
500,183,475
501,183,488
502,183,515
503,183,572
504,183,676
505,183,773
506,183,825
507,183,813
508,183,759
509,183,686
510,183,622
511,183,604
512,183,600
513,183,658
514,183,778
515,183,920
516,183,1207
517,183,1563
518,183,1846
519,183,2438
520,183,3385
521,183,3720
522,183,4267
523,183,5356
524,183,7559
525,183,11174
526,183,14766
527,183,18962
528,183,22741
529,183,26026
530,183,29249
531,183,32170
532,183,33376
533,183,31443
534,183,26411
535,183,19970
536,183,14405
537,183,9269
538,183,6018
539,183,4051
540,183,2646
541,183,1965
542,183,1666
543,183,1613
544,183,1658
545,183,1407
546,183,1081
547,183,810
548,183,607
549,183,549
550,183,557
551,183,588
552,183,568
553,183,492
554,183,423
555,183,376
556,183,384
557,183,410
558,183,455
559,183,453
560,183,403
561,183,365
562,183,344
563,183,331
564,183,316
565,183,285
566,183,283
567,183,265
568,183,246
569,183,231
570,183,217
571,183,202
572,183,196
573,183,187
490,184,518
491,184,438
492,184,404
493,184,401
494,184,424
495,184,435
496,184,443
497,184,442
498,184,439
499,184,436
500,184,442
501,184,454
502,184,482
503,184,535
504,184,619
505,184,697
506,184,736
507,184,720
508,184,659
509,184,589
510,184,533
511,184,501
512,184,495
513,184,538
514,184,625
515,184,865
516,184,1233
517,184,1771
518,184,2207
519,184,2041
520,184,2694
521,184,2955
522,184,3331
523,184,4269
524,184,6211
525,184,8994
526,184,12390
527,184,14991
528,184,17504
529,184,19342
530,184,20898
531,184,22310
532,184,22849
533,184,21604
534,184,18523
535,184,15101
536,184,10776
537,184,7225
538,184,5260
539,184,3744
540,184,2586
541,184,1997
542,184,1753
543,184,1648
544,184,1931
545,184,1456
546,184,1051
547,184,768
548,184,629
549,184,533
550,184,511
551,184,509
552,184,489
553,184,451
554,184,413
555,184,413
556,184,414
557,184,401
558,184,404
559,184,393
560,184,366
561,184,342
562,184,321
563,184,311
564,184,307
565,184,298
566,184,288
567,184,274
568,184,258
569,184,243
570,184,232
571,184,224
572,184,210
573,184,212
490,185,442
491,185,427
492,185,403
493,185,391
494,185,390
495,185,394
496,185,409
497,185,401
498,185,405
499,185,398
500,185,411
501,185,424
502,185,448
503,185,491
504,185,556
505,185,612
506,185,636
507,185,617
508,185,568
509,185,514
510,185,475
511,185,462
512,185,496
513,185,574
514,185,678
515,185,822
516,185,1144
517,185,1747
518,185,2114
519,185,1593
520,185,1551
521,185,2043
522,185,2570
523,185,3614
524,185,4820
525,185,6906
526,185,9455
527,185,11947
528,185,13744
529,185,14629
530,185,14770
531,185,15325
532,185,15300
533,185,14435
534,185,12540
535,185,10048
536,185,7400
537,185,5254
538,185,4049
539,185,3328
540,185,2732
541,185,2115
542,185,1895
543,185,1637
544,185,1501
545,185,1236
546,185,943
547,185,812
548,185,714
549,185,605
550,185,525
551,185,507
552,185,478
553,185,465
554,185,452
555,185,476
556,185,490
557,185,446
558,185,390
559,185,352
560,185,330
561,185,313
562,185,296
563,185,290
564,185,293
565,185,292
566,185,290
567,185,285
568,185,273
569,185,257
570,185,244
571,185,237
572,185,231
573,185,213
490,186,422
491,186,428
492,186,414
493,186,395
494,186,383
495,186,375
496,186,364
497,186,357
498,186,354
499,186,356
500,186,362
501,186,373
502,186,391
503,186,423
504,186,484
505,186,531
506,186,544
507,186,526
508,186,495
509,186,470
510,186,468
511,186,488
512,186,527
513,186,675
514,186,861
515,186,1028
516,186,1328
517,186,1691
518,186,1458
519,186,1640
520,186,1314
521,186,1383
522,186,2215
523,186,3153
524,186,3887
525,186,5129
526,186,6911
527,186,8748
528,186,9901
529,186,10191
530,186,9968
531,186,9668
532,186,9315
533,186,8758
534,186,7764
535,186,6454
536,186,4947
537,186,3659
538,186,2832
539,186,2393
540,186,2075
541,186,1719
542,186,1646
543,186,1946
544,186,1464
545,186,1173
546,186,1007
547,186,1008
548,186,862
549,186,692
550,186,607
551,186,601
552,186,551
553,186,548
554,186,536
555,186,557
556,186,610
557,186,512
558,186,407
559,186,342
560,186,305
561,186,289
562,186,275
563,186,276
564,186,280
565,186,286
566,186,298
567,186,311
568,186,304
569,186,278
570,186,258
571,186,250
572,186,249
573,186,243
490,187,548
491,187,476
492,187,432
493,187,402
494,187,381
495,187,365
496,187,351
497,187,342
498,187,339
499,187,341
500,187,348
501,187,358
502,187,372
503,187,397
504,187,449
505,187,472
506,187,478
507,187,467
508,187,448
509,187,455
510,187,502
511,187,577
512,187,647
513,187,789
514,187,1093
515,187,1374
516,187,1308
517,187,1623
518,187,1344
519,187,1215
520,187,1201
521,187,1609
522,187,1876
523,187,2348
524,187,2844
525,187,3652
526,187,4936
527,187,6194
528,187,6895
529,187,6950
530,187,6640
531,187,6186
532,187,5763
533,187,5475
534,187,4898
535,187,4281
536,187,3490
537,187,2843
538,187,2349
539,187,1953
540,187,1619
541,187,1312
542,187,1350
543,187,1458
544,187,1227
545,187,1057
546,187,1169
547,187,1291
548,187,982
549,187,753
550,187,723
551,187,772
552,187,686
553,187,667
554,187,638
555,187,579
556,187,619
557,187,515
558,187,405
559,187,335
560,187,297
561,187,276
562,187,252
563,187,266
564,187,273
565,187,285
566,187,313
567,187,355
568,187,352
569,187,305
570,187,273
571,187,260
572,187,258
573,187,247
490,188,548
491,188,500
492,188,455
493,188,418
494,188,390
495,188,368
496,188,350
497,188,339
498,188,336
499,188,339
500,188,346
501,188,356
502,188,372
503,188,409
504,188,429
505,188,441
506,188,449
507,188,452
508,188,450
509,188,456
510,188,565
511,188,725
512,188,860
513,188,834
514,188,1125
515,188,1414
516,188,1194
517,188,1173
518,188,1043
519,188,955
520,188,1321
521,188,1902
522,188,1995
523,188,1745
524,188,1877
525,188,2557
526,188,3424
527,188,4247
528,188,4686
529,188,4712
530,188,4446
531,188,4170
532,188,3873
533,188,3766
534,188,3362
535,188,3045
536,188,3019
537,188,2447
538,188,1933
539,188,1572
540,188,1295
541,188,1076
542,188,1071
543,188,1082
544,188,983
545,188,875
546,188,962
547,188,1004
548,188,873
549,188,709
550,188,806
551,188,985
552,188,782
553,188,701
554,188,661
555,188,566
556,188,526
557,188,460
558,188,384
559,188,327
560,188,293
561,188,274
562,188,266
563,188,267
564,188,272
565,188,287
566,188,319
567,188,365
568,188,366
569,188,320
570,188,286
571,188,270
572,188,264
573,188,247
490,189,553
491,189,527
492,189,475
493,189,431
494,189,397
495,189,372
496,189,353
497,189,342
498,189,340
499,189,344
500,189,352
501,189,367
502,189,401
503,189,415
504,189,425
505,189,438
506,189,458
507,189,487
508,189,517
509,189,528
510,189,617
511,189,849
512,189,1154
513,189,935
514,189,1083
515,189,1443
516,189,1095
517,189,853
518,189,806
519,189,869
520,189,1164
521,189,1521
522,189,1571
523,189,1392
524,189,1411
525,189,1739
526,189,2279
527,189,2828
528,189,3159
529,189,3232
530,189,3209
531,189,2985
532,189,2822
533,189,2942
534,189,3015
535,189,2573
536,189,2387
537,189,2157
538,189,2065
539,189,1569
540,189,1198
541,189,967
542,189,894
543,189,865
544,189,808
545,189,753
546,189,779
547,189,778
548,189,725
549,189,659
550,189,734
551,189,802
552,189,720
553,189,644
554,189,650
555,189,617
556,189,524
557,189,436
558,189,376
559,189,329
560,189,304
561,189,287
562,189,278
563,189,274
564,189,279
565,189,292
566,189,317
567,189,345
568,189,349
569,189,326
570,189,300
571,189,282
572,189,271
573,189,250
490,190,713
491,190,583
492,190,495
493,190,437
494,190,399
495,190,373
496,190,355
497,190,346
498,190,347
499,190,356
500,190,368
501,190,402
502,190,420
503,190,430
504,190,436
505,190,454
506,190,492
507,190,563
508,190,654
509,190,659
510,190,609
511,190,767
512,190,919
513,190,872
514,190,933
515,190,1068
516,190,936
517,190,759
518,190,664
519,190,739
520,190,903
521,190,1043
522,190,1015
523,190,1001
524,190,1087
525,190,1268
526,190,1655
527,190,2049
528,190,2299
529,190,2474
530,190,2618
531,190,2238
532,190,2092
533,190,2309
534,190,2251
535,190,2084
536,190,1826
537,190,1542
538,190,1570
539,190,1354
540,190,1095
541,190,904
542,190,787
543,190,741
544,190,691
545,190,656
546,190,651
547,190,635
548,190,608
549,190,587
550,190,626
551,190,653
552,190,633
553,190,644
554,190,735
555,190,716
556,190,576
557,190,470
558,190,406
559,190,373
560,190,341
561,190,315
562,190,299
563,190,291
564,190,293
565,190,305
566,190,327
567,190,348
568,190,355
569,190,341
570,190,318
571,190,295
572,190,266
573,190,265
490,191,774
491,191,606
492,191,498
493,191,433
494,191,395
495,191,370
496,191,356
497,191,354
498,191,360
499,191,392
500,191,408
501,191,425
502,191,442
503,191,458
504,191,470
505,191,480
506,191,527
507,191,629
508,191,789
509,191,793
510,191,661
511,191,746
512,191,965
513,191,972
514,191,806
515,191,805
516,191,761
517,191,679
518,191,662
519,191,793
520,191,1044
521,191,1274
522,191,1095
523,191,919
524,191,892
525,191,1026
526,191,1323
527,191,1671
528,191,1943
529,191,2049
530,191,2027
531,191,1802
532,191,1869
533,191,2213
534,191,2028
535,191,1884
536,191,1462
537,191,1304
538,191,1411
539,191,1212
540,191,986
541,191,828
542,191,718
543,191,653
544,191,604
545,191,578
546,191,561
547,191,540
548,191,520
549,191,512
550,191,533
551,191,552
552,191,560
553,191,611
554,191,675
555,191,666
556,191,580
557,191,492
558,191,470
559,191,450
560,191,400
561,191,353
562,191,325
563,191,313
564,191,313
565,191,327
566,191,349
567,191,370
568,191,377
569,191,364
570,191,338
571,191,308
572,191,270
573,191,264
490,192,723
491,192,583
492,192,483
493,192,422
494,192,391
495,192,372
496,192,366
497,192,388
498,192,397
499,192,413
500,192,430
501,192,448
502,192,465
503,192,496
504,192,527
505,192,545
506,192,553
507,192,635
508,192,719
509,192,724
510,192,644
511,192,701
512,192,828
513,192,837
514,192,725
515,192,650
516,192,637
517,192,606
518,192,642
519,192,785
520,192,1038
521,192,1268
522,192,1084
523,192,887
524,192,813
525,192,876
526,192,1107
527,192,1387
528,192,1623
529,192,1588
530,192,1638
531,192,1601
532,192,1577
533,192,1774
534,192,1755
535,192,1551
536,192,1251
537,192,1180
538,192,1306
539,192,1126
540,192,914
541,192,765
542,192,657
543,192,586
544,192,543
545,192,517
546,192,496
547,192,474
548,192,450
549,192,448
550,192,460
551,192,479
552,192,508
553,192,556
554,192,598
555,192,601
556,192,565
557,192,531
558,192,542
559,192,553
560,192,468
561,192,392
562,192,354
563,192,341
564,192,338
565,192,358
566,192,387
567,192,410
568,192,412
569,192,391
570,192,355
571,192,316
572,192,267
573,192,245
490,193,683
491,193,542
492,193,458
493,193,415
494,193,411
495,193,405
496,193,407
497,193,413
498,193,421
499,193,434
500,193,455
501,193,481
502,193,504
503,193,540
504,193,604
505,193,656
506,193,628
507,193,709
508,193,862
509,193,722
510,193,623
511,193,634
512,193,673
513,193,689
514,193,637
515,193,583
516,193,551
517,193,553
518,193,574
519,193,691
520,193,834
521,193,948
522,193,901
523,193,810
524,193,758
525,193,852
526,193,987
527,193,1084
528,193,1218
529,193,1261
530,193,1450
531,193,1475
532,193,1293
533,193,1448
534,193,1687
535,193,1330
536,193,1039
537,193,936
538,193,987
539,193,952
540,193,811
541,193,689
542,193,600
543,193,539
544,193,497
545,193,472
546,193,451
547,193,429
548,193,408
549,193,401
550,193,405
551,193,423
552,193,458
553,193,503
554,193,540
555,193,555
556,193,543
557,193,544
558,193,560
559,193,571
560,193,489
561,193,429
562,193,395
563,193,369
564,193,359
565,193,384
566,193,423
567,193,452
568,193,443
569,193,408
570,193,363
571,193,317
572,193,260
573,193,226
490,194,521
491,194,467
492,194,431
493,194,430
494,194,428
495,194,435
496,194,440
497,194,445
498,194,454
499,194,463
500,194,487
501,194,528
502,194,561
503,194,568
504,194,663
505,194,793
506,194,682
507,194,672
508,194,725
509,194,677
510,194,655
511,194,723
512,194,725
513,194,647
514,194,573
515,194,528
516,194,539
517,194,570
518,194,606
519,194,622
520,194,627
521,194,727
522,194,750
523,194,747
524,194,774
525,194,909
526,194,1077
527,194,1107
528,194,1024
529,194,1040
530,194,1232
531,194,1465
532,194,1265
533,194,1292
534,194,1333
535,194,1188
536,194,1077
537,194,902
538,194,1017
539,194,995
540,194,786
541,194,642
542,194,554
543,194,499
544,194,465
545,194,440
546,194,418
547,194,398
548,194,378
549,194,367
550,194,365
551,194,383
552,194,414
553,194,454
554,194,492
555,194,516
556,194,523
557,194,526
558,194,522
559,194,505
560,194,483
561,194,496
562,194,440
563,194,391
564,194,370
565,194,398
566,194,450
567,194,494
568,194,462
569,194,410
570,194,359
571,194,311
572,194,254
573,194,220
490,195,346
491,195,397
492,195,427
493,195,439
494,195,457
495,195,471
496,195,481
497,195,485
498,195,499
499,195,508
500,195,521
501,195,580
502,195,643
503,195,609
504,195,626
505,195,675
506,195,636
507,195,600
508,195,624
509,195,632
510,195,713
511,195,816
512,195,807
513,195,661
514,195,558
515,195,505
516,195,538
517,195,614
518,195,715
519,195,722
520,195,642
521,195,615
522,195,642
523,195,703
524,195,809
525,195,954
526,195,1089
527,195,1086
528,195,962
529,195,943
530,195,1077
531,195,1249
532,195,1278
533,195,1449
534,195,1253
535,195,1277
536,195,1210
537,195,929
538,195,866
539,195,827
540,195,694
541,195,583
542,195,511
543,195,468
544,195,441
545,195,417
546,195,373
547,195,353
548,195,335
549,195,323
550,195,320
551,195,349
552,195,374
553,195,410
554,195,445
555,195,471
556,195,489
557,195,490
558,195,478
559,195,462
560,195,475
561,195,498
562,195,443
563,195,392
564,195,370
565,195,393
566,195,440
567,195,479
568,195,445
569,195,393
570,195,345
571,195,302
572,195,250
573,195,223
490,196,338
491,196,379
492,196,425
493,196,453
494,196,485
495,196,512
496,196,529
497,196,529
498,196,553
499,196,574
500,196,550
501,196,585
502,196,643
503,196,600
504,196,563
505,196,584
506,196,576
507,196,559
508,196,577
509,196,630
510,196,717
511,196,800
512,196,714
513,196,610
514,196,524
515,196,487
516,196,525
517,196,635
518,196,815
519,196,822
520,196,662
521,196,589
522,196,597
523,196,673
524,196,801
525,196,952
526,196,1064
527,196,971
528,196,869
529,196,854
530,196,946
531,196,1071
532,196,1203
533,196,1225
534,196,1163
535,196,1147
536,196,1142
537,196,923
538,196,729
539,196,663
540,196,591
541,196,525
542,196,477
543,196,446
544,196,425
545,196,401
546,196,359
547,196,339
548,196,322
549,196,308
550,196,301
551,196,306
552,196,322
553,196,366
554,196,397
555,196,423
556,196,443
557,196,447
558,196,437
559,196,429
560,196,431
561,196,432
562,196,407
563,196,381
564,196,373
565,196,382
566,196,404
567,196,418
568,196,401
569,196,366
570,196,329
571,196,293
572,196,247
573,196,223
490,197,373
491,197,399
492,197,434
493,197,472
494,197,508
495,197,546
496,197,579
497,197,564
498,197,592
499,197,656
500,197,574
501,197,543
502,197,559
503,197,547
504,197,528
505,197,532
506,197,534
507,197,537
508,197,574
509,197,646
510,197,757
511,197,758
512,197,630
513,197,536
514,197,480
515,197,469
516,197,480
517,197,568
518,197,674
519,197,679
520,197,589
521,197,537
522,197,543
523,197,638
524,197,771
525,197,919
526,197,950
527,197,854
528,197,799
529,197,784
530,197,837
531,197,922
532,197,1021
533,197,1024
534,197,964
535,197,1028
536,197,1121
537,197,917
538,197,707
539,197,583
540,197,527
541,197,487
542,197,456
543,197,434
544,197,413
545,197,371
546,197,349
547,197,332
548,197,314
549,197,300
550,197,291
551,197,291
552,197,298
553,197,315
554,197,334
555,197,356
556,197,394
557,197,404
558,197,401
559,197,396
560,197,394
561,197,391
562,197,383
563,197,386
564,197,403
565,197,406
566,197,394
567,197,383
568,197,370
569,197,347
570,197,320
571,197,288
572,197,247
573,197,222
490,198,378
491,198,408
492,198,443
493,198,478
494,198,511
495,198,548
496,198,577
497,198,557
498,198,561
499,198,578
500,198,539
501,198,502
502,198,501
503,198,501
504,198,498
505,198,500
506,198,507
507,198,519
508,198,555
509,198,609
510,198,670
511,198,659
512,198,573
513,198,498
514,198,480
515,198,505
516,198,524
517,198,505
518,198,526
519,198,523
520,198,491
521,198,472
522,198,491
523,198,581
524,198,706
525,198,853
526,198,880
527,198,793
528,198,735
529,198,713
530,198,750
531,198,802
532,198,852
533,198,888
534,198,987
535,198,1009
536,198,1141
537,198,884
538,198,682
539,198,563
540,198,500
541,198,468
542,198,447
543,198,429
544,198,408
545,198,366
546,198,346
547,198,327
548,198,309
549,198,294
550,198,286
551,198,283
552,198,287
553,198,297
554,198,310
555,198,324
556,198,340
557,198,368
558,198,373
559,198,373
560,198,373
561,198,375
562,198,385
563,198,412
564,198,453
565,198,454
566,198,414
567,198,385
568,198,365
569,198,346
570,198,320
571,198,279
572,198,253
573,198,225
490,199,390
491,199,421
492,199,446
493,199,475
494,199,502
495,199,527
496,199,536
497,199,523
498,199,517
499,199,516
500,199,496
501,199,474
502,199,467
503,199,471
504,199,478
505,199,493
506,199,510
507,199,525
508,199,534
509,199,555
510,199,572
511,199,560
512,199,516
513,199,474
514,199,491
515,199,565
516,199,636
517,199,550
518,199,465
519,199,426
520,199,419
521,199,419
522,199,449
523,199,516
524,199,595
525,199,693
526,199,717
527,199,687
528,199,659
529,199,649
530,199,672
531,199,707
532,199,751
533,199,835
534,199,954
535,199,964
536,199,930
537,199,790
538,199,645
539,199,549
540,199,494
541,199,464
542,199,445
543,199,426
544,199,387
545,199,365
546,199,347
547,199,327
548,199,308
549,199,293
550,199,284
551,199,282
552,199,285
553,199,294
554,199,305
555,199,315
556,199,323
557,199,331
558,199,353
559,199,358
560,199,365
561,199,376
562,199,395
563,199,426
564,199,467
565,199,468
566,199,428
567,199,401
568,199,384
569,199,366
570,199,325
571,199,299
572,199,275
573,199,254
490,200,417
491,200,432
492,200,450
493,200,478
494,200,511
495,200,542
496,200,542
497,200,512
498,200,488
499,200,478
500,200,464
501,200,450
502,200,446
503,200,454
504,200,472
505,200,498
506,200,528
507,200,556
508,200,556
509,200,530
510,200,504
511,200,499
512,200,504
513,200,499
514,200,481
515,200,562
516,200,636
517,200,550
518,200,455
519,200,399
520,200,377
521,200,390
522,200,437
523,200,513
524,200,603
525,200,637
526,200,605
527,200,578
528,200,574
529,200,577
530,200,599
531,200,635
532,200,684
533,200,748
534,200,810
535,200,906
536,200,1029
537,200,812
538,200,646
539,200,548
540,200,495
541,200,467
542,200,448
543,200,406
544,200,388
545,200,372
546,200,353
547,200,332
548,200,311
549,200,295
550,200,286
551,200,285
552,200,290
553,200,301
554,200,314
555,200,323
556,200,327
557,200,327
558,200,328
559,200,333
560,200,361
561,200,379
562,200,397
563,200,419
564,200,441
565,200,445
566,200,433
567,200,425
568,200,421
569,200,409
570,200,368
571,200,341
572,200,308
573,200,254
490,201,428
491,201,438
492,201,452
493,201,480
494,201,519
495,201,568
496,201,567
497,201,517
498,201,482
499,201,458
500,201,444
501,201,434
502,201,434
503,201,449
504,201,473
505,201,505
506,201,551
507,201,609
508,201,604
509,201,537
510,201,490
511,201,493
512,201,532
513,201,569
514,201,514
515,201,506
516,201,524
517,201,487
518,201,430
519,201,387
520,201,365
521,201,380
522,201,427
523,201,512
524,201,634
525,201,651
526,201,566
527,201,517
528,201,502
529,201,508
530,201,536
531,201,579
532,201,624
533,201,678
534,201,756
535,201,863
536,201,878
537,201,736
538,201,612
539,201,532
540,201,488
541,201,465
542,201,450
543,201,409
544,201,395
545,201,380
546,201,361
547,201,340
548,201,319
549,201,302
550,201,292
551,201,292
552,201,300
553,201,315
554,201,331
555,201,342
556,201,342
557,201,335
558,201,329
559,201,329
560,201,339
561,201,374
562,201,391
563,201,407
564,201,422
565,201,435
566,201,446
567,201,460
568,201,469
569,201,449
570,201,435
571,201,409
572,201,374
573,201,329
490,202,417
491,202,435
492,202,451
493,202,476
494,202,506
495,202,536
496,202,535
497,202,505
498,202,476
499,202,452
500,202,434
501,202,428
502,202,436
503,202,453
504,202,474
505,202,508
506,202,552
507,202,606
508,202,595
509,202,523
510,202,472
511,202,479
512,202,528
513,202,578
514,202,532
515,202,481
516,202,471
517,202,446
518,202,410
519,202,377
520,202,357
521,202,369
522,202,405
523,202,467
524,202,539
525,202,548
526,202,498
527,202,460
528,202,447
529,202,458
530,202,488
531,202,537
532,202,588
533,202,640
534,202,704
535,202,809
536,202,933
537,202,750
538,202,607
539,202,522
540,202,478
541,202,458
542,202,446
543,202,409
544,202,398
545,202,386
546,202,369
547,202,348
548,202,327
549,202,310
550,202,300
551,202,300
552,202,310
553,202,329
554,202,349
555,202,360
556,202,356
557,202,344
558,202,332
559,202,327
560,202,332
561,202,363
562,202,377
563,202,394
564,202,412
565,202,436
566,202,465
567,202,495
568,202,504
569,202,523
570,202,523
571,202,496
572,202,461
573,202,448
490,203,401
491,203,429
492,203,447
493,203,468
494,203,487
495,203,501
496,203,501
497,203,488
498,203,469
499,203,451
500,203,436
501,203,435
502,203,450
503,203,475
504,203,498
505,203,510
506,203,533
507,203,548
508,203,531
509,203,486
510,203,451
511,203,460
512,203,501
513,203,541
514,203,574
515,203,539
516,203,487
517,203,441
518,203,408
519,203,376
520,203,356
521,203,359
522,203,380
523,203,413
524,203,444
525,203,449
526,203,430
527,203,412
528,203,409
529,203,425
530,203,457
531,203,513
532,203,568
533,203,620
534,203,675
535,203,739
536,203,773
537,203,683
538,203,574
539,203,500
540,203,459
541,203,442
542,203,433
543,203,400
544,203,393
545,203,385
546,203,371
547,203,353
548,203,334
549,203,318
550,203,308
551,203,307
552,203,316
553,203,336
554,203,357
555,203,368
556,203,362
557,203,346
558,203,330
559,203,321
560,203,321
561,203,328
562,203,340
563,203,375
564,203,399
565,203,431
566,203,473
567,203,503
568,203,588
569,203,638
570,203,648
571,203,614
572,203,549
573,203,450
490,204,416
491,204,423
492,204,439
493,204,458
494,204,470
495,204,478
496,204,480
497,204,477
498,204,469
499,204,459
500,204,449
501,204,453
502,204,477
503,204,516
504,204,549
505,204,547
506,204,528
507,204,516
508,204,492
509,204,459
510,204,438
511,204,456
512,204,520
513,204,617
514,204,719
515,204,641
516,204,555
517,204,483
518,204,429
519,204,389
520,204,364
521,204,359
522,204,366
523,204,379
524,204,391
525,204,395
526,204,389
527,204,384
528,204,388
529,204,404
530,204,417
531,204,497
532,204,556
533,204,605
534,204,644
535,204,671
536,204,667
537,204,610
538,204,523
539,204,466
540,204,432
541,204,417
542,204,410
543,204,381
544,204,378
545,204,375
546,204,366
547,204,352
548,204,338
549,204,324
550,204,315
551,204,311
552,204,318
553,204,334
554,204,351
555,204,360
556,204,354
557,204,338
558,204,323
559,204,314
560,204,311
561,204,314
562,204,321
563,204,335
564,204,357
565,204,391
566,204,446
567,204,540
568,204,625
569,204,693
570,204,717
571,204,680
572,204,594
573,204,478
490,205,411
491,205,411
492,205,407
493,205,442
494,205,454
495,205,463
496,205,469
497,205,477
498,205,483
499,205,482
500,205,473
501,205,476
502,205,510
503,205,569
504,205,624
505,205,600
506,205,556
507,205,515
508,205,481
509,205,451
510,205,440
511,205,476
512,205,558
513,205,666
514,205,742
515,205,706
516,205,629
517,205,538
518,205,465
519,205,416
520,205,388
521,205,376
522,205,371
523,205,370
524,205,368
525,205,373
526,205,372
527,205,372
528,205,375
529,205,384
530,205,403
531,205,481
532,205,543
533,205,591
534,205,617
535,205,635
536,205,639
537,205,612
538,205,538
539,205,465
540,205,417
541,205,394
542,205,384
543,205,359
544,205,360
545,205,361
546,205,359
547,205,350
548,205,341
549,205,331
550,205,321
551,205,314
552,205,316
553,205,325
554,205,337
555,205,343
556,205,338
557,205,326
558,205,314
559,205,306
560,205,303
561,205,303
562,205,307
563,205,317
564,205,336
565,205,372
566,205,452
567,205,534
568,205,626
569,205,713
570,205,754
571,205,722
572,205,631
573,205,502
490,206,361
491,206,378
492,206,391
493,206,405
494,206,416
495,206,453
496,206,469
497,206,488
498,206,508
499,206,517
500,206,506
501,206,498
502,206,530
503,206,591
504,206,647
505,206,623
506,206,578
507,206,532
508,206,488
509,206,457
510,206,454
511,206,499
512,206,596
513,206,727
514,206,842
515,206,811
516,206,697
517,206,575
518,206,490
519,206,438
520,206,415
521,206,407
522,206,403
523,206,396
524,206,385
525,206,376
526,206,370
527,206,365
528,206,346
529,206,358
530,206,385
531,206,437
532,206,522
533,206,575
534,206,611
535,206,639
536,206,669
537,206,679
538,206,573
539,206,468
540,206,404
541,206,374
542,206,363
543,206,359
544,206,365
545,206,373
546,206,376
547,206,356
548,206,348
549,206,340
550,206,328
551,206,318
552,206,314
553,206,316
554,206,322
555,206,324
556,206,320
557,206,313
558,206,305
559,206,299
560,206,295
561,206,294
562,206,296
563,206,302
564,206,318
565,206,350
566,206,428
567,206,506
568,206,603
569,206,705
570,206,769
571,206,740
572,206,666
573,206,591
490,207,340
491,207,366
492,207,385
493,207,397
494,207,408
495,207,450
496,207,472
497,207,500
498,207,538
499,207,566
500,207,538
501,207,516
502,207,529
503,207,572
504,207,607
505,207,607
506,207,581
507,207,544
508,207,501
509,207,465
510,207,464
511,207,503
512,207,587
513,207,693
514,207,766
515,207,783
516,207,676
517,207,561
518,207,485
519,207,444
520,207,435
521,207,440
522,207,450
523,207,441
524,207,413
525,207,391
526,207,378
527,207,370
528,207,344
529,207,352
530,207,376
531,207,420
532,207,504
533,207,556
534,207,591
535,207,618
536,207,649
537,207,662
538,207,559
539,207,458
540,207,391
541,207,367
542,207,353
543,207,349
544,207,357
545,207,369
546,207,382
547,207,387
548,207,367
549,207,353
550,207,339
551,207,324
552,207,313
553,207,309
554,207,308
555,207,308
556,207,305
557,207,300
558,207,295
559,207,290
560,207,287
561,207,285
562,207,285
563,207,290
564,207,302
565,207,329
566,207,399
567,207,471
568,207,562
569,207,661
570,207,729
571,207,713
572,207,661
573,207,613
490,208,337
491,208,361
492,208,382
493,208,395
494,208,407
495,208,449
496,208,472
497,208,503
498,208,542
499,208,570
500,208,540
501,208,512
502,208,510
503,208,539
504,208,566
505,208,577
506,208,568
507,208,541
508,208,500
509,208,446
510,208,464
511,208,488
512,208,541
513,208,605
514,208,651
515,208,643
516,208,575
517,208,500
518,208,451
519,208,432
520,208,440
521,208,465
522,208,504
523,208,495
524,208,440
525,208,404
526,208,386
527,208,378
528,208,353
529,208,360
530,208,382
531,208,421
532,208,500
533,208,544
534,208,568
535,208,578
536,208,581
537,208,568
538,208,515
539,208,457
540,208,415
541,208,387
542,208,361
543,208,355
544,208,365
545,208,379
546,208,395
547,208,409
548,208,409
549,208,373
550,208,352
551,208,331
552,208,315
553,208,304
554,208,298
555,208,294
556,208,291
557,208,287
558,208,284
559,208,280
560,208,278
561,208,276
562,208,276
563,208,280
564,208,290
565,208,313
566,208,372
567,208,434
568,208,510
569,208,589
570,208,642
571,208,645
572,208,621
573,208,611
490,209,319
491,209,354
492,209,381
493,209,395
494,209,406
495,209,447
496,209,468
497,209,493
498,209,517
499,209,527
500,209,509
501,209,488
502,209,482
503,209,497
504,209,520
505,209,535
506,209,536
507,209,516
508,209,464
509,209,440
510,209,462
511,209,470
512,209,491
513,209,516
514,209,531
515,209,514
516,209,471
517,209,430
518,209,407
519,209,406
520,209,424
521,209,457
522,209,500
523,209,494
524,209,440
525,209,405
526,209,392
527,209,391
528,209,375
529,209,390
530,209,416
531,209,455
532,209,525
533,209,561
534,209,567
535,209,556
536,209,552
537,209,566
538,209,577
539,209,507
540,209,482
541,209,432
542,209,385
543,209,382
544,209,400
545,209,407
546,209,416
547,209,429
548,209,431
549,209,393
550,209,365
551,209,339
552,209,317
553,209,301
554,209,290
555,209,283
556,209,279
557,209,276
558,209,273
559,209,270
560,209,269
561,209,269
562,209,270
563,209,274
564,209,283
565,209,300
566,209,333
567,209,397
568,209,459
569,209,516
570,209,556
571,209,563
572,209,546
573,209,524
490,210,302
491,210,349
492,210,382
493,210,397
494,210,406
495,210,432
496,210,458
497,210,476
498,210,488
499,210,488
500,210,473
501,210,454
502,210,445
503,210,449
504,210,465
505,210,481
506,210,485
507,210,454
508,210,440
509,210,438
510,210,461
511,210,461
512,210,462
513,210,461
514,210,452
515,210,431
516,210,402
517,210,379
518,210,369
519,210,376
520,210,396
521,210,420
522,210,441
523,210,436
524,210,411
525,210,393
526,210,393
527,210,410
528,210,417
529,210,450
530,210,483
531,210,518
532,210,554
533,210,608
534,210,600
535,210,574
536,210,564
537,210,580
538,210,595
539,210,534
540,210,574
541,210,475
542,210,408
543,210,420
544,210,459
545,210,446
546,210,438
547,210,444
548,210,446
549,210,420
550,210,376
551,210,344
552,210,318
553,210,299
554,210,285
555,210,276
556,210,270
557,210,267
558,210,264
559,210,263
560,210,263
561,210,265
562,210,268
563,210,273
564,210,282
565,210,297
566,210,319
567,210,352
568,210,412
569,210,453
570,210,479
571,210,484
572,210,459
573,210,373
490,211,266
491,211,350
492,211,389
493,211,403
494,211,404
495,211,407
496,211,438
497,211,450
498,211,457
499,211,454
500,211,441
501,211,419
502,211,404
503,211,379
504,211,386
505,211,397
506,211,406
507,211,410
508,211,421
509,211,458
510,211,465
511,211,465
512,211,463
513,211,455
514,211,435
515,211,405
516,211,377
517,211,357
518,211,343
519,211,348
520,211,364
521,211,385
522,211,394
523,211,387
524,211,374
525,211,370
526,211,386
527,211,427
528,211,483
529,211,540
530,211,566
531,211,589
532,211,605
533,211,660
534,211,644
535,211,599
536,211,579
537,211,574
538,211,554
539,211,523
540,211,517
541,211,461
542,211,408
543,211,427
544,211,467
545,211,455
546,211,444
547,211,447
548,211,447
549,211,422
550,211,378
551,211,344
552,211,316
553,211,296
554,211,282
555,211,272
556,211,266
557,211,262
558,211,259
559,211,258
560,211,260
561,211,263
562,211,268
563,211,275
564,211,285
565,211,304
566,211,320
567,211,336
568,211,358
569,211,380
570,211,395
571,211,397
572,211,382
573,211,344
490,212,342
491,212,389
492,212,411
493,212,416
494,212,406
495,212,391
496,212,392
497,212,397
498,212,413
499,212,418
500,212,410
501,212,369
502,212,351
503,212,340
504,212,343
505,212,350
506,212,357
507,212,368
508,212,402
509,212,462
510,212,469
511,212,476
512,212,486
513,212,489
514,212,461
515,212,419
516,212,391
517,212,366
518,212,312
519,212,312
520,212,333
521,212,361
522,212,367
523,212,348
524,212,333
525,212,334
526,212,351
527,212,395
528,212,585
529,212,667
530,212,629
531,212,616
532,212,579
533,212,645
534,212,670
535,212,597
536,212,599
537,212,597
538,212,539
539,212,516
540,212,481
541,212,435
542,212,400
543,212,397
544,212,417
545,212,434
546,212,437
547,212,438
548,212,435
549,212,398
550,212,374
551,212,338
552,212,308
553,212,291
554,212,280
555,212,270
556,212,265
557,212,261
558,212,255
559,212,255
560,212,258
561,212,261
562,212,268
563,212,278
564,212,288
565,212,323
566,212,338
567,212,333
568,212,339
569,212,348
570,212,356
571,212,361
572,212,355
573,212,343
490,213,444
491,213,449
492,213,444
493,213,439
494,213,413
495,213,368
496,213,368
497,213,371
498,213,333
499,213,358
500,213,369
501,213,344
502,213,326
503,213,308
504,213,308
505,213,311
506,213,311
507,213,312
508,213,384
509,213,495
510,213,472
511,213,485
512,213,523
513,213,565
514,213,514
515,213,441
516,213,422
517,213,412
518,213,291
519,213,234
520,213,293
521,213,361
522,213,368
523,213,307
524,213,278
525,213,279
526,213,260
527,213,258
528,213,805
529,213,905
530,213,633
531,213,605
532,213,382
533,213,666
534,213,725
535,213,507
536,213,631
537,213,692
538,213,510
539,213,544
540,213,463
541,213,409
542,213,391
543,213,349
544,213,366
545,213,427
546,213,431
547,213,423
548,213,425
549,213,386
550,213,384
551,213,325
552,213,284
553,213,281
554,213,278
555,213,266
556,213,266
557,213,266
558,213,247
559,213,250
560,213,256
561,213,256
562,213,263
563,213,284
564,213,269
565,213,370
566,213,383
567,213,325
568,213,325
569,213,326
570,213,328
571,213,343
572,213,337
573,213,317
