xv,yv,rho
490,148,79
491,148,79
492,148,79
493,148,78
494,148,223
495,148,367
496,148,482
497,148,702
498,148,868
499,148,830
500,148,637
501,148,474
502,148,338
503,148,345
504,148,366
505,148,359
506,148,332
507,148,305
508,148,117
509,148,109
510,148,89
511,148,112
512,148,345
513,148,524
514,148,561
515,148,596
516,148,611
517,148,596
518,148,561
519,148,448
520,148,384
521,148,147
522,148,234
523,148,190
524,148,198
525,148,305
526,148,458
527,148,595
528,148,621
529,148,612
530,148,502
531,148,396
532,148,315
533,148,246
534,148,120
535,148,141
536,148,323
537,148,290
538,148,308
539,148,351
540,148,379
541,148,354
542,148,354
543,148,160
544,148,139
545,148,136
546,148,127
547,148,118
548,148,117
549,148,119
550,148,144
551,148,345
552,148,476
553,148,560
554,148,1006
555,148,1444
556,148,1033
557,148,812
558,148,717
559,148,704
560,148,476
561,148,435
562,148,406
563,148,155
564,148,154
565,148,221
566,148,221
567,148,220
568,148,169
569,148,166
570,148,165
571,148,149
572,148,137
573,148,138
490,149,117
491,149,107
492,149,108
493,149,130
494,149,277
495,149,395
496,149,526
497,149,698
498,149,861
499,149,854
500,149,695
501,149,558
502,149,474
503,149,474
504,149,477
505,149,452
506,149,406
507,149,358
508,149,300
509,149,282
510,149,275
511,149,305
512,149,405
513,149,527
514,149,625
515,149,708
516,149,744
517,149,707
518,149,620
519,149,511
520,149,423
521,149,342
522,149,334
523,149,330
524,149,385
525,149,518
526,149,714
527,149,906
528,149,927
529,149,785
530,149,613
531,149,475
532,149,387
533,149,345
534,149,307
535,149,318
536,149,369
537,149,402
538,149,445
539,149,478
540,149,476
541,149,439
542,149,394
543,149,318
544,149,182
545,149,151
546,149,138
547,149,133
548,149,138
549,149,153
550,149,193
551,149,386
552,149,500
553,149,623
554,149,831
555,149,976
556,149,864
557,149,729
558,149,628
559,149,550
560,149,434
561,149,367
562,149,220
563,149,174
564,149,172
565,149,192
566,149,198
567,149,195
568,149,179
569,149,172
570,149,169
571,149,163
572,149,160
573,149,164
490,150,143
491,150,129
492,150,130
493,150,154
494,150,298
495,150,404
496,150,520
497,150,653
498,150,764
499,150,771
500,150,682
501,150,597
502,150,578
503,150,609
504,150,625
505,150,578
506,150,501
507,150,438
508,150,410
509,150,395
510,150,384
511,150,398
512,150,465
513,150,578
514,150,718
515,150,865
516,150,939
517,150,862
518,150,712
519,150,569
520,150,466
521,150,406
522,150,394
523,150,419
524,150,497
525,150,648
526,150,877
527,150,1151
528,150,1170
529,150,928
530,150,709
531,150,547
532,150,451
533,150,418
534,150,402
535,150,405
536,150,452
537,150,526
538,150,609
539,150,654
540,150,624
541,150,545
542,150,460
543,150,382
544,150,307
545,150,170
546,150,149
547,150,148
548,150,162
549,150,192
550,150,237
551,150,431
552,150,521
553,150,605
554,150,698
555,150,746
556,150,700
557,150,617
558,150,530
559,150,435
560,150,245
561,150,207
562,150,181
563,150,169
564,150,171
565,150,180
566,150,185
567,150,185
568,150,181
569,150,178
570,150,177
571,150,177
572,150,176
573,150,168
490,151,146
491,151,143
492,151,149
493,151,172
494,151,218
495,151,394
496,151,489
497,151,584
498,151,656
499,151,669
500,151,632
501,151,609
502,151,655
503,151,749
504,151,811
505,151,725
506,151,606
507,151,536
508,151,536
509,151,526
510,151,501
511,151,491
512,151,537
513,151,643
514,151,809
515,151,1024
516,151,1179
517,151,1017
518,151,791
519,151,611
520,151,500
521,151,454
522,151,455
523,151,480
524,151,549
525,151,682
526,151,879
527,151,1088
528,151,1135
529,151,988
530,151,815
531,151,650
532,151,552
533,151,533
534,151,522
535,151,511
536,151,557
537,151,670
538,151,815
539,151,896
540,151,818
541,151,667
542,151,529
543,151,425
544,151,340
545,151,183
546,151,160
547,151,167
548,151,203
549,151,357
550,151,430
551,151,509
552,151,566
553,151,600
554,151,627
555,151,624
556,151,584
557,151,516
558,151,427
559,151,243
560,151,195
561,151,175
562,151,165
563,151,163
564,151,167
565,151,174
566,151,179
567,151,182
568,151,183
569,151,184
570,151,189
571,151,196
572,151,203
573,151,205
490,152,150
491,152,162
492,152,183
493,152,300
494,152,347
495,152,405
496,152,470
497,152,541
498,152,595
499,152,609
500,152,594
501,152,606
502,152,684
503,152,830
504,152,1002
505,152,824
506,152,687
507,152,668
508,152,712
509,152,710
510,152,656
511,152,619
512,152,663
513,152,722
514,152,852
515,152,1047
516,152,1193
517,152,1027
518,152,800
519,152,625
520,152,530
521,152,520
522,152,541
523,152,564
524,152,597
525,152,685
526,152,837
527,152,1061
528,152,1242
529,152,1203
530,152,979
531,152,781
532,152,707
533,152,720
534,152,713
535,152,678
536,152,681
537,152,805
538,152,1013
539,152,1175
540,152,999
541,152,761
542,152,575
543,152,448
544,152,354
545,152,191
546,152,173
547,152,201
548,152,353
549,152,441
550,152,527
551,152,608
552,152,658
553,152,661
554,152,628
555,152,574
556,152,514
557,152,428
558,152,243
559,152,194
560,152,171
561,152,159
562,152,156
563,152,157
564,152,163
565,152,170
566,152,176
567,152,182
568,152,186
569,152,193
570,152,204
571,152,221
572,152,238
573,152,236
490,153,302
491,153,213
492,153,316
493,153,361
494,153,401
495,153,440
496,153,495
497,153,571
498,153,636
499,153,648
500,153,612
501,153,590
502,153,645
503,153,748
504,153,823
505,153,762
506,153,703
507,153,794
508,153,929
509,153,947
510,153,850
511,153,806
512,153,860
513,153,886
514,153,882
515,153,962
516,153,1012
517,153,920
518,153,760
519,153,629
520,153,590
521,153,631
522,153,689
523,153,715
524,153,718
525,153,765
526,153,879
527,153,1110
528,153,1400
529,153,1390
530,153,1092
531,153,896
532,153,911
533,153,998
534,153,1002
535,153,913
536,153,835
537,153,885
538,153,1047
539,153,1185
540,153,999
541,153,756
542,153,569
543,153,443
544,153,353
545,153,195
546,153,191
547,153,333
548,153,417
549,153,515
550,153,630
551,153,744
552,153,806
553,153,774
554,153,686
555,153,587
556,153,486
557,153,271
558,153,205
559,153,174
560,153,158
561,153,151
562,153,150
563,153,153
564,153,159
565,153,167
566,153,175
567,153,183
568,153,191
569,153,202
570,153,221
571,153,252
572,153,295
573,153,315
490,154,399
491,154,340
492,154,368
493,154,420
494,154,471
495,154,505
496,154,544
497,154,636
498,154,737
499,154,745
500,154,661
501,154,587
502,154,580
503,154,622
504,154,655
505,154,650
506,154,694
507,154,858
508,154,1097
509,154,1148
510,154,1035
511,154,1008
512,154,1121
513,154,1127
514,154,1019
515,154,973
516,154,986
517,154,911
518,154,781
519,154,677
520,154,692
521,154,798
522,154,925
523,154,962
524,154,944
525,154,945
526,154,936
527,154,1061
528,154,1233
529,154,1232
530,154,1065
531,154,974
532,154,1138
533,154,1360
534,154,1385
535,154,1218
536,154,1101
537,154,958
538,154,937
539,154,935
540,154,820
541,154,654
542,154,512
543,154,412
544,154,337
545,154,195
546,154,211
547,154,374
548,154,466
549,154,586
550,154,741
551,154,914
552,154,1017
553,154,925
554,154,765
555,154,618
556,154,498
557,154,385
558,154,203
559,154,166
560,154,152
561,154,146
562,154,146
563,154,149
564,154,156
565,154,165
566,154,174
567,154,183
568,154,193
569,154,206
570,154,231
571,154,280
572,154,379
573,154,596
490,155,251
491,155,316
492,155,391
493,155,484
494,155,570
495,155,601
496,155,600
497,155,683
498,155,826
499,155,837
500,155,706
501,155,599
502,155,537
503,155,533
504,155,540
505,155,555
506,155,636
507,155,793
508,155,986
509,155,1104
510,155,1252
511,155,1175
512,155,1323
513,155,1324
514,155,1152
515,155,1192
516,155,1259
517,155,1153
518,155,966
519,155,823
520,155,825
521,155,984
522,155,1213
523,155,1269
524,155,1252
525,155,1224
526,155,1092
527,155,1043
528,155,1099
529,155,1100
530,155,1041
531,155,1075
532,155,1318
533,155,1678
534,155,1730
535,155,1563
536,155,1433
537,155,1138
538,155,871
539,155,742
540,155,636
541,155,527
542,155,434
543,155,365
544,155,308
545,155,199
546,155,329
547,155,414
548,155,520
549,155,664
550,155,842
551,155,1062
552,155,1263
553,155,1043
554,155,819
555,155,633
556,155,503
557,155,393
558,155,202
559,155,164
560,155,149
561,155,143
562,155,143
563,155,146
564,155,152
565,155,161
566,155,171
567,155,180
568,155,190
569,155,202
570,155,224
571,155,265
572,155,350
573,155,544
490,156,202
491,156,291
492,156,402
493,156,538
494,156,679
495,156,707
496,156,643
497,156,660
498,156,753
499,156,785
500,156,723
501,156,651
502,156,568
503,156,513
504,156,492
505,156,504
506,156,564
507,156,676
508,156,829
509,156,1042
510,156,1217
511,156,1134
512,156,1170
513,156,1186
514,156,1159
515,156,1405
516,156,1628
517,156,1448
518,156,1204
519,156,1037
520,156,960
521,156,1110
522,156,1338
523,156,1401
524,156,1512
525,156,1493
526,156,1293
527,156,1276
528,156,1257
529,156,1269
530,156,1254
531,156,1220
532,156,1412
533,156,1672
534,156,1739
535,156,1819
536,156,1685
537,156,1235
538,156,876
539,156,634
540,156,506
541,156,424
542,156,363
543,156,309
544,156,193
545,156,194
546,156,351
547,156,444
548,156,568
549,156,747
550,156,972
551,156,1154
552,156,1141
553,156,1047
554,156,834
555,156,645
556,156,505
557,156,392
558,156,200
559,156,161
560,156,146
561,156,140
562,156,139
563,156,142
564,156,148
565,156,156
566,156,165
567,156,174
568,156,182
569,156,190
570,156,200
571,156,214
572,156,217
573,156,143
490,157,135
491,157,258
492,157,386
493,157,531
494,157,674
495,157,699
496,157,623
497,157,601
498,157,675
499,157,793
500,157,855
501,157,764
502,157,643
503,157,563
504,157,533
505,157,513
506,157,522
507,157,584
508,157,703
509,157,845
510,157,938
511,157,922
512,157,937
513,157,989
514,157,1123
515,157,1422
516,157,1702
517,157,1623
518,157,1529
519,157,1324
520,157,1169
521,157,1283
522,157,1451
523,157,1419
524,157,1502
525,157,1506
526,157,1554
527,157,1693
528,157,1640
529,157,1699
530,157,1690
531,157,1588
532,157,1704
533,157,1987
534,157,1981
535,157,1709
536,157,1489
537,157,1128
538,157,803
539,157,574
540,157,432
541,157,358
542,157,306
543,157,198
544,157,187
545,157,210
546,157,375
547,157,468
548,157,598
549,157,792
550,157,1060
551,157,1356
552,157,1140
553,157,1039
554,157,828
555,157,640
556,157,499
557,157,386
558,157,197
559,157,158
560,157,143
561,157,137
562,157,135
563,157,138
564,157,143
565,157,150
566,157,158
567,157,165
568,157,170
569,157,175
570,157,177
571,157,178
572,157,166
573,157,125
490,158,101
491,158,228
492,158,348
493,158,464
494,158,556
495,158,579
496,158,549
497,158,548
498,158,662
499,158,837
500,158,1031
501,158,859
502,158,725
503,158,681
504,158,650
505,158,595
506,158,549
507,158,549
508,158,602
509,158,672
510,158,720
511,158,739
512,158,805
513,158,907
514,158,1028
515,158,1266
516,158,1527
517,158,1897
518,158,1913
519,158,1637
520,158,1448
521,158,1524
522,158,1674
523,158,1645
524,158,1744
525,158,1661
526,158,1834
527,158,2216
528,158,2068
529,158,2235
530,158,2238
531,158,2008
532,158,2055
533,158,2262
534,158,2158
535,158,1660
536,158,1247
537,158,940
538,158,687
539,158,508
540,158,397
541,158,328
542,158,211
543,158,302
544,158,329
545,158,371
546,158,438
547,158,508
548,158,615
549,158,767
550,158,966
551,158,1124
552,158,1085
553,158,1011
554,158,821
555,158,634
556,158,492
557,158,379
558,158,193
559,158,155
560,158,139
561,158,133
562,158,131
563,158,133
564,158,137
565,158,142
566,158,149
567,158,154
568,158,158
569,158,160
570,158,160
571,158,156
572,158,147
573,158,130
490,159,48
491,159,201
492,159,309
493,159,395
494,159,453
495,159,474
496,159,473
497,159,505
498,159,604
499,159,744
500,159,848
501,159,814
502,159,799
503,159,855
504,159,840
505,159,739
506,159,644
507,159,601
508,159,581
509,159,593
510,159,619
511,159,708
512,159,846
513,159,1016
514,159,1122
515,159,1207
516,159,1508
517,159,1904
518,159,2004
519,159,1890
520,159,2031
521,159,1987
522,159,2217
523,159,2263
524,159,2323
525,159,2126
526,159,1968
527,159,2123
528,159,2531
529,159,2555
530,159,2608
531,159,2479
532,159,2625
533,159,2267
534,159,1976
535,159,1530
536,159,1113
537,159,794
538,159,595
539,159,467
540,159,392
541,159,351
542,159,338
543,159,369
544,159,416
545,159,474
546,159,550
547,159,628
548,159,696
549,159,756
550,159,864
551,159,992
552,159,1135
553,159,1082
554,159,840
555,159,634
556,159,485
557,159,371
558,159,189
559,159,151
560,159,135
561,159,129
562,159,127
563,159,128
564,159,131
565,159,136
566,159,140
567,159,144
568,159,147
569,159,148
570,159,147
571,159,144
572,159,137
573,159,128
490,160,79
491,160,141
492,160,280
493,160,350
494,160,390
495,160,407
496,160,416
497,160,453
498,160,525
499,160,616
500,160,691
501,160,739
502,160,877
503,160,1057
504,160,1066
505,160,913
506,160,824
507,160,748
508,160,690
509,160,648
510,160,663
511,160,764
512,160,964
513,160,1249
514,160,1332
515,160,1243
516,160,1353
517,160,1624
518,160,1840
519,160,2257
520,160,2646
521,160,2504
522,160,2535
523,160,2576
524,160,3018
525,160,2575
526,160,2311
527,160,2167
528,160,2279
529,160,2437
530,160,2768
531,160,2903
532,160,2916
533,160,2477
534,160,1901
535,160,1434
536,160,1044
537,160,753
538,160,577
539,160,489
540,160,454
541,160,428
542,160,420
543,160,462
544,160,539
545,160,636
546,160,735
547,160,844
548,160,906
549,160,897
550,160,889
551,160,1013
552,160,1115
553,160,1010
554,160,806
555,160,614
556,160,471
557,160,361
558,160,185
559,160,148
560,160,133
561,160,127
562,160,126
563,160,127
564,160,129
565,160,132
566,160,135
567,160,137
568,160,139
569,160,140
570,160,140
571,160,137
572,160,132
573,160,130
490,161,136
491,161,154
492,161,197
493,161,333
494,161,367
495,161,380
496,161,390
497,161,417
498,161,464
499,161,524
500,161,592
501,161,702
502,161,877
503,161,1085
504,161,1133
505,161,1099
506,161,1074
507,161,978
508,161,899
509,161,808
510,161,779
511,161,853
512,161,1037
513,161,1313
514,161,1396
515,161,1274
516,161,1298
517,161,1527
518,161,1801
519,161,2313
520,161,2806
521,161,2882
522,161,2944
523,161,2755
524,161,2867
525,161,3138
526,161,2778
527,161,2481
528,161,2299
529,161,2484
530,161,2922
531,161,3510
532,161,3239
533,161,2770
534,161,2138
535,161,1614
536,161,1154
537,161,821
538,161,689
539,161,639
540,161,608
541,161,573
542,161,549
543,161,600
544,161,719
545,161,876
546,161,1010
547,161,1169
548,161,1248
549,161,1145
550,161,993
551,161,1098
552,161,1303
553,161,1056
554,161,809
555,161,611
556,161,470
557,161,362
558,161,192
559,161,151
560,161,136
561,161,131
562,161,131
563,161,133
564,161,134
565,161,135
566,161,136
567,161,135
568,161,136
569,161,137
570,161,139
571,161,137
572,161,127
573,161,102
490,162,152
491,162,185
492,162,311
493,162,365
494,162,390
495,162,402
496,162,411
497,162,427
498,162,453
499,162,489
500,162,550
501,162,655
502,162,802
503,162,958
504,162,1079
505,162,1269
506,162,1329
507,162,1310
508,162,1179
509,162,1040
510,162,1019
511,162,1002
512,162,1089
513,162,1272
514,162,1541
515,162,1563
516,162,1462
517,162,1717
518,162,1928
519,162,2162
520,162,2771
521,162,3452
522,162,3121
523,162,2928
524,162,3173
525,162,3377
526,162,3125
527,162,3117
528,162,2893
529,162,2767
530,162,2946
531,162,3318
532,162,3872
533,162,3332
534,162,2575
535,162,1877
536,162,1354
537,162,1050
538,162,940
539,162,916
540,162,880
541,162,811
542,162,754
543,162,796
544,162,959
545,162,1201
546,162,1433
547,162,1551
548,162,1680
549,162,1409
550,162,1125
551,162,1054
552,162,1114
553,162,1009
554,162,820
555,162,636
556,162,504
557,162,397
558,162,310
559,162,176
560,162,156
561,162,153
562,162,155
563,162,158
564,162,159
565,162,157
566,162,153
567,162,143
568,162,140
569,162,143
570,162,149
571,162,153
572,162,143
573,162,98
490,163,156
491,163,313
492,163,377
493,163,423
494,163,452
495,163,461
496,163,473
497,163,486
498,163,504
499,163,525
500,163,560
501,163,637
502,163,757
503,163,904
504,163,1074
505,163,1260
506,163,1402
507,163,1666
508,163,1412
509,163,1328
510,163,1366
511,163,1304
512,163,1327
513,163,1547
514,163,1919
515,163,1948
516,163,1703
517,163,2001
518,163,2188
519,163,2289
520,163,2651
521,163,3210
522,163,3247
523,163,3199
524,163,3799
525,163,3722
526,163,3725
527,163,3930
528,163,3592
529,163,3274
530,163,3334
531,163,3451
532,163,3746
533,163,3556
534,163,2832
535,163,2116
536,163,1606
537,163,1415
538,163,1347
539,163,1351
540,163,1297
541,163,1159
542,163,1041
543,163,1094
544,163,1256
545,163,1554
546,163,1882
547,163,1906
548,163,1776
549,163,1447
550,163,1134
551,163,994
552,163,1073
553,163,1095
554,163,954
555,163,747
556,163,569
557,163,442
558,163,358
559,163,258
560,163,242
561,163,282
562,163,295
563,163,303
564,163,304
565,163,295
566,163,269
567,163,172
568,163,156
569,163,159
570,163,176
571,163,199
572,163,208
573,163,137
490,164,351
491,164,380
492,164,440
493,164,506
494,164,555
495,164,566
496,164,577
497,164,602
498,164,621
499,164,623
500,164,637
501,164,699
502,164,825
503,164,986
504,164,1204
505,164,1402
506,164,1374
507,164,1463
508,164,1425
509,164,1573
510,164,1769
511,164,1655
512,164,1679
513,164,1752
514,164,2032
515,164,2167
516,164,1993
517,164,2072
518,164,2370
519,164,2475
520,164,2891
521,164,3337
522,164,3408
523,164,3196
524,164,3714
525,164,3911
526,164,3871
527,164,4075
528,164,3925
529,164,3671
530,164,3972
531,164,4092
532,164,4268
533,164,4112
534,164,3269
535,164,2500
536,164,2000
537,164,1947
538,164,1981
539,164,1954
540,164,1859
541,164,1604
542,164,1403
543,164,1473
544,164,1716
545,164,1929
546,164,2051
547,164,1944
548,164,1538
549,164,1280
550,164,1072
551,164,1042
552,164,1204
553,164,1342
554,164,1129
555,164,851
556,164,631
557,164,487
558,164,404
559,164,373
560,164,361
561,164,360
562,164,377
563,164,392
564,164,392
565,164,373
566,164,342
567,164,301
568,164,190
569,164,188
570,164,224
571,164,300
572,164,402
573,164,742
490,165,312
491,165,400
492,165,497
493,165,606
494,165,700
495,165,716
496,165,704
497,165,767
498,165,799
499,165,770
500,165,769
501,165,813
502,165,954
503,165,1142
504,165,1261
505,165,1417
506,165,1362
507,165,1363
508,165,1433
509,165,1622
510,165,1840
511,165,1922
512,165,1984
513,165,2149
514,165,2546
515,165,2792
516,165,2417
517,165,2314
518,165,2504
519,165,2984
520,165,3377
521,165,3843
522,165,3885
523,165,3447
524,165,3603
525,165,4175
526,165,3890
527,165,4243
528,165,4620
529,165,4260
530,165,4265
531,165,4453
532,165,4595
533,165,4450
534,165,3683
535,165,2940
536,165,2539
537,165,2605
538,165,2747
539,165,2632
540,165,2491
541,165,2072
542,165,1820
543,165,1906
544,165,2220
545,165,2480
546,165,2182
547,165,1776
548,165,1435
549,165,1169
550,165,1049
551,165,1087
552,165,1235
553,165,1360
554,165,1150
555,165,881
556,165,669
557,165,531
558,165,473
559,165,462
560,165,456
561,165,451
562,165,480
563,165,511
564,165,509
565,165,468
566,165,414
567,165,366
568,165,277
569,165,227
570,165,294
571,165,623
572,165,907
573,165,1391
490,166,319
491,166,417
492,166,539
493,166,694
494,166,856
495,166,877
496,166,784
497,166,850
498,166,912
499,166,932
500,166,970
501,166,948
502,166,1055
503,166,1278
504,166,1338
505,166,1269
506,166,1343
507,166,1564
508,166,1615
509,166,1541
510,166,1606
511,166,1754
512,166,1908
513,166,2251
514,166,2687
515,166,2907
516,166,2747
517,166,2974
518,166,3072
519,166,3205
520,166,3761
521,166,4124
522,166,4163
523,166,3844
524,166,3824
525,166,4155
526,166,4071
527,166,4408
528,166,4909
529,166,4577
530,166,4385
531,166,4769
532,166,4843
533,166,4725
534,166,4161
535,166,3461
536,166,3221
537,166,3291
538,166,3592
539,166,3028
540,166,2842
541,166,2476
542,166,2412
543,166,2501
544,166,2714
545,166,2697
546,166,2321
547,166,1847
548,166,1478
549,166,1271
550,166,1258
551,166,1243
552,166,1184
553,166,1157
554,166,1035
555,166,866
556,166,711
557,166,599
558,166,581
559,166,598
560,166,597
561,166,576
562,166,617
563,166,677
564,166,671
565,166,587
566,166,494
567,166,425
568,166,383
569,166,263
570,166,354
571,166,745
572,166,1054
573,166,1437
490,167,319
491,167,418
492,167,542
493,167,700
494,167,866
495,167,893
496,167,803
497,167,831
498,167,947
499,167,1156
500,167,1189
501,167,1066
502,167,1056
503,167,1172
504,167,1211
505,167,1198
506,167,1422
507,167,1768
508,167,1831
509,167,1635
510,167,1551
511,167,1646
512,167,1845
513,167,2203
514,167,2642
515,167,3026
516,167,2998
517,167,3533
518,167,3662
519,167,3857
520,167,3967
521,167,4482
522,167,4925
523,167,4384
524,167,4285
525,167,4485
526,167,4409
527,167,4958
528,167,5952
529,167,5200
530,167,4916
531,167,5143
532,167,5333
533,167,5274
534,167,5101
535,167,4254
536,167,3914
537,167,4164
538,167,3617
539,167,3336
540,167,3300
541,167,3061
542,167,3126
543,167,3012
544,167,3406
545,167,2841
546,167,2564
547,167,2139
548,167,1695
549,167,1501
550,167,1588
551,167,1546
552,167,1307
553,167,1078
554,167,1013
555,167,967
556,167,856
557,167,741
558,167,731
559,167,790
560,167,792
561,167,737
562,167,759
563,167,865
564,167,853
565,167,704
566,167,567
567,167,473
568,167,421
569,167,296
570,167,566
571,167,810
572,167,1111
573,167,1458
490,168,324
491,168,401
492,168,505
493,168,626
494,168,733
495,168,766
496,168,747
497,168,799
498,168,977
499,168,1198
500,168,1244
501,168,1120
502,168,1041
503,168,1086
504,168,1114
505,168,1141
506,168,1365
507,168,1627
508,168,1782
509,168,1873
510,168,1869
511,168,1871
512,168,2201
513,168,2522
514,168,2748
515,168,3215
516,168,3192
517,168,3700
518,168,3803
519,168,4214
520,168,4433
521,168,5341
522,168,4886
523,168,5000
524,168,5124
525,168,5148
526,168,4805
527,168,5077
528,168,5502
529,168,5579
530,168,5892
531,168,5792
532,168,5729
533,168,5581
534,168,5459
535,168,5131
536,168,4748
537,168,4308
538,168,4056
539,168,4173
540,168,4113
541,168,3615
542,168,3919
543,168,3309
544,168,3040
545,168,2794
546,168,3052
547,168,2368
548,168,1836
549,168,1651
550,168,1851
551,168,1798
552,168,1413
553,168,1132
554,168,1162
555,168,1213
556,168,1062
557,168,887
558,168,874
559,168,997
560,168,999
561,168,869
562,168,833
563,168,924
564,168,908
565,168,757
566,168,611
567,168,506
568,168,440
569,168,304
570,168,577
571,168,802
572,168,1118
573,168,1633
490,169,306
491,169,366
492,169,453
493,169,544
494,169,618
495,169,656
496,169,679
497,169,763
498,169,921
499,169,1098
500,169,1203
501,169,1218
502,169,1162
503,169,1225
504,169,1250
505,169,1246
506,169,1365
507,169,1607
508,169,1979
509,169,2211
510,169,2325
511,169,2252
512,169,2626
513,169,3067
514,169,3025
515,169,3195
516,169,3670
517,169,4386
518,169,4225
519,169,4710
520,169,4284
521,169,4707
522,169,5503
523,169,5685
524,169,5944
525,169,5612
526,169,5604
527,169,5842
528,169,6106
529,169,6486
530,169,6985
531,169,6196
532,169,5830
533,169,5841
534,169,5845
535,169,5842
536,169,5677
537,169,5395
538,169,4883
539,169,5106
540,169,4565
541,169,3921
542,169,3844
543,169,3559
544,169,2933
545,169,2588
546,169,2545
547,169,2191
548,169,1776
549,169,1586
550,169,1657
551,169,1592
552,169,1337
553,169,1157
554,169,1278
555,169,1510
556,169,1202
557,169,961
558,169,912
559,169,1028
560,169,1030
561,169,900
562,169,829
563,169,863
564,169,849
565,169,754
566,169,633
567,169,526
568,169,438
569,169,292
570,169,521
571,169,701
572,169,923
573,169,1221
490,170,117
491,170,300
492,170,404
493,170,487
494,170,553
495,170,598
496,170,642
497,170,739
498,170,910
499,170,1142
500,170,1388
501,170,1435
502,170,1342
503,170,1502
504,170,1542
505,170,1501
506,170,1623
507,170,1660
508,170,1911
509,170,2309
510,170,2780
511,170,2493
512,170,2747
513,170,3193
514,170,3268
515,170,3758
516,170,3892
517,170,3856
518,170,3812
519,170,3939
520,170,3874
521,170,4315
522,170,5009
523,170,5459
524,170,6444
525,170,6324
526,170,6407
527,170,6651
528,170,6864
529,170,7726
530,170,6908
531,170,6489
532,170,6420
533,170,6640
534,170,6342
535,170,6501
536,170,5859
537,170,5601
538,170,5081
539,170,4720
540,170,4533
541,170,4222
542,170,3969
543,170,3361
544,170,2841
545,170,2446
546,170,2310
547,170,2042
548,170,1724
549,170,1507
550,170,1456
551,170,1359
552,170,1198
553,170,1101
554,170,1183
555,170,1252
556,170,1103
557,170,917
558,170,846
559,170,893
560,170,905
561,170,858
562,170,821
563,170,838
564,170,832
565,170,768
566,170,665
567,170,545
568,170,309
569,170,261
570,170,303
571,170,545
572,170,651
573,170,674
490,171,112
491,171,185
492,171,358
493,171,457
494,171,541
495,171,598
496,171,658
497,171,755
498,171,914
499,171,1143
500,171,1403
501,171,1474
502,171,1458
503,171,1721
504,171,1784
505,171,1780
506,171,1986
507,171,1835
508,171,1800
509,171,2160
510,171,2448
511,171,2420
512,171,2610
513,171,3019
514,171,3739
515,171,4013
516,171,3998
517,171,3659
518,171,3442
519,171,3408
520,171,3445
521,171,3907
522,171,4584
523,171,5540
524,171,6505
525,171,6696
526,171,6826
527,171,7285
528,171,7112
529,171,7555
530,171,7530
531,171,7429
532,171,7343
533,171,7371
534,171,6613
535,171,6854
536,171,6011
537,171,5686
538,171,5285
539,171,4826
540,171,4863
541,171,4247
542,171,3866
543,171,3378
544,171,3059
545,171,2740
546,171,2716
547,171,2368
548,171,2006
549,171,1726
550,171,1548
551,171,1347
552,171,1173
553,171,1081
554,171,1094
555,171,1080
556,171,975
557,171,856
558,171,793
559,171,809
560,171,837
561,171,852
562,171,867
563,171,883
564,171,890
565,171,843
566,171,740
567,171,610
568,171,473
569,171,266
570,171,248
571,171,408
572,171,457
573,171,449
490,172,109
491,172,170
492,172,241
493,172,328
494,172,574
495,172,653
496,172,707
497,172,786
498,172,907
499,172,1078
500,172,1255
501,172,1332
502,172,1357
503,172,1525
504,172,1596
505,172,1740
506,172,1970
507,172,1827
508,172,1812
509,172,2277
510,172,2616
511,172,2562
512,172,2780
513,172,3339
514,172,3934
515,172,4704
516,172,4232
517,172,4040
518,172,3700
519,172,3457
520,172,3429
521,172,3961
522,172,4802
523,172,5786
524,172,6668
525,172,7123
526,172,7493
527,172,7793
528,172,7931
529,172,7706
530,172,8156
531,172,7833
532,172,7621
533,172,7224
534,172,6682
535,172,6619
536,172,6062
537,172,6126
538,172,5438
539,172,5044
540,172,5027
541,172,4435
542,172,4347
543,172,3809
544,172,3542
545,172,3051
546,172,3340
547,172,2686
548,172,2413
549,172,2155
550,172,1875
551,172,1569
552,172,1382
553,172,1261
554,172,1233
555,172,1136
556,172,987
557,172,922
558,172,879
559,172,867
560,172,914
561,172,975
562,172,996
563,172,1001
564,172,1019
565,172,969
566,172,841
567,172,678
568,172,524
569,172,392
570,172,215
571,172,210
572,172,306
573,172,290
490,173,110
491,173,186
492,173,282
493,173,544
494,173,678
495,173,763
496,173,814
497,173,868
498,173,957
499,173,1088
500,173,1284
501,173,1436
502,173,1328
503,173,1248
504,173,1287
505,173,1429
506,173,1564
507,173,1617
508,173,1876
509,173,2445
510,173,3130
511,173,2764
512,173,2944
513,173,3614
514,173,4016
515,173,4643
516,173,4750
517,173,4732
518,173,4350
519,173,4118
520,173,4115
521,173,4611
522,173,5256
523,173,6306
524,173,7452
525,173,7602
526,173,7862
527,173,8727
528,173,8300
529,173,8009
530,173,8083
531,173,8227
532,173,8020
533,173,7626
534,173,7007
535,173,6865
536,173,6660
537,173,6632
538,173,5907
539,173,5676
540,173,5407
541,173,4579
542,173,4409
543,173,3852
544,173,3577
545,173,2969
546,173,2889
547,173,2669
548,173,2548
549,173,2660
550,173,2185
551,173,1944
552,173,1697
553,173,1544
554,173,1548
555,173,1365
556,173,1168
557,173,1135
558,173,1089
559,173,1041
560,173,1093
561,173,1178
562,173,1154
563,173,1124
564,173,1160
565,173,1102
566,173,926
567,173,722
568,173,542
569,173,394
570,173,193
571,173,155
572,173,140
573,173,94
490,174,111
491,174,230
492,174,489
493,174,658
494,174,799
495,174,906
496,174,965
497,174,993
498,174,1078
499,174,1195
500,174,1277
501,174,1391
502,174,1239
503,174,1077
504,174,1023
505,174,1122
506,174,1239
507,174,1397
508,174,1737
509,174,2185
510,174,2585
511,174,2631
512,174,2842
513,174,3468
514,174,3800
515,174,4256
516,174,4744
517,174,5066
518,174,5236
519,174,4959
520,174,4991
521,174,5512
522,174,5917
523,174,6879
524,174,7500
525,174,8154
526,174,8381
527,174,8444
528,174,8509
529,174,8628
530,174,8771
531,174,9015
532,174,8850
533,174,8437
534,174,7797
535,174,7409
536,174,7322
537,174,6913
538,174,6501
539,174,6210
540,174,5607
541,174,4898
542,174,4160
543,174,3615
544,174,3399
545,174,3032
546,174,2753
547,174,2478
548,174,2382
549,174,2388
550,174,2229
551,174,2344
552,174,1934
553,174,1752
554,174,1909
555,174,1547
556,174,1352
557,174,1402
558,174,1349
559,174,1218
560,174,1306
561,174,1399
562,174,1250
563,174,1187
564,174,1245
565,174,1172
566,174,940
567,174,714
568,174,525
569,174,374
570,174,176
571,174,131
572,174,108
573,174,85
490,175,166
491,175,399
492,175,577
493,175,747
494,175,916
495,175,1064
496,175,1151
497,175,1156
498,175,1201
499,175,1309
500,175,1298
501,175,1162
502,175,1057
503,175,936
504,175,886
505,175,950
506,175,1055
507,175,1237
508,175,1516
509,175,1940
510,175,2274
511,175,2730
512,175,2980
513,175,3446
514,175,3768
515,175,3925
516,175,4190
517,175,5174
518,175,5545
519,175,5625
520,175,5883
521,175,6265
522,175,6514
523,175,7104
524,175,7760
525,175,8396
526,175,9119
527,175,9290
528,175,9217
529,175,9643
530,175,9971
531,175,10206
532,175,10077
533,175,9694
534,175,9000
535,175,8436
536,175,7852
537,175,7316
538,175,6938
539,175,6434
540,175,5771
541,175,5294
542,175,4351
543,175,3674
544,175,3737
545,175,3249
546,175,3068
547,175,2661
548,175,2729
549,175,2498
550,175,2385
551,175,2151
552,175,1944
553,175,1689
554,175,1634
555,175,1454
556,175,1344
557,175,1404
558,175,1348
559,175,1211
560,175,1279
561,175,1230
562,175,1171
563,175,1182
564,175,1133
565,175,1032
566,175,839
567,175,640
568,175,472
569,175,336
570,175,158
571,175,117
572,175,97
573,175,82
490,176,447
491,176,341
492,176,620
493,176,799
494,176,993
495,176,1194
496,176,1341
497,176,1312
498,176,1358
499,176,1249
500,176,1174
501,176,1042
502,176,933
503,176,873
504,176,877
505,176,950
506,176,1040
507,176,1175
508,176,1404
509,176,1759
510,176,2162
511,176,2679
512,176,2951
513,176,3421
514,176,3813
515,176,4196
516,176,4230
517,176,4583
518,176,5715
519,176,5941
520,176,5959
521,176,6405
522,176,6514
523,176,7285
524,176,8145
525,176,8782
526,176,9281
527,176,9879
528,176,10411
529,176,10695
530,176,11199
531,176,11507
532,176,11440
533,176,11029
534,176,10581
535,176,9712
536,176,8777
537,176,8090
538,176,7191
539,176,6503
540,176,5682
541,176,5037
542,176,4240
543,176,3591
544,176,3418
545,176,3264
546,176,3105
547,176,2708
548,176,2751
549,176,2490
550,176,2394
551,176,2242
552,176,2056
553,176,1655
554,176,1422
555,176,1341
556,176,1213
557,176,1162
558,176,1096
559,176,1038
560,176,1082
561,176,1102
562,176,1123
563,176,1218
564,176,1030
565,176,846
566,176,685
567,176,530
568,176,397
569,176,283
570,176,138
571,176,105
572,176,90
573,176,81
490,177,482
491,177,531
492,177,651
493,177,809
494,177,997
495,177,1201
496,177,1364
497,177,1391
498,177,1377
499,177,1224
500,177,1090
501,177,1021
502,177,983
503,177,998
504,177,1024
505,177,1128
506,177,1205
507,177,1288
508,177,1554
509,177,1860
510,177,2119
511,177,2431
512,177,2722
513,177,3270
514,177,3783
515,177,3894
516,177,4270
517,177,4633
518,177,5114
519,177,5593
520,177,6070
521,177,6412
522,177,7225
523,177,7820
524,177,8568
525,177,9395
526,177,10097
527,177,10941
528,177,11245
529,177,8048
530,177,8344
531,177,8660
532,177,8659
533,177,8538
534,177,11876
535,177,11254
536,177,9901
537,177,8518
538,177,7361
539,177,6423
540,177,5778
541,177,5059
542,177,4307
543,177,3749
544,177,3419
545,177,3145
546,177,2887
547,177,2673
548,177,2481
549,177,2277
550,177,2287
551,177,2153
552,177,1838
553,177,1518
554,177,1411
555,177,1449
556,177,1236
557,177,1019
558,177,899
559,177,897
560,177,1018
561,177,1132
562,177,1048
563,177,982
564,177,850
565,177,688
566,177,542
567,177,420
568,177,311
569,177,158
570,177,115
571,177,96
572,177,86
573,177,80
490,178,538
491,178,575
492,178,673
493,178,799
494,178,945
495,178,1100
496,178,1248
497,178,1297
498,178,1258
499,178,1170
500,178,1177
501,178,1200
502,178,1173
503,178,1251
504,178,1286
505,178,1465
506,178,1530
507,178,1537
508,178,1864
509,178,2270
510,178,2454
511,178,2577
512,178,2930
513,178,3116
514,178,3533
515,178,4178
516,178,4768
517,178,4913
518,178,5358
519,178,6668
520,178,7310
521,178,7374
522,178,8223
523,178,8683
524,178,9388
525,178,10226
526,178,11048
527,178,11634
528,178,8566
529,178,8946
530,178,9670
531,178,10146
532,178,10152
533,178,9700
534,178,9320
535,178,12327
536,178,11020
537,178,9176
538,178,7625
539,178,6502
540,178,5792
541,178,5281
542,178,4688
543,178,4140
544,178,3812
545,178,3517
546,178,3005
547,178,2997
548,178,2636
549,178,2438
550,178,2261
551,178,2056
552,178,1647
553,178,1315
554,178,1306
555,178,1372
556,178,1159
557,178,924
558,178,778
559,178,806
560,178,936
561,178,1049
562,178,934
563,178,776
564,178,662
565,178,541
566,178,428
567,178,328
568,178,170
569,178,123
570,178,100
571,178,88
572,178,83
573,178,80
490,179,598
491,179,610
492,179,714
493,179,835
494,179,932
495,179,1010
496,179,1170
497,179,1324
498,179,1318
499,179,1199
500,179,1306
501,179,1452
502,179,1385
503,179,1564
504,179,1545
505,179,1830
506,179,1887
507,179,1756
508,179,2057
509,179,2607
510,179,2789
511,179,2996
512,179,3471
513,179,3394
514,179,3872
515,179,4495
516,179,5102
517,179,5887
518,179,5852
519,179,6987
520,179,6996
521,179,7360
522,179,7744
523,179,8296
524,179,9322
525,179,10537
526,179,11192
527,179,8465
528,179,9152
529,179,10296
530,179,11356
531,179,12011
532,179,12021
533,179,11338
534,179,10173
535,179,9147
536,179,11322
537,179,9429
538,179,7775
539,179,6408
540,179,5508
541,179,4891
542,179,4589
543,179,4095
544,179,3777
545,179,3471
546,179,2934
547,179,2940
548,179,2554
549,179,2759
550,179,2217
551,179,1795
552,179,1470
553,179,1174
554,179,1095
555,179,1067
556,179,947
557,179,798
558,179,699
559,179,717
560,179,784
561,179,819
562,179,750
563,179,632
564,179,518
565,179,426
566,179,341
567,179,260
568,179,134
569,179,105
570,179,90
571,179,83
572,179,80
573,179,80
490,180,616
491,180,646
492,180,769
493,180,919
494,180,984
495,180,981
496,180,1083
497,180,1237
498,180,1242
499,180,1136
500,180,1268
501,180,1432
502,180,1377
503,180,1567
504,180,1556
505,180,1843
506,180,1894
507,180,1735
508,180,1918
509,180,2274
510,180,2476
511,180,2918
512,180,3434
513,180,3396
514,180,4136
515,180,5226
516,180,5831
517,180,5848
518,180,6195
519,180,6516
520,180,7122
521,180,6828
522,180,7423
523,180,8236
524,180,9332
525,180,10418
526,180,7730
527,180,8480
528,180,9846
529,180,11321
530,180,12605
531,180,13391
532,180,13417
533,180,12588
534,180,11074
535,180,9267
536,180,7704
537,180,6549
538,180,7660
539,180,6281
540,180,5187
541,180,4433
542,180,4013
543,180,3587
544,180,3270
545,180,2961
546,180,2548
547,180,2429
548,180,2258
549,180,2259
550,180,1987
551,180,1722
552,180,1521
553,180,1226
554,180,958
555,180,849
556,180,770
557,180,708
558,180,707
559,180,706
560,180,683
561,180,660
562,180,597
563,180,512
564,180,425
565,180,347
566,180,272
567,180,147
568,180,113
569,180,96
570,180,86
571,180,81
572,180,78
573,180,76
490,181,586
491,181,646
492,181,788
493,181,980
494,181,1021
495,181,925
496,181,923
497,181,991
498,181,995
499,181,954
500,181,1043
501,181,1126
502,181,1141
503,181,1256
504,181,1326
505,181,1520
506,181,1572
507,181,1512
508,181,1605
509,181,1793
510,181,1964
511,181,2380
512,181,2731
513,181,2983
514,181,3788
515,181,4647
516,181,5001
517,181,5636
518,181,5891
519,181,6351
520,181,6775
521,181,6647
522,181,7016
523,181,8103
524,181,9208
525,181,10291
526,181,7556
527,181,8548
528,181,10033
529,181,11587
530,181,12921
531,181,13742
532,181,13781
533,181,12924
534,181,11319
535,181,9371
536,181,7698
537,181,9364
538,181,7877
539,181,6294
540,181,5073
541,181,4230
542,181,3605
543,181,3178
544,181,2873
545,181,2585
546,181,2251
547,181,2100
548,181,2107
549,181,2040
550,181,1818
551,181,1878
552,181,1752
553,181,1338
554,181,985
555,181,749
556,181,698
557,181,748
558,181,825
559,181,820
560,181,722
561,181,608
562,181,509
563,181,432
564,181,362
565,181,288
566,181,160
567,181,126
568,181,109
569,181,97
570,181,89
571,181,83
572,181,78
573,181,72
490,182,533
491,182,605
492,182,716
493,182,838
494,182,862
495,182,792
496,182,743
497,182,767
498,182,768
499,182,755
500,182,811
501,182,862
502,182,902
503,182,1001
504,182,1164
505,182,1319
506,182,1345
507,182,1321
508,182,1339
509,182,1418
510,182,1527
511,182,1842
512,182,2181
513,182,2674
514,182,3502
515,182,4162
516,182,4281
517,182,4755
518,182,5471
519,182,5780
520,182,6324
521,182,6879
522,182,7464
523,182,8053
524,182,9072
525,182,10064
526,182,7532
527,182,8248
528,182,9570
529,182,10971
530,182,12174
531,182,12916
532,182,12954
533,182,12175
534,182,10719
535,182,8979
536,182,7640
537,182,9361
538,182,7845
539,182,6402
540,182,5275
541,182,4357
542,182,3696
543,182,3258
544,182,3006
545,182,2787
546,182,2415
547,182,2164
548,182,2308
549,182,2233
550,182,1818
551,182,1836
552,182,1721
553,182,1316
554,182,968
555,182,737
556,182,716
557,182,831
558,182,998
559,182,988
560,182,792
561,182,613
562,182,483
563,182,394
564,182,321
565,182,180
566,182,153
567,182,139
568,182,127
569,182,115
570,182,100
571,182,91
572,182,82
573,182,75
490,183,520
491,183,549
492,183,606
493,183,665
494,183,677
495,183,642
496,183,605
497,183,602
498,183,602
499,183,602
500,183,639
501,183,683
502,183,767
503,183,925
504,183,1171
505,183,1415
506,183,1390
507,183,1426
508,183,1376
509,183,1330
510,183,1466
511,183,1702
512,183,2080
513,183,2624
514,183,3442
515,183,3968
516,183,4253
517,183,4536
518,183,5090
519,183,6217
520,183,7027
521,183,7127
522,183,7426
523,183,7835
524,183,8718
525,183,9854
526,183,10538
527,183,7789
528,183,8639
529,183,9737
530,183,10684
531,183,11261
532,183,11273
533,183,10640
534,183,9512
535,183,8506
536,183,10534
537,183,9037
538,183,7468
539,183,6293
540,183,5527
541,183,4777
542,183,4186
543,183,3692
544,183,3594
545,183,3341
546,183,2757
547,183,2442
548,183,2327
549,183,2211
550,183,1780
551,183,1549
552,183,1415
553,183,1165
554,183,932
555,183,792
556,183,752
557,183,855
558,183,1007
559,183,984
560,183,776
561,183,589
562,183,458
563,183,373
564,183,312
565,183,191
566,183,261
567,183,258
568,183,244
569,183,218
570,183,130
571,183,110
572,183,91
573,183,76
490,184,498
491,184,483
492,184,506
493,184,532
494,184,538
495,184,521
496,184,502
497,184,497
498,184,501
499,184,510
500,184,542
501,184,597
502,184,706
503,184,875
504,184,1127
505,184,1391
506,184,1451
507,184,1705
508,184,1582
509,184,1522
510,184,1723
511,184,1817
512,184,2266
513,184,2673
514,184,3337
515,184,3701
516,184,3771
517,184,4340
518,184,5469
519,184,5947
520,184,6090
521,184,6282
522,184,6517
523,184,7187
524,184,8130
525,184,9021
526,184,9801
527,184,7140
528,184,7767
529,184,8583
530,184,9258
531,184,9642
532,184,9603
533,184,9103
534,184,8428
535,184,10964
536,184,9721
537,184,8161
538,184,7283
539,184,6138
540,184,5260
541,184,4843
542,184,4844
543,184,4070
544,184,4384
545,184,3534
546,184,2797
547,184,2838
548,184,2365
549,184,2203
550,184,1956
551,184,1613
552,184,1460
553,184,1245
554,184,1075
555,184,935
556,184,867
557,184,847
558,184,866
559,184,808
560,184,666
561,184,523
562,184,418
563,184,353
564,184,319
565,184,309
566,184,323
567,184,330
568,184,319
569,184,288
570,184,245
571,184,202
572,184,110
573,184,88
490,185,186
491,185,376
492,185,423
493,185,446
494,185,450
495,185,443
496,185,438
497,185,451
498,185,474
499,185,499
500,185,535
501,185,612
502,185,721
503,185,852
504,185,1009
505,185,1180
506,185,1464
507,185,1780
508,185,1822
509,185,1820
510,185,2082
511,185,2168
512,185,2251
513,185,2577
514,185,3047
515,185,3853
516,185,3789
517,185,4736
518,185,4687
519,185,4638
520,185,5041
521,185,5810
522,185,5880
523,185,6635
524,185,7116
525,185,8075
526,185,8825
527,185,9552
528,185,10512
529,185,11415
530,185,12070
531,185,12387
532,185,12220
533,185,11567
534,185,10550
535,185,9536
536,185,8190
537,185,6914
538,185,6224
539,185,5758
540,185,5145
541,185,4491
542,185,4314
543,185,3959
544,185,3744
545,185,3275
546,185,2694
547,185,2478
548,185,2119
549,185,1892
550,185,1882
551,185,1553
552,185,1768
553,185,1434
554,185,1364
555,185,1221
556,185,1111
557,185,992
558,185,828
559,185,679
560,185,553
561,185,447
562,185,372
563,185,331
564,185,330
565,185,355
566,185,394
567,185,424
568,185,416
569,185,369
570,185,308
571,185,246
572,185,130
573,185,90
490,186,172
491,186,240
492,186,369
493,186,406
494,186,412
495,186,410
496,186,422
497,186,454
498,186,502
499,186,553
500,186,593
501,186,691
502,186,830
503,186,994
504,186,1063
505,186,1069
506,186,1343
507,186,1720
508,186,1882
509,186,2182
510,186,2316
511,186,2282
512,186,2622
513,186,2934
514,186,3614
515,186,3468
516,186,3830
517,186,4645
518,186,4414
519,186,4994
520,186,4418
521,186,4755
522,186,5098
523,186,6120
524,186,6385
525,186,6640
526,186,7386
527,186,8240
528,186,9063
529,186,9646
530,186,9998
531,186,10122
532,186,9869
533,186,9340
534,186,8579
535,186,7695
536,186,6621
537,186,5710
538,186,5301
539,186,4660
540,186,4228
541,186,3844
542,186,3816
543,186,4363
544,186,3611
545,186,3390
546,186,2909
547,186,2564
548,186,2133
549,186,1736
550,186,1635
551,186,1521
552,186,1560
553,186,1543
554,186,1531
555,186,1503
556,186,1438
557,186,1180
558,186,882
559,186,650
560,186,484
561,186,389
562,186,328
563,186,318
564,186,343
565,186,401
566,186,482
567,186,553
568,186,547
569,186,466
570,186,371
571,186,291
572,186,218
573,186,104
490,187,282
491,187,398
492,187,426
493,187,437
494,187,432
495,187,428
496,187,439
497,187,490
498,187,577
499,187,672
500,187,714
501,187,792
502,187,998
503,187,1150
504,187,1178
505,187,1029
506,187,1131
507,187,1451
508,187,1800
509,187,2211
510,187,2555
511,187,2720
512,187,3102
513,187,3343
514,187,3579
515,187,3994
516,187,4110
517,187,4358
518,187,4172
519,187,3975
520,187,3858
521,187,4381
522,187,4521
523,187,4915
524,187,5189
525,187,5823
526,187,6023
527,187,6613
528,187,7275
529,187,7757
530,187,7907
531,187,7900
532,187,7724
533,187,7302
534,187,6754
535,187,6236
536,187,5581
537,187,5066
538,187,4642
539,187,4600
540,187,3732
541,187,3234
542,187,3233
543,187,3331
544,187,3060
545,187,3246
546,187,3350
547,187,3053
548,187,2308
549,187,1792
550,187,1686
551,187,1761
552,187,1635
553,187,1652
554,187,1605
555,187,1445
556,187,1464
557,187,1190
558,187,872
559,187,628
560,187,464
561,187,359
562,187,214
563,187,308
564,187,355
565,187,437
566,187,560
567,187,694
568,187,691
569,187,551
570,187,419
571,187,320
572,187,239
573,187,107
490,188,511
491,188,494
492,188,501
493,188,507
494,188,497
495,188,489
496,188,500
497,188,542
498,188,661
499,188,828
500,188,860
501,188,802
502,188,982
503,188,1039
504,188,1004
505,188,916
506,188,977
507,188,1211
508,188,1472
509,188,1830
510,188,2265
511,188,2536
512,188,2965
513,188,3599
514,188,3591
515,188,4016
516,188,4266
517,188,3691
518,188,3493
519,188,3812
520,188,3677
521,188,4634
522,188,4521
523,188,4319
524,188,4418
525,188,4694
526,188,4999
527,188,5320
528,188,5902
529,188,6030
530,188,6144
531,188,6280
532,188,6112
533,188,6068
534,188,5625
535,188,5314
536,188,5386
537,188,4736
538,188,4084
539,188,3725
540,188,3620
541,188,2948
542,188,2895
543,188,2969
544,188,2605
545,188,2620
546,188,2583
547,188,2379
548,188,2023
549,188,1641
550,188,1792
551,188,2182
552,188,1826
553,188,1732
554,188,1631
555,188,1375
556,188,1228
557,188,1022
558,188,784
559,188,588
560,188,452
561,188,362
562,188,314
563,188,318
564,188,360
565,188,443
566,188,567
567,188,703
568,188,702
569,188,562
570,188,430
571,188,329
572,188,245
573,188,107
490,189,529
491,189,560
492,189,585
493,189,612
494,189,602
495,189,587
496,189,605
497,189,596
498,189,675
499,189,831
500,189,852
501,189,751
502,189,801
503,189,826
504,189,809
505,189,805
506,189,901
507,189,1155
508,189,1424
509,189,1786
510,189,2149
511,189,2551
512,189,3267
513,189,3092
514,189,3277
515,189,3864
516,189,3380
517,189,3081
518,189,3037
519,189,3098
520,189,3198
521,189,3671
522,189,3687
523,189,3569
524,189,3507
525,189,3755
526,189,4206
527,189,4400
528,189,4623
529,189,4738
530,189,5185
531,189,5619
532,189,5186
533,189,5294
534,189,5470
535,189,5062
536,189,4899
537,189,4467
538,189,4313
539,189,3559
540,189,2998
541,189,2402
542,189,2235
543,189,2114
544,189,2049
545,189,2064
546,189,1882
547,189,1741
548,189,1567
549,189,1401
550,189,1555
551,189,1745
552,189,1806
553,189,1765
554,189,1524
555,189,1384
556,189,1134
557,189,888
558,189,708
559,189,567
560,189,476
561,189,402
562,189,351
563,189,332
564,189,357
565,189,419
566,189,507
567,189,584
568,189,583
569,189,503
570,189,406
571,189,319
572,189,236
573,189,107
490,190,675
491,190,637
492,190,663
493,190,732
494,190,724
495,190,693
496,190,749
497,190,664
498,190,606
499,190,683
500,190,697
501,190,656
502,190,661
503,190,687
504,190,711
505,190,780
506,190,1013
507,190,1347
508,190,1707
509,190,1974
510,190,2399
511,190,2331
512,190,2700
513,190,2948
514,190,2992
515,190,2965
516,190,2688
517,190,2533
518,190,2720
519,190,2846
520,190,3025
521,190,3294
522,190,3065
523,190,2976
524,190,3101
525,190,3642
526,190,3330
527,190,3567
528,190,3696
529,190,4208
530,190,4807
531,190,4746
532,190,4352
533,190,4585
534,190,4546
535,190,4378
536,190,4169
537,190,3614
538,190,3504
539,190,3045
540,190,2764
541,190,2092
542,190,1633
543,190,1458
544,190,1602
545,190,1611
546,190,1403
547,190,1245
548,190,1151
549,190,1096
550,190,1200
551,190,1317
552,190,1475
553,190,1508
554,190,1555
555,190,1474
556,190,1141
557,190,879
558,190,728
559,190,657
560,190,576
561,190,484
562,190,407
563,190,363
564,190,360
565,190,395
566,190,448
567,190,489
568,190,487
569,190,440
570,190,373
571,190,298
572,190,155
573,190,110
490,191,727
491,191,662
492,191,674
493,191,738
494,191,730
495,191,699
496,191,753
497,191,659
498,191,575
499,191,577
500,191,590
501,191,589
502,191,604
503,191,661
504,191,758
505,191,876
506,191,1125
507,191,1508
508,191,1976
509,191,2076
510,191,2034
511,191,2088
512,191,2578
513,191,2655
514,191,2437
515,191,2181
516,191,2110
517,191,2413
518,191,2477
519,191,2582
520,191,2923
521,191,3298
522,191,2921
523,191,2910
524,191,2829
525,191,3235
526,191,2918
527,191,3104
528,191,3593
529,191,4038
530,191,4152
531,191,4087
532,191,3943
533,191,4492
534,191,4207
535,191,4035
536,191,3434
537,191,3138
538,191,3175
539,191,2691
540,191,2417
541,191,2053
542,191,1472
543,191,1182
544,191,1307
545,191,1297
546,191,1071
547,191,927
548,191,840
549,191,824
550,191,892
551,191,991
552,191,1103
553,191,1162
554,191,1277
555,191,1242
556,191,1039
557,191,849
558,191,836
559,191,833
560,191,736
561,191,599
562,191,484
563,191,411
564,191,382
565,191,397
566,191,430
567,191,452
568,191,447
569,191,411
570,191,355
571,191,286
572,191,145
573,191,108
490,192,674
491,192,621
492,192,613
493,192,630
494,192,620
495,192,608
496,192,622
497,192,586
498,192,540
499,192,527
500,192,559
501,192,601
502,192,661
503,192,783
504,192,933
505,192,1070
506,192,1204
507,192,1510
508,192,1775
509,192,1829
510,192,1696
511,192,1839
512,192,2108
513,192,2132
514,192,1864
515,192,1694
516,192,1867
517,192,2294
518,192,2067
519,192,2381
520,192,2572
521,192,3120
522,192,2712
523,192,2473
524,192,2384
525,192,2899
526,192,2653
527,192,2872
528,192,3376
529,192,3868
530,192,3575
531,192,3553
532,192,3471
533,192,3774
534,192,3781
535,192,3466
536,192,2996
537,192,2827
538,192,2954
539,192,2502
540,192,2069
541,192,1838
542,192,1330
543,192,1275
544,192,1137
545,192,1101
546,192,860
547,192,719
548,192,639
549,192,620
550,192,663
551,192,738
552,192,816
553,192,890
554,192,969
555,192,966
556,192,886
557,192,855
558,192,960
559,192,1060
560,192,908
561,192,719
562,192,575
563,192,483
564,192,432
565,192,445
566,192,485
567,192,508
568,192,488
569,192,434
570,192,366
571,192,289
572,192,142
573,192,100
490,193,627
491,193,547
492,193,534
493,193,538
494,193,536
495,193,537
496,193,546
497,193,540
498,193,535
499,193,555
500,193,627
501,193,716
502,193,806
503,193,948
504,193,1170
505,193,1358
506,193,1376
507,193,1626
508,193,2014
509,193,1713
510,193,1531
511,193,1610
512,193,1695
513,193,1636
514,193,1438
515,193,1363
516,193,1516
517,193,1725
518,193,1726
519,193,1879
520,193,2055
521,193,2336
522,193,2168
523,193,1963
524,193,2046
525,193,2333
526,193,2489
527,193,2455
528,193,2797
529,193,3100
530,193,3260
531,193,3317
532,193,3032
533,193,3232
534,193,3644
535,193,3057
536,193,2586
537,193,2377
538,193,2378
539,193,2191
540,193,1902
541,193,1756
542,193,1376
543,193,1208
544,193,915
545,193,836
546,193,688
547,193,571
548,193,500
549,193,484
550,193,508
551,193,558
552,193,610
553,193,678
554,193,734
555,193,750
556,193,735
557,193,807
558,193,953
559,193,1079
560,193,959
561,193,821
562,193,694
563,193,569
564,193,492
565,193,514
566,193,579
567,193,618
568,193,574
569,193,485
570,193,391
571,193,298
572,193,142
573,193,94
490,194,310
491,194,411
492,194,458
493,194,483
494,194,501
495,194,520
496,194,540
497,194,560
498,194,600
499,194,652
500,194,752
501,194,889
502,194,1004
503,194,1068
504,194,1333
505,194,1676
506,194,1466
507,194,1515
508,194,1650
509,194,1551
510,194,1500
511,194,1654
512,194,1646
513,194,1419
514,194,1175
515,194,1116
516,194,1230
517,194,1396
518,194,1491
519,194,1582
520,194,1587
521,194,1723
522,194,1649
523,194,1574
524,194,1787
525,194,2288
526,194,2460
527,194,2502
528,194,2627
529,194,3103
530,194,2873
531,194,3287
532,194,2938
533,194,2933
534,194,3006
535,194,2764
536,194,2567
537,194,2266
538,194,2401
539,194,2259
540,194,1717
541,194,1567
542,194,1330
543,194,909
544,194,732
545,194,623
546,194,515
547,194,439
548,194,371
549,194,373
550,194,390
551,194,431
552,194,475
553,194,525
554,194,570
555,194,597
556,194,626
557,194,704
558,194,812
559,194,893
560,194,921
561,194,962
562,194,807
563,194,639
564,194,541
565,194,573
566,194,674
567,194,754
568,194,660
569,194,527
570,194,409
571,194,304
572,194,142
573,194,92
490,195,142
491,195,228
492,195,412
493,195,477
494,195,535
495,195,591
496,195,632
497,195,658
498,195,731
499,195,803
500,195,886
501,195,1063
502,195,1232
503,195,1168
504,195,1228
505,195,1352
506,195,1312
507,195,1502
508,195,1562
509,195,1491
510,195,1593
511,195,1821
512,195,1786
513,195,1398
514,195,1096
515,195,970
516,195,1123
517,195,1416
518,195,1723
519,195,1764
520,195,1540
521,195,1348
522,195,1313
523,195,1491
524,195,1871
525,195,2138
526,195,2365
527,195,2408
528,195,2290
529,195,2537
530,195,2501
531,195,2812
532,195,2881
533,195,3142
534,195,2811
535,195,2859
536,195,2745
537,195,2254
538,195,2084
539,195,1901
540,195,1505
541,195,1316
542,195,1409
543,195,944
544,195,881
545,195,665
546,195,447
547,195,342
548,195,288
549,195,276
550,195,287
551,195,326
552,195,365
553,195,406
554,195,450
555,195,482
556,195,527
557,195,588
558,195,661
559,195,739
560,195,852
561,195,937
562,195,804
563,195,650
564,195,560
565,195,590
566,195,683
567,195,756
568,195,658
569,195,522
570,195,404
571,195,299
572,195,140
573,195,93
490,196,142
491,196,225
492,196,418
493,196,508
494,196,604
495,196,707
496,196,780
497,196,798
498,196,896
499,196,994
500,196,983
501,196,1090
502,196,1222
503,196,1108
504,196,1007
505,196,1050
506,196,1096
507,196,1242
508,196,1324
509,196,1596
510,196,1557
511,196,1778
512,196,1568
513,196,1272
514,196,1022
515,196,959
516,196,1145
517,196,1509
518,196,1975
519,196,1986
520,196,1551
521,196,1236
522,196,1173
523,196,1402
524,196,1824
525,196,2081
526,196,2274
527,196,2289
528,196,2209
529,196,2303
530,196,2241
531,196,2503
532,196,2619
533,196,2660
534,196,2606
535,196,2607
536,196,2583
537,196,2177
538,196,1747
539,196,1495
540,196,1221
541,196,1090
542,196,1006
543,196,794
544,196,841
545,196,620
546,196,404
547,196,299
548,196,242
549,196,227
550,196,225
551,196,173
552,196,186
553,196,245
554,196,345
555,196,386
556,196,435
557,196,484
558,196,538
559,196,613
560,196,697
561,196,741
562,196,691
563,196,614
564,196,576
565,196,582
566,196,620
567,196,632
568,196,571
569,196,473
570,196,376
571,196,284
572,196,136
573,196,93
490,197,372
491,197,387
492,197,455
493,197,545
494,197,668
495,197,823
496,197,951
497,197,921
498,197,1005
499,197,1192
500,197,1024
501,197,959
502,197,978
503,197,913
504,197,831
505,197,824
506,197,881
507,197,983
508,197,1128
509,197,1345
510,197,1618
511,197,1681
512,197,1371
513,197,1101
514,197,935
515,197,965
516,197,1094
517,197,1392
518,197,1669
519,197,1658
520,197,1364
521,197,1097
522,197,1039
523,197,1237
524,197,1527
525,197,1872
526,197,1960
527,197,1904
528,197,1817
529,197,1791
530,197,1817
531,197,2159
532,197,2263
533,197,2240
534,197,2185
535,197,2337
536,197,2493
537,197,2086
538,197,1592
539,197,1211
540,197,982
541,197,852
542,197,748
543,197,635
544,197,594
545,197,443
546,197,357
547,197,282
548,197,235
549,197,210
550,197,201
551,197,195
552,197,147
553,197,159
554,197,179
555,197,206
556,197,341
557,197,389
558,197,443
559,197,500
560,197,554
561,197,587
562,197,590
563,197,605
564,197,644
565,197,645
566,197,599
567,197,548
568,197,489
569,197,417
570,197,340
571,197,258
572,197,129
573,197,91
490,198,413
491,198,437
492,198,479
493,198,562
494,198,685
495,198,841
496,198,963
497,198,912
498,198,923
499,198,976
500,198,893
501,198,796
502,198,768
503,198,730
504,198,687
505,198,681
506,198,739
507,198,818
508,198,951
509,198,1153
510,198,1395
511,198,1656
512,198,1336
513,198,1071
514,198,988
515,198,1097
516,198,1218
517,198,1240
518,198,1297
519,198,1243
520,198,1076
521,198,918
522,198,893
523,198,1073
524,198,1389
525,198,1740
526,198,1774
527,198,1527
528,198,1434
529,198,1395
530,198,1614
531,198,1970
532,198,2034
533,198,1910
534,198,2125
535,198,2230
536,198,2480
537,198,1950
538,198,1447
539,198,1062
540,198,815
541,198,685
542,198,592
543,198,522
544,198,538
545,198,553
546,198,414
547,198,299
548,198,236
549,198,204
550,198,189
551,198,184
552,198,131
553,198,135
554,198,145
555,198,159
556,198,184
557,198,255
558,198,353
559,198,408
560,198,452
561,198,491
562,198,543
563,198,634
564,198,745
565,198,746
566,198,633
567,198,529
568,198,446
569,198,377
570,198,300
571,198,163
572,198,121
573,198,91
490,199,495
491,199,490
492,199,500
493,199,566
494,199,667
495,199,782
496,199,840
497,199,806
498,199,778
499,199,774
500,199,724
501,199,658
502,199,621
503,199,605
504,199,602
505,199,638
506,199,712
507,199,793
508,199,867
509,199,993
510,199,1167
511,199,1286
512,199,1181
513,199,1034
514,199,1055
515,199,1268
516,199,1470
517,199,1295
518,199,1076
519,199,919
520,199,825
521,199,759
522,199,802
523,199,976
524,199,1196
525,199,1422
526,199,1416
527,199,1257
528,199,1171
529,199,1326
530,199,1616
531,199,1725
532,199,1640
533,199,1692
534,199,1978
535,199,2089
536,199,2042
537,199,1727
538,199,1309
539,199,961
540,199,722
541,199,576
542,199,502
543,199,469
544,199,476
545,199,533
546,199,406
547,199,295
548,199,233
549,199,198
550,199,183
551,199,177
552,199,124
553,199,126
554,199,132
555,199,140
556,199,151
557,199,167
558,199,197
559,199,328
560,199,380
561,199,436
562,199,512
563,199,620
564,199,741
565,199,744
566,199,628
567,199,520
568,199,434
569,199,355
570,199,194
571,199,150
572,199,123
573,199,101
490,200,633
491,200,552
492,200,530
493,200,591
494,200,702
495,200,818
496,200,837
497,200,753
498,200,670
499,200,634
500,200,595
501,200,555
502,200,532
503,200,539
504,200,580
505,200,665
506,200,788
507,200,905
508,200,940
509,200,914
510,200,965
511,200,1039
512,200,1042
513,200,1040
514,200,1050
515,200,1270
516,200,1448
517,200,1234
518,200,961
519,200,760
520,200,654
521,200,664
522,200,794
523,200,1023
524,200,1270
525,200,1337
526,200,1194
527,200,1036
528,200,1042
529,200,1233
530,200,1513
531,200,1570
532,200,1417
533,200,1431
534,200,1629
535,200,1905
536,200,2179
537,200,1707
538,200,1259
539,200,913
540,200,682
541,200,538
542,200,458
543,200,388
544,200,366
545,200,384
546,200,363
547,200,289
548,200,234
549,200,202
550,200,185
551,200,177
552,200,123
553,200,124
554,200,128
555,200,133
556,200,139
557,200,147
558,200,159
559,200,188
560,200,321
561,200,390
562,200,464
563,200,549
564,200,624
565,200,631
566,200,570
567,200,495
568,200,425
569,200,348
570,200,193
571,200,158
572,200,133
573,200,101
490,201,729
491,201,586
492,201,543
493,201,603
494,201,725
495,201,877
496,201,883
497,201,743
498,201,628
499,201,555
500,201,518
501,201,497
502,201,493
503,201,523
504,201,590
505,201,707
506,201,878
507,201,1069
508,201,1082
509,201,932
510,201,851
511,201,911
512,201,1048
513,201,1187
514,201,1108
515,201,1107
516,201,1133
517,201,1005
518,201,811
519,201,652
520,201,575
521,201,626
522,201,792
523,201,1059
524,201,1383
525,201,1407
526,201,1139
527,201,945
528,201,936
529,201,1080
530,201,1224
531,201,1274
532,201,1191
533,201,1203
534,201,1440
535,201,1758
536,201,1829
537,201,1523
538,201,1157
539,201,854
540,201,645
541,201,510
542,201,428
543,201,355
544,201,363
545,201,455
546,201,442
547,201,313
548,201,243
549,201,206
550,201,188
551,201,179
552,201,125
553,201,125
554,201,128
555,201,132
556,201,135
557,201,138
558,201,144
559,201,157
560,201,190
561,201,331
562,201,403
563,201,467
564,201,515
565,201,528
566,201,506
567,201,465
568,201,406
569,201,245
570,201,207
571,201,185
572,201,162
573,201,131
490,202,633
491,202,551
492,202,522
493,202,575
494,202,673
495,202,772
496,202,776
497,202,683
498,202,586
499,202,519
500,202,484
501,202,481
502,202,503
503,202,548
504,202,618
505,202,719
506,202,884
507,202,1064
508,202,1065
509,202,897
510,202,789
511,202,848
512,202,1021
513,202,1180
514,202,1091
515,202,969
516,202,898
517,202,798
518,202,669
519,202,563
520,202,531
521,202,606
522,202,767
523,202,972
524,202,1183
525,202,1177
526,202,993
527,202,850
528,202,910
529,202,1120
530,202,1317
531,202,1201
532,202,1055
533,202,1048
534,202,1247
535,202,1558
536,202,1870
537,202,1482
538,202,1106
539,202,815
540,202,619
541,202,492
542,202,413
543,202,339
544,202,335
545,202,372
546,202,360
547,202,291
548,202,238
549,202,207
550,202,191
551,202,182
552,202,127
553,202,127
554,202,130
555,202,133
556,202,134
557,202,134
558,202,136
559,202,143
560,202,158
561,202,192
562,202,332
563,202,392
564,202,431
565,202,451
566,202,453
567,202,430
568,202,290
569,202,270
570,202,259
571,202,242
572,202,215
573,202,181
490,203,505
491,203,486
492,203,478
493,203,520
494,203,585
495,203,641
496,203,646
497,203,602
498,203,546
499,203,504
500,203,485
501,203,504
502,203,550
503,203,612
504,203,689
505,203,769
506,203,829
507,203,890
508,203,875
509,203,779
510,203,709
511,203,763
512,203,902
513,203,1024
514,203,1106
515,203,973
516,203,815
517,203,674
518,203,575
519,203,502
520,203,511
521,203,604
522,203,785
523,203,1019
524,203,1083
525,203,941
526,203,808
527,203,734
528,203,839
529,203,1057
530,203,1248
531,203,1116
532,203,960
533,203,919
534,203,1085
535,203,1315
536,203,1450
537,203,1278
538,203,1000
539,203,760
540,203,589
541,203,472
542,203,396
543,203,319
544,203,298
545,203,300
546,203,289
547,203,258
548,203,227
549,203,205
550,203,192
551,203,182
552,203,128
553,203,129
554,203,131
555,203,133
556,203,133
557,203,132
558,203,132
559,203,134
560,203,141
561,203,156
562,203,188
563,203,315
564,203,353
565,203,381
566,203,400
567,203,305
568,203,467
569,203,500
570,203,503
571,203,475
572,203,405
573,203,187
490,204,446
491,204,428
492,204,418
493,204,456
494,204,501
495,204,540
496,204,554
497,204,545
498,204,529
499,204,520
500,204,518
501,204,550
502,204,622
503,204,718
504,204,793
505,204,880
506,204,870
507,204,782
508,204,709
509,204,657
510,204,627
511,204,687
512,204,836
513,204,1037
514,204,1238
515,204,1038
516,204,836
517,204,669
518,204,552
519,204,490
520,204,502
521,204,588
522,204,747
523,204,951
524,204,975
525,204,811
526,204,673
527,204,622
528,204,705
529,204,844
530,204,937
531,204,905
532,204,825
533,204,804
534,204,917
535,204,1063
536,204,1142
537,204,1067
538,204,872
539,204,701
540,204,562
541,204,460
542,204,384
543,204,307
544,204,279
545,204,269
546,204,258
547,204,240
548,204,220
549,204,204
550,204,189
551,204,132
552,204,127
553,204,128
554,204,130
555,204,132
556,204,131
557,204,129
558,204,128
559,204,128
560,204,131
561,204,138
562,204,150
563,204,171
564,204,190
565,204,214
566,204,256
567,204,449
568,204,541
569,204,600
570,204,620
571,204,592
572,204,526
573,204,463
490,205,405
491,205,355
492,205,243
493,205,376
494,205,423
495,205,473
496,205,505
497,205,537
498,205,566
499,205,581
500,205,580
501,205,601
502,205,691
503,205,829
504,205,943
505,205,923
506,205,861
507,205,724
508,205,628
509,205,572
510,205,569
511,205,646
512,205,793
513,205,978
514,205,1106
515,205,1029
516,205,889
517,205,717
518,205,580
519,205,501
520,205,503
521,205,567
522,205,677
523,205,801
524,205,765
525,205,663
526,205,567
527,205,519
528,205,569
529,205,648
530,205,709
531,205,721
532,205,689
533,205,705
534,205,786
535,205,912
536,205,1026
537,205,1047
538,205,917
539,205,735
540,205,580
541,205,468
542,205,387
543,205,317
544,205,290
545,205,277
546,205,261
547,205,241
548,205,222
549,205,202
550,205,137
551,205,129
552,205,127
553,205,127
554,205,128
555,205,128
556,205,128
557,205,126
558,205,124
559,205,123
560,205,123
561,205,127
562,205,133
563,205,144
564,205,160
565,205,190
566,205,252
567,205,478
568,205,591
569,205,680
570,205,720
571,205,685
572,205,602
573,205,500
490,206,151
491,206,183
492,206,187
493,206,211
494,206,246
495,206,429
496,206,500
497,206,569
498,206,639
499,206,680
500,206,661
501,206,641
502,206,710
503,206,838
504,206,942
505,206,856
506,206,761
507,206,655
508,206,570
509,206,526
510,206,541
511,206,628
512,206,782
513,206,990
514,206,1211
515,206,1166
516,206,982
517,206,769
518,206,610
519,206,523
520,206,522
521,206,571
522,206,635
523,206,671
524,206,645
525,206,568
526,206,494
527,206,454
528,206,473
529,206,536
530,206,615
531,206,672
532,206,683
533,206,689
534,206,755
535,206,901
536,206,1084
537,206,1204
538,206,1027
539,206,796
540,206,613
541,206,493
542,206,418
543,206,370
544,206,350
545,206,332
546,206,296
547,206,268
548,206,233
549,206,151
550,206,136
551,206,130
552,206,127
553,206,125
554,206,125
555,206,124
556,206,123
557,206,121
558,206,120
559,206,118
560,206,118
561,206,119
562,206,124
563,206,132
564,206,149
565,206,189
566,206,370
567,206,494
568,206,615
569,206,733
570,206,808
571,206,754
572,206,663
573,206,591
490,207,137
491,207,154
492,207,165
493,207,183
494,207,221
495,207,414
496,207,505
497,207,603
498,207,716
499,207,799
500,207,735
501,207,664
502,207,671
503,207,741
504,207,787
505,207,744
506,207,658
507,207,584
508,207,517
509,207,485
510,207,513
511,207,596
512,207,727
513,207,890
514,207,1024
515,207,1112
516,207,954
517,207,755
518,207,609
519,207,539
520,207,567
521,207,648
522,207,731
523,207,733
524,207,646
525,207,544
526,207,464
527,207,428
528,207,453
529,207,534
530,207,661
531,207,768
532,207,747
533,207,707
534,207,734
535,207,872
536,207,1062
537,207,1198
538,207,1041
539,207,823
540,207,641
541,207,542
542,207,472
543,207,434
544,207,421
545,207,405
546,207,374
547,207,329
548,207,195
549,207,158
550,207,142
551,207,132
552,207,127
553,207,124
554,207,122
555,207,120
556,207,119
557,207,117
558,207,115
559,207,114
560,207,114
561,207,114
562,207,118
563,207,125
564,207,142
565,207,181
566,207,363
567,207,476
568,207,594
569,207,712
570,207,791
571,207,744
572,207,666
573,207,610
490,208,133
491,208,144
492,208,156
493,208,174
494,208,212
495,208,401
496,208,496
497,208,597
498,208,713
499,208,795
500,208,726
501,208,639
502,208,601
503,208,628
504,208,646
505,208,625
506,208,572
507,208,512
508,208,458
509,208,429
510,208,474
511,208,547
512,208,642
513,208,746
514,208,846
515,208,881
516,208,799
517,208,669
518,208,568
519,208,537
520,208,600
521,208,730
522,208,883
523,208,880
524,208,717
525,208,569
526,208,468
527,208,425
528,208,448
529,208,542
530,208,712
531,208,935
532,208,801
533,208,712
534,208,701
535,208,799
536,208,933
537,208,1021
538,208,975
539,208,859
540,208,743
541,208,643
542,208,556
543,208,520
544,208,515
545,208,490
546,208,446
547,208,392
548,208,324
549,208,179
550,208,150
551,208,136
552,208,127
553,208,122
554,208,119
555,208,116
556,208,114
557,208,113
558,208,111
559,208,110
560,208,110
561,208,111
562,208,113
563,208,120
564,208,134
565,208,168
566,208,326
567,208,430
568,208,529
569,208,620
570,208,671
571,208,656
572,208,614
573,208,595
490,209,125
491,209,138
492,209,152
493,209,168
494,209,201
495,209,370
496,209,463
497,209,546
498,209,624
499,209,665
500,209,631
501,209,571
502,209,529
503,209,526
504,209,529
505,209,517
506,209,483
507,209,430
508,209,378
509,209,268
510,209,436
511,209,502
512,209,565
513,209,624
514,209,678
515,209,686
516,209,638
517,209,562
518,209,504
519,209,507
520,209,585
521,209,722
522,209,878
523,209,874
524,209,711
525,209,563
526,209,465
527,209,421
528,209,439
529,209,512
530,209,633
531,209,738
532,209,718
533,209,672
534,209,664
535,209,726
536,209,849
537,209,997
538,209,1093
539,209,976
540,209,910
541,209,779
542,209,655
543,209,633
544,209,645
545,209,598
546,209,520
547,209,443
548,209,363
549,209,193
550,209,156
551,209,139
552,209,128
553,209,121
554,209,116
555,209,113
556,209,111
557,209,109
558,209,108
559,209,107
560,209,107
561,209,108
562,209,110
563,209,115
564,209,126
565,209,148
566,209,194
567,209,357
568,209,445
569,209,511
570,209,545
571,209,540
572,209,512
573,209,503
490,210,118
491,210,135
492,210,149
493,210,164
494,210,184
495,210,229
496,210,406
497,210,474
498,210,524
499,210,544
500,210,525
501,210,485
502,210,448
503,210,423
504,210,417
505,210,408
506,210,382
507,210,242
508,210,228
509,210,252
510,210,429
511,210,488
512,210,533
513,210,563
514,210,572
515,210,561
516,210,521
517,210,471
518,210,436
519,210,453
520,210,520
521,210,620
522,210,708
523,210,705
524,210,614
525,210,512
526,210,440
527,210,411
528,210,433
529,210,486
530,210,556
531,210,611
532,210,620
533,210,619
534,210,631
535,210,693
536,210,808
537,210,960
538,210,1077
539,210,994
540,210,1088
541,210,866
542,210,715
543,210,733
544,210,795
545,210,699
546,210,577
547,210,477
548,210,386
549,210,237
550,210,162
551,210,140
552,210,128
553,210,120
554,210,114
555,210,111
556,210,108
557,210,106
558,210,105
559,210,104
560,210,104
561,210,106
562,210,108
563,210,113
564,210,121
565,210,135
566,210,159
567,210,201
568,210,349
569,210,398
570,210,419
571,210,411
572,210,360
573,210,157
490,211,104
491,211,135
492,211,151
493,211,162
494,211,173
495,211,199
496,211,343
497,211,391
498,211,428
499,211,440
500,211,427
501,211,390
502,211,351
503,211,221
504,211,209
505,211,206
506,211,201
507,211,193
508,211,214
509,211,381
510,211,457
511,211,518
512,211,574
513,211,602
514,211,577
515,211,522
516,211,463
517,211,409
518,211,367
519,211,384
520,211,438
521,211,504
522,211,550
523,211,544
524,211,495
525,211,437
526,211,395
527,211,396
528,211,452
529,211,517
530,211,576
531,211,618
532,211,606
533,211,601
534,211,612
535,211,654
536,211,740
537,211,836
538,211,885
539,211,874
540,211,888
541,211,782
542,211,673
543,211,722
544,211,792
545,211,702
546,211,582
547,211,482
548,211,392
549,211,238
550,211,162
551,211,140
552,211,126
553,211,118
554,211,112
555,211,108
556,211,106
557,211,104
558,211,103
559,211,102
560,211,103
561,211,104
562,211,107
563,211,111
564,211,118
565,211,130
566,211,144
567,211,160
568,211,184
569,211,199
570,211,207
571,211,204
572,211,184
573,211,140
490,212,133
491,212,151
492,212,160
493,212,164
494,212,166
495,212,170
496,212,189
497,212,208
498,212,320
499,212,335
500,212,322
501,212,203
502,212,180
503,212,162
504,212,156
505,212,156
506,212,156
507,212,164
508,212,203
509,212,415
510,212,491
511,212,575
512,212,678
513,212,745
514,212,669
515,212,553
516,212,462
517,212,385
518,212,208
519,212,291
520,212,358
521,212,414
522,212,438
523,212,421
524,212,389
525,212,356
526,212,326
527,212,360
528,212,510
529,212,609
530,212,665
531,212,733
532,212,635
533,212,608
534,212,603
535,212,602
536,212,672
537,212,730
538,212,718
539,212,718
540,212,699
541,212,635
542,212,574
543,212,600
544,212,635
545,212,607
546,212,536
547,212,463
548,212,388
549,212,195
550,212,158
551,212,136
552,212,122
553,212,115
554,212,110
555,212,106
556,212,104
557,212,103
558,212,100
559,212,100
560,212,101
561,212,102
562,212,105
563,212,110
564,212,116
565,212,132
566,212,140
567,212,142
568,212,148
569,212,154
570,212,158
571,212,158
572,212,150
573,212,137
490,213,173
491,213,175
492,213,173
493,213,172
494,213,163
495,213,146
496,213,148
497,213,151
498,213,138
499,213,148
500,213,152
501,213,140
502,213,132
503,213,123
504,213,122
505,213,124
506,213,124
507,213,128
508,213,163
509,213,489
510,213,517
511,213,624
512,213,832
513,213,1052
514,213,825
515,213,588
516,213,474
517,213,417
518,213,127
519,213,103
520,213,294
521,213,364
522,213,378
523,213,323
524,213,291
525,213,282
526,213,212
527,213,226
528,213,639
529,213,761
530,213,696
531,213,811
532,213,547
533,213,605
534,213,607
535,213,505
536,213,632
537,213,705
538,213,559
539,213,601
540,213,548
541,213,488
542,213,444
543,213,450
544,213,485
545,213,516
546,213,478
547,213,435
548,213,411
549,213,159
550,213,154
551,213,129
552,213,112
553,213,110
554,213,108
555,213,103
556,213,103
557,213,103
558,213,96
559,213,97
560,213,100
561,213,100
562,213,102
563,213,111
564,213,105
565,213,145
566,213,150
567,213,128
568,213,129
569,213,129
570,213,131
571,213,136
572,213,133
573,213,125
