xv,yv,rho
490,148,220
491,148,216
492,148,208
493,148,192
494,148,207
495,148,329
496,148,381
497,148,502
498,148,519
499,148,467
500,148,420
501,148,372
502,148,296
503,148,306
504,148,322
505,148,322
506,148,309
507,148,298
508,148,295
509,148,268
510,148,216
511,148,267
512,148,335
513,148,508
514,148,508
515,148,509
516,148,509
517,148,509
518,148,508
519,148,420
520,148,379
521,148,376
522,148,285
523,148,137
524,148,74
525,148,76
526,148,78
527,148,80
528,148,118
529,148,286
530,148,321
531,148,310
532,148,282
533,148,315
534,148,312
535,148,312
536,148,309
537,148,249
538,148,250
539,148,292
540,148,332
541,148,322
542,148,345
543,148,360
544,148,366
545,148,369
546,148,350
547,148,328
548,148,322
549,148,315
550,148,318
551,148,319
552,148,399
553,148,348
554,148,630
555,148,675
556,148,668
557,148,665
558,148,663
559,148,647
560,148,414
561,148,410
562,148,410
563,148,406
564,148,418
565,148,615
566,148,620
567,148,618
568,148,476
569,148,468
570,148,465
571,148,421
572,148,388
573,148,391
490,149,325
491,149,290
492,149,272
493,149,267
494,149,292
495,149,358
496,149,434
497,149,535
498,149,609
499,149,625
500,149,581
501,149,497
502,149,406
503,149,360
504,149,342
505,149,330
506,149,319
507,149,308
508,149,299
509,149,285
510,149,274
511,149,302
512,149,355
513,149,431
514,149,463
515,149,478
516,149,482
517,149,477
518,149,460
519,149,418
520,149,387
521,149,372
522,149,348
523,149,328
524,149,334
525,149,342
526,149,326
527,149,298
528,149,283
529,149,307
530,149,314
531,149,310
532,149,303
533,149,309
534,149,309
535,149,305
536,149,298
537,149,283
538,149,287
539,149,307
540,149,327
541,149,335
542,149,350
543,149,363
544,149,368
545,149,368
546,149,358
547,149,348
548,149,346
549,149,353
550,149,372
551,149,406
552,149,453
553,149,483
554,149,573
555,149,603
556,149,601
557,149,591
558,149,575
559,149,539
560,149,455
561,149,428
562,149,422
563,149,434
564,149,467
565,149,538
566,149,556
567,149,544
568,149,494
569,149,473
570,149,462
571,149,448
572,149,443
573,149,462
490,150,394
491,150,344
492,150,321
493,150,315
494,150,334
495,150,378
496,150,446
497,150,538
498,150,624
499,150,662
500,150,627
501,150,538
502,150,445
503,150,386
504,150,357
505,150,341
506,150,328
507,150,316
508,150,306
509,150,297
510,150,296
511,150,314
512,150,351
513,150,397
514,150,429
515,150,450
516,150,457
517,150,450
518,150,431
519,150,403
520,150,381
521,150,374
522,150,387
523,150,423
524,150,468
525,150,484
526,150,458
527,150,413
528,150,364
529,150,332
530,150,318
531,150,312
532,150,308
533,150,309
534,150,307
535,150,303
536,150,299
537,150,297
538,150,306
539,150,320
540,150,331
541,150,340
542,150,352
543,150,366
544,150,374
545,150,371
546,150,365
547,150,360
548,150,364
549,150,382
550,150,414
551,150,462
552,150,507
553,150,538
554,150,564
555,150,563
556,150,547
557,150,530
558,150,511
559,150,483
560,150,441
561,150,423
562,150,425
563,150,442
564,150,471
565,150,506
566,150,519
567,150,512
568,150,491
569,150,477
570,150,472
571,150,474
572,150,481
573,150,473
490,151,394
491,151,364
492,151,346
493,151,339
494,151,350
495,151,377
496,151,427
497,151,495
498,151,563
499,151,596
500,151,571
501,151,503
502,151,434
503,151,390
504,151,368
505,151,351
506,151,336
507,151,323
508,151,314
509,151,306
510,151,304
511,151,317
512,151,342
513,151,374
514,151,403
515,151,425
516,151,439
517,151,426
518,151,405
519,151,382
520,151,364
521,151,361
522,151,382
523,151,428
524,151,476
525,151,490
526,151,462
527,151,413
528,151,365
529,151,333
530,151,319
531,151,312
532,151,308
533,151,308
534,151,306
535,151,301
536,151,300
537,151,305
538,151,317
539,151,328
540,151,334
541,151,340
542,151,350
543,151,364
544,151,374
545,151,372
546,151,368
547,151,366
548,151,379
549,151,404
550,151,446
551,151,498
552,151,543
553,151,564
554,151,563
555,151,540
556,151,509
557,151,484
558,151,464
559,151,440
560,151,421
561,151,413
562,151,418
563,151,436
564,151,462
565,151,488
566,151,502
567,151,504
568,151,496
569,151,490
570,151,493
571,151,513
572,151,547
573,151,580
490,152,394
491,152,367
492,152,349
493,152,345
494,152,348
495,152,364
496,152,395
497,152,438
498,152,480
499,152,500
500,152,485
501,152,445
502,152,407
503,152,385
504,152,382
505,152,360
506,152,343
507,152,331
508,152,322
509,152,313
510,152,310
511,152,317
512,152,336
513,152,359
514,152,382
515,152,403
516,152,417
517,152,404
518,152,384
519,152,361
520,152,343
521,152,337
522,152,349
523,152,380
524,152,412
525,152,420
526,152,401
527,152,373
528,152,352
529,152,335
530,152,319
531,152,309
532,152,305
533,152,306
534,152,304
535,152,301
536,152,300
537,152,308
538,152,322
539,152,337
540,152,333
541,152,333
542,152,343
543,152,359
544,152,371
545,152,374
546,152,368
547,152,368
548,152,384
549,152,414
550,152,461
551,152,517
552,152,561
553,152,576
554,152,561
555,152,524
556,152,485
557,152,456
558,152,431
559,152,416
560,152,405
561,152,401
562,152,408
563,152,424
564,152,448
565,152,475
566,152,498
567,152,512
568,152,515
569,152,515
570,152,527
571,152,568
572,152,634
573,152,666
490,153,398
491,153,359
492,153,339
493,153,331
494,153,334
495,153,345
496,153,365
497,153,391
498,153,415
499,153,425
500,153,418
501,153,399
502,153,384
503,153,376
504,153,372
505,153,360
506,153,346
507,153,338
508,153,332
509,153,323
510,153,316
511,153,320
512,153,337
513,153,356
514,153,371
515,153,389
516,153,398
517,153,392
518,153,374
519,153,350
520,153,329
521,153,316
522,153,312
523,153,325
524,153,339
525,153,345
526,153,342
527,153,339
528,153,346
529,153,339
530,153,317
531,153,304
532,153,302
533,153,305
534,153,305
535,153,301
536,153,297
537,153,303
538,153,315
539,153,327
540,153,320
541,153,319
542,153,330
543,153,349
544,153,364
545,153,369
546,153,365
547,153,371
548,153,385
549,153,417
550,153,466
551,153,524
552,153,567
553,153,577
554,153,554
555,153,512
556,153,471
557,153,437
558,153,418
559,153,406
560,153,397
561,153,393
562,153,398
563,153,411
564,153,435
565,153,467
566,153,502
567,153,530
568,153,542
569,153,546
570,153,569
571,153,646
572,153,786
573,153,888
490,154,395
491,154,330
492,154,312
493,154,310
494,154,316
495,154,327
496,154,342
497,154,360
498,154,375
499,154,382
500,154,378
501,154,371
502,154,368
503,154,368
504,154,365
505,154,358
506,154,348
507,154,342
508,154,343
509,154,335
510,154,322
511,154,327
512,154,347
513,154,364
514,154,377
515,154,390
516,154,401
517,154,399
518,154,381
519,154,356
520,154,331
521,154,312
522,154,300
523,154,294
524,154,294
525,154,298
526,154,306
527,154,317
528,154,327
529,154,325
530,154,310
531,154,297
532,154,301
533,154,310
534,154,311
535,154,300
536,154,297
537,154,292
538,154,296
539,154,298
540,154,296
541,154,300
542,154,315
543,154,336
544,154,354
545,154,359
546,154,364
547,154,369
548,154,383
549,154,414
550,154,462
551,154,519
552,154,561
553,154,567
554,154,541
555,154,499
556,154,460
557,154,434
558,154,415
559,154,404
560,154,394
561,154,389
562,154,390
563,154,401
564,154,425
565,154,463
566,154,509
567,154,548
568,154,565
569,154,570
570,154,601
571,154,721
572,154,1020
573,154,1681
490,155,215
491,155,258
492,155,277
493,155,290
494,155,305
495,155,318
496,155,329
497,155,343
498,155,357
499,155,362
500,155,357
501,155,356
502,155,357
503,155,359
504,155,357
505,155,352
506,155,345
507,155,340
508,155,336
509,155,332
510,155,341
511,155,337
512,155,361
513,155,378
514,155,385
515,155,409
516,155,427
517,155,423
518,155,404
519,155,379
520,155,354
521,155,332
522,155,311
523,155,293
524,155,283
525,155,283
526,155,293
527,155,306
528,155,314
529,155,312
530,155,301
531,155,294
532,155,300
533,155,320
534,155,320
535,155,306
536,155,300
537,155,286
538,155,275
539,155,273
540,155,273
541,155,280
542,155,297
543,155,320
544,155,340
545,155,348
546,155,357
547,155,364
548,155,378
549,155,406
550,155,448
551,155,501
552,155,548
553,155,543
554,155,517
555,155,479
556,155,446
557,155,427
558,155,412
559,155,403
560,155,394
561,155,386
562,155,384
563,155,392
564,155,416
565,155,458
566,155,510
567,155,553
568,155,571
569,155,570
570,155,589
571,155,686
572,155,942
573,155,1533
490,156,158
491,156,214
492,156,254
493,156,282
494,156,305
495,156,320
496,156,327
497,156,334
498,156,342
499,156,345
500,156,345
501,156,348
502,156,349
503,156,349
504,156,346
505,156,341
506,156,337
507,156,333
508,156,331
509,156,338
510,156,348
511,156,343
512,156,355
513,156,372
514,156,388
515,156,426
516,156,457
517,156,447
518,156,429
519,156,414
520,156,397
521,156,374
522,156,347
523,156,319
524,156,297
525,156,290
526,156,293
527,156,302
528,156,312
529,156,312
530,156,304
531,156,292
532,156,297
533,156,308
534,156,309
535,156,319
536,156,308
537,156,277
538,156,260
539,156,252
540,156,254
541,156,264
542,156,281
543,156,303
544,156,320
545,156,334
546,156,348
547,156,357
548,156,370
549,156,393
550,156,429
551,156,471
552,156,498
553,156,504
554,156,482
555,156,452
556,156,428
557,156,415
558,156,405
559,156,399
560,156,391
561,156,382
562,156,378
563,156,383
564,156,405
565,156,445
566,156,495
567,156,537
568,156,553
569,156,545
570,156,537
571,156,555
572,156,576
573,156,403
490,157,94
491,157,186
492,157,245
493,157,283
494,157,310
495,157,325
496,157,329
497,157,331
498,157,335
499,157,341
500,157,346
501,157,346
502,157,343
503,157,339
504,157,335
505,157,330
506,157,327
507,157,327
508,157,331
509,157,337
510,157,341
511,157,342
512,157,349
513,157,365
514,157,392
515,157,428
516,157,460
517,157,455
518,157,460
519,157,458
520,157,451
521,157,433
522,157,402
523,157,362
524,157,327
525,157,310
526,157,305
527,157,311
528,157,320
529,157,326
530,157,319
531,157,306
532,157,309
533,157,331
534,157,333
535,157,311
536,157,295
537,157,268
538,157,249
539,157,241
540,157,242
541,157,252
542,157,268
543,157,288
544,157,304
545,157,322
546,157,339
547,157,350
548,157,361
549,157,377
550,157,406
551,157,447
552,157,451
553,157,456
554,157,439
555,157,419
556,157,404
557,157,399
558,157,393
559,157,390
560,157,383
561,157,375
562,157,370
563,157,372
564,157,389
565,157,421
566,157,463
567,157,498
568,157,512
569,157,504
570,157,485
571,157,468
572,157,443
573,157,354
490,158,73
491,158,184
492,158,252
493,158,292
494,158,316
495,158,327
496,158,331
497,158,331
498,158,336
499,158,344
500,158,358
501,158,348
502,158,342
503,158,338
504,158,332
505,158,327
506,158,324
507,158,326
508,158,333
509,158,339
510,158,343
511,158,345
512,158,350
513,158,364
514,158,389
515,158,417
516,158,439
517,158,481
518,158,500
519,158,503
520,158,512
521,158,496
522,158,466
523,158,416
524,158,370
525,158,340
526,158,324
527,158,325
528,158,340
529,158,362
530,158,357
531,158,329
532,158,331
533,158,360
534,158,363
535,158,329
536,158,295
537,158,267
538,158,246
539,158,237
540,158,240
541,158,250
542,158,262
543,158,281
544,158,298
545,158,316
546,158,332
547,158,343
548,158,350
549,158,359
550,158,375
551,158,394
552,158,404
553,158,408
554,158,397
555,158,385
556,158,379
557,158,379
558,158,380
559,158,374
560,158,370
561,158,364
562,158,359
563,158,360
564,158,370
565,158,391
566,158,421
567,158,448
568,158,461
569,158,458
570,158,442
571,158,422
572,158,398
573,158,366
490,159,102
491,159,211
492,159,273
493,159,306
494,159,323
495,159,330
496,159,331
497,159,332
498,159,336
499,159,343
500,159,352
501,159,354
502,159,354
503,159,353
504,159,347
505,159,339
506,159,335
507,159,336
508,159,342
509,159,348
510,159,351
511,159,354
512,159,361
513,159,376
514,159,397
515,159,421
516,159,448
517,159,488
518,159,519
519,159,535
520,159,573
521,159,549
522,159,527
523,159,472
524,159,424
525,159,382
526,159,355
527,159,351
528,159,368
529,159,393
530,159,390
531,159,378
532,159,398
533,159,372
534,159,372
535,159,352
536,159,318
537,159,280
538,159,254
539,159,244
540,159,248
541,159,258
542,159,271
543,159,285
544,159,299
545,159,314
546,159,329
547,159,339
548,159,342
549,159,343
550,159,348
551,159,358
552,159,374
553,159,377
554,159,366
555,159,358
556,159,356
557,159,358
558,159,359
559,159,355
560,159,351
561,159,348
562,159,345
563,159,345
564,159,351
565,159,364
566,159,382
567,159,401
568,159,413
569,159,416
570,159,408
571,159,393
572,159,376
573,159,360
490,160,200
491,160,269
492,160,307
493,160,326
494,160,333
495,160,334
496,160,331
497,160,332
498,160,336
499,160,345
500,160,358
501,160,368
502,160,380
503,160,388
504,160,383
505,160,369
506,160,362
507,160,363
508,160,364
509,160,365
510,160,367
511,160,374
512,160,388
513,160,409
514,160,432
515,160,448
516,160,461
517,160,483
518,160,516
519,160,583
520,160,637
521,160,603
522,160,554
523,160,502
524,160,501
525,160,429
526,160,408
527,160,397
528,160,404
529,160,420
530,160,439
531,160,449
532,160,449
533,160,423
534,160,401
535,160,383
536,160,347
537,160,304
538,160,272
539,160,261
540,160,266
541,160,278
542,160,290
543,160,300
544,160,309
545,160,319
546,160,330
547,160,338
548,160,339
549,160,335
550,160,331
551,160,338
552,160,346
553,160,346
554,160,342
555,160,338
556,160,337
557,160,337
558,160,337
559,160,332
560,160,330
561,160,328
562,160,328
563,160,330
564,160,334
565,160,342
566,160,354
567,160,367
568,160,377
569,160,383
570,160,380
571,160,371
572,160,359
573,160,363
490,161,369
491,161,342
492,161,343
493,161,348
494,161,344
495,161,338
496,161,333
497,161,333
498,161,340
499,161,353
500,161,372
501,161,392
502,161,410
503,161,423
504,161,421
505,161,408
506,161,404
507,161,403
508,161,397
509,161,391
510,161,393
511,161,407
512,161,433
513,161,467
514,161,495
515,161,506
516,161,501
517,161,501
518,161,535
519,161,593
520,161,642
521,161,622
522,161,600
523,161,530
524,161,488
525,161,508
526,161,475
527,161,454
528,161,461
529,161,481
530,161,522
531,161,586
532,161,520
533,161,501
534,161,473
535,161,435
536,161,383
537,161,328
538,161,296
539,161,287
540,161,295
541,161,308
542,161,318
543,161,325
544,161,329
545,161,333
546,161,337
547,161,343
548,161,343
549,161,333
550,161,320
551,161,327
552,161,349
553,161,338
554,161,333
555,161,329
556,161,324
557,161,321
558,161,315
559,161,312
560,161,310
561,161,310
562,161,312
563,161,315
564,161,320
565,161,326
566,161,334
567,161,344
568,161,353
569,161,360
570,161,360
571,161,353
572,161,333
573,161,282
490,162,409
491,162,379
492,162,372
493,162,366
494,162,357
495,162,346
496,162,340
497,162,341
498,162,351
499,162,369
500,162,392
501,162,417
502,162,436
503,162,448
504,162,450
505,162,447
506,162,454
507,162,453
508,162,436
509,162,420
510,162,423
511,162,443
512,162,482
513,162,535
514,162,577
515,162,586
516,162,562
517,162,541
518,162,547
519,162,576
520,162,621
521,162,679
522,162,594
523,162,539
524,162,534
525,162,549
526,162,524
527,162,515
528,162,533
529,162,548
530,162,584
531,162,620
532,162,652
533,162,632
534,162,558
535,162,487
536,162,415
537,162,355
538,162,322
539,162,318
540,162,330
541,162,347
542,162,357
543,162,360
544,162,359
545,162,358
546,162,359
547,162,356
548,162,362
549,162,337
550,162,317
551,162,315
552,162,326
553,162,333
554,162,334
555,162,329
556,162,321
557,162,313
558,162,306
559,162,298
560,162,296
561,162,296
562,162,299
563,162,303
564,162,308
565,162,313
566,162,321
567,162,329
568,162,339
569,162,349
570,162,359
571,162,365
572,162,347
573,162,261
490,163,409
491,163,389
492,163,383
493,163,377
494,163,368
495,163,358
496,163,353
497,163,358
498,163,372
499,163,393
500,163,417
501,163,440
502,163,458
503,163,470
504,163,479
505,163,485
506,163,495
507,163,510
508,163,473
509,163,452
510,163,455
511,163,476
512,163,522
513,163,594
514,163,653
515,163,668
516,163,638
517,163,592
518,163,573
519,163,580
520,163,596
521,163,596
522,163,557
523,163,553
524,163,618
525,163,596
526,163,605
527,163,581
528,163,625
529,163,627
530,163,680
531,163,716
532,163,758
533,163,732
534,163,637
535,163,538
536,163,445
537,163,383
538,163,351
539,163,356
540,163,376
541,163,395
542,163,404
543,163,403
544,163,393
545,163,387
546,163,392
547,163,380
548,163,365
549,163,337
550,163,315
551,163,308
552,163,324
553,163,342
554,163,347
555,163,340
556,163,327
557,163,313
558,163,303
559,163,296
560,163,293
561,163,292
562,163,294
563,163,298
564,163,303
565,163,307
566,163,313
567,163,319
568,163,332
569,163,354
570,163,388
571,163,432
572,163,454
573,163,357
490,164,364
491,164,372
492,164,380
493,164,383
494,164,379
495,164,374
496,164,374
497,164,385
498,164,404
499,164,425
500,164,445
501,164,463
502,164,477
503,164,488
504,164,503
505,164,518
506,164,514
507,164,514
508,164,493
509,164,485
510,164,495
511,164,505
512,164,549
513,164,641
514,164,718
515,164,743
516,164,713
517,164,670
518,164,630
519,164,603
520,164,610
521,164,606
522,164,585
523,164,549
524,164,578
525,164,626
526,164,642
527,164,673
528,164,675
529,164,687
530,164,804
531,164,861
532,164,901
533,164,873
534,164,739
535,164,608
536,164,493
537,164,428
538,164,402
539,164,409
540,164,436
541,164,454
542,164,458
543,164,452
544,164,439
545,164,419
546,164,408
547,164,392
548,164,355
549,164,337
550,164,320
551,164,320
552,164,341
553,164,368
554,164,365
555,164,352
556,164,335
557,164,319
558,164,306
559,164,298
560,164,293
561,164,291
562,164,293
563,164,296
564,164,300
565,164,302
566,164,306
567,164,316
568,164,334
569,164,376
570,164,451
571,164,566
572,164,707
573,164,812
490,165,299
491,165,348
492,165,374
493,165,388
494,165,394
495,165,396
496,165,403
497,165,419
498,165,441
499,165,461
500,165,474
501,165,482
502,165,492
503,165,503
504,165,510
505,165,528
506,165,526
507,165,520
508,165,510
509,165,507
510,165,516
511,165,523
512,165,571
513,165,680
514,165,783
515,165,807
516,165,793
517,165,767
518,165,729
519,165,680
520,165,682
521,165,705
522,165,678
523,165,607
524,165,578
525,165,621
526,165,651
527,165,727
528,165,803
529,165,801
530,165,884
531,165,961
532,165,1003
533,165,974
534,165,832
535,165,681
536,165,556
537,165,492
538,165,477
539,165,483
540,165,516
541,165,520
542,165,515
543,165,502
544,165,487
545,165,475
546,165,426
547,165,390
548,165,371
549,165,352
550,165,340
551,165,341
552,165,358
553,165,380
554,165,375
555,165,360
556,165,342
557,165,325
558,165,311
559,165,302
560,165,297
561,165,295
562,165,298
563,165,302
564,165,304
565,165,304
566,165,306
567,165,317
568,165,347
569,165,408
570,165,528
571,165,723
572,165,1021
573,165,1538
490,166,299
491,166,342
492,166,374
493,166,396
494,166,412
495,166,423
496,166,434
497,166,454
498,166,478
499,166,495
500,166,500
501,166,498
502,166,503
503,166,518
504,166,523
505,166,519
506,166,527
507,166,542
508,166,539
509,166,522
510,166,523
511,166,539
512,166,599
513,166,701
514,166,808
515,166,875
516,166,870
517,166,882
518,166,858
519,166,794
520,166,767
521,166,775
522,166,735
523,166,656
524,166,631
525,166,648
526,166,713
527,166,799
528,166,895
529,166,903
530,166,948
531,166,1077
532,166,1097
533,166,1058
534,166,920
535,166,753
536,166,635
537,166,563
538,166,598
539,166,534
540,166,571
541,166,577
542,166,590
543,166,568
544,166,539
545,166,501
546,166,447
547,166,411
548,166,398
549,166,386
550,166,381
551,166,375
552,166,371
553,166,377
554,166,373
555,166,361
556,166,346
557,166,330
558,166,318
559,166,310
560,166,306
561,166,306
562,166,313
563,166,321
564,166,323
565,166,319
566,166,317
567,166,326
568,166,362
569,166,439
570,166,587
571,166,816
572,166,1129
573,166,1538
490,167,299
491,167,342
492,167,376
493,167,401
494,167,423
495,167,440
496,167,457
497,167,480
498,167,506
499,167,524
500,167,525
501,167,513
502,167,512
503,167,521
504,167,526
505,167,523
506,167,536
507,167,561
508,167,568
509,167,551
510,167,547
511,167,568
512,167,626
513,167,711
514,167,814
515,167,901
516,167,913
517,167,983
518,167,979
519,167,900
520,167,904
521,167,881
522,167,791
523,167,751
524,167,728
525,167,726
526,167,817
527,167,948
528,167,1149
529,167,1085
530,167,1119
531,167,1232
532,167,1282
533,167,1217
534,167,1122
535,167,862
536,167,704
537,167,711
538,167,589
539,167,581
540,167,641
541,167,655
542,167,676
543,167,624
544,167,633
545,167,524
546,167,489
547,167,457
548,167,431
549,167,422
550,167,426
551,167,416
552,167,397
553,167,380
554,167,375
555,167,366
556,167,353
557,167,337
558,167,327
559,167,324
560,167,324
561,167,329
562,167,343
563,167,361
564,167,365
565,167,353
566,167,342
567,167,345
568,167,379
569,167,461
570,167,617
571,167,849
572,167,1146
573,167,1469
490,168,312
491,168,345
492,168,377
493,168,402
494,168,423
495,168,444
496,168,468
497,168,495
498,168,520
499,168,537
500,168,537
501,168,527
502,168,526
503,168,537
504,168,541
505,168,535
506,168,538
507,168,550
508,168,563
509,168,579
510,168,596
511,168,617
512,168,684
513,168,760
514,168,832
515,168,929
516,168,926
517,168,999
518,168,996
519,168,1014
520,168,1012
521,168,1110
522,168,903
523,168,916
524,168,845
525,168,878
526,168,907
527,168,1040
528,168,1169
529,168,1280
530,168,1488
531,168,1593
532,168,1609
533,168,1495
534,168,1288
535,168,1021
536,168,862
537,168,696
538,168,670
539,168,738
540,168,778
541,168,721
542,168,791
543,168,677
544,168,604
545,168,552
546,168,574
547,168,492
548,168,457
549,168,451
550,168,469
551,168,458
552,168,422
553,168,395
554,168,389
555,168,382
556,168,365
557,168,347
558,168,340
559,168,346
560,168,354
561,168,366
562,168,394
563,168,428
564,168,439
565,168,419
566,168,389
567,168,373
568,168,393
569,168,465
570,168,610
571,168,827
572,168,1130
573,168,1618
490,169,305
491,169,343
492,169,378
493,169,405
494,169,428
495,169,449
496,169,473
497,169,500
498,169,522
499,169,536
500,169,541
501,169,547
502,169,556
503,169,575
504,169,578
505,169,561
506,169,542
507,169,538
508,169,563
509,169,609
510,169,639
511,169,666
512,169,746
513,169,839
514,169,870
515,169,901
516,169,974
517,169,1084
518,169,1050
519,169,1129
520,169,1003
521,169,1000
522,169,1106
523,169,1085
524,169,948
525,169,1071
526,169,1154
527,169,1352
528,169,1503
529,169,1692
530,169,2075
531,169,2149
532,169,2136
533,169,1959
534,169,1634
535,169,1304
536,169,1145
537,169,1014
538,169,833
539,169,964
540,169,874
541,169,771
542,169,765
543,169,727
544,169,623
545,169,561
546,169,536
547,169,499
548,169,474
549,169,472
550,169,483
551,169,474
552,169,448
553,169,422
554,169,414
555,169,418
556,169,382
557,169,360
558,169,353
559,169,366
560,169,385
561,169,419
562,169,476
563,169,538
564,169,563
565,169,532
566,169,467
567,169,414
568,169,404
569,169,448
570,169,557
571,169,716
572,169,916
573,169,1170
490,170,295
491,170,344
492,170,387
493,170,424
494,170,453
495,170,474
496,170,491
497,170,509
498,170,526
499,170,542
500,170,561
501,170,576
502,170,589
503,170,619
504,170,619
505,170,588
506,170,560
507,170,540
508,170,556
509,170,607
510,170,686
511,170,702
512,170,786
513,170,885
514,170,911
515,170,991
516,170,994
517,170,977
518,170,979
519,170,1000
520,170,971
521,170,991
522,170,1048
523,170,1051
524,170,1308
525,170,1359
526,170,1456
527,170,1681
528,170,1922
529,170,2382
530,170,2643
531,170,2987
532,170,3062
533,170,2783
534,170,2187
535,170,1797
536,170,1340
537,170,1184
538,170,1027
539,170,936
540,170,900
541,170,800
542,170,732
543,170,689
544,170,621
545,170,562
546,170,533
547,170,507
548,170,495
549,170,498
550,170,511
551,170,509
552,170,491
553,170,467
554,170,448
555,170,427
556,170,398
557,170,375
558,170,368
559,170,383
560,170,420
561,170,489
562,170,594
563,170,705
564,170,757
565,170,707
566,170,589
567,170,475
568,170,416
569,170,418
570,170,478
571,170,565
572,170,638
573,170,610
490,171,295
491,171,353
492,171,418
493,171,475
494,171,518
495,171,538
496,171,542
497,171,540
498,171,540
499,171,546
500,171,566
501,171,587
502,171,611
503,171,648
504,171,642
505,171,604
506,171,581
507,171,545
508,171,540
509,171,589
510,171,653
511,171,718
512,171,813
513,171,909
514,171,1030
515,171,1053
516,171,1048
517,171,985
518,171,960
519,171,958
520,171,952
521,171,987
522,171,1035
523,171,1180
524,171,1416
525,171,1518
526,171,1668
527,171,1856
528,171,2261
529,171,2964
530,171,3641
531,171,4156
532,171,4170
533,171,3687
534,171,2800
535,171,2247
536,171,1650
537,171,1405
538,171,1155
539,171,1053
540,171,1021
541,171,861
542,171,741
543,171,674
544,171,641
545,171,598
546,171,589
547,171,558
548,171,533
549,171,548
550,171,564
551,171,567
552,171,556
553,171,533
554,171,501
555,171,463
556,171,424
557,171,396
558,171,389
559,171,410
560,171,465
561,171,573
562,171,735
563,171,907
564,171,994
565,171,924
566,171,742
567,171,556
568,171,437
569,171,393
570,171,407
571,171,442
572,171,460
573,171,424
490,172,295
491,172,378
492,172,468
493,172,558
494,172,631
495,172,655
496,172,641
497,172,607
498,172,574
499,172,557
500,172,560
501,172,578
502,172,604
503,172,628
504,172,615
505,172,587
506,172,569
507,172,539
508,172,539
509,172,603
510,172,682
511,172,764
512,172,864
513,172,1008
514,172,1132
515,172,1263
516,172,1180
517,172,1159
518,172,1106
519,172,1050
520,172,1020
521,172,1065
522,172,1186
523,172,1360
524,172,1592
525,172,1796
526,172,2067
527,172,2245
528,172,2890
529,172,3717
530,172,4687
531,172,5236
532,172,5140
533,172,4410
534,172,3411
535,172,2628
536,172,1984
537,172,1667
538,172,1400
539,172,1184
540,172,1091
541,172,880
542,172,839
543,172,734
544,172,705
545,172,632
546,172,678
547,172,603
548,172,577
549,172,609
550,172,627
551,172,635
552,172,635
553,172,614
554,172,574
555,172,518
556,172,461
557,172,424
558,172,417
559,172,443
560,172,514
561,172,652
562,172,858
563,172,1079
564,172,1194
565,172,1111
566,172,877
567,172,628
568,172,459
569,172,380
570,172,357
571,172,358
572,172,345
573,172,285
490,173,295
491,173,411
492,173,534
493,173,669
494,173,770
495,173,811
496,173,786
497,173,718
498,173,643
499,173,589
500,173,572
501,173,585
502,173,592
503,173,589
504,173,573
505,173,549
506,173,530
507,173,523
508,173,553
509,173,629
510,173,762
511,173,820
512,173,930
513,173,1081
514,173,1220
515,173,1386
516,173,1446
517,173,1463
518,173,1380
519,173,1290
520,173,1228
521,173,1262
522,173,1373
523,173,1627
524,173,2032
525,173,2171
526,173,2473
527,173,2827
528,173,3657
529,173,4686
530,173,5757
531,173,6348
532,173,6094
533,173,5196
534,173,4061
535,173,3188
536,173,2553
537,173,2215
538,173,1747
539,173,1499
540,173,1278
541,173,966
542,173,907
543,173,786
544,173,743
545,173,647
546,173,640
547,173,615
548,173,616
549,173,679
550,173,673
551,173,694
552,173,700
553,173,682
554,173,644
555,173,572
556,173,497
557,173,451
558,173,444
559,173,472
560,173,548
561,173,692
562,173,903
563,173,1131
564,173,1254
565,173,1169
566,173,920
567,173,651
568,173,460
569,173,364
570,173,325
571,173,309
572,173,285
573,173,231
490,174,295
491,174,447
492,174,597
493,174,756
494,174,896
495,174,968
496,174,950
497,174,860
498,174,742
499,174,643
500,174,591
501,174,580
502,174,569
503,174,554
504,174,532
505,174,516
506,174,507
507,174,513
508,174,555
509,174,629
510,174,729
511,174,835
512,174,972
513,174,1160
514,174,1303
515,174,1469
516,174,1641
517,174,1733
518,174,1731
519,174,1564
520,174,1484
521,174,1523
522,174,1611
523,174,1930
524,174,2270
525,174,2708
526,174,3165
527,174,3837
528,174,4701
529,174,6023
530,174,7188
531,174,7750
532,174,7360
533,174,6285
534,174,5033
535,174,4012
536,174,3289
537,174,2807
538,174,2300
539,174,1901
540,174,1576
541,174,1231
542,174,1009
543,174,874
544,174,785
545,174,698
546,174,642
547,174,611
548,174,620
549,174,649
550,174,673
551,174,736
552,174,727
553,174,714
554,174,693
555,174,598
556,174,511
557,174,465
558,174,463
559,174,485
560,174,551
561,174,680
562,174,841
563,174,1024
564,174,1126
565,174,1051
566,174,833
567,174,596
568,174,426
569,174,338
570,174,298
571,174,280
572,174,258
573,174,224
490,175,436
491,175,504
492,175,631
493,175,802
494,175,974
495,175,1085
496,175,1091
497,175,993
498,175,844
499,175,701
500,175,609
501,175,566
502,175,543
503,175,524
504,175,507
505,175,500
506,175,502
507,175,519
508,175,556
509,175,619
510,175,710
511,175,842
512,175,972
513,175,1135
514,175,1315
515,175,1500
516,175,1692
517,175,1930
518,175,1936
519,175,1815
520,175,1781
521,175,1799
522,175,1919
523,175,2247
524,175,2780
525,175,3448
526,175,4345
527,175,5300
528,175,6480
529,175,7983
530,175,9318
531,175,9956
532,175,9521
533,175,8251
534,175,6707
535,175,5446
536,175,4493
537,175,3797
538,175,3233
539,175,2664
540,175,2121
541,175,1664
542,175,1327
543,175,1115
544,175,937
545,175,784
546,175,675
547,175,617
548,175,605
549,175,617
550,175,646
551,175,684
552,175,702
553,175,695
554,175,661
555,175,585
556,175,500
557,175,457
558,175,457
559,175,477
560,175,524
561,175,604
562,175,704
563,175,815
564,175,868
565,175,808
566,175,653
567,175,484
568,175,362
569,175,300
570,175,271
571,175,258
572,175,244
573,175,224
490,176,455
491,176,509
492,176,626
493,176,797
494,176,991
495,176,1136
496,176,1168
497,176,1070
498,176,908
499,176,738
500,176,618
501,176,554
502,176,522
503,176,505
504,176,501
505,176,507
506,176,519
507,176,534
508,176,565
509,176,616
510,176,698
511,176,811
512,176,921
513,176,1075
514,176,1273
515,176,1537
516,176,1731
517,176,1914
518,176,2066
519,176,2006
520,176,1912
521,176,1903
522,176,2139
523,176,2691
524,176,3556
525,176,4677
526,176,6062
527,176,7689
528,176,9451
529,176,11296
530,176,12974
531,176,13925
532,176,13577
533,176,11968
534,176,9787
535,176,7779
536,176,6285
537,176,5272
538,176,4379
539,176,3604
540,176,2888
541,176,2274
542,176,1852
543,176,1519
544,176,1215
545,176,949
546,176,750
547,176,643
548,176,592
549,176,580
550,176,597
551,176,639
552,176,660
553,176,645
554,176,606
555,176,546
556,176,477
557,176,434
558,176,432
559,176,456
560,176,492
561,176,534
562,176,575
563,176,618
564,176,616
565,176,563
566,176,468
567,176,367
568,176,296
569,176,261
570,176,246
571,176,241
572,176,234
573,176,224
490,177,455
491,177,498
492,177,589
493,177,747
494,177,942
495,177,1102
496,177,1147
497,177,1059
498,177,897
499,177,729
500,177,607
501,177,541
502,177,509
503,177,499
504,177,514
505,177,540
506,177,564
507,177,577
508,177,598
509,177,629
510,177,673
511,177,744
512,177,830
513,177,982
514,177,1191
515,177,1415
516,177,1671
517,177,1879
518,177,1952
519,177,1945
520,177,1997
521,177,2089
522,177,2572
523,177,3293
524,177,4532
525,177,6379
526,177,8734
527,177,11414
528,177,14114
529,177,16558
530,177,18912
531,177,20507
532,177,20414
533,177,18289
534,177,15035
535,177,11557
536,177,8842
537,177,6968
538,177,5628
539,177,4544
540,177,3658
541,177,2945
542,177,2420
543,177,1992
544,177,1569
545,177,1176
546,177,865
547,177,692
548,177,593
549,177,546
550,177,559
551,177,570
552,177,569
553,177,564
554,177,543
555,177,506
556,177,447
557,177,409
558,177,408
559,177,433
560,177,470
561,177,493
562,177,487
563,177,472
564,177,445
565,177,400
566,177,341
567,177,286
568,177,250
569,177,233
570,177,228
571,177,228
572,177,226
573,177,224
490,178,456
491,178,474
492,178,537
493,178,666
494,178,838
495,178,983
496,178,1028
497,178,954
498,178,816
499,178,678
500,178,582
501,178,528
502,178,503
503,178,506
504,178,547
505,178,599
506,178,636
507,178,645
508,178,653
509,178,667
510,178,679
511,178,702
512,178,774
513,178,872
514,178,1052
515,178,1323
516,178,1596
517,178,1746
518,178,1834
519,178,2048
520,178,2224
521,178,2437
522,178,3086
523,178,4064
524,178,5766
525,178,8406
526,178,12002
527,178,16168
528,178,20154
529,178,24031
530,178,27600
531,178,30302
532,178,30670
533,178,27799
534,178,22528
535,178,16916
536,178,12157
537,178,8888
538,178,6740
539,178,5241
540,178,4143
541,178,3373
542,178,2828
543,178,2365
544,178,1886
545,178,1411
546,178,994
547,178,772
548,178,608
549,178,533
550,178,505
551,178,499
552,178,483
553,178,470
554,178,466
555,178,447
556,178,409
557,178,384
558,178,386
559,178,412
560,178,443
561,178,458
562,178,437
563,178,399
564,178,360
565,178,319
566,178,280
567,178,247
568,178,227
569,178,217
570,178,217
571,178,219
572,178,222
573,178,224
490,179,445
491,179,447
492,179,486
493,179,577
494,179,706
495,179,818
496,179,856
497,179,812
498,179,716
499,179,614
500,179,552
501,179,522
502,179,504
503,179,522
504,179,591
505,179,679
506,179,730
507,179,729
508,179,720
509,179,720
510,179,701
511,179,698
512,179,758
513,179,807
514,179,973
515,179,1201
516,179,1444
517,179,1684
518,179,1692
519,179,1946
520,179,2072
521,179,2528
522,179,3234
523,179,4578
524,179,6900
525,179,10479
526,179,15411
527,179,21009
528,179,26838
529,179,32344
530,179,37538
531,179,41752
532,179,42829
533,179,39160
534,179,31630
535,179,22960
536,179,15800
537,179,10698
538,179,7483
539,179,5460
540,179,4160
541,179,3341
542,179,2867
543,179,2459
544,179,2017
545,179,1537
546,179,1084
547,179,816
548,179,605
549,179,558
550,179,469
551,179,426
552,179,408
553,179,395
554,179,393
555,179,385
556,179,371
557,179,362
558,179,367
559,179,388
560,179,411
561,179,420
562,179,404
563,179,370
564,179,331
565,179,294
566,179,262
567,179,236
568,179,219
569,179,212
570,179,212
571,179,215
572,179,218
573,179,224
490,180,422
491,180,426
492,180,447
493,180,503
494,180,587
495,180,662
496,180,692
497,180,671
498,180,616
499,180,554
500,180,520
501,180,507
502,180,503
503,180,541
504,180,633
505,180,742
506,180,807
507,180,804
508,180,774
509,180,735
510,180,686
511,180,674
512,180,708
513,180,732
514,180,897
515,180,1165
516,180,1384
517,180,1464
518,180,1576
519,180,1678
520,180,2029
521,180,2415
522,180,3443
523,180,5109
524,180,7925
525,180,12313
526,180,18141
527,180,25064
528,180,32063
529,180,38789
530,180,45432
531,180,51194
532,180,53175
533,180,48998
534,180,39530
535,180,28253
536,180,18562
537,180,11813
538,180,7716
539,180,5232
540,180,3782
541,180,2966
542,180,2543
543,180,2244
544,180,1910
545,180,1505
546,180,1097
547,180,802
548,180,604
549,180,508
550,180,440
551,180,392
552,180,372
553,180,357
554,180,347
555,180,347
556,180,346
557,180,347
558,180,353
559,180,367
560,180,383
561,180,391
562,180,382
563,180,359
564,180,328
565,180,295
566,180,265
567,180,238
568,180,222
569,180,213
570,180,211
571,180,211
572,180,212
573,180,212
490,181,430
491,181,422
492,181,426
493,181,455
494,181,504
495,181,551
496,181,571
497,181,562
498,181,535
499,181,505
500,181,488
501,181,483
502,181,498
503,181,554
504,181,660
505,181,774
506,181,846
507,181,848
508,181,801
509,181,733
510,181,661
511,181,622
512,181,612
513,181,638
514,181,775
515,181,943
516,181,1113
517,181,1285
518,181,1353
519,181,1444
520,181,1816
521,181,2315
522,181,3403
523,181,5349
524,181,8516
525,181,13365
526,181,19620
527,181,26744
528,181,33678
529,181,40375
530,181,47395
531,181,53940
532,181,56656
533,181,52621
534,181,42546
535,181,30221
536,181,19465
537,181,11906
538,181,7336
539,181,4668
540,181,3197
541,181,2426
542,181,2056
543,181,1846
544,181,1633
545,181,1347
546,181,1028
547,181,768
548,181,588
549,181,485
550,181,422
551,181,400
552,181,376
553,181,347
554,181,335
555,181,332
556,181,336
557,181,341
558,181,346
559,181,354
560,181,365
561,181,371
562,181,368
563,181,354
564,181,332
565,181,304
566,181,272
567,181,247
568,181,228
569,181,217
570,181,211
571,181,209
572,181,207
573,181,200
490,182,450
491,182,430
492,182,419
493,182,431
494,182,458
495,182,486
496,182,500
497,182,496
498,182,484
499,182,471
500,182,465
501,182,467
502,182,492
503,182,557
504,182,666
505,182,781
506,182,852
507,182,851
508,182,791
509,182,703
510,182,616
511,182,559
512,182,531
513,182,546
514,182,640
515,182,756
516,182,880
517,182,1007
518,182,1066
519,182,1191
520,182,1524
521,182,2178
522,182,3197
523,182,5077
524,182,8252
525,182,13048
526,182,18981
527,182,25311
528,182,31008
529,182,36306
530,182,42111
531,182,47914
532,182,50657
533,182,47472
534,182,38723
535,182,27687
536,182,17821
537,182,10744
538,182,6428
539,182,3945
540,182,2612
541,182,1911
542,182,1578
543,182,1425
544,182,1300
545,182,1121
546,182,904
547,182,703
548,182,561
549,182,471
550,182,426
551,182,407
552,182,383
553,182,352
554,182,337
555,182,334
556,182,335
557,182,338
558,182,341
559,182,346
560,182,352
561,182,356
562,182,356
563,182,348
564,182,332
565,182,306
566,182,280
567,182,256
568,182,235
569,182,221
570,182,213
571,182,210
572,182,208
573,182,204
490,183,499
491,183,447
492,183,417
493,183,419
494,183,434
495,183,451
496,183,461
497,183,459
498,183,453
499,183,447
500,183,446
501,183,452
502,183,480
503,183,545
504,183,648
505,183,754
506,183,817
507,183,808
508,183,738
509,183,642
510,183,552
511,183,491
512,183,461
513,183,473
514,183,525
515,183,600
516,183,696
517,183,782
518,183,846
519,183,1011
520,183,1375
521,183,1787
522,183,2655
523,183,4259
524,183,7029
525,183,11219
526,183,16256
527,183,21314
528,183,25385
529,183,28705
530,183,32277
531,183,36083
532,183,38063
533,183,36001
534,183,29863
535,183,21802
536,183,14444
537,183,8814
538,183,5252
539,183,3232
540,183,2116
541,183,1535
542,183,1244
543,183,1105
544,183,1035
545,183,922
546,183,779
547,183,642
548,183,531
549,183,465
550,183,426
551,183,403
552,183,382
553,183,361
554,183,347
555,183,340
556,183,338
557,183,336
558,183,335
559,183,336
560,183,338
561,183,337
562,183,336
563,183,332
564,183,321
565,183,304
566,183,285
567,183,262
568,183,241
569,183,226
570,183,216
571,183,214
572,183,212
573,183,204
490,184,513
491,184,451
492,184,420
493,184,411
494,184,420
495,184,430
496,184,435
497,184,432
498,184,427
499,184,425
500,184,427
501,184,436
502,184,462
503,184,519
504,184,606
505,184,695
506,184,742
507,184,724
508,184,652
509,184,561
510,184,482
511,184,431
512,184,410
513,184,418
514,184,449
515,184,513
516,184,591
517,184,690
518,184,792
519,184,775
520,184,1023
521,184,1316
522,184,1929
523,184,3151
524,184,5339
525,184,8588
526,184,12640
527,184,16353
528,184,19082
529,184,20724
530,184,22155
531,184,23797
532,184,24694
533,184,23490
534,184,19913
535,184,15156
536,184,10321
537,184,6539
538,184,4105
539,184,2610
540,184,1774
541,184,1300
542,184,1055
543,184,906
544,184,913
545,184,789
546,184,686
547,184,590
548,184,517
549,184,461
550,184,429
551,184,408
552,184,390
553,184,373
554,184,359
555,184,351
556,184,343
557,184,334
558,184,325
559,184,321
560,184,319
561,184,319
562,184,315
563,184,312
564,184,308
565,184,296
566,184,279
567,184,261
568,184,243
569,184,230
570,184,223
571,184,223
572,184,224
573,184,232
490,185,482
491,185,452
492,185,425
493,185,411
494,185,408
495,185,410
496,185,412
497,185,407
498,185,402
499,185,402
500,185,407
501,185,418
502,185,440
503,185,485
504,185,550
505,185,613
506,185,641
507,185,617
508,185,553
509,185,479
510,185,422
511,185,392
512,185,390
513,185,405
514,185,431
515,185,464
516,185,515
517,185,614
518,185,705
519,185,662
520,185,704
521,185,928
522,185,1367
523,185,2277
524,185,3778
525,185,6184
526,185,9197
527,185,12078
528,185,13903
529,185,14489
530,185,14537
531,185,14694
532,185,14746
533,185,14000
534,185,12137
535,185,9513
536,185,6807
537,185,4558
538,185,3021
539,185,2085
540,185,1595
541,185,1164
542,185,972
543,185,798
544,185,743
545,185,693
546,185,623
547,185,571
548,185,518
549,185,474
550,185,442
551,185,423
552,185,406
553,185,388
554,185,376
555,185,366
556,185,352
557,185,332
558,185,315
559,185,304
560,185,298
561,185,295
562,185,291
563,185,289
564,185,287
565,185,279
566,185,268
567,185,255
568,185,242
569,185,232
570,185,228
571,185,230
572,185,232
573,185,232
490,186,462
491,186,465
492,186,440
493,186,419
494,186,407
495,186,399
496,186,389
497,186,381
498,186,377
499,186,379
500,186,386
501,186,398
502,186,416
503,186,445
504,186,490
505,186,527
506,186,537
507,186,512
508,186,463
509,186,414
510,186,384
511,186,377
512,186,386
513,186,415
514,186,449
515,186,476
516,186,529
517,186,588
518,186,546
519,186,553
520,186,561
521,186,686
522,186,1040
523,186,1686
524,186,2707
525,186,4387
526,186,6592
527,186,8696
528,186,9887
529,186,9931
530,186,9379
531,186,8877
532,186,8526
533,186,8022
534,186,7091
535,186,5780
536,186,4342
537,186,3083
538,186,2188
539,186,1590
540,186,1260
541,186,992
542,186,826
543,186,826
544,186,709
545,186,647
546,186,611
547,186,584
548,186,537
549,186,495
550,186,468
551,186,453
552,186,434
553,186,412
554,186,394
555,186,382
556,186,369
557,186,336
558,186,307
559,186,290
560,186,280
561,186,275
562,186,270
563,186,271
564,186,267
565,186,262
566,186,256
567,186,251
568,186,243
569,186,236
570,186,233
571,186,237
572,186,247
573,186,264
490,187,602
491,187,519
492,187,470
493,187,438
494,187,415
495,187,396
496,187,380
497,187,369
498,187,366
499,187,369
500,187,377
501,187,388
502,187,401
503,187,418
504,187,442
505,187,458
506,187,455
507,187,432
508,187,398
509,187,373
510,187,367
511,187,380
512,187,400
513,187,432
514,187,483
515,187,535
516,187,519
517,187,584
518,187,534
519,187,493
520,187,537
521,187,646
522,187,811
523,187,1215
524,187,1925
525,187,3084
526,187,4638
527,187,6090
528,187,6833
529,187,6690
530,187,6078
531,187,5482
532,187,5073
533,187,4742
534,187,4236
535,187,3565
536,187,2792
537,187,2108
538,187,1585
539,187,1239
540,187,1040
541,187,868
542,187,770
543,187,729
544,187,679
545,187,621
546,187,617
547,187,631
548,187,560
549,187,519
550,187,504
551,187,495
552,187,469
553,187,438
554,187,412
555,187,395
556,187,377
557,187,338
558,187,305
559,187,282
560,187,269
561,187,263
562,187,258
563,187,259
564,187,255
565,187,251
566,187,251
567,187,254
568,187,251
569,187,243
570,187,240
571,187,243
572,187,253
573,187,268
490,188,602
491,188,548
492,188,498
493,188,458
494,188,427
495,188,401
496,188,380
497,188,368
498,188,365
499,188,369
500,188,376
501,188,386
502,188,395
503,188,407
504,188,414
505,188,415
506,188,407
507,188,388
508,188,368
509,188,355
510,188,368
511,188,398
512,188,430
513,188,440
514,188,493
515,188,547
516,188,521
517,188,524
518,188,505
519,188,481
520,188,537
521,188,666
522,188,767
523,188,917
524,188,1353
525,188,2138
526,188,3142
527,188,4074
528,188,4525
529,188,4386
530,188,3918
531,188,3480
532,188,3170
533,188,2951
534,188,2649
535,188,2283
536,188,1947
537,188,1542
538,188,1241
539,188,1050
540,188,904
541,188,797
542,188,732
543,188,687
544,188,651
545,188,615
546,188,604
547,188,589
548,188,558
549,188,529
550,188,534
551,188,550
552,188,503
553,188,465
554,188,433
555,188,406
556,188,378
557,188,343
558,188,309
559,188,283
560,188,267
561,188,260
562,188,259
563,188,257
564,188,254
565,188,252
566,188,256
567,188,264
568,188,266
569,188,259
570,188,252
571,188,252
572,188,259
573,188,268
490,189,607
491,189,577
492,189,520
493,189,472
494,189,436
495,189,407
496,189,385
497,189,373
498,189,370
499,189,375
500,189,382
501,189,390
502,189,401
503,189,405
504,189,405
505,189,400
506,189,391
507,189,378
508,189,369
509,189,365
510,189,381
511,189,421
512,189,488
513,189,463
514,189,498
515,189,577
516,189,531
517,189,505
518,189,495
519,189,489
520,189,518
521,189,585
522,189,652
523,189,760
524,189,1022
525,189,1482
526,189,2092
527,189,2668
528,189,2960
529,189,2881
530,189,2606
531,189,2316
532,189,2118
533,189,2008
534,189,1884
535,189,1594
536,189,1367
537,189,1204
538,189,1098
539,189,951
540,189,853
541,189,774
542,189,713
543,189,666
544,189,631
545,189,600
546,189,581
547,189,560
548,189,540
549,189,528
550,189,535
551,189,536
552,189,516
553,189,485
554,189,466
555,189,438
556,189,401
557,189,362
558,189,325
559,189,294
560,189,275
561,189,267
562,189,265
563,189,265
564,189,263
565,189,264
566,189,273
567,189,285
568,189,291
569,189,285
570,189,275
571,189,267
572,189,268
573,189,271
490,190,784
491,190,637
492,190,539
493,190,477
494,190,437
495,190,408
496,190,386
497,190,376
498,190,376
499,190,382
500,190,390
501,190,403
502,190,412
503,190,414
504,190,411
505,190,406
506,190,399
507,190,395
508,190,398
509,190,398
510,190,399
511,190,431
512,190,460
513,190,471
514,190,499
515,190,535
516,190,536
517,190,520
518,190,495
519,190,485
520,190,490
521,190,512
522,190,551
523,190,646
524,190,822
525,190,1092
526,190,1463
527,190,1824
528,190,2024
529,190,2012
530,190,1884
531,190,1664
532,190,1531
533,190,1477
534,190,1367
535,190,1230
536,190,1054
537,190,950
538,190,910
539,190,862
540,190,811
541,190,755
542,190,694
543,190,645
544,190,605
545,190,573
546,190,548
547,190,525
548,190,509
549,190,504
550,190,511
551,190,517
552,190,513
553,190,505
554,190,501
555,190,480
556,190,439
557,190,398
558,190,356
559,190,320
560,190,294
561,190,281
562,190,279
563,190,280
564,190,281
565,190,287
566,190,302
567,190,320
568,190,329
569,190,322
570,190,304
571,190,288
572,190,280
573,190,289
490,191,850
491,191,659
492,191,539
493,191,469
494,191,428
495,191,402
496,191,384
497,191,377
498,191,381
499,191,393
500,191,403
501,191,415
502,191,426
503,191,431
504,191,429
505,191,425
506,191,423
507,191,427
508,191,444
509,191,446
510,191,435
511,191,454
512,191,495
513,191,510
514,191,502
515,191,523
516,191,532
517,191,522
518,191,504
519,191,497
520,191,516
521,191,560
522,191,563
523,191,605
524,191,705
525,191,869
526,191,1092
527,191,1325
528,191,1481
529,191,1501
530,191,1422
531,191,1306
532,191,1252
533,191,1255
534,191,1144
535,191,1048
536,191,901
537,191,824
538,191,819
539,191,789
540,191,758
541,191,716
542,191,661
543,191,609
544,191,566
545,191,535
546,191,508
547,191,484
548,191,467
549,191,462
550,191,471
551,191,484
552,191,496
553,191,508
554,191,514
555,191,504
556,191,477
557,191,437
558,191,396
559,191,353
560,191,320
561,191,302
562,191,297
563,191,298
564,191,303
565,191,315
566,191,337
567,191,360
568,191,370
569,191,359
570,191,333
571,191,306
572,191,288
573,191,289
490,192,794
491,192,632
492,192,518
493,192,453
494,192,418
495,192,397
496,192,385
497,192,386
498,192,392
499,192,402
500,192,414
501,192,427
502,192,440
503,192,449
504,192,453
505,192,453
506,192,451
507,192,457
508,192,463
509,192,470
510,192,467
511,192,480
512,192,502
513,192,511
514,192,511
515,192,515
516,192,522
517,192,511
518,192,496
519,192,491
520,192,516
521,192,565
522,192,568
523,192,592
524,192,649
525,192,737
526,192,864
527,192,1007
528,192,1125
529,192,1146
530,192,1140
531,192,1108
532,192,1075
533,192,1064
534,192,1006
535,192,909
536,192,797
537,192,736
538,192,737
539,192,714
540,192,690
541,192,656
542,192,607
543,192,559
544,192,521
545,192,493
546,192,468
547,192,444
548,192,424
549,192,417
550,192,423
551,192,441
552,192,467
553,192,496
554,192,516
555,192,521
556,192,506
557,192,474
558,192,432
559,192,390
560,192,347
561,192,322
562,192,315
563,192,317
564,192,324
565,192,342
566,192,368
567,192,393
568,192,401
569,192,385
570,192,351
571,192,315
572,192,285
573,192,268
490,193,750
491,193,586
492,193,490
493,193,439
494,193,415
495,193,402
496,193,400
497,193,401
498,193,407
499,193,415
500,193,425
501,193,439
502,193,454
503,193,466
504,193,476
505,193,483
506,193,481
507,193,491
508,193,516
509,193,498
510,193,492
511,193,496
512,193,502
513,193,508
514,193,508
515,193,506
516,193,499
517,193,487
518,193,468
519,193,470
520,193,491
521,193,529
522,193,565
523,193,601
524,193,636
525,193,687
526,193,743
527,193,806
528,193,884
529,193,933
530,193,981
531,193,986
532,193,951
533,193,948
534,193,949
535,193,825
536,193,715
537,193,645
538,193,622
539,193,619
540,193,606
541,193,580
542,193,543
543,193,507
544,193,479
545,193,457
546,193,436
547,193,413
548,193,392
549,193,380
550,193,382
551,193,400
552,193,432
553,193,470
554,193,504
555,193,522
556,193,518
557,193,494
558,193,453
559,193,409
560,193,364
561,193,339
562,193,330
563,193,330
564,193,339
565,193,359
566,193,386
567,193,410
568,193,413
569,193,392
570,193,353
571,193,313
572,193,277
573,193,246
490,194,571
491,194,504
492,194,457
493,194,432
494,194,423
495,194,424
496,194,425
497,194,427
498,194,430
499,194,431
500,194,438
501,194,451
502,194,466
503,194,476
504,194,493
505,194,516
506,194,502
507,194,505
508,194,514
509,194,512
510,194,512
511,194,522
512,194,520
513,194,507
514,194,494
515,194,482
516,194,472
517,194,459
518,194,447
519,194,444
520,194,461
521,194,517
522,194,574
523,194,626
524,194,664
525,194,696
526,194,726
527,194,749
528,194,775
529,194,820
530,194,873
531,194,924
532,194,891
533,194,876
534,194,844
535,194,764
536,194,683
537,194,597
538,194,582
539,194,568
540,194,538
541,194,513
542,194,488
543,194,464
544,194,446
545,194,431
546,194,414
547,194,394
548,194,373
549,194,358
550,194,355
551,194,368
552,194,397
553,194,437
554,194,477
555,194,505
556,194,512
557,194,494
558,194,455
559,194,410
560,194,373
561,194,356
562,194,341
563,194,337
564,194,343
565,194,362
566,194,388
567,194,409
568,194,405
569,194,381
570,194,343
571,194,304
572,194,269
573,194,239
490,195,378
491,195,427
492,195,434
493,195,437
494,195,446
495,195,452
496,195,456
497,195,458
498,195,456
499,195,451
500,195,450
501,195,460
502,195,478
503,195,483
504,195,494
505,195,505
506,195,506
507,195,506
508,195,513
509,195,515
510,195,526
511,195,536
512,195,530
513,195,500
514,195,475
515,195,452
516,195,439
517,195,430
518,195,430
519,195,434
520,195,452
521,195,500
522,195,570
523,195,641
524,195,695
525,195,724
526,195,735
527,195,739
528,195,745
529,195,774
530,195,813
531,195,844
532,195,844
533,195,862
534,195,792
535,195,750
536,195,678
537,195,578
538,195,533
539,195,510
540,195,486
541,195,467
542,195,449
543,195,436
544,195,425
545,195,414
546,195,396
547,195,378
548,195,359
549,195,343
550,195,335
551,195,344
552,195,365
553,195,399
554,195,438
555,195,469
556,195,484
557,195,474
558,195,444
559,195,405
560,195,376
561,195,360
562,195,343
563,195,337
564,195,340
565,195,355
566,195,374
567,195,389
568,195,383
569,195,360
570,195,327
571,195,294
572,195,264
573,195,243
490,196,369
491,196,407
492,196,431
493,196,450
494,196,469
495,196,478
496,196,483
497,196,484
498,196,479
499,196,470
500,196,459
501,196,462
502,196,477
503,196,481
504,196,487
505,196,498
506,196,503
507,196,506
508,196,510
509,196,518
510,196,525
511,196,531
512,196,507
513,196,479
514,196,448
515,196,422
516,196,407
517,196,403
518,196,420
519,196,426
520,196,430
521,196,473
522,196,542
523,196,620
524,196,686
525,196,725
526,196,741
527,196,727
528,196,728
529,196,744
530,196,768
531,196,784
532,196,798
533,196,785
534,196,755
535,196,710
536,196,656
537,196,576
538,196,510
539,196,480
540,196,459
541,196,443
542,196,430
543,196,421
544,196,412
545,196,403
546,196,387
547,196,370
548,196,351
549,196,334
550,196,324
551,196,325
552,196,337
553,196,364
554,196,395
555,196,424
556,196,441
557,196,439
558,196,418
559,196,391
560,196,368
561,196,352
562,196,341
563,196,336
564,196,338
565,196,346
566,196,357
567,196,364
568,196,358
569,196,339
570,196,312
571,196,286
572,196,261
573,196,243
490,197,378
491,197,407
492,197,435
493,197,464
494,197,483
495,197,492
496,197,496
497,197,495
498,197,490
499,197,487
500,197,465
501,197,457
502,197,462
503,197,470
504,197,480
505,197,490
506,197,497
507,197,501
508,197,508
509,197,516
510,197,528
511,197,518
512,197,485
513,197,452
514,197,420
515,197,396
516,197,378
517,197,377
518,197,384
519,197,389
520,197,398
521,197,432
522,197,490
523,197,566
524,197,635
525,197,686
526,197,703
527,197,699
528,197,705
529,197,714
530,197,725
531,197,734
532,197,742
533,197,733
534,197,703
535,197,681
536,197,650
537,197,578
538,197,515
539,197,474
540,197,452
541,197,437
542,197,425
543,197,416
544,197,408
545,197,394
546,197,380
547,197,363
548,197,343
549,197,326
550,197,316
551,197,313
552,197,319
553,197,334
554,197,355
555,197,377
556,197,395
557,197,398
558,197,388
559,197,372
560,197,358
561,197,349
562,197,344
563,197,343
564,197,347
565,197,350
566,197,352
567,197,351
568,197,344
569,197,329
570,197,307
571,197,285
572,197,262
573,197,243
490,198,379
491,198,407
492,198,440
493,198,466
494,198,483
495,198,490
496,198,491
497,198,489
498,198,485
499,198,475
500,198,460
501,198,450
502,198,451
503,198,459
504,198,470
505,198,480
506,198,487
507,198,492
508,198,499
509,198,505
510,198,508
511,198,496
512,198,465
513,198,430
514,198,401
515,198,382
516,198,370
517,198,359
518,198,358
519,198,361
520,198,369
521,198,394
522,198,438
523,198,500
524,198,563
525,198,619
526,198,648
527,198,656
528,198,664
529,198,672
530,198,682
531,198,690
532,198,693
533,198,690
534,198,691
535,198,665
536,198,653
537,198,575
538,198,517
539,198,478
540,198,454
541,198,440
542,198,429
543,198,419
544,198,409
545,198,393
546,198,377
547,198,357
548,198,337
549,198,320
550,198,310
551,198,307
552,198,310
553,198,320
554,198,333
555,198,348
556,198,359
557,198,367
558,198,363
559,198,358
560,198,353
561,198,352
562,198,354
563,198,359
564,198,365
565,198,365
566,198,359
567,198,354
568,198,346
569,198,333
570,198,315
571,198,292
572,198,272
573,198,246
490,199,382
491,199,412
492,199,438
493,199,461
494,199,475
495,199,480
496,199,478
497,199,475
498,199,471
499,199,463
500,199,450
501,199,441
502,199,440
503,199,448
504,199,460
505,199,472
506,199,479
507,199,483
508,199,485
509,199,488
510,199,486
511,199,471
512,199,444
513,199,411
514,199,389
515,199,379
516,199,379
517,199,362
518,199,350
519,199,346
520,199,352
521,199,368
522,199,400
523,199,445
524,199,490
525,199,536
526,199,569
527,199,591
528,199,607
529,199,619
530,199,632
531,199,644
532,199,653
533,199,661
534,199,668
535,199,647
536,199,608
537,199,561
538,199,513
539,199,480
540,199,459
541,199,446
542,199,437
543,199,428
544,199,413
545,199,398
546,199,379
547,199,357
548,199,335
549,199,317
550,199,308
551,199,306
552,199,310
553,199,318
554,199,329
555,199,340
556,199,348
557,199,350
558,199,353
559,199,354
560,199,356
561,199,362
562,199,369
563,199,375
564,199,381
565,199,380
566,199,374
567,199,370
568,199,366
569,199,358
570,199,340
571,199,319
572,199,298
573,199,278
490,200,394
491,200,415
492,200,437
493,200,456
494,200,468
495,200,472
496,200,470
497,200,466
498,200,460
499,200,451
500,200,439
501,200,431
502,200,431
503,200,441
504,200,455
505,200,466
506,200,473
507,200,476
508,200,475
509,200,471
510,200,463
511,200,448
512,200,427
513,200,402
514,200,378
515,200,376
516,200,379
517,200,365
518,200,352
519,200,344
520,200,342
521,200,353
522,200,378
523,200,411
524,200,447
525,200,476
526,200,498
527,200,518
528,200,536
529,200,553
530,200,573
531,200,595
532,200,615
533,200,627
534,200,627
535,200,622
536,200,618
537,200,557
538,200,510
539,200,479
540,200,462
541,200,452
542,200,446
543,200,435
544,200,424
545,200,408
546,200,387
547,200,363
548,200,339
549,200,320
550,200,311
551,200,309
552,200,315
553,200,327
554,200,342
555,200,353
556,200,356
557,200,354
558,200,352
559,200,353
560,200,362
561,200,371
562,200,379
563,200,386
564,200,390
565,200,392
566,200,395
567,200,400
568,200,408
569,200,409
570,200,393
571,200,368
572,200,334
573,200,278
490,201,394
491,201,417
492,201,437
493,201,454
494,201,465
495,201,472
496,201,471
497,201,463
498,201,454
499,201,442
500,201,429
501,201,421
502,201,423
503,201,436
504,201,453
505,201,465
506,201,471
507,201,474
508,201,469
509,201,456
510,201,443
511,201,429
512,201,415
513,201,403
514,201,383
515,201,376
516,201,374
517,201,367
518,201,356
519,201,344
520,201,338
521,201,344
522,201,362
523,201,388
524,201,418
525,201,436
526,201,441
527,201,452
528,201,466
529,201,486
530,201,516
531,201,550
532,201,580
533,201,598
534,201,606
535,201,606
536,201,582
537,201,539
538,201,501
539,201,474
540,201,459
541,201,454
542,201,451
543,201,443
544,201,435
545,201,420
546,201,398
547,201,373
548,201,348
549,201,328
550,201,318
551,201,317
552,201,326
553,201,345
554,201,366
555,201,379
556,201,377
557,201,367
558,201,359
559,201,357
560,201,361
561,201,373
562,201,381
563,201,388
564,201,396
565,201,407
566,201,424
567,201,447
568,201,472
569,201,483
570,201,475
571,201,446
572,201,407
573,201,360
490,202,394
491,202,419
492,202,439
493,202,454
494,202,464
495,202,469
496,202,468
497,202,462
498,202,452
499,202,438
500,202,423
501,202,415
502,202,420
503,202,436
504,202,455
505,202,468
506,202,472
507,202,471
508,202,460
509,202,440
510,202,422
511,202,411
512,202,407
513,202,410
514,202,403
515,202,395
516,202,390
517,202,380
518,202,364
519,202,347
520,202,335
521,202,336
522,202,348
523,202,365
524,202,382
525,202,391
526,202,393
527,202,399
528,202,411
529,202,434
530,202,472
531,202,518
532,202,557
533,202,581
534,202,591
535,202,592
536,202,590
537,202,536
538,202,493
539,202,465
540,202,451
541,202,448
542,202,449
543,202,445
544,202,441
545,202,428
546,202,408
547,202,384
548,202,359
549,202,338
550,202,327
551,202,326
552,202,338
553,202,363
554,202,391
555,202,405
556,202,398
557,202,379
558,202,363
559,202,356
560,202,357
561,202,367
562,202,375
563,202,384
564,202,399
565,202,423
566,202,457
567,202,500
568,202,541
569,202,574
570,202,574
571,202,540
572,202,498
573,202,491
490,203,394
491,203,422
492,203,440
493,203,454
494,203,462
495,203,465
496,203,465
497,203,462
498,203,454
499,203,440
500,203,425
501,203,418
502,203,425
503,203,445
504,203,467
505,203,478
506,203,478
507,203,467
508,203,448
509,203,426
510,203,408
511,203,404
512,203,416
513,203,437
514,203,456
515,203,452
516,203,433
517,203,407
518,203,381
519,203,355
520,203,338
521,203,333
522,203,338
523,203,348
524,203,356
525,203,361
526,203,363
527,203,367
528,203,379
529,203,406
530,203,449
531,203,501
532,203,546
533,203,576
534,203,589
535,203,587
536,203,567
537,203,524
538,203,480
539,203,448
540,203,434
541,203,431
542,203,436
543,203,436
544,203,436
545,203,428
546,203,411
547,203,389
548,203,367
549,203,348
550,203,336
551,203,334
552,203,346
553,203,372
554,203,402
555,203,416
556,203,406
557,203,382
558,203,361
559,203,350
560,203,349
561,203,353
562,203,360
563,203,376
564,203,397
565,203,431
566,203,479
567,203,535
568,203,606
569,203,660
570,203,670
571,203,629
572,203,560
573,203,491
490,204,418
491,204,424
492,204,441
493,204,452
494,204,458
495,204,461
496,204,463
497,204,463
498,204,458
499,204,447
500,204,434
501,204,430
502,204,441
503,204,466
504,204,491
505,204,501
506,204,493
507,204,474
508,204,447
509,204,420
510,204,405
511,204,414
512,204,455
513,204,515
514,204,563
515,204,546
516,204,501
517,204,452
518,204,409
519,204,374
520,204,350
521,204,340
522,204,338
523,204,342
524,204,346
525,204,349
526,204,351
527,204,356
528,204,368
529,204,395
530,204,434
531,204,493
532,204,544
533,204,579
534,204,593
535,204,588
536,204,560
537,204,514
538,204,462
539,204,426
540,204,408
541,204,405
542,204,411
543,204,414
544,204,418
545,204,414
546,204,403
547,204,388
548,204,370
549,204,355
550,204,343
551,204,339
552,204,347
553,204,367
554,204,393
555,204,405
556,204,395
557,204,373
558,204,353
559,204,342
560,204,339
561,204,341
562,204,347
563,204,359
564,204,382
565,204,419
566,204,473
567,204,548
568,204,631
569,204,705
570,204,732
571,204,689
572,204,596
573,204,472
490,205,418
491,205,422
492,205,433
493,205,447
494,205,452
495,205,455
496,205,459
497,205,464
498,205,465
499,205,459
500,205,450
501,205,449
502,205,465
503,205,496
504,205,526
505,205,533
506,205,520
507,205,492
508,205,457
509,205,426
510,205,414
511,205,441
512,205,513
513,205,609
514,205,669
515,205,649
516,205,578
517,205,501
518,205,442
519,205,401
520,205,374
521,205,358
522,205,349
523,205,346
524,205,347
525,205,350
526,205,353
527,205,357
528,205,367
529,205,390
530,205,426
531,205,485
532,205,539
533,205,579
534,205,597
535,205,591
536,205,560
537,205,510
538,205,452
539,205,407
540,205,383
541,205,376
542,205,378
543,205,382
544,205,388
545,205,391
546,205,388
547,205,382
548,205,373
549,205,362
550,205,350
551,205,342
552,205,344
553,205,356
554,205,373
555,205,381
556,205,374
557,205,358
558,205,343
559,205,334
560,205,330
561,205,331
562,205,334
563,205,344
564,205,363
565,205,397
566,205,453
567,205,526
568,205,618
569,205,710
570,205,755
571,205,723
572,205,628
573,205,493
490,206,394
491,206,412
492,206,428
493,206,438
494,206,442
495,206,449
496,206,456
497,206,467
498,206,474
499,206,473
500,206,468
501,206,470
502,206,489
503,206,522
504,206,553
505,206,561
506,206,547
507,206,516
508,206,475
509,206,440
510,206,430
511,206,467
512,206,558
513,206,676
514,206,751
515,206,720
516,206,625
517,206,529
518,206,464
519,206,425
520,206,399
521,206,381
522,206,367
523,206,360
524,206,357
525,206,357
526,206,358
527,206,361
528,206,364
529,206,381
530,206,414
531,206,464
532,206,524
533,206,568
534,206,590
535,206,585
536,206,556
537,206,508
538,206,442
539,206,390
540,206,362
541,206,350
542,206,348
543,206,352
544,206,360
545,206,369
546,206,377
547,206,379
548,206,379
549,206,371
550,206,358
551,206,346
552,206,341
553,206,345
554,206,353
555,206,357
556,206,353
557,206,343
558,206,334
559,206,328
560,206,324
561,206,322
562,206,322
563,206,328
564,206,343
565,206,370
566,206,419
567,206,489
568,206,584
569,206,684
570,206,742
571,206,726
572,206,657
573,206,581
490,207,372
491,207,402
492,207,423
493,207,435
494,207,438
495,207,446
496,207,455
497,207,471
498,207,484
499,207,489
500,207,483
501,207,483
502,207,501
503,207,531
504,207,560
505,207,573
506,207,564
507,207,535
508,207,495
509,207,458
510,207,444
511,207,475
512,207,555
513,207,659
514,207,718
515,207,692
516,207,599
517,207,512
518,207,459
519,207,431
520,207,413
521,207,398
522,207,384
523,207,374
524,207,367
525,207,365
526,207,365
527,207,366
528,207,366
529,207,376
530,207,401
531,207,444
532,207,500
533,207,544
534,207,565
535,207,559
536,207,531
537,207,486
538,207,425
539,207,377
540,207,349
541,207,336
542,207,329
543,207,329
544,207,337
545,207,352
546,207,371
547,207,389
548,207,393
549,207,387
550,207,370
551,207,353
552,207,341
553,207,337
554,207,338
555,207,338
556,207,335
557,207,330
558,207,324
559,207,319
560,207,316
561,207,313
562,207,311
563,207,314
564,207,325
565,207,347
566,207,389
567,207,452
568,207,540
569,207,634
570,207,695
571,207,694
572,207,650
573,207,603
490,208,369
491,208,397
492,208,421
493,208,434
494,208,437
495,208,444
496,208,456
497,208,474
498,208,490
499,208,495
500,208,486
501,208,482
502,208,493
503,208,519
504,208,546
505,208,564
506,208,563
507,208,542
508,208,507
509,208,468
510,208,454
511,208,466
512,208,514
513,208,578
514,208,612
515,208,582
516,208,514
517,208,457
518,208,427
519,208,416
520,208,410
521,208,402
522,208,395
523,208,385
524,208,374
525,208,370
526,208,369
527,208,371
528,208,372
529,208,382
530,208,403
531,208,439
532,208,489
533,208,527
534,208,541
535,208,529
536,208,497
537,208,454
538,208,408
539,208,373
540,208,351
541,208,336
542,208,324
543,208,320
544,208,328
545,208,348
546,208,376
547,208,403
548,208,417
549,208,406
550,208,385
551,208,361
552,208,343
553,208,332
554,208,325
555,208,322
556,208,319
557,208,316
558,208,312
559,208,308
560,208,304
561,208,302
562,208,301
563,208,304
564,208,312
565,208,330
566,208,366
567,208,419
568,208,492
569,208,570
570,208,623
571,208,632
572,208,611
573,208,602
490,209,350
491,209,391
492,209,421
493,209,435
494,209,437
495,209,444
496,209,456
497,209,474
498,209,488
499,209,488
500,209,475
501,209,464
502,209,467
503,209,486
504,209,511
505,209,532
506,209,539
507,209,528
508,209,500
509,209,473
510,209,459
511,209,455
512,209,469
513,209,491
514,209,497
515,209,469
516,209,426
517,209,395
518,209,385
519,209,389
520,209,393
521,209,393
522,209,391
523,209,383
524,209,373
525,209,370
526,209,373
527,209,383
528,209,394
529,209,413
530,209,440
531,209,477
532,209,523
533,209,548
534,209,546
535,209,520
536,209,484
537,209,450
538,209,420
539,209,387
540,209,367
541,209,348
542,209,331
543,209,325
544,209,333
545,209,355
546,209,387
547,209,420
548,209,436
549,209,425
550,209,400
551,209,371
552,209,346
553,209,328
554,209,316
555,209,309
556,209,305
557,209,302
558,209,298
559,209,295
560,209,294
561,209,293
562,209,295
563,209,298
564,209,306
565,209,321
566,209,347
567,209,391
568,209,446
569,209,505
570,209,546
571,209,556
572,209,540
573,209,518
490,210,331
491,210,386
492,210,423
493,210,438
494,210,439
495,210,443
496,210,452
497,210,467
498,210,475
499,210,471
500,210,455
501,210,438
502,210,432
503,210,443
504,210,463
505,210,484
506,210,496
507,210,491
508,210,482
509,210,469
510,210,460
511,210,449
512,210,444
513,210,439
514,210,425
515,210,399
516,210,370
517,210,354
518,210,352
519,210,360
520,210,371
521,210,376
522,210,376
523,210,371
524,210,365
525,210,366
526,210,377
527,210,403
528,210,441
529,210,483
530,210,522
531,210,566
532,210,601
533,210,616
534,210,590
535,210,543
536,210,502
537,210,470
538,210,443
539,210,410
540,210,399
541,210,367
542,210,344
543,210,338
544,210,348
545,210,368
546,210,399
547,210,431
548,210,448
549,210,441
550,210,410
551,210,378
552,210,348
553,210,326
554,210,310
555,210,300
556,210,295
557,210,291
558,210,288
559,210,287
560,210,287
561,210,289
562,210,293
563,210,298
564,210,306
565,210,320
566,210,341
567,210,369
568,210,410
569,210,449
570,210,478
571,210,484
572,210,463
573,210,406
490,211,292
491,211,388
492,211,431
493,211,445
494,211,441
495,211,435
496,211,442
497,211,450
498,211,453
499,211,447
500,211,432
501,211,413
502,211,401
503,211,399
504,211,411
505,211,427
506,211,439
507,211,448
508,211,455
509,211,463
510,211,458
511,211,449
512,211,438
513,211,424
514,211,404
515,211,378
516,211,355
517,211,342
518,211,334
519,211,336
520,211,348
521,211,360
522,211,362
523,211,354
524,211,349
525,211,353
526,211,375
527,211,428
528,211,519
529,211,591
530,211,629
531,211,667
532,211,686
533,211,695
534,211,648
535,211,579
536,211,536
537,211,504
538,211,467
539,211,438
540,211,411
541,211,381
542,211,356
543,211,348
544,211,358
545,211,378
546,211,406
547,211,434
548,211,448
549,211,441
550,211,413
551,211,378
552,211,347
553,211,324
554,211,308
555,211,297
556,211,290
557,211,286
558,211,283
559,211,282
560,211,285
561,211,289
562,211,294
563,211,301
564,211,311
565,211,329
566,211,346
567,211,362
568,211,383
569,211,406
570,211,423
571,211,427
572,211,412
573,211,375
490,212,375
491,212,430
492,212,454
493,212,458
494,212,445
495,212,426
496,212,423
497,212,424
498,212,419
499,212,420
500,212,413
501,212,390
502,212,375
503,212,367
504,212,371
505,212,380
506,212,389
507,212,402
508,212,432
509,212,460
510,212,456
511,212,451
512,212,444
513,212,434
514,212,415
515,212,389
516,212,372
517,212,357
518,212,324
519,212,310
520,212,324
521,212,348
522,212,352
523,212,332
524,212,320
525,212,325
526,212,351
527,212,422
528,212,640
529,212,737
530,212,706
531,212,703
532,212,666
533,212,719
534,212,684
535,212,587
536,212,574
537,212,560
538,212,496
539,212,470
540,212,427
541,212,390
542,212,366
543,212,347
544,212,355
545,212,386
546,212,409
547,212,427
548,212,436
549,212,429
550,212,411
551,212,371
552,212,338
553,212,319
554,212,306
555,212,295
556,212,290
557,212,286
558,212,279
559,212,279
560,212,283
561,212,287
562,212,294
563,212,305
564,212,315
565,212,353
566,212,368
567,212,362
568,212,368
569,212,379
570,212,388
571,212,394
572,212,387
573,212,375
490,213,488
491,213,493
492,213,488
493,213,482
494,213,453
495,213,403
496,213,403
497,213,406
498,213,363
499,213,391
500,213,403
501,213,375
502,213,357
503,213,338
504,213,338
505,213,341
506,213,341
507,213,341
508,213,418
509,213,487
510,213,456
511,213,452
512,213,455
513,213,458
514,213,446
515,213,407
516,213,405
517,213,404
518,213,315
519,213,254
520,213,288
521,213,354
522,213,361
523,213,299
524,213,271
525,213,274
526,213,282
527,213,282
528,213,883
529,213,993
530,213,695
531,213,663
532,213,418
533,213,729
534,213,721
535,213,499
536,213,619
537,213,676
538,213,491
539,213,523
540,213,439
541,213,387
542,213,374
543,213,324
544,213,337
545,213,403
546,213,414
547,213,413
548,213,419
549,213,421
550,213,421
551,213,357
552,213,312
553,213,308
554,213,305
555,213,292
556,213,292
557,213,292
558,213,271
559,213,275
560,213,282
561,213,282
562,213,288
563,213,312
564,213,295
565,213,406
566,213,421
567,213,357
568,213,357
569,213,357
570,213,360
571,213,375
572,213,369
573,213,347
