xv,yv,rho
490,148,112
491,148,111
492,148,111
493,148,109
494,148,237
495,148,389
496,148,506
497,148,732
498,148,896
499,148,854
500,148,661
501,148,497
502,148,358
503,148,365
504,148,387
505,148,381
506,148,353
507,148,326
508,148,164
509,148,151
510,148,124
511,148,155
512,148,368
513,148,560
514,148,595
515,148,629
516,148,644
517,148,629
518,148,595
519,148,477
520,148,411
521,148,205
522,148,307
523,148,198
524,148,199
525,148,305
526,148,455
527,148,590
528,148,619
529,148,624
530,148,520
531,148,416
532,148,334
533,148,324
534,148,168
535,148,197
536,148,344
537,148,307
538,148,324
539,148,370
540,148,401
541,148,375
542,148,378
543,148,224
544,148,195
545,148,192
546,148,180
547,148,167
548,148,166
549,148,168
550,148,200
551,148,367
552,148,502
553,148,578
554,148,1040
555,148,1476
556,148,1070
557,148,854
558,148,762
559,148,747
560,148,503
561,148,463
562,148,435
563,148,218
564,148,217
565,148,313
566,148,314
567,148,312
568,148,240
569,148,235
570,148,234
571,148,212
572,148,195
573,148,197
490,149,166
491,149,152
492,149,153
493,149,178
494,149,297
495,149,418
496,149,552
497,149,723
498,149,869
499,149,861
500,149,718
501,149,586
502,149,502
503,149,497
504,149,499
505,149,474
506,149,428
507,149,380
508,149,322
509,149,302
510,149,294
511,149,327
512,149,430
513,149,557
514,149,655
515,149,737
516,149,772
517,149,735
518,149,650
519,149,539
520,149,450
521,149,368
522,149,359
523,149,349
524,149,399
525,149,528
526,149,713
527,149,889
528,149,912
529,149,791
530,149,630
531,149,496
532,149,408
533,149,370
534,149,329
535,149,340
536,149,389
537,149,421
538,149,463
539,149,497
540,149,497
541,149,461
542,149,417
543,149,344
544,149,246
545,149,212
546,149,194
547,149,188
548,149,194
549,149,215
550,149,264
551,149,415
552,149,529
553,149,651
554,149,861
555,149,1007
556,149,898
557,149,767
558,149,668
559,149,588
560,149,467
561,149,399
562,149,297
563,149,244
564,149,243
565,149,273
566,149,281
567,149,277
568,149,254
569,149,245
570,149,240
571,149,232
572,149,227
573,149,232
490,150,202
491,150,182
492,150,183
493,150,212
494,150,324
495,150,429
496,150,547
497,150,679
498,150,785
499,150,793
500,150,711
501,150,630
502,150,606
503,150,631
504,150,642
505,150,596
506,150,522
507,150,461
508,150,431
509,150,415
510,150,405
511,150,422
512,150,491
513,150,604
514,150,742
515,150,882
516,150,951
517,150,880
518,150,736
519,150,595
520,150,493
521,150,433
522,150,420
523,150,443
524,150,519
525,150,665
526,150,880
527,150,1115
528,150,1136
529,150,935
530,150,729
531,150,571
532,150,476
533,150,441
534,150,423
535,150,428
536,150,473
537,150,544
538,150,625
539,150,669
540,150,642
541,150,566
542,150,483
543,150,406
544,150,334
545,150,234
546,150,209
547,150,208
548,150,226
549,150,264
550,150,319
551,150,464
552,150,554
553,150,640
554,150,733
555,150,781
556,150,735
557,150,652
558,150,565
559,150,473
560,150,331
561,150,284
562,150,255
563,150,239
564,150,242
565,150,255
566,150,263
567,150,263
568,150,256
569,150,252
570,150,251
571,150,252
572,150,250
573,150,238
490,151,205
491,151,201
492,151,209
493,151,237
494,151,290
495,151,423
496,151,518
497,151,614
498,151,687
499,151,701
500,151,666
501,151,643
502,151,680
503,151,762
504,151,813
505,151,735
506,151,626
507,151,562
508,151,557
509,151,546
510,151,522
511,151,516
512,151,565
513,151,669
514,151,829
515,151,1025
516,151,1151
517,151,1017
518,151,809
519,151,636
520,151,527
521,151,481
522,151,481
523,151,507
524,151,576
525,151,706
526,151,895
527,151,1092
528,151,1143
529,151,1012
530,151,835
531,151,673
532,151,578
533,151,555
534,151,543
535,151,535
536,151,579
537,151,686
538,151,822
539,151,897
540,151,826
541,151,684
542,151,551
543,151,449
544,151,365
545,151,250
546,151,225
547,151,234
548,151,274
549,151,387
550,151,462
551,151,541
552,151,602
553,151,639
554,151,665
555,151,662
556,151,619
557,151,549
558,151,463
559,151,328
560,151,273
561,151,246
562,151,233
563,151,230
564,151,236
565,151,246
566,151,254
567,151,258
568,151,259
569,151,262
570,151,268
571,151,278
572,151,288
573,151,292
490,152,211
491,152,227
492,152,246
493,152,326
494,152,374
495,152,432
496,152,500
497,152,573
498,152,629
499,152,645
500,152,630
501,152,638
502,152,707
503,152,834
504,152,960
505,152,826
506,152,708
507,152,689
508,152,726
509,152,724
510,152,676
511,152,646
512,152,687
513,152,752
514,152,875
515,152,1049
516,152,1166
517,152,1028
518,152,818
519,152,650
520,152,558
521,152,544
522,152,564
523,152,589
524,152,626
525,152,716
526,152,868
527,152,1079
528,152,1239
529,152,1196
530,152,989
531,152,802
532,152,731
533,152,738
534,152,732
535,152,700
536,152,706
537,152,819
538,152,1004
539,152,1134
540,152,989
541,152,773
542,152,595
543,152,471
544,152,380
545,152,261
546,152,242
547,152,271
548,152,383
549,152,468
550,152,557
551,152,640
552,152,692
553,152,696
554,152,666
555,152,612
556,152,549
557,152,466
558,152,328
559,152,272
560,152,241
561,152,225
562,152,221
563,152,223
564,152,231
565,152,241
566,152,250
567,152,258
568,152,265
569,152,274
570,152,290
571,152,314
572,152,337
573,152,335
490,153,398
491,153,286
492,153,343
493,153,383
494,153,424
495,153,466
496,153,522
497,153,597
498,153,661
499,153,673
500,153,641
501,153,621
502,153,669
503,153,761
504,153,826
505,153,775
506,153,730
507,153,808
508,153,926
509,153,945
510,153,868
511,153,831
512,153,877
513,153,906
514,153,914
515,153,986
516,153,1029
517,153,940
518,153,785
519,153,657
520,153,616
521,153,651
522,153,705
523,153,733
524,153,743
525,153,792
526,153,904
527,153,1117
528,153,1357
529,153,1346
530,153,1097
531,153,922
532,153,930
533,153,1008
534,153,1013
535,153,933
536,153,866
537,153,906
538,153,1041
539,153,1144
540,153,989
541,153,767
542,153,588
543,153,466
544,153,378
545,153,267
546,153,263
547,153,362
548,153,444
549,153,543
550,153,658
551,153,771
552,153,833
553,153,804
554,153,720
555,153,621
556,153,522
557,153,361
558,153,287
559,153,245
560,153,223
561,153,214
562,153,213
563,153,217
564,153,226
565,153,237
566,153,249
567,153,260
568,153,271
569,153,286
570,153,313
571,153,358
572,153,419
573,153,447
490,154,426
491,154,365
492,154,388
493,154,440
494,154,491
495,154,528
496,154,569
497,154,655
498,154,746
499,154,755
500,154,682
501,154,615
502,154,607
503,154,644
504,154,674
505,154,673
506,154,717
507,154,865
508,154,1070
509,154,1127
510,154,1053
511,154,1031
512,154,1119
513,154,1125
514,154,1041
515,154,1013
516,154,1021
517,154,945
518,154,815
519,154,711
520,154,715
521,154,811
522,154,927
523,154,967
524,154,958
525,154,960
526,154,963
527,154,1077
528,154,1228
529,154,1227
530,154,1081
531,154,1006
532,154,1149
533,154,1347
534,154,1375
535,154,1236
536,154,1117
537,154,987
538,154,953
539,154,938
540,154,827
541,154,669
542,154,532
543,154,434
544,154,362
545,154,268
546,154,283
547,154,401
548,154,493
549,154,614
550,154,767
551,154,931
552,154,1025
553,154,944
554,154,794
555,154,650
556,154,529
557,154,419
558,154,279
559,154,234
560,154,215
561,154,207
562,154,207
563,154,212
564,154,222
565,154,234
566,154,247
567,154,260
568,154,273
569,154,293
570,154,328
571,154,398
572,154,538
573,154,847
490,155,265
491,155,334
492,155,409
493,155,499
494,155,582
495,155,615
496,155,623
497,155,699
498,155,817
499,155,830
500,155,723
501,155,625
502,155,567
503,155,559
504,155,566
505,155,582
506,155,658
507,155,806
508,155,989
509,155,1111
510,155,1226
511,155,1184
512,155,1293
513,155,1294
514,155,1173
515,155,1211
516,155,1267
517,155,1169
518,155,993
519,155,856
520,155,851
521,155,991
522,155,1189
523,155,1250
524,155,1246
525,155,1215
526,155,1108
527,155,1078
528,155,1127
529,155,1129
530,155,1077
531,155,1107
532,155,1328
533,155,1637
534,155,1698
535,155,1564
536,155,1420
537,155,1144
538,155,897
539,155,762
540,155,653
541,155,545
542,155,454
543,155,386
544,155,334
545,155,268
546,155,357
547,155,439
548,155,546
549,155,690
550,155,869
551,155,1073
552,155,1223
553,155,1054
554,155,846
555,155,666
556,155,534
557,155,423
558,155,277
559,155,230
560,155,210
561,155,203
562,155,202
563,155,207
564,155,217
565,155,229
566,155,243
567,155,256
568,155,269
569,155,287
570,155,317
571,155,377
572,155,497
573,155,772
490,156,212
491,156,305
492,156,417
493,156,547
494,156,673
495,156,704
496,156,660
497,156,680
498,156,763
499,156,797
500,156,747
501,156,673
502,156,593
503,156,540
504,156,521
505,156,531
506,156,588
507,156,698
508,156,849
509,156,1040
510,156,1187
511,156,1140
512,156,1172
513,156,1190
514,156,1191
515,156,1401
516,156,1586
517,156,1451
518,156,1235
519,156,1069
520,156,999
521,156,1129
522,156,1328
523,156,1397
524,156,1481
525,156,1460
526,156,1312
527,156,1298
528,156,1287
529,156,1298
530,156,1283
531,156,1267
532,156,1448
533,156,1694
534,156,1766
535,156,1787
536,156,1630
537,156,1230
538,156,890
539,156,657
540,156,527
541,156,443
542,156,382
543,156,334
544,156,259
545,156,265
546,156,376
547,156,467
548,156,592
549,156,767
550,156,984
551,156,1160
552,156,1161
553,156,1061
554,156,860
555,156,675
556,156,535
557,156,422
558,156,274
559,156,227
560,156,207
561,156,199
562,156,198
563,156,202
564,156,210
565,156,222
566,156,235
567,156,247
568,156,258
569,156,269
570,156,284
571,156,304
572,156,309
573,156,203
490,157,140
491,157,270
492,157,399
493,157,539
494,157,668
495,157,695
496,157,638
497,157,627
498,157,700
499,157,806
500,157,857
501,157,776
502,157,664
503,157,590
504,157,558
505,157,539
506,157,549
507,157,609
508,157,723
509,157,856
510,157,944
511,157,940
512,157,959
513,157,1014
514,157,1147
515,157,1420
516,157,1673
517,157,1643
518,157,1545
519,157,1352
520,157,1216
521,157,1308
522,157,1456
523,157,1455
524,157,1522
525,157,1526
526,157,1568
527,157,1687
528,157,1664
529,157,1714
530,157,1704
531,157,1628
532,157,1741
533,157,1977
534,157,1971
535,157,1727
536,157,1484
537,157,1133
538,157,816
539,157,591
540,157,453
541,157,378
542,157,330
543,157,262
544,157,256
545,157,282
546,157,401
547,157,492
548,157,620
549,157,808
550,157,1056
551,157,1297
552,157,1159
553,157,1051
554,157,853
555,157,668
556,157,527
557,157,415
558,157,270
559,157,223
560,157,202
561,157,194
562,157,192
563,157,195
564,157,202
565,157,213
566,157,224
567,157,234
568,157,242
569,157,248
570,157,252
571,157,252
572,157,236
573,157,178
490,158,105
491,158,238
492,158,362
493,158,477
494,158,567
495,158,591
496,158,569
497,158,576
498,158,680
499,158,838
500,158,986
501,158,861
502,158,748
503,158,704
504,158,670
505,158,617
506,158,574
507,158,576
508,158,626
509,158,693
510,158,741
511,158,762
512,158,822
513,158,921
514,158,1054
515,158,1291
516,158,1560
517,158,1868
518,158,1886
519,158,1666
520,158,1516
521,158,1572
522,158,1703
523,158,1700
524,158,1774
525,158,1715
526,158,1846
527,158,2141
528,158,2090
529,158,2221
530,158,2226
531,158,2059
532,158,2102
533,158,2238
534,158,2115
535,158,1674
536,158,1275
537,158,958
538,158,704
539,158,526
540,158,416
541,158,351
542,158,276
543,158,327
544,158,352
545,158,395
546,158,461
547,158,535
548,158,640
549,158,787
550,158,975
551,158,1126
552,158,1106
553,158,1028
554,158,844
555,158,661
556,158,518
557,158,406
558,158,264
559,158,218
560,158,197
561,158,188
562,158,186
563,158,188
564,158,194
565,158,202
566,158,211
567,158,219
568,158,225
569,158,228
570,158,227
571,158,222
572,158,209
573,158,185
490,159,66
491,159,215
492,159,325
493,159,413
494,159,472
495,159,494
496,159,496
497,159,528
498,159,623
499,159,754
500,159,850
501,159,830
502,159,822
503,159,866
504,159,849
505,159,756
506,159,668
507,159,626
508,159,610
509,159,620
510,159,645
511,159,717
512,159,835
513,159,989
514,159,1107
515,159,1230
516,159,1521
517,159,1875
518,159,1993
519,159,1943
520,159,2052
521,159,2040
522,159,2215
523,159,2265
524,159,2320
525,159,2152
526,159,2024
527,159,2155
528,159,2466
529,159,2536
530,159,2603
531,159,2525
532,159,2602
533,159,2307
534,159,1994
535,159,1552
536,159,1139
537,159,821
538,159,617
539,159,488
540,159,413
541,159,373
542,159,362
543,159,389
544,159,436
545,159,496
546,159,571
547,159,650
548,159,720
549,159,785
550,159,891
551,159,1018
552,159,1130
553,159,1072
554,159,855
555,159,657
556,159,509
557,159,397
558,159,258
559,159,212
560,159,191
561,159,183
562,159,180
563,159,182
564,159,186
565,159,192
566,159,199
567,159,205
568,159,209
569,159,211
570,159,209
571,159,204
572,159,195
573,159,182
490,160,110
491,160,189
492,160,303
493,160,371
494,160,412
495,160,430
496,160,441
497,160,477
498,160,547
499,160,636
500,160,712
501,160,767
502,160,891
503,160,1041
504,160,1051
505,160,926
506,160,840
507,160,770
508,160,715
509,160,676
510,160,685
511,160,765
512,160,931
513,160,1165
514,160,1259
515,160,1240
516,160,1379
517,160,1647
518,160,1888
519,160,2263
520,160,2605
521,160,2546
522,160,2577
523,160,2619
524,160,2922
525,160,2606
526,160,2358
527,160,2230
528,160,2324
529,160,2489
530,160,2790
531,160,2938
532,160,2922
533,160,2513
534,160,1963
535,160,1482
536,160,1079
537,160,783
538,160,605
539,160,515
540,160,475
541,160,450
542,160,443
543,160,483
544,160,559
545,160,656
546,160,756
547,160,860
548,160,921
549,160,917
550,160,920
551,160,1031
552,160,1123
553,160,1024
554,160,827
555,160,638
556,160,496
557,160,387
558,160,252
559,160,207
560,160,187
561,160,179
562,160,178
563,160,179
564,160,182
565,160,186
566,160,191
567,160,194
568,160,197
569,160,199
570,160,198
571,160,195
572,160,188
573,160,184
490,161,192
491,161,215
492,161,263
493,161,359
494,161,392
495,161,405
496,161,416
497,161,441
498,161,488
499,161,549
500,161,620
501,161,727
502,161,890
503,161,1073
504,161,1124
505,161,1098
506,161,1072
507,161,997
508,161,921
509,161,837
510,161,808
511,161,863
512,161,1012
513,161,1238
514,161,1330
515,161,1270
516,161,1317
517,161,1538
518,161,1838
519,161,2326
520,161,2796
521,161,2923
522,161,2959
523,161,2828
524,161,2940
525,161,3108
526,161,2808
527,161,2547
528,161,2400
529,161,2562
530,161,2962
531,161,3441
532,161,3278
533,161,2827
534,161,2202
535,161,1652
536,161,1187
537,161,861
538,161,719
539,161,663
540,161,631
541,161,596
542,161,575
543,161,624
544,161,738
545,161,892
546,161,1032
547,161,1176
548,161,1243
549,161,1150
550,161,1025
551,161,1104
552,161,1249
553,161,1058
554,161,830
555,161,636
556,161,495
557,161,388
558,161,258
559,161,211
560,161,191
561,161,185
562,161,184
563,161,186
564,161,189
565,161,190
566,161,191
567,161,191
568,161,192
569,161,195
570,161,197
571,161,194
572,161,180
573,161,145
490,162,214
491,162,251
492,162,344
493,162,390
494,162,415
495,162,426
496,162,432
497,162,446
498,162,474
499,162,515
500,162,579
501,162,683
502,162,826
503,162,978
504,162,1096
505,162,1247
506,162,1310
507,162,1306
508,162,1193
509,162,1073
510,162,1045
511,162,1029
512,162,1101
513,162,1267
514,162,1489
515,162,1516
516,162,1451
517,162,1653
518,162,1895
519,162,2214
520,162,2795
521,162,3353
522,162,3157
523,162,3021
524,162,3238
525,162,3399
526,162,3204
527,162,3155
528,162,2954
529,162,2859
530,162,3051
531,162,3409
532,162,3804
533,162,3343
534,162,2615
535,162,1920
536,162,1395
537,162,1091
538,162,973
539,162,941
540,162,903
541,162,836
542,162,784
543,162,826
544,162,982
545,162,1211
546,162,1432
547,162,1548
548,162,1622
549,162,1389
550,162,1141
551,162,1075
552,162,1121
553,162,1027
554,162,847
555,162,664
556,162,527
557,162,419
558,162,335
559,162,239
560,162,216
561,162,211
562,162,212
563,162,215
564,162,217
565,162,215
566,162,210
567,162,201
568,162,198
569,162,201
570,162,210
571,162,216
572,162,202
573,162,138
490,163,220
491,163,341
492,163,402
493,163,448
494,163,477
495,163,485
496,163,488
497,163,495
498,163,515
499,163,544
500,163,589
501,163,670
502,163,792
503,163,940
504,163,1104
505,163,1276
506,163,1409
507,163,1598
508,163,1422
509,163,1354
510,163,1377
511,163,1325
512,163,1347
513,163,1540
514,163,1840
515,163,1872
516,163,1690
517,163,1882
518,163,2077
519,163,2282
520,163,2705
521,163,3214
522,163,3273
523,163,3266
524,163,3737
525,163,3750
526,163,3759
527,163,3894
528,163,3624
529,163,3365
530,163,3438
531,163,3593
532,163,3839
533,163,3618
534,163,2909
535,163,2185
536,163,1669
537,163,1459
538,163,1390
539,163,1380
540,163,1319
541,163,1186
542,163,1077
543,163,1124
544,163,1290
545,163,1565
546,163,1840
547,163,1865
548,163,1732
549,163,1433
550,163,1151
551,163,1032
552,163,1096
553,163,1107
554,163,967
555,163,765
556,163,590
557,163,464
558,163,382
559,163,334
560,163,314
561,163,310
562,163,317
563,163,324
564,163,325
565,163,317
566,163,297
567,163,233
568,163,219
569,163,224
570,163,247
571,163,280
572,163,292
573,163,193
490,164,384
491,164,404
492,164,464
493,164,529
494,164,578
495,164,588
496,164,585
497,164,593
498,164,615
499,164,636
500,164,666
501,164,733
502,164,858
503,164,1019
504,164,1218
505,164,1392
506,164,1402
507,164,1480
508,164,1462
509,164,1580
510,164,1729
511,164,1654
512,164,1677
513,164,1788
514,164,2044
515,164,2152
516,164,2003
517,164,2042
518,164,2279
519,164,2464
520,164,2911
521,164,3360
522,164,3446
523,164,3304
524,164,3707
525,164,3913
526,164,3931
527,164,4121
528,164,4024
529,164,3816
530,164,4035
531,164,4182
532,164,4335
533,164,4140
534,164,3350
535,164,2582
536,164,2084
537,164,1996
538,164,2016
539,164,1982
540,164,1875
541,164,1633
542,164,1450
543,164,1508
544,164,1732
545,164,1940
546,164,2033
547,164,1913
548,164,1561
549,164,1297
550,164,1100
551,164,1070
552,164,1204
553,164,1305
554,164,1122
555,164,865
556,164,652
557,164,510
558,164,429
559,164,397
560,164,384
561,164,382
562,164,397
563,164,413
564,164,412
565,164,393
566,164,363
567,164,327
568,164,260
569,164,264
570,164,315
571,164,413
572,164,541
573,164,798
490,165,332
491,165,423
492,165,519
493,165,626
494,165,714
495,165,730
496,165,706
497,165,731
498,165,767
499,165,780
500,165,800
501,165,848
502,165,980
503,165,1157
504,165,1282
505,165,1410
506,165,1391
507,165,1415
508,165,1481
509,165,1634
510,165,1809
511,165,1874
512,165,1952
513,165,2156
514,165,2516
515,165,2713
516,165,2445
517,165,2376
518,165,2537
519,165,2928
520,165,3362
521,165,3830
522,165,3886
523,165,3539
524,165,3650
525,165,4090
526,165,3980
527,165,4329
528,165,4648
529,165,4385
530,165,4390
531,165,4573
532,165,4697
533,165,4517
534,165,3790
535,165,3051
536,165,2643
537,165,2664
538,165,2767
539,165,2649
540,165,2484
541,165,2114
542,165,1891
543,165,1960
544,165,2229
545,165,2425
546,165,2184
547,165,1811
548,165,1469
549,165,1210
550,165,1093
551,165,1119
552,165,1239
553,165,1326
554,165,1146
555,165,898
556,165,692
557,165,557
558,165,498
559,165,484
560,165,477
561,165,474
562,165,501
563,165,530
564,165,528
565,165,488
566,165,436
567,165,392
568,165,362
569,165,317
570,165,404
571,165,680
572,165,982
573,165,1499
490,166,340
491,166,440
492,166,560
493,166,707
494,166,850
495,166,873
496,166,798
497,166,824
498,166,894
499,166,951
500,166,991
501,166,982
502,166,1079
503,166,1266
504,166,1335
505,166,1307
506,166,1385
507,166,1573
508,166,1630
509,166,1587
510,166,1639
511,166,1759
512,166,1930
513,166,2276
514,166,2691
515,166,2909
516,166,2818
517,166,3008
518,166,3116
519,166,3271
520,166,3765
521,166,4164
522,166,4223
523,166,3925
524,166,3872
525,166,4139
526,166,4160
527,166,4550
528,166,5013
529,166,4759
530,166,4610
531,166,4913
532,166,5001
533,166,4860
534,166,4308
535,166,3621
536,166,3336
537,166,3373
538,166,3534
539,166,3104
540,166,2895
541,166,2565
542,166,2481
543,166,2544
544,166,2722
545,166,2685
546,166,2346
547,166,1896
548,166,1525
549,166,1315
550,166,1285
551,166,1268
552,166,1217
553,166,1175
554,166,1055
555,166,893
556,166,740
557,166,630
558,166,604
559,166,617
560,166,616
561,166,601
562,166,636
563,166,690
564,166,683
565,166,605
566,166,516
567,166,450
568,166,415
569,166,363
570,166,478
571,166,806
572,166,1132
573,166,1543
490,167,340
491,167,440
492,167,563
493,167,714
494,167,862
495,167,891
496,167,825
497,167,846
498,167,967
499,167,1149
500,167,1185
501,167,1095
502,167,1090
503,167,1190
504,167,1233
505,167,1244
506,167,1442
507,167,1735
508,167,1807
509,167,1675
510,167,1615
511,167,1700
512,167,1916
513,167,2280
514,167,2701
515,167,3056
516,167,3104
517,167,3545
518,167,3695
519,167,3886
520,167,4087
521,167,4580
522,167,4893
523,167,4480
524,167,4365
525,167,4516
526,167,4533
527,167,5074
528,167,5870
529,167,5383
530,167,5172
531,167,5350
532,167,5497
533,167,5420
534,167,5167
535,167,4425
536,167,4075
537,167,4164
538,167,3749
539,167,3486
540,167,3393
541,167,3160
542,167,3173
543,167,3071
544,167,3293
545,167,2872
546,167,2594
547,167,2165
548,167,1736
549,167,1539
550,167,1588
551,167,1540
552,167,1327
553,167,1122
554,167,1047
555,167,990
556,167,877
557,167,767
558,167,752
559,167,800
560,167,803
561,167,759
562,167,778
563,167,862
564,167,849
565,167,720
566,167,590
567,167,500
568,167,453
569,167,401
570,167,617
571,167,868
572,167,1188
573,167,1557
490,168,345
491,168,424
492,168,528
493,168,647
494,168,751
495,168,786
496,168,778
497,168,833
498,168,999
499,168,1195
500,168,1246
501,168,1152
502,168,1090
503,168,1129
504,168,1159
505,168,1196
506,168,1397
507,168,1640
508,168,1796
509,168,1889
510,168,1908
511,168,1939
512,168,2246
513,168,2578
514,168,2835
515,168,3243
516,168,3332
517,168,3787
518,168,3931
519,168,4282
520,168,4532
521,168,5258
522,168,5053
523,168,5112
524,168,5186
525,168,5194
526,168,5000
527,168,5309
528,168,5741
529,168,5857
530,168,6089
531,168,6001
532,168,5926
533,168,5788
534,168,5629
535,168,5283
536,168,4905
537,168,4516
538,168,4248
539,168,4273
540,168,4157
541,168,3739
542,168,3866
543,168,3384
544,168,3106
545,168,2858
546,168,2942
547,168,2369
548,168,1876
549,168,1687
550,168,1811
551,168,1749
552,168,1425
553,168,1176
554,168,1180
555,168,1210
556,168,1070
557,168,911
558,168,892
559,168,986
560,168,988
561,168,887
562,168,859
563,168,928
564,168,911
565,168,777
566,168,639
567,168,535
568,168,474
569,168,411
570,168,624
571,168,859
572,168,1193
573,168,1741
490,169,328
491,169,389
492,169,478
493,169,570
494,169,646
495,169,686
496,169,715
497,169,799
498,169,955
499,169,1130
500,169,1236
501,169,1249
502,169,1206
503,169,1261
504,169,1288
505,169,1297
506,169,1413
507,169,1622
508,169,1936
509,169,2193
510,169,2330
511,169,2313
512,169,2647
513,169,3049
514,169,3111
515,169,3331
516,169,3753
517,169,4325
518,169,4286
519,169,4646
520,169,4434
521,169,4858
522,169,5520
523,169,5753
524,169,5996
525,169,5794
526,169,5809
527,169,6069
528,169,6378
529,169,6754
530,169,7080
531,169,6479
532,169,6156
533,169,6127
534,169,6085
535,169,6023
536,169,5796
537,169,5484
538,169,5031
539,169,5085
540,169,4628
541,169,4068
542,169,3914
543,169,3574
544,169,3013
545,169,2671
546,169,2575
547,169,2224
548,169,1825
549,169,1633
550,169,1666
551,169,1593
552,169,1361
553,169,1197
554,169,1283
555,169,1438
556,169,1198
557,169,984
558,169,933
559,169,1020
560,169,1023
561,169,922
562,169,866
563,169,894
564,169,879
565,169,788
566,169,668
567,169,559
568,169,477
569,169,396
570,169,568
571,169,750
572,169,984
573,169,1298
490,170,163
491,170,325
492,170,431
493,170,517
494,170,587
495,170,635
496,170,682
497,170,779
498,170,945
499,170,1165
500,170,1383
501,170,1435
502,170,1383
503,170,1513
504,170,1557
505,170,1542
506,170,1648
507,170,1701
508,170,1929
509,170,2310
510,170,2696
511,170,2545
512,170,2788
513,170,3204
514,170,3380
515,170,3808
516,170,3966
517,170,3968
518,170,3929
519,170,4030
520,170,4023
521,170,4464
522,170,5146
523,170,5678
524,170,6515
525,170,6523
526,170,6631
527,170,6891
528,170,7147
529,170,7810
530,170,7274
531,170,6881
532,170,6771
533,170,6882
534,170,6624
535,170,6657
536,170,6099
537,170,5773
538,170,5273
539,170,4920
540,170,4680
541,170,4326
542,170,4021
543,170,3456
544,170,2941
545,170,2556
546,170,2394
547,170,2111
548,170,1787
549,170,1571
550,170,1502
551,170,1397
552,170,1238
553,170,1143
554,170,1204
555,170,1254
556,170,1116
557,170,944
558,170,875
559,170,913
560,170,927
561,170,892
562,170,867
563,170,886
564,170,880
565,170,815
566,170,709
567,170,587
568,170,411
569,170,365
570,170,409
571,170,588
572,170,693
573,170,713
490,171,157
491,171,250
492,171,397
493,171,494
494,171,579
495,171,640
496,171,700
497,171,795
498,171,950
499,171,1167
500,171,1400
501,171,1479
502,171,1489
503,171,1697
504,171,1769
505,171,1792
506,171,1949
507,171,1854
508,171,1868
509,171,2210
510,171,2493
511,171,2501
512,171,2701
513,171,3130
514,171,3777
515,171,4100
516,171,4097
517,171,3817
518,171,3603
519,171,3551
520,171,3608
521,171,4080
522,171,4803
523,171,5752
524,171,6679
525,171,6956
526,171,7140
527,171,7535
528,171,7506
529,171,7882
530,171,7881
531,171,7757
532,171,7646
533,171,7578
534,171,6959
535,171,7000
536,171,6290
537,171,5922
538,171,5479
539,171,5042
540,171,4952
541,171,4402
542,171,4001
543,171,3510
544,171,3148
545,171,2824
546,171,2741
547,171,2399
548,171,2041
549,171,1775
550,171,1594
551,171,1398
552,171,1227
553,171,1133
554,171,1136
555,171,1114
556,171,1007
557,171,891
558,171,831
559,171,845
560,171,876
561,171,898
562,171,920
563,171,942
564,171,949
565,171,898
566,171,789
567,171,651
568,171,514
569,171,360
570,171,341
571,171,444
572,171,487
573,171,476
490,172,154
491,172,239
492,172,333
493,172,437
494,172,621
495,172,700
496,172,756
497,172,833
498,172,950
499,172,1116
500,172,1289
501,172,1373
502,172,1404
503,172,1539
504,172,1617
505,172,1748
506,172,1930
507,172,1845
508,172,1884
509,172,2309
510,172,2639
511,172,2629
512,172,2845
513,172,3388
514,172,4000
515,172,4658
516,172,4374
517,172,4172
518,172,3848
519,172,3620
520,172,3626
521,172,4153
522,172,5001
523,172,6013
524,172,6928
525,172,7416
526,172,7791
527,172,8121
528,172,8242
529,172,8138
530,172,8464
531,172,8243
532,172,8019
533,172,7616
534,172,7077
535,172,6914
536,172,6414
537,172,6319
538,172,5700
539,172,5295
540,172,5161
541,172,4608
542,172,4393
543,172,3884
544,172,3560
545,172,3126
546,172,3228
547,172,2701
548,172,2408
549,172,2172
550,172,1905
551,172,1623
552,172,1430
553,172,1308
554,172,1270
555,172,1172
556,172,1031
557,172,957
558,172,913
559,172,906
560,172,955
561,172,1017
562,172,1048
563,172,1063
564,172,1079
565,172,1025
566,172,890
567,172,720
568,172,559
569,172,427
570,172,295
571,172,283
572,172,333
573,172,309
490,173,155
491,173,261
492,173,381
493,173,593
494,173,726
495,173,814
496,173,867
497,173,919
498,173,1003
499,173,1130
500,173,1305
501,173,1430
502,173,1353
503,173,1293
504,173,1328
505,173,1455
506,173,1582
507,173,1643
508,173,1911
509,173,2440
510,173,3003
511,173,2808
512,173,2995
513,173,3607
514,173,4082
515,173,4675
516,173,4822
517,173,4809
518,173,4498
519,173,4275
520,173,4300
521,173,4795
522,173,5495
523,173,6545
524,173,7616
525,173,7932
526,173,8256
527,173,8927
528,173,8681
529,173,8491
530,173,8600
531,173,8714
532,173,8505
533,173,8073
534,173,7459
535,173,7225
536,173,6977
537,173,6835
538,173,6196
539,173,5883
540,173,5538
541,173,4791
542,173,4477
543,173,3934
544,173,3600
545,173,3076
546,173,2940
547,173,2698
548,173,2555
549,173,2583
550,173,2211
551,173,1976
552,173,1735
553,173,1584
554,173,1558
555,173,1386
556,173,1204
557,173,1156
558,173,1112
559,173,1074
560,173,1127
561,173,1206
562,173,1199
563,173,1186
564,173,1211
565,173,1147
566,173,971
567,173,763
568,173,576
569,173,424
570,173,264
571,173,217
572,173,191
573,173,130
490,174,156
491,174,309
492,174,533
493,174,704
494,174,852
495,174,962
496,174,1022
497,174,1050
498,174,1119
499,174,1219
500,174,1299
501,174,1379
502,174,1255
503,174,1116
504,174,1071
505,174,1157
506,174,1258
507,174,1391
508,174,1738
509,174,2210
510,174,2605
511,174,2708
512,174,2941
513,174,3519
514,174,3913
515,174,4379
516,174,4833
517,174,5165
518,174,5309
519,174,5116
520,174,5187
521,174,5679
522,174,6171
523,174,7102
524,174,7820
525,174,8469
526,174,8787
527,174,8941
528,174,9015
529,174,9164
530,174,9368
531,174,9603
532,174,9438
533,174,8982
534,174,8317
535,174,7869
536,174,7651
537,174,7236
538,174,6784
539,174,6410
540,174,5801
541,174,5080
542,174,4289
543,174,3719
544,174,3457
545,174,3100
546,174,2834
547,174,2567
548,174,2463
549,174,2440
550,174,2292
551,174,2301
552,174,1966
553,174,1786
554,174,1846
555,174,1556
556,174,1375
557,174,1387
558,174,1337
559,174,1241
560,174,1310
561,174,1383
562,174,1286
563,174,1244
564,174,1276
565,174,1195
566,174,978
567,174,750
568,174,556
569,174,401
570,174,240
571,174,183
572,174,152
573,174,119
490,175,233
491,175,440
492,175,618
493,175,796
494,175,970
495,175,1119
496,175,1204
497,175,1214
498,175,1245
499,175,1310
500,175,1295
501,175,1191
502,175,1086
503,175,974
504,175,925
505,175,975
506,175,1060
507,175,1222
508,175,1522
509,175,1912
510,175,2325
511,175,2747
512,175,3038
513,175,3501
514,175,3857
515,175,4095
516,175,4414
517,175,5243
518,175,5652
519,175,5775
520,175,6023
521,175,6412
522,175,6751
523,175,7402
524,175,8123
525,175,8813
526,175,9505
527,175,9783
528,175,9865
529,175,10300
530,175,10702
531,175,10970
532,175,10842
533,175,10390
534,175,9652
535,175,8982
536,175,8330
537,175,7735
538,175,7247
539,175,6687
540,175,5996
541,175,5392
542,175,4456
543,175,3782
544,175,3674
545,175,3282
546,175,3078
547,175,2730
548,175,2724
549,175,2534
550,175,2410
551,175,2205
552,175,1986
553,175,1742
554,175,1655
555,175,1483
556,175,1368
557,175,1389
558,175,1336
559,175,1233
560,175,1282
561,175,1259
562,175,1218
563,175,1222
564,175,1174
565,175,1065
566,175,874
567,175,672
568,175,500
569,175,360
570,175,215
571,175,163
572,175,136
573,175,116
490,176,479
491,176,450
492,176,667
493,176,849
494,176,1047
495,176,1240
496,176,1374
497,176,1364
498,176,1380
499,176,1280
500,176,1195
501,176,1077
502,176,975
503,176,916
504,176,914
505,176,974
506,176,1044
507,176,1163
508,176,1431
509,176,1787
510,176,2215
511,176,2686
512,176,3004
513,176,3471
514,176,3881
515,176,4246
516,176,4393
517,176,4824
518,176,5767
519,176,6068
520,176,6199
521,176,6621
522,176,6885
523,176,7654
524,176,8533
525,176,9270
526,176,9906
527,176,10587
528,176,11179
529,176,11642
530,176,12221
531,176,12590
532,176,12515
533,176,12043
534,176,11404
535,176,10439
536,176,9386
537,176,8522
538,176,7578
539,176,6803
540,176,5970
541,176,5251
542,176,4427
543,176,3746
544,176,3494
545,176,3313
546,176,3126
547,176,2784
548,176,2749
549,176,2526
550,176,2416
551,176,2258
552,176,2047
553,176,1692
554,176,1476
555,176,1376
556,176,1250
557,176,1185
558,176,1119
559,176,1071
560,176,1113
561,176,1139
562,176,1155
563,176,1206
564,176,1055
565,176,883
566,176,717
567,176,558
568,176,420
569,176,305
570,176,188
571,176,148
572,176,128
573,176,114
490,177,513
491,177,572
492,177,695
493,177,858
494,177,1049
495,177,1247
496,177,1399
497,177,1428
498,177,1400
499,177,1261
500,177,1137
501,177,1064
502,177,1020
503,177,1027
504,177,1060
505,177,1161
506,177,1232
507,177,1320
508,177,1596
509,177,1913
510,177,2187
511,177,2505
512,177,2827
513,177,3334
514,177,3826
515,177,4053
516,177,4432
517,177,4832
518,177,5362
519,177,5898
520,177,6380
521,177,6778
522,177,7538
523,177,8220
524,177,9055
525,177,9981
526,177,10851
527,177,11803
528,177,12410
529,177,11072
530,177,11652
531,177,12102
532,177,12101
533,177,11762
534,177,13139
535,177,12170
536,177,10667
537,177,9136
538,177,7842
539,177,6813
540,177,6059
541,177,5301
542,177,4528
543,177,3926
544,177,3559
545,177,3271
546,177,2993
547,177,2763
548,177,2562
549,177,2367
550,177,2321
551,177,2168
552,177,1865
553,177,1557
554,177,1434
555,177,1426
556,177,1240
557,177,1046
558,177,934
559,177,930
560,177,1033
561,177,1126
562,177,1066
563,177,1001
564,177,872
565,177,716
566,177,570
567,177,444
568,177,335
569,177,211
570,177,160
571,177,134
572,177,122
573,177,114
490,178,567
491,178,612
492,178,714
493,178,847
494,178,999
495,178,1155
496,178,1298
497,178,1349
498,178,1311
499,178,1222
500,178,1210
501,178,1221
502,178,1196
503,178,1258
504,178,1312
505,178,1476
506,178,1550
507,178,1587
508,178,1887
509,178,2267
510,178,2481
511,178,2655
512,178,2992
513,178,3235
514,178,3676
515,178,4290
516,178,4862
517,178,5139
518,178,5637
519,178,6770
520,178,7391
521,178,7619
522,178,8402
523,178,9003
524,178,9855
525,178,10878
526,178,11914
527,178,12862
528,178,11809
529,178,12683
530,178,13726
531,178,14411
532,178,14418
533,178,13764
534,178,12872
535,178,13656
536,178,11933
537,178,9896
538,178,8173
539,178,6915
540,178,6085
541,178,5470
542,178,4845
543,178,4279
544,178,3905
545,178,3571
546,178,3106
547,178,3002
548,178,2682
549,178,2486
550,178,2290
551,178,2057
552,178,1679
553,178,1366
554,178,1316
555,178,1337
556,178,1154
557,178,943
558,178,813
559,178,832
560,178,943
561,178,1033
562,178,943
563,178,805
564,178,687
565,178,564
566,178,451
567,178,351
568,178,226
569,178,171
570,178,140
571,178,124
572,178,117
573,178,114
490,179,624
491,179,646
492,179,747
493,179,871
494,179,977
495,179,1068
496,179,1214
497,179,1342
498,179,1334
499,179,1240
500,179,1317
501,179,1426
502,179,1387
503,179,1522
504,179,1555
505,179,1798
506,179,1865
507,179,1800
508,179,2074
509,179,2545
510,179,2764
511,179,3002
512,179,3417
513,179,3473
514,179,3965
515,179,4622
516,179,5252
517,179,5925
518,179,6101
519,179,7067
520,179,7276
521,179,7616
522,179,8099
523,179,8786
524,179,9931
525,179,11295
526,179,12363
527,179,11671
528,179,12986
529,179,14633
530,179,16156
531,179,17097
532,179,17114
533,179,16132
534,179,14451
535,179,12640
536,179,12542
537,179,10282
538,179,8355
539,179,6842
540,179,5835
541,179,5144
542,179,4730
543,179,4228
544,179,3866
545,179,3518
546,179,3027
547,179,2936
548,179,2615
549,179,2676
550,179,2233
551,179,1841
552,179,1512
553,179,1223
554,179,1119
555,179,1074
556,179,958
557,179,820
558,179,732
559,179,744
560,179,802
561,179,832
562,179,767
563,179,654
564,179,544
565,179,448
566,179,361
567,179,281
568,179,183
569,179,146
570,179,127
571,179,118
572,179,114
573,179,113
490,180,639
491,180,676
492,180,792
493,180,934
494,180,1006
495,180,1023
496,180,1117
497,180,1243
498,180,1248
499,180,1172
500,180,1275
501,180,1403
502,180,1379
503,180,1525
504,180,1567
505,180,1814
506,180,1874
507,180,1778
508,180,1949
509,180,2274
510,180,2504
511,180,2910
512,180,3367
513,180,3472
514,180,4179
515,180,5162
516,180,5778
517,180,5977
518,180,6340
519,180,6742
520,180,7267
521,180,7109
522,180,7769
523,180,8673
524,180,9958
525,180,11327
526,180,10634
527,180,12026
528,180,13994
529,180,16111
530,180,17954
531,180,19085
532,180,19125
533,180,17937
534,180,15760
535,180,13159
536,180,10745
537,180,8733
538,180,8296
539,180,6698
540,180,5504
541,180,4697
542,180,4201
543,180,3750
544,180,3400
545,180,3057
546,180,2651
547,180,2490
548,180,2323
549,180,2280
550,180,2019
551,180,1759
552,180,1537
553,180,1244
554,180,994
555,180,874
556,180,793
557,180,736
558,180,731
559,180,730
560,180,711
561,180,684
562,180,620
563,180,535
564,180,448
565,180,368
566,180,294
567,180,198
568,180,157
569,180,134
570,180,121
571,180,115
572,180,111
573,180,108
490,181,611
491,181,673
492,181,804
493,181,969
494,181,1015
495,181,953
496,181,958
497,181,1016
498,181,1020
499,181,990
500,181,1064
501,181,1139
502,181,1161
503,181,1264
504,181,1356
505,181,1538
506,181,1598
507,181,1562
508,181,1650
509,181,1829
510,181,2016
511,181,2399
512,181,2757
513,181,3081
514,181,3855
515,181,4682
516,181,5117
517,181,5692
518,181,6032
519,181,6472
520,181,6927
521,181,6890
522,181,7421
523,181,8566
524,181,9868
525,181,11239
526,181,10552
527,181,12132
528,181,14267
529,181,16495
530,181,18408
531,181,19589
532,181,19651
533,181,18423
534,181,16117
535,181,13315
536,181,10774
537,181,10343
538,181,8444
539,181,6696
540,181,5376
541,181,4457
542,181,3806
543,181,3351
544,181,3019
545,181,2697
546,181,2348
547,181,2174
548,181,2144
549,181,2067
550,181,1863
551,181,1851
552,181,1704
553,181,1333
554,181,1000
555,181,782
556,181,726
557,181,766
558,181,831
559,181,827
560,181,738
561,181,632
562,181,535
563,181,457
564,181,384
565,181,312
566,181,216
567,181,176
568,181,152
569,181,136
570,181,125
571,181,117
572,181,110
573,181,102
490,182,562
491,182,632
492,182,734
493,182,844
494,182,871
495,182,817
496,182,780
497,182,798
498,182,798
499,182,791
500,182,839
501,182,889
502,182,932
503,182,1028
504,182,1181
505,182,1336
506,182,1381
507,182,1374
508,182,1394
509,182,1465
510,182,1580
511,182,1875
512,182,2215
513,182,2748
514,182,3536
515,182,4193
516,182,4424
517,182,4895
518,182,5545
519,182,6024
520,182,6546
521,182,7080
522,182,7751
523,182,8511
524,182,9698
525,182,10991
526,182,10374
527,182,11701
528,182,13601
529,182,15607
530,182,17332
531,182,18400
532,182,18459
533,182,17345
534,182,15254
535,182,12749
536,182,10539
537,182,10232
538,182,8365
539,182,6741
540,182,5503
541,182,4546
542,182,3862
543,182,3400
544,182,3115
545,182,2834
546,182,2445
547,182,2201
548,182,2262
549,182,2173
550,182,1840
551,182,1800
552,182,1667
553,182,1308
554,182,981
555,182,767
556,182,740
557,182,838
558,182,973
559,182,963
560,182,796
561,182,630
562,182,505
563,182,417
564,182,346
565,182,243
566,182,210
567,182,189
568,182,173
569,182,157
570,182,140
571,182,127
572,182,116
573,182,105
490,183,554
491,183,578
492,183,630
493,183,685
494,183,698
495,183,668
496,183,637
497,183,634
498,183,634
499,183,635
500,183,669
501,183,714
502,183,791
503,183,931
504,183,1144
505,183,1360
506,183,1389
507,183,1436
508,183,1400
509,183,1359
510,183,1455
511,183,1639
512,183,1959
513,183,2595
514,183,3394
515,183,3942
516,183,4186
517,183,4648
518,183,5287
519,183,6296
520,183,7035
521,183,7282
522,183,7668
523,183,8236
524,183,9276
525,183,10593
526,183,11658
527,183,10889
528,183,12258
529,183,13829
530,183,15184
531,183,16012
532,183,16034
533,183,15129
534,183,13509
535,183,11758
536,183,11664
537,183,9739
538,183,7963
539,183,6604
540,183,5672
541,183,4884
542,183,4288
543,183,3802
544,183,3626
545,183,3291
546,183,2728
547,183,2406
548,183,2273
549,183,2137
550,183,1775
551,183,1557
552,183,1411
553,183,1171
554,183,946
555,183,807
556,183,776
557,183,864
558,183,984
559,183,958
560,183,779
561,183,605
562,183,478
563,183,394
564,183,335
565,183,253
566,183,282
567,183,276
568,183,261
569,183,235
570,183,174
571,183,150
572,183,127
573,183,107
490,184,534
491,184,513
492,184,533
493,184,558
494,184,563
495,184,549
496,184,531
497,184,528
498,184,532
499,184,541
500,184,571
501,184,625
502,184,725
503,184,876
504,184,1094
505,184,1331
506,184,1440
507,184,1650
508,184,1574
509,184,1503
510,184,1632
511,184,1726
512,184,2008
513,184,2522
514,184,3263
515,184,3708
516,184,3927
517,184,4520
518,184,5476
519,184,5986
520,184,6222
521,184,6483
522,184,6813
523,184,7535
524,184,8546
525,184,9646
526,184,10684
527,184,9826
528,184,10850
529,184,12002
530,184,12954
531,184,13499
532,184,13449
533,184,12745
534,184,11638
535,184,12146
536,184,10504
537,184,8740
538,184,7544
539,184,6354
540,184,5454
541,184,4944
542,184,4772
543,184,4158
544,184,4219
545,184,3501
546,184,2809
547,184,2664
548,184,2271
549,184,2081
550,184,1837
551,184,1545
552,184,1398
553,184,1205
554,184,1051
555,184,935
556,184,884
557,184,870
558,184,876
559,184,812
560,184,677
561,184,540
562,184,438
563,184,374
564,184,340
565,184,330
566,184,340
567,184,346
568,184,334
569,184,303
570,184,260
571,184,218
572,184,150
573,184,123
490,185,261
491,185,409
492,185,450
493,185,473
494,185,477
495,185,471
496,185,466
497,185,476
498,185,497
499,185,521
500,185,557
501,185,627
502,185,729
503,185,853
504,185,1007
505,185,1179
506,185,1445
507,185,1726
508,185,1777
509,185,1770
510,185,1944
511,185,2025
512,185,2154
513,185,2594
514,185,3122
515,185,3807
516,185,3947
517,185,4735
518,185,4893
519,185,4915
520,185,5169
521,185,5785
522,185,6055
523,185,6835
524,185,7494
525,185,8522
526,185,9474
527,185,10415
528,185,11503
529,185,12503
530,185,13228
531,185,13574
532,185,13397
533,185,12675
534,185,11543
535,185,10290
536,185,8785
537,185,7372
538,185,6479
539,185,5847
540,185,5191
541,185,4593
542,185,4368
543,185,4054
544,185,3801
545,185,3325
546,185,2754
547,185,2453
548,185,2091
549,185,1843
550,185,1757
551,185,1498
552,185,1594
553,185,1360
554,185,1290
555,185,1189
556,185,1108
557,185,998
558,185,846
559,185,700
560,185,572
561,185,466
562,185,391
563,185,352
564,185,350
565,185,372
566,185,409
567,185,437
568,185,428
569,185,382
570,185,322
571,185,262
572,185,173
573,185,126
490,186,242
491,186,320
492,186,394
493,186,433
494,186,439
495,186,436
496,186,445
497,186,472
498,186,516
499,186,563
500,186,605
501,186,691
502,186,817
503,186,955
504,186,1030
505,186,1076
506,186,1333
507,186,1660
508,186,1807
509,186,2102
510,186,2244
511,186,2274
512,186,2599
513,186,2953
514,186,3543
515,186,3615
516,186,3960
517,186,4614
518,186,4512
519,186,4865
520,186,4512
521,186,4835
522,186,5271
523,186,6171
524,186,6597
525,186,7072
526,186,7900
527,186,8831
528,186,9736
529,186,10395
530,186,10784
531,186,10902
532,186,10643
533,186,10065
534,186,9219
535,186,8225
536,186,7065
537,186,6034
538,186,5383
539,186,4802
540,186,4337
541,186,3947
542,186,3886
543,186,4185
544,186,3639
545,186,3375
546,186,2938
547,186,2571
548,186,2135
549,186,1754
550,186,1617
551,186,1511
552,186,1515
553,186,1490
554,186,1473
555,186,1444
556,186,1385
557,186,1162
558,186,890
559,186,667
560,186,507
561,186,409
562,186,350
563,186,338
564,186,362
565,186,416
566,186,492
567,186,557
568,186,551
569,186,475
570,186,384
571,186,306
572,186,235
573,186,146
490,187,354
491,187,430
492,187,452
493,187,462
494,187,456
495,187,450
496,187,460
497,187,503
498,187,578
499,187,661
500,187,705
501,187,775
502,187,938
503,187,1063
504,187,1093
505,187,1017
506,187,1125
507,187,1400
508,187,1711
509,187,2137
510,187,2469
511,187,2669
512,187,3037
513,187,3325
514,187,3603
515,187,3981
516,187,4135
517,187,4327
518,187,4168
519,187,4033
520,187,3979
521,187,4441
522,187,4681
523,187,5084
524,187,5420
525,187,6020
526,187,6392
527,187,7039
528,187,7744
529,187,8242
530,187,8425
531,187,8417
532,187,8209
533,187,7778
534,187,7198
535,187,6599
536,187,5894
537,187,5266
538,187,4727
539,187,4360
540,187,3692
541,187,3256
542,187,3248
543,187,3341
544,187,3125
545,187,3195
546,187,3207
547,187,2908
548,187,2280
549,187,1815
550,187,1700
551,187,1742
552,187,1640
553,187,1630
554,187,1576
555,187,1446
556,187,1419
557,187,1173
558,187,879
559,187,644
560,187,483
561,187,381
562,187,280
563,187,329
564,187,373
565,187,451
566,187,564
567,187,678
568,187,675
569,187,554
570,187,432
571,187,336
572,187,256
573,187,149
490,188,547
491,188,524
492,188,526
493,188,527
494,188,515
495,188,504
496,188,513
497,188,550
498,188,648
499,188,779
500,188,813
501,188,792
502,188,922
503,188,980
504,188,963
505,188,911
506,188,980
507,188,1196
508,188,1460
509,188,1837
510,188,2248
511,188,2557
512,188,2993
513,188,3515
514,188,3618
515,188,3997
516,188,4163
517,188,3736
518,188,3528
519,188,3722
520,188,3738
521,188,4488
522,188,4506
523,188,4414
524,188,4535
525,188,4834
526,188,5169
527,188,5554
528,188,6125
529,188,6362
530,188,6516
531,188,6609
532,188,6440
533,188,6319
534,188,5925
535,188,5583
536,188,5441
537,188,4826
538,188,4207
539,188,3676
540,188,3260
541,188,2742
542,188,2657
543,188,2690
544,188,2516
545,188,2543
546,188,2557
547,188,2363
548,188,2018
549,188,1689
550,188,1782
551,188,2049
552,188,1817
553,188,1723
554,188,1612
555,188,1395
556,188,1241
557,188,1031
558,188,799
559,188,606
560,188,472
561,188,383
562,188,336
563,188,337
564,188,378
565,188,457
566,188,572
567,188,688
568,188,687
569,188,567
570,188,444
571,188,345
572,188,261
573,188,149
490,189,564
491,189,590
492,189,605
493,189,620
494,189,608
495,189,592
496,189,601
497,189,600
498,189,664
499,189,782
500,189,805
501,189,745
502,189,784
503,189,811
504,189,807
505,189,818
506,189,928
507,189,1175
508,189,1446
509,189,1783
510,189,2141
511,189,2543
512,189,3151
513,189,3145
514,189,3330
515,189,3759
516,189,3411
517,189,3108
518,189,3010
519,189,3080
520,189,3259
521,189,3701
522,189,3738
523,189,3629
524,189,3595
525,189,3822
526,189,4193
527,189,4454
528,189,4766
529,189,5002
530,189,5395
531,189,5677
532,189,5379
533,189,5388
534,189,5436
535,189,5121
536,189,4893
537,189,4470
538,189,4174
539,189,3463
540,189,2797
541,189,2251
542,189,2045
543,189,1954
544,189,1899
545,189,1923
546,189,1878
547,189,1760
548,189,1586
549,189,1440
550,189,1560
551,189,1727
552,189,1772
553,189,1728
554,189,1541
555,189,1390
556,189,1154
557,189,916
558,189,733
559,189,593
560,189,497
561,189,422
562,189,371
563,189,353
564,189,376
565,189,436
566,189,520
567,189,591
568,189,590
569,189,516
570,189,422
571,189,336
572,189,255
573,189,149
490,190,721
491,190,670
492,190,677
493,190,718
494,190,708
495,190,681
496,190,709
497,190,650
498,190,616
499,190,673
500,190,688
501,190,662
502,190,670
503,190,699
504,190,733
505,190,811
506,190,1032
507,190,1351
508,190,1688
509,190,1939
510,190,2278
511,190,2347
512,190,2718
513,190,2942
514,190,2990
515,190,2966
516,190,2712
517,190,2537
518,190,2638
519,190,2786
520,190,3024
521,190,3294
522,190,3123
523,190,2988
524,190,3034
525,190,3413
526,190,3322
527,190,3609
528,190,3871
529,190,4357
530,190,4835
531,190,4801
532,190,4518
533,190,4665
534,190,4639
535,190,4450
536,190,4182
537,190,3726
538,190,3521
539,190,3031
540,190,2509
541,190,1926
542,190,1559
543,190,1409
544,190,1413
545,190,1422
546,190,1357
547,190,1264
548,190,1178
549,190,1130
550,190,1221
551,190,1338
552,190,1467
553,190,1502
554,190,1524
555,190,1432
556,190,1146
557,190,902
558,190,756
559,190,677
560,190,593
561,190,501
562,190,427
563,190,384
564,190,382
565,190,416
566,190,467
567,190,507
568,190,505
569,190,459
570,190,392
571,190,318
572,190,208
573,190,155
490,191,777
491,191,696
492,191,689
493,191,725
494,191,714
495,191,688
496,191,713
497,191,645
498,191,585
499,191,588
500,191,603
501,191,609
502,191,631
503,191,690
504,191,787
505,191,910
506,191,1148
507,191,1506
508,191,1910
509,191,2022
510,191,2016
511,191,2119
512,191,2533
513,191,2623
514,191,2447
515,191,2223
516,191,2123
517,191,2298
518,191,2374
519,191,2543
520,191,2888
521,191,3207
522,191,2911
523,191,2776
524,191,2668
525,191,2961
526,191,2875
527,191,3158
528,191,3640
529,191,4059
530,191,4198
531,191,4144
532,191,4024
533,191,4376
534,191,4232
535,191,4013
536,191,3515
537,191,3222
538,191,3152
539,191,2692
540,191,2214
541,191,1748
542,191,1321
543,191,1099
544,191,1089
545,191,1075
546,191,994
547,191,921
548,191,865
549,191,856
550,191,919
551,191,1015
552,191,1119
553,191,1184
554,191,1273
555,191,1234
556,191,1052
557,191,884
558,191,854
559,191,839
560,191,745
561,191,614
562,191,504
563,191,433
564,191,406
565,191,421
566,191,454
567,191,477
568,191,472
569,191,434
570,191,377
571,191,308
572,191,199
573,191,152
490,192,721
491,192,656
492,192,635
493,192,640
494,192,628
495,192,615
496,192,620
497,192,590
498,192,556
499,192,552
500,192,585
501,192,631
502,192,694
503,192,809
504,192,954
505,192,1094
506,192,1241
507,192,1530
508,192,1787
509,192,1831
510,192,1733
511,192,1856
512,192,2107
513,192,2123
514,192,1892
515,192,1716
516,192,1804
517,192,2100
518,192,2021
519,192,2319
520,192,2566
521,192,2981
522,192,2666
523,192,2390
524,192,2271
525,192,2629
526,192,2599
527,192,2889
528,192,3359
529,192,3767
530,192,3643
531,192,3626
532,192,3544
533,192,3776
534,192,3782
535,192,3485
536,192,3054
537,192,2862
538,192,2875
539,192,2476
540,192,1979
541,192,1573
542,192,1163
543,192,1006
544,192,893
545,192,857
546,192,762
547,192,694
548,192,650
549,192,648
550,192,692
551,192,764
552,192,841
553,192,915
554,192,987
555,192,984
556,192,912
557,192,881
558,192,961
559,192,1029
560,192,903
561,192,734
562,192,596
563,192,504
564,192,456
565,192,469
566,192,507
567,192,530
568,192,511
569,192,457
570,192,388
571,192,310
572,192,194
573,192,141
490,193,673
491,193,582
492,193,561
493,193,560
494,193,556
495,193,556
496,193,563
497,193,560
498,193,560
499,193,585
500,193,655
501,193,742
502,193,835
503,193,971
504,193,1176
505,193,1355
506,193,1402
507,193,1624
508,193,1923
509,193,1721
510,193,1561
511,193,1600
512,193,1685
513,193,1657
514,193,1471
515,193,1367
516,193,1463
517,193,1640
518,193,1702
519,193,1881
520,193,2074
521,193,2307
522,193,2159
523,193,1949
524,193,1972
525,193,2224
526,193,2429
527,193,2519
528,193,2828
529,193,3112
530,193,3273
531,193,3345
532,193,3156
533,193,3292
534,193,3517
535,193,3086
536,193,2667
537,193,2454
538,193,2417
539,193,2203
540,193,1818
541,193,1471
542,193,1117
543,193,920
544,193,741
545,193,677
546,193,603
547,193,543
548,193,502
549,193,504
550,193,534
551,193,585
552,193,640
553,193,706
554,193,761
555,193,778
556,193,771
557,193,831
558,193,954
559,193,1052
560,193,960
561,193,835
562,193,707
563,193,588
564,193,518
565,193,536
566,193,596
567,193,631
568,193,590
569,193,505
570,193,412
571,193,319
572,193,193
573,193,132
490,194,338
491,194,443
492,194,486
493,194,511
494,194,530
495,194,550
496,194,569
497,194,591
498,194,629
499,194,683
500,194,778
501,194,906
502,194,1020
503,194,1100
504,194,1327
505,194,1593
506,194,1473
507,194,1531
508,194,1648
509,194,1574
510,194,1537
511,194,1658
512,194,1649
513,194,1445
514,194,1212
515,194,1131
516,194,1219
517,194,1384
518,194,1510
519,194,1615
520,194,1641
521,194,1737
522,194,1667
523,194,1600
524,194,1769
525,194,2186
526,194,2409
527,194,2492
528,194,2603
529,194,2954
530,194,2901
531,194,3222
532,194,3011
533,194,3003
534,194,3028
535,194,2820
536,194,2594
537,194,2326
538,194,2351
539,194,2179
540,194,1698
541,194,1361
542,194,1060
543,194,778
544,194,635
545,194,546
546,194,474
547,194,421
548,194,370
549,194,388
550,194,414
551,194,457
552,194,502
553,194,554
554,194,599
555,194,629
556,194,659
557,194,730
558,194,828
559,194,905
560,194,929
561,194,942
562,194,806
563,194,655
564,194,567
565,194,594
566,194,681
567,194,744
568,194,667
569,194,545
570,194,429
571,194,324
572,194,192
573,194,129
490,195,200
491,195,307
492,195,443
493,195,507
494,195,564
495,195,619
496,195,660
497,195,689
498,195,757
499,195,829
500,195,911
501,195,1066
502,195,1209
503,195,1181
504,195,1241
505,195,1348
506,195,1328
507,195,1469
508,195,1535
509,195,1512
510,195,1607
511,195,1791
512,195,1742
513,195,1409
514,195,1126
515,195,1010
516,195,1143
517,195,1415
518,195,1693
519,195,1741
520,195,1557
521,195,1389
522,195,1340
523,195,1471
524,195,1795
525,195,2096
526,195,2337
527,195,2381
528,195,2292
529,195,2471
530,195,2523
531,195,2818
532,195,2904
533,195,3039
534,195,2842
535,195,2825
536,195,2682
537,195,2281
538,195,2084
539,195,1873
540,195,1497
541,195,1190
542,195,1035
543,195,749
544,195,647
545,195,514
546,195,381
547,195,319
548,195,285
549,195,285
550,195,302
551,195,351
552,195,391
553,195,434
554,195,479
555,195,513
556,195,557
557,195,616
558,195,687
559,195,763
560,195,856
561,195,914
562,195,803
563,195,667
564,195,587
565,195,611
566,195,691
567,195,746
568,195,664
569,195,540
570,195,423
571,195,319
572,195,190
573,195,131
490,196,199
491,196,303
492,196,449
493,196,537
494,196,630
495,196,729
496,196,800
497,196,827
498,196,913
499,196,1002
500,196,1007
501,196,1096
502,196,1198
503,196,1115
504,196,1041
505,196,1073
506,196,1112
507,196,1232
508,196,1327
509,196,1549
510,196,1584
511,196,1753
512,196,1573
513,196,1289
514,196,1052
515,196,993
516,196,1162
517,196,1495
518,196,1879
519,196,1893
520,196,1543
521,196,1260
522,196,1187
523,196,1372
524,196,1743
525,196,2036
526,196,2231
527,196,2228
528,196,2137
529,196,2200
530,196,2230
531,196,2498
532,196,2619
533,196,2654
534,196,2610
535,196,2607
536,196,2553
537,196,2183
538,196,1787
539,196,1511
540,196,1229
541,196,1003
542,196,830
543,196,657
544,196,600
545,196,463
546,196,333
547,196,272
548,196,241
549,196,234
550,196,239
551,196,231
552,196,252
553,196,316
554,196,374
555,196,416
556,196,463
557,196,512
558,196,566
559,196,636
560,196,711
561,196,749
562,196,704
563,196,636
564,196,602
565,196,608
566,196,639
567,196,646
568,196,587
569,196,492
570,196,396
571,196,304
572,196,185
573,196,130
490,197,397
491,197,417
492,197,484
493,197,573
494,197,692
495,197,834
496,197,946
497,197,940
498,197,1014
499,197,1149
500,197,1034
501,197,983
502,197,992
503,197,933
504,197,863
505,197,856
506,197,904
507,197,999
508,197,1140
509,197,1352
510,197,1593
511,197,1661
512,197,1399
513,197,1137
514,197,977
515,197,997
516,197,1129
517,197,1392
518,197,1632
519,197,1619
520,197,1360
521,197,1118
522,197,1058
523,197,1236
524,197,1529
525,197,1857
526,197,1956
527,197,1882
528,197,1780
529,197,1765
530,197,1850
531,197,2161
532,197,2279
533,197,2262
534,197,2249
535,197,2367
536,197,2445
537,197,2077
538,197,1615
539,197,1246
540,197,997
541,197,818
542,197,680
543,197,564
544,197,483
545,197,362
546,197,295
547,197,250
548,197,224
549,197,212
550,197,209
551,197,215
552,197,203
553,197,221
554,197,247
555,197,278
556,197,371
557,197,416
558,197,469
559,197,524
560,197,576
561,197,608
562,197,613
563,197,627
564,197,659
565,197,660
566,197,621
567,197,572
568,197,512
569,197,439
570,197,360
571,197,280
572,197,177
573,197,128
490,198,437
491,198,465
492,198,510
493,198,591
494,198,711
495,198,854
496,198,959
497,198,930
498,198,943
499,198,982
500,198,910
501,198,826
502,198,796
503,198,758
504,198,719
505,198,717
506,198,769
507,198,849
508,198,979
509,198,1174
510,198,1399
511,198,1591
512,198,1336
513,198,1098
514,198,1016
515,198,1108
516,198,1225
517,198,1263
518,198,1305
519,198,1245
520,198,1087
521,198,942
522,198,925
523,198,1099
524,198,1399
525,198,1710
526,198,1748
527,198,1547
528,198,1443
529,198,1434
530,198,1642
531,198,1946
532,198,2022
533,198,1960
534,198,2124
535,198,2239
536,198,2380
537,198,1945
538,198,1470
539,198,1093
540,198,841
541,198,686
542,198,575
543,198,488
544,198,434
545,198,378
546,198,301
547,198,247
548,198,218
549,198,202
550,198,196
551,198,196
552,198,181
553,198,190
554,198,204
555,198,223
556,198,251
557,198,317
558,198,380
559,198,432
560,198,476
561,198,516
562,198,567
563,198,649
564,198,741
565,198,742
566,198,648
567,198,552
568,198,472
569,198,401
570,198,325
571,198,219
572,198,169
573,198,128
490,199,516
491,199,516
492,199,532
493,199,598
494,199,699
495,199,809
496,199,864
497,199,835
498,199,808
499,199,798
500,199,749
501,199,688
502,199,653
503,199,636
504,199,636
505,199,672
506,199,744
507,199,825
508,199,903
509,199,1022
510,199,1178
511,199,1277
512,199,1177
513,199,1056
514,199,1074
515,199,1253
516,199,1413
517,199,1283
518,199,1096
519,199,946
520,199,846
521,199,786
522,199,834
523,199,1009
524,199,1233
525,199,1436
526,199,1429
527,199,1284
528,199,1209
529,199,1339
530,199,1592
531,199,1714
532,199,1673
533,199,1719
534,199,1953
535,199,2082
536,199,2060
537,199,1750
538,199,1339
539,199,993
540,199,754
541,199,603
542,199,507
543,199,434
544,199,372
545,199,354
546,199,290
547,199,242
548,199,214
549,199,198
550,199,190
551,199,189
552,199,171
553,199,177
554,199,186
555,199,198
556,199,212
557,199,232
558,199,265
559,199,356
560,199,406
561,199,461
562,199,535
563,199,635
564,199,737
565,199,740
566,199,643
567,199,543
568,199,459
569,199,382
570,199,261
571,199,210
572,199,173
573,199,143
490,200,651
491,200,578
492,200,561
493,200,621
494,200,727
495,200,835
496,200,855
497,200,782
498,200,705
499,200,664
500,200,624
501,200,586
502,200,565
503,200,572
504,200,613
505,200,695
506,200,812
507,200,923
508,200,961
509,200,946
510,200,984
511,200,1035
512,200,1042
513,200,1062
514,200,1082
515,200,1255
516,200,1388
517,200,1215
518,200,972
519,200,784
520,200,684
521,200,692
522,200,816
523,200,1035
524,200,1268
525,200,1342
526,200,1222
527,200,1077
528,200,1072
529,200,1236
530,200,1475
531,200,1539
532,200,1440
533,200,1464
534,200,1661
535,200,1910
536,200,2082
537,200,1700
538,200,1278
539,200,941
540,200,712
541,200,566
542,200,467
543,200,367
544,200,315
545,200,294
546,200,273
547,200,240
548,200,215
549,200,199
550,200,191
551,200,188
552,200,170
553,200,175
554,200,181
555,200,188
556,200,196
557,200,206
558,200,223
559,200,255
560,200,349
561,200,414
562,200,487
563,200,569
564,200,638
565,200,646
566,200,592
567,200,521
568,200,452
569,200,379
570,200,266
571,200,222
572,200,188
573,200,142
490,201,745
491,201,611
492,201,574
493,201,631
494,201,745
495,201,874
496,201,881
497,201,764
498,201,658
499,201,588
500,201,549
501,201,528
502,201,526
503,201,556
504,201,622
505,201,734
506,201,894
507,201,1058
508,201,1072
509,201,951
510,201,879
511,201,929
512,201,1054
513,201,1169
514,201,1120
515,201,1120
516,201,1131
517,201,1009
518,201,825
519,201,673
520,201,602
521,201,650
522,201,808
523,201,1058
524,201,1334
525,201,1362
526,201,1147
527,201,975
528,201,965
529,201,1097
530,201,1238
531,201,1281
532,201,1219
533,201,1245
534,201,1465
535,201,1746
536,201,1821
537,201,1543
538,201,1185
539,201,884
540,201,676
541,201,540
542,201,443
543,201,342
544,201,305
545,201,316
546,201,299
547,201,248
548,201,219
549,201,202
550,201,193
551,201,191
552,201,172
553,201,176
554,201,182
555,201,187
556,201,191
557,201,195
558,201,203
559,201,220
560,201,256
561,201,358
562,201,427
563,201,491
564,201,539
565,201,553
566,201,533
567,201,494
568,201,442
569,201,332
570,201,291
571,201,260
572,201,228
573,201,186
490,202,651
491,202,576
492,202,553
493,202,604
494,202,696
495,202,785
496,202,789
497,202,706
498,202,616
499,202,551
500,202,517
501,202,513
502,202,535
503,202,579
504,202,647
505,202,748
506,202,900
507,202,1053
508,202,1053
509,202,913
510,202,820
511,202,872
512,202,1026
513,202,1162
514,202,1103
515,202,996
516,202,926
517,202,818
518,202,690
519,202,587
520,202,555
521,202,624
522,202,779
523,202,980
524,202,1168
525,202,1163
526,202,1003
527,202,876
528,202,923
529,202,1104
530,202,1270
531,202,1195
532,202,1082
533,202,1088
534,202,1279
535,202,1559
536,202,1777
537,202,1474
538,202,1125
539,202,843
540,202,649
541,202,522
542,202,429
543,202,330
544,202,293
545,202,287
546,202,273
547,202,244
548,202,220
549,202,205
550,202,197
551,202,194
552,202,175
553,202,180
554,202,185
555,202,188
556,202,190
557,202,191
558,202,193
559,202,201
560,202,221
561,202,259
562,202,359
563,202,416
564,202,457
565,202,478
566,202,483
567,202,469
568,202,388
569,202,372
570,202,356
571,202,332
572,202,296
573,202,255
490,203,527
491,203,513
492,203,509
493,203,550
494,203,613
495,203,666
496,203,672
497,203,630
498,203,577
499,203,536
500,203,518
501,203,535
502,203,580
503,203,641
504,203,712
505,203,784
506,203,847
507,203,905
508,203,890
509,203,802
510,203,740
511,203,792
512,203,924
513,203,1043
514,203,1092
515,203,989
516,203,844
517,203,707
518,203,605
519,203,530
520,203,532
521,203,614
522,203,777
523,203,980
524,203,1051
525,203,946
526,203,825
527,203,759
528,203,846
529,203,1034
530,203,1191
531,203,1101
532,203,980
533,203,961
534,203,1113
535,203,1323
536,203,1438
537,203,1282
538,203,1020
539,203,786
540,203,618
541,203,502
542,203,415
543,203,319
544,203,280
545,203,266
546,203,254
547,203,237
548,203,220
549,203,208
550,203,200
551,203,197
552,203,178
553,203,182
554,203,186
555,203,189
556,203,189
557,203,188
558,203,187
559,203,190
560,203,199
561,203,219
562,203,254
563,203,342
564,203,381
565,203,411
566,203,437
567,203,403
568,203,510
569,203,541
570,203,544
571,203,514
572,203,442
573,203,262
490,204,473
491,204,455
492,204,450
493,204,485
494,204,531
495,204,570
496,204,585
497,204,578
498,204,562
499,204,553
500,204,551
501,204,581
502,204,651
503,204,742
504,204,812
505,204,869
506,204,857
507,204,796
508,204,738
509,204,686
510,204,660
511,204,721
512,204,866
513,204,1052
514,204,1208
515,204,1053
516,204,867
517,204,702
518,204,583
519,204,517
520,204,522
521,204,595
522,204,736
523,204,903
524,204,931
525,204,805
526,204,688
527,204,644
528,204,715
529,204,841
530,204,929
531,204,909
532,204,848
533,204,843
534,204,949
535,204,1090
536,204,1165
537,204,1093
538,204,909
539,204,734
540,204,592
541,204,488
542,204,406
543,204,315
544,204,278
545,204,263
546,204,250
547,204,236
548,204,222
549,204,211
550,204,203
551,204,179
552,204,179
553,204,182
554,204,185
555,204,187
556,204,186
557,204,184
558,204,181
559,204,181
560,204,185
561,204,194
562,204,211
563,204,236
564,204,262
565,204,294
566,204,347
567,204,490
568,204,579
569,204,641
570,204,661
571,204,631
572,204,563
573,204,496
490,205,433
491,205,386
492,205,325
493,205,410
494,205,455
495,205,504
496,205,538
497,205,570
498,205,596
499,205,611
500,205,611
501,205,634
502,205,718
503,205,843
504,205,938
505,205,915
506,205,847
507,205,735
508,205,653
509,205,604
510,205,604
511,205,681
512,205,827
513,205,1008
514,205,1131
515,205,1063
516,205,918
517,205,747
518,205,610
519,205,530
520,205,524
521,205,575
522,205,662
523,205,744
524,205,746
525,205,667
526,205,582
527,205,542
528,205,585
529,205,659
530,205,721
531,205,739
532,205,723
533,205,745
534,205,828
535,205,951
536,205,1056
537,205,1066
538,205,937
539,205,759
540,205,605
541,205,495
542,205,412
543,205,332
544,205,300
545,205,285
546,205,268
547,205,249
548,205,231
549,205,217
550,205,185
551,205,181
552,205,179
553,205,180
554,205,182
555,205,182
556,205,181
557,205,179
558,205,176
559,205,174
560,205,175
561,205,179
562,205,188
563,205,203
564,205,226
565,205,267
566,205,341
567,205,515
568,205,628
569,205,718
570,205,758
571,205,724
572,205,640
573,205,534
490,206,212
491,206,251
492,206,263
493,206,290
494,206,333
495,206,462
496,206,531
497,206,599
498,206,665
499,206,703
500,206,688
501,206,675
502,206,738
503,206,853
504,206,939
505,206,871
506,206,776
507,206,675
508,206,597
509,206,558
510,206,575
511,206,662
512,206,813
513,206,1011
514,206,1197
515,206,1163
516,206,995
517,206,795
518,206,640
519,206,554
520,206,546
521,206,588
522,206,639
523,206,664
524,206,645
525,206,579
526,206,513
527,206,477
528,206,494
529,206,552
530,206,627
531,206,684
532,206,702
533,206,721
534,206,791
535,206,929
536,206,1089
537,206,1176
538,206,1025
539,206,812
540,206,637
541,206,519
542,206,443
543,206,395
544,206,373
545,206,355
546,206,315
547,206,284
548,206,252
549,206,204
550,206,191
551,206,183
552,206,179
553,206,178
554,206,177
555,206,177
556,206,175
557,206,173
558,206,170
559,206,168
560,206,167
561,206,169
562,206,175
563,206,186
564,206,210
565,206,259
566,206,404
567,206,527
568,206,650
569,206,765
570,206,831
571,206,787
572,206,702
573,206,631
490,207,194
491,207,217
492,207,233
493,207,258
494,207,304
495,207,446
496,207,535
497,207,630
498,207,733
499,207,802
500,207,754
501,207,696
502,207,704
503,207,768
504,207,810
505,207,771
506,207,690
507,207,612
508,207,547
509,207,516
510,207,546
511,207,629
512,207,759
513,207,917
514,207,1047
515,207,1105
516,207,965
517,207,780
518,207,638
519,207,570
520,207,592
521,207,666
522,207,741
523,207,742
524,207,663
525,207,564
526,207,487
527,207,451
528,207,469
529,207,539
530,207,651
531,207,749
532,207,746
533,207,729
534,207,768
535,207,898
536,207,1064
537,207,1169
538,207,1040
539,207,842
540,207,671
541,207,567
542,207,496
543,207,458
544,207,444
545,207,428
546,207,397
547,207,354
548,207,260
549,207,222
550,207,200
551,207,187
552,207,180
553,207,175
554,207,173
555,207,171
556,207,169
557,207,166
558,207,164
559,207,162
560,207,161
561,207,162
562,207,167
563,207,177
564,207,199
565,207,248
566,207,392
567,207,507
568,207,626
569,207,741
570,207,812
571,207,776
572,207,705
573,207,651
490,208,189
491,208,204
492,208,221
493,208,245
494,208,290
495,208,431
496,208,526
497,208,624
498,208,730
499,208,798
500,208,744
501,208,669
502,208,637
503,208,660
504,208,678
505,208,657
506,208,606
507,208,544
508,208,488
509,208,462
510,208,506
511,208,580
512,208,675
513,208,780
514,208,872
515,208,900
516,208,820
517,208,696
518,208,597
519,208,567
520,208,623
521,208,741
522,208,869
523,208,865
524,208,726
525,208,588
526,208,492
527,208,447
528,208,462
529,208,542
530,208,686
531,208,857
532,208,783
533,208,728
534,208,736
535,208,829
536,208,955
537,208,1037
538,208,997
539,208,882
540,208,765
541,208,662
542,208,578
543,208,543
544,208,535
545,208,512
546,208,470
547,208,417
548,208,352
549,208,246
550,208,211
551,208,192
552,208,180
553,208,173
554,208,168
555,208,165
556,208,163
557,208,160
558,208,158
559,208,157
560,208,156
561,208,157
562,208,161
563,208,169
564,208,189
565,208,230
566,208,355
567,208,458
568,208,561
569,208,652
570,208,703
571,208,692
572,208,652
573,208,638
490,209,178
491,209,196
492,209,214
493,209,237
494,209,277
495,209,403
496,209,492
497,209,575
498,209,650
499,209,687
500,209,657
501,209,601
502,209,563
503,209,558
504,209,562
505,209,550
506,209,516
507,209,464
508,209,419
509,209,358
510,209,471
511,209,536
512,209,599
513,209,659
514,209,708
515,209,714
516,209,664
517,209,589
518,209,532
519,209,534
520,209,606
521,209,731
522,209,863
523,209,859
524,209,720
525,209,583
526,209,489
527,209,444
528,209,454
529,209,517
530,209,622
531,209,717
532,209,715
533,209,691
534,209,699
535,209,764
536,209,880
537,209,1008
538,209,1076
539,209,983
540,209,912
541,209,788
542,209,675
543,209,650
544,209,656
545,209,613
546,209,542
547,209,468
548,209,391
549,209,264
550,209,220
551,209,196
552,209,181
553,209,172
554,209,165
555,209,161
556,209,157
557,209,155
558,209,153
559,209,152
560,209,152
561,209,153
562,209,156
563,209,163
564,209,178
565,209,207
566,209,261
567,209,387
568,209,475
569,209,542
570,209,579
571,209,575
572,209,547
573,209,540
490,210,167
491,210,192
492,210,212
493,210,231
494,210,258
495,210,309
496,210,437
497,210,504
498,210,552
499,210,572
500,210,554
501,210,515
502,210,479
503,210,456
504,210,450
505,210,441
506,210,416
507,210,327
508,210,314
509,210,341
510,210,463
511,210,521
512,210,567
513,210,597
514,210,606
515,210,591
516,210,549
517,210,498
518,210,463
519,210,478
520,210,542
521,210,637
522,210,717
523,210,714
524,210,629
525,210,533
526,210,464
527,210,436
528,210,453
529,210,501
530,210,564
531,210,618
532,210,635
533,210,646
534,210,668
535,210,729
536,210,836
537,210,968
538,210,1059
539,210,1004
540,210,1040
541,210,865
542,210,734
543,210,740
544,210,780
545,210,704
546,210,596
547,210,502
548,210,413
549,210,274
550,210,225
551,210,198
552,210,181
553,210,170
554,210,162
555,210,157
556,210,153
557,210,151
558,210,149
559,210,148
560,210,148
561,210,150
562,210,153
563,210,160
564,210,171
565,210,191
566,210,222
567,210,271
568,210,380
569,210,428
570,210,451
571,210,443
572,210,392
573,210,220
490,211,147
491,211,192
492,211,214
493,211,229
494,211,244
495,211,274
496,211,375
497,211,421
498,211,456
499,211,469
500,211,455
501,211,419
502,211,382
503,211,299
504,211,287
505,211,282
506,211,276
507,211,271
508,211,295
509,211,415
510,211,487
511,211,549
512,211,603
513,211,631
514,211,606
515,211,551
516,211,492
517,211,437
518,211,395
519,211,407
520,211,460
521,211,525
522,211,569
523,211,563
524,211,515
525,211,459
526,211,419
527,211,421
528,211,476
529,211,536
530,211,587
531,211,625
532,211,621
533,211,629
534,211,649
535,211,691
536,211,772
537,211,860
538,211,902
539,211,893
540,211,890
541,211,791
542,211,698
543,211,728
544,211,777
545,211,707
546,211,602
547,211,508
548,211,419
549,211,276
550,211,226
551,211,197
552,211,179
553,211,167
554,211,160
555,211,154
556,211,150
557,211,148
558,211,146
559,211,145
560,211,146
561,211,148
562,211,151
563,211,158
564,211,167
565,211,184
566,211,202
567,211,224
568,211,252
569,211,273
570,211,284
571,211,279
572,211,254
573,211,198
490,212,189
491,212,214
492,212,227
493,212,233
494,212,235
495,212,240
496,212,260
497,212,282
498,212,349
499,212,362
500,212,351
501,212,273
502,212,248
503,212,227
504,212,220
505,212,219
506,212,220
507,212,231
508,212,278
509,212,447
510,212,521
511,212,603
512,212,703
513,212,768
514,212,693
515,212,578
516,212,489
517,212,414
518,212,275
519,212,315
520,212,380
521,212,436
522,212,460
523,212,442
524,212,409
525,212,377
526,212,348
527,212,382
528,212,537
529,212,631
530,212,666
531,212,713
532,212,632
533,212,630
534,212,638
535,212,640
536,212,710
537,212,765
538,212,748
539,212,746
540,212,720
541,212,655
542,212,599
543,212,615
544,212,645
545,212,624
546,212,559
547,212,489
548,212,417
549,212,266
550,212,223
551,212,193
552,212,173
553,212,163
554,212,157
555,212,151
556,212,148
557,212,146
558,212,142
559,212,142
560,212,144
561,212,145
562,212,149
563,212,156
564,212,164
565,212,186
566,212,198
567,212,200
568,212,209
569,212,217
570,212,222
571,212,222
572,212,212
573,212,194
490,213,246
491,213,249
492,213,246
493,213,244
494,213,231
495,213,207
496,213,209
497,213,213
498,213,193
499,213,208
500,213,213
501,213,198
502,213,186
503,213,174
504,213,173
505,213,175
506,213,176
507,213,180
508,213,227
509,213,523
510,213,547
511,213,650
512,213,852
513,213,1068
514,213,845
515,213,611
516,213,500
517,213,444
518,213,177
519,213,144
520,213,314
521,213,388
522,213,402
523,213,343
524,213,309
525,213,300
526,213,225
527,213,236
528,213,678
529,213,799
530,213,699
531,213,793
532,213,531
533,213,627
534,213,643
535,213,539
536,213,674
537,213,751
538,213,590
539,213,635
540,213,574
541,213,511
542,213,467
543,213,468
544,213,503
545,213,540
546,213,504
547,213,463
548,213,441
549,213,224
550,213,218
551,213,183
552,213,158
553,213,156
554,213,154
555,213,147
556,213,147
557,213,147
558,213,136
559,213,138
560,213,142
561,213,142
562,213,145
563,213,157
564,213,149
565,213,205
566,213,213
567,213,182
568,213,183
569,213,183
570,213,185
571,213,193
572,213,189
573,213,177
