xv,yv,rho
490,148,80
491,148,81
492,148,83
493,148,87
494,148,240
495,148,400
496,148,544
497,148,810
498,148,1036
499,148,1002
500,148,749
501,148,537
502,148,371
503,148,376
504,148,400
505,148,391
506,148,356
507,148,322
508,148,128
509,148,120
510,148,99
511,148,123
512,148,365
513,148,555
514,148,607
515,148,656
516,148,677
517,148,656
518,148,607
519,148,480
520,148,403
521,148,158
522,148,248
523,148,219
524,148,255
525,148,407
526,148,617
527,148,803
528,148,826
529,148,759
530,148,593
531,148,448
532,148,343
533,148,260
534,148,128
535,148,154
536,148,343
537,148,320
538,148,345
539,148,391
540,148,415
541,148,382
542,148,374
543,148,173
544,148,147
545,148,140
546,148,129
547,148,119
548,148,121
549,148,126
550,148,157
551,148,373
552,148,531
553,148,672
554,148,1196
555,148,1774
556,148,1221
557,148,911
558,148,774
559,148,760
560,148,525
561,148,466
562,148,424
563,148,165
564,148,159
565,148,223
566,148,222
567,148,220
568,148,169
569,148,166
570,148,165
571,148,149
572,148,137
573,148,138
490,149,118
491,149,111
492,149,118
493,149,158
494,149,284
495,149,428
496,149,594
497,149,818
498,149,1042
499,149,1036
500,149,816
501,149,632
502,149,529
503,149,538
504,149,549
505,149,518
506,149,457
507,149,393
508,149,315
509,149,296
510,149,288
511,149,319
512,149,442
513,149,587
514,149,713
515,149,825
516,149,874
517,149,823
518,149,707
519,149,569
520,149,456
521,149,350
522,149,346
523,149,368
524,149,457
525,149,647
526,149,922
527,149,1195
528,149,1216
529,149,995
530,149,747
531,149,556
532,149,433
533,149,363
534,149,320
535,149,334
536,149,411
537,149,464
538,149,522
539,149,561
540,149,552
541,149,497
542,149,427
543,149,315
544,149,223
545,149,168
546,149,145
547,149,139
548,149,147
549,149,173
550,149,239
551,149,401
552,149,550
553,149,715
554,149,975
555,149,1161
556,149,1006
557,149,817
558,149,678
559,149,578
560,149,446
561,149,361
562,149,275
563,149,190
564,149,177
565,149,195
566,149,200
567,149,196
568,149,180
569,149,173
570,149,169
571,149,164
572,149,160
573,149,164
490,150,146
491,150,134
492,150,143
493,150,187
494,150,298
495,150,432
496,150,579
497,150,751
498,150,902
499,150,909
500,150,783
501,150,672
502,150,661
503,150,720
504,150,752
505,150,691
506,150,586
507,150,501
508,150,465
509,150,448
510,150,432
511,150,443
512,150,525
513,150,668
514,150,855
515,150,1055
516,150,1162
517,150,1052
518,150,846
519,150,654
520,150,518
521,150,438
522,150,425
523,150,465
524,150,577
525,150,789
526,150,1115
527,150,1502
528,150,1524
529,150,1178
530,150,872
531,150,652
532,150,521
533,150,475
534,150,455
535,150,459
536,150,527
537,150,631
538,150,745
539,150,804
540,150,757
541,150,643
542,150,521
543,150,407
544,150,301
545,150,201
546,150,162
547,150,161
548,150,185
549,150,235
550,150,309
551,150,446
552,150,562
553,150,672
554,150,791
555,150,853
556,150,790
557,150,677
558,150,558
559,150,435
560,150,312
561,150,248
562,150,204
563,150,178
564,150,175
565,150,182
566,150,186
567,150,186
568,150,181
569,150,179
570,150,178
571,150,178
572,150,177
573,150,168
490,151,151
491,151,152
492,151,169
493,151,213
494,151,293
495,151,416
496,151,536
497,151,655
498,151,746
499,151,760
500,151,710
501,151,686
502,151,767
503,151,917
504,151,1022
505,151,898
506,151,729
507,151,632
508,151,638
509,151,628
510,151,590
511,151,570
512,151,626
513,151,762
514,151,989
515,151,1291
516,151,1508
517,151,1282
518,151,965
519,151,719
520,151,569
521,151,510
522,151,511
523,151,543
524,151,636
525,151,818
526,151,1090
527,151,1383
528,151,1448
529,151,1244
530,151,1010
531,151,791
532,151,659
533,151,636
534,151,622
535,151,605
536,151,670
537,151,828
538,151,1031
539,151,1145
540,151,1029
541,151,814
542,151,618
543,151,469
544,151,346
545,151,223
546,151,180
547,151,194
548,151,255
549,151,355
550,151,448
551,151,546
552,151,616
553,151,655
554,151,689
555,151,687
556,151,636
557,151,545
558,151,428
559,151,305
560,151,226
561,151,191
562,151,174
563,151,168
564,151,169
565,151,175
566,151,180
567,151,182
568,151,184
569,151,186
570,151,191
571,151,198
572,151,204
573,151,205
490,152,159
491,152,187
492,152,228
493,152,297
494,152,360
495,152,433
496,152,515
497,152,602
498,152,668
499,152,684
500,152,664
501,152,690
502,152,815
503,152,1041
504,152,1292
505,152,1041
506,152,838
507,152,814
508,152,882
509,152,881
510,152,800
511,152,743
512,152,798
513,152,872
514,152,1047
515,152,1323
516,152,1530
517,152,1300
518,152,981
519,152,743
520,152,617
521,152,610
522,152,641
523,152,668
524,152,704
525,152,819
526,152,1024
527,152,1335
528,152,1593
529,152,1546
530,152,1240
531,152,968
532,152,869
533,152,890
534,152,882
535,152,831
536,152,833
537,152,1011
538,152,1311
539,152,1539
540,152,1289
541,152,948
542,152,683
543,152,502
544,152,366
545,152,237
546,152,202
547,152,251
548,152,356
549,152,470
550,152,582
551,152,684
552,152,743
553,152,740
554,152,693
555,152,620
556,152,542
557,152,432
558,152,307
559,152,226
560,152,185
561,152,167
562,152,161
563,152,160
564,152,164
565,152,170
566,152,177
567,152,182
568,152,187
569,152,194
570,152,206
571,152,223
572,152,239
573,152,236
490,153,316
491,153,274
492,153,322
493,153,386
494,153,441
495,153,491
496,153,560
497,153,659
498,153,746
499,153,759
500,153,707
501,153,679
502,153,765
503,153,922
504,153,1039
505,153,944
506,153,857
507,153,989
508,153,1188
509,153,1209
510,153,1061
511,153,993
512,153,1071
513,153,1100
514,153,1082
515,153,1189
516,153,1265
517,153,1138
518,153,922
519,153,749
520,153,707
521,153,773
522,153,857
523,153,889
524,153,883
525,153,941
526,153,1091
527,153,1415
528,153,1821
529,153,1812
530,153,1399
531,153,1121
532,153,1144
533,153,1268
534,153,1271
535,153,1142
536,153,1035
537,153,1111
538,153,1352
539,153,1553
540,153,1292
541,153,945
542,153,678
543,153,499
544,153,366
545,153,245
546,153,236
547,153,330
548,153,444
549,153,574
550,153,726
551,153,876
552,153,956
553,153,904
554,153,780
555,153,645
556,153,512
557,153,358
558,153,244
559,153,191
560,153,166
561,153,156
562,153,153
563,153,155
564,153,160
565,153,168
566,153,175
567,153,183
568,153,191
569,153,203
570,153,223
571,153,254
572,153,296
573,153,315
490,154,419
491,154,357
492,154,402
493,154,477
494,154,547
495,154,589
496,154,636
497,154,764
498,154,909
499,154,919
500,154,792
501,154,685
502,154,679
503,154,744
504,154,794
505,154,784
506,154,844
507,154,1082
508,154,1419
509,154,1480
510,154,1314
511,154,1265
512,154,1431
513,154,1437
514,154,1266
515,154,1193
516,154,1211
517,154,1113
518,154,943
519,154,811
520,154,847
521,154,1008
522,154,1192
523,154,1239
524,154,1206
525,154,1202
526,154,1180
527,154,1347
528,154,1591
529,154,1590
530,154,1350
531,154,1221
532,154,1449
533,154,1756
534,154,1781
535,154,1546
536,154,1391
537,154,1203
538,154,1186
539,154,1199
540,154,1040
541,154,806
542,154,605
543,154,459
544,154,347
545,154,250
546,154,274
547,154,390
548,154,515
549,154,675
550,154,882
551,154,1120
552,154,1267
553,154,1126
554,154,898
555,154,695
556,154,534
557,154,383
558,154,242
559,154,181
560,154,158
561,154,150
562,154,148
563,154,151
564,154,157
565,154,165
566,154,174
567,154,182
568,154,192
569,154,207
570,154,233
571,154,282
572,154,381
573,154,596
490,155,278
491,155,350
492,155,450
493,155,578
494,155,697
495,155,734
496,155,721
497,155,840
498,155,1047
499,155,1059
500,155,864
501,155,708
502,155,622
503,155,620
504,155,632
505,155,652
506,155,767
507,155,988
508,155,1255
509,155,1418
510,155,1610
511,155,1503
512,155,1707
513,155,1704
514,155,1448
515,155,1492
516,155,1587
517,155,1439
518,155,1188
519,155,1001
520,155,1019
521,155,1258
522,155,1585
523,155,1659
524,155,1637
525,155,1595
526,155,1395
527,155,1317
528,155,1388
529,155,1388
530,155,1304
531,155,1345
532,155,1681
533,155,2162
534,155,2223
535,155,2007
536,155,1846
537,155,1452
538,155,1093
539,155,926
540,155,786
541,155,635
542,155,502
543,155,397
544,155,310
545,155,257
546,155,333
547,155,452
548,155,596
549,155,788
550,155,1026
551,155,1337
552,155,1613
553,155,1304
554,155,979
555,155,720
556,155,545
557,155,397
558,155,245
559,155,179
560,155,155
561,155,146
562,155,144
563,155,147
564,155,153
565,155,161
566,155,170
567,155,179
568,155,189
569,155,202
570,155,225
571,155,267
572,155,352
573,155,544
490,156,230
491,156,334
492,156,477
493,156,664
494,156,864
495,156,895
496,156,788
497,156,805
498,156,938
499,156,979
500,156,888
501,156,785
502,156,670
503,156,594
504,156,567
505,156,585
506,156,669
507,156,824
508,156,1034
509,156,1330
510,156,1571
511,156,1448
512,156,1495
513,156,1507
514,156,1451
515,156,1783
516,156,2080
517,156,1829
518,156,1495
519,156,1272
520,156,1180
521,156,1406
522,156,1732
523,156,1818
524,156,1971
525,156,1946
526,156,1665
527,156,1626
528,156,1587
529,156,1599
530,156,1575
531,156,1519
532,156,1770
533,156,2121
534,156,2213
535,156,2328
536,156,2181
537,156,1595
538,156,1109
539,156,782
540,156,610
541,156,496
542,156,404
543,156,323
544,156,253
545,156,254
546,156,368
547,156,498
548,156,669
549,156,914
550,156,1220
551,156,1471
552,156,1439
553,156,1301
554,156,1004
555,156,745
556,156,556
557,156,401
558,156,245
559,156,177
560,156,152
561,156,143
562,156,141
563,156,143
564,156,149
565,156,156
566,156,165
567,156,173
568,156,181
569,156,190
570,156,201
571,156,215
572,156,218
573,156,143
490,157,158
491,157,300
492,157,461
493,157,656
494,157,858
495,157,886
496,157,762
497,157,718
498,157,821
499,157,991
500,157,1085
501,157,952
502,157,776
503,157,664
504,157,625
505,157,599
506,157,611
507,157,697
508,157,861
509,157,1060
510,157,1190
511,157,1160
512,157,1180
513,157,1246
514,157,1409
515,157,1804
516,157,2162
517,157,2051
518,157,1914
519,157,1637
520,157,1431
521,157,1605
522,157,1845
523,157,1797
524,157,1916
525,157,1926
526,157,1990
527,157,2179
528,157,2083
529,157,2152
530,157,2135
531,157,1979
532,157,2131
533,157,2516
534,157,2515
535,157,2175
536,157,1909
537,157,1445
538,157,1015
539,157,707
540,157,512
541,157,405
542,157,328
543,157,271
544,157,248
545,157,287
546,157,406
547,157,535
548,157,715
549,157,985
550,157,1365
551,157,1761
552,157,1443
553,157,1294
554,157,1004
555,157,745
556,157,553
557,157,398
558,157,242
559,157,174
560,157,149
561,157,140
562,157,137
563,157,139
564,157,143
565,157,150
566,157,157
567,157,164
568,157,170
569,157,175
570,157,178
571,157,179
572,157,167
573,157,125
490,158,117
491,158,259
492,158,405
493,158,556
494,158,682
495,158,708
496,158,655
497,158,646
498,158,807
499,158,1065
500,158,1338
501,158,1090
502,158,889
503,158,827
504,158,789
505,158,714
506,158,650
507,158,650
508,158,722
509,158,820
510,158,892
511,158,930
512,158,1040
513,158,1182
514,158,1318
515,158,1595
516,158,1926
517,158,2399
518,158,2412
519,158,2027
520,158,1770
521,158,1878
522,158,2098
523,158,2057
524,158,2187
525,158,2090
526,158,2334
527,158,2829
528,158,2647
529,158,2829
530,158,2817
531,158,2495
532,158,2568
533,158,2851
534,158,2737
535,158,2102
536,158,1574
537,158,1184
538,158,859
539,158,620
540,158,465
541,158,366
542,158,304
543,158,320
544,158,351
545,158,409
546,158,500
547,158,594
548,158,740
549,158,950
550,158,1225
551,158,1440
552,158,1366
553,158,1266
554,158,1002
555,158,746
556,158,551
557,158,394
558,158,239
559,158,171
560,158,146
561,158,136
562,158,133
563,158,134
564,158,138
565,158,143
566,158,149
567,158,154
568,158,158
569,158,161
570,158,161
571,158,157
572,158,148
573,158,130
490,159,58
491,159,212
492,159,342
493,159,451
494,159,528
495,159,552
496,159,546
497,159,588
498,159,729
499,159,927
500,159,1076
501,159,1012
502,159,985
503,159,1071
504,159,1055
505,159,915
506,159,784
507,159,721
508,159,691
509,159,709
510,159,762
511,159,923
512,159,1161
513,159,1417
514,159,1522
515,159,1561
516,159,1907
517,159,2410
518,159,2512
519,159,2342
520,159,2506
521,159,2452
522,159,2758
523,159,2827
524,159,2926
525,159,2656
526,159,2466
527,159,2695
528,159,3194
529,159,3220
530,159,3259
531,159,3078
532,159,3257
533,159,2833
534,159,2475
535,159,1917
536,159,1391
537,159,986
538,159,730
539,159,560
540,159,457
541,159,396
542,159,376
543,159,415
544,159,479
545,159,556
546,159,659
547,159,765
548,159,854
549,159,930
550,159,1071
551,159,1247
552,159,1447
553,159,1380
554,159,1044
555,159,756
556,159,549
557,159,389
558,159,236
559,159,168
560,159,142
561,159,133
562,159,130
563,159,131
564,159,134
565,159,138
566,159,142
567,159,146
568,159,148
569,159,149
570,159,148
571,159,145
572,159,138
573,159,128
490,160,86
491,160,180
492,160,288
493,160,379
494,160,432
495,160,454
496,160,466
497,160,517
498,160,617
499,160,741
500,160,839
501,160,897
502,160,1094
503,160,1355
504,160,1372
505,160,1163
506,160,1039
507,160,924
508,160,836
509,160,782
510,160,827
511,160,1020
512,160,1364
513,160,1788
514,160,1869
515,160,1664
516,160,1733
517,160,2054
518,160,2295
519,160,2799
520,160,3277
521,160,3083
522,160,3127
523,160,3197
524,160,3740
525,160,3223
526,160,2864
527,160,2692
528,160,2841
529,160,3025
530,160,3422
531,160,3593
532,160,3601
533,160,3049
534,160,2336
535,160,1771
536,160,1291
537,160,924
538,160,698
539,160,583
540,160,537
541,160,500
542,160,485
543,160,544
544,160,651
545,160,782
546,160,912
547,160,1063
548,160,1149
549,160,1127
550,160,1103
551,160,1276
552,160,1433
553,160,1280
554,160,995
555,160,732
556,160,536
557,160,382
558,160,234
559,160,166
560,160,141
561,160,133
562,160,131
563,160,133
564,160,135
565,160,137
566,160,139
567,160,140
568,160,142
569,160,142
570,160,142
571,160,139
572,160,134
573,160,131
490,161,141
491,161,183
492,161,259
493,161,347
494,161,394
495,161,414
496,161,432
497,161,470
498,161,533
499,161,609
500,161,694
501,161,841
502,161,1090
503,161,1387
504,161,1463
505,161,1429
506,161,1388
507,161,1236
508,161,1113
509,161,985
510,161,966
511,161,1118
512,161,1440
513,161,1860
514,161,1971
515,161,1750
516,161,1719
517,161,2007
518,161,2297
519,161,2879
520,161,3470
521,161,3563
522,161,3602
523,161,3359
524,161,3539
525,161,3860
526,161,3423
527,161,3049
528,161,2817
529,161,3035
530,161,3587
531,161,4288
532,161,3992
533,161,3385
534,161,2607
535,161,1984
536,161,1425
537,161,1004
538,161,841
539,161,781
540,161,741
541,161,691
542,161,654
543,161,727
544,161,892
545,161,1105
546,161,1282
547,161,1502
548,161,1625
549,161,1475
550,161,1252
551,161,1408
552,161,1698
553,161,1353
554,161,1002
555,161,730
556,161,538
557,161,388
558,161,251
559,161,177
560,161,150
561,161,144
562,161,144
563,161,146
564,161,148
565,161,148
566,161,146
567,161,142
568,161,141
569,161,141
570,161,143
571,161,141
572,161,131
573,161,105
490,162,158
491,162,226
492,162,314
493,162,384
494,162,422
495,162,446
496,162,473
497,162,502
498,162,533
499,162,567
500,162,635
501,162,772
502,162,973
503,162,1192
504,162,1373
505,162,1649
506,162,1727
507,162,1687
508,162,1481
509,162,1282
510,162,1264
511,162,1272
512,162,1443
513,162,1748
514,162,2135
515,162,2150
516,162,2014
517,162,2382
518,162,2590
519,162,2759
520,162,3449
521,162,4248
522,162,3849
523,162,3564
524,162,3882
525,162,4132
526,162,3826
527,162,3814
528,162,3525
529,162,3346
530,162,3550
531,162,4025
532,162,4685
533,162,4058
534,162,3136
535,162,2300
536,162,1665
537,162,1294
538,162,1159
539,162,1137
540,162,1094
541,162,1000
542,162,921
543,162,981
544,162,1205
545,162,1535
546,162,1853
547,162,2023
548,162,2207
549,162,1843
550,162,1437
551,162,1335
552,162,1427
553,162,1274
554,162,1010
555,162,763
556,162,587
557,162,442
558,162,320
559,162,223
560,162,188
561,162,186
562,162,191
563,162,196
564,162,196
565,162,191
566,162,180
567,162,160
568,162,150
569,162,150
570,162,156
571,162,162
572,162,153
573,162,103
490,163,166
491,163,305
492,163,396
493,163,463
494,163,506
495,163,530
496,163,573
497,163,616
498,163,636
499,163,634
500,163,650
501,163,739
502,163,895
503,163,1094
504,163,1335
505,163,1607
506,163,1799
507,163,2134
508,163,1783
509,163,1658
510,163,1724
511,163,1658
512,163,1721
513,163,2039
514,163,2561
515,163,2623
516,163,2347
517,163,2794
518,163,3019
519,163,3004
520,163,3338
521,163,3996
522,163,4009
523,163,3926
524,163,4649
525,163,4573
526,163,4538
527,163,4769
528,163,4352
529,163,3926
530,163,3975
531,163,4099
532,163,4488
533,163,4275
534,163,3411
535,163,2561
536,163,1954
537,163,1745
538,163,1670
539,163,1687
540,163,1625
541,163,1444
542,163,1286
543,163,1363
544,163,1585
545,163,1993
546,163,2442
547,163,2488
548,163,2325
549,163,1887
550,163,1447
551,163,1241
552,163,1355
553,163,1394
554,163,1201
555,163,919
556,163,679
557,163,506
558,163,386
559,163,302
560,163,278
561,163,288
562,163,305
563,163,316
564,163,316
565,163,301
566,163,267
567,163,213
568,163,177
569,163,171
570,163,190
571,163,222
572,163,238
573,163,147
490,164,366
491,164,402
492,164,486
493,164,578
494,164,649
495,164,677
496,164,736
497,164,821
498,164,840
499,164,785
500,164,754
501,164,817
502,164,982
503,164,1200
504,164,1502
505,164,1773
506,164,1723
507,164,1835
508,164,1770
509,164,1981
510,164,2265
511,164,2145
512,164,2172
513,164,2243
514,164,2628
515,164,2829
516,164,2617
517,164,2797
518,164,3193
519,164,3278
520,164,3663
521,164,4142
522,164,4193
523,164,3934
524,164,4596
525,164,4837
526,164,4719
527,164,4915
528,164,4704
529,164,4360
530,164,4705
531,164,4840
532,164,5063
533,164,4900
534,164,3908
535,164,2996
536,164,2418
537,164,2392
538,164,2460
539,164,2439
540,164,2333
541,164,1998
542,164,1730
543,164,1839
544,164,2175
545,164,2474
546,164,2642
547,164,2506
548,164,1981
549,164,1633
550,164,1349
551,164,1305
552,164,1543
553,164,1745
554,164,1453
555,164,1065
556,164,764
557,164,567
558,164,453
559,164,409
560,164,394
561,164,396
562,164,421
563,164,443
564,164,441
565,164,412
566,164,364
567,164,300
568,164,231
569,164,211
570,164,256
571,164,365
572,164,518
573,164,757
490,165,332
491,165,440
492,165,568
493,165,720
494,165,854
495,165,889
496,165,920
497,165,1082
498,165,1109
499,165,985
500,165,923
501,165,964
502,165,1157
503,165,1416
504,165,1579
505,165,1778
506,165,1684
507,165,1676
508,165,1765
509,165,2035
510,165,2364
511,165,2502
512,165,2566
513,165,2721
514,165,3216
515,165,3523
516,165,3041
517,165,2932
518,165,3229
519,165,3824
520,165,4254
521,165,4719
522,165,4735
523,165,4236
524,165,4514
525,165,5165
526,165,4774
527,165,5088
528,165,5474
529,165,5012
530,165,5002
531,165,5224
532,165,5397
533,165,5247
534,165,4352
535,165,3481
536,165,3043
537,165,3180
538,165,3405
539,165,3260
540,165,3097
541,165,2554
542,165,2227
543,165,2366
544,165,2813
545,165,3157
546,165,2780
547,165,2249
548,165,1802
549,165,1458
550,165,1299
551,165,1357
552,165,1576
553,165,1764
554,165,1477
555,165,1101
556,165,810
557,165,624
558,165,549
559,165,537
560,165,529
561,165,520
562,165,562
563,165,607
564,165,603
565,165,543
566,165,463
567,165,385
568,165,306
569,165,270
570,165,360
571,165,601
572,165,906
573,165,1414
490,166,343
491,166,467
492,166,629
493,166,845
494,166,1077
495,166,1108
496,166,1005
497,166,1157
498,166,1219
499,166,1176
500,166,1189
501,166,1143
502,166,1294
503,166,1605
504,166,1677
505,166,1567
506,166,1655
507,166,1954
508,166,2018
509,166,1914
510,166,2021
511,166,2243
512,166,2417
513,166,2795
514,166,3327
515,166,3596
516,166,3355
517,166,3631
518,166,3784
519,166,4011
520,166,4623
521,166,5009
522,166,5057
523,166,4693
524,166,4757
525,166,5163
526,166,4957
527,166,5249
528,166,5801
529,166,5320
530,166,5061
531,166,5517
532,166,5625
533,166,5506
534,166,4876
535,166,4065
536,166,3824
537,166,4002
538,166,4378
539,166,3688
540,166,3459
541,166,2998
542,166,2940
543,166,3091
544,166,3424
545,166,3398
546,166,2913
547,166,2301
548,166,1832
549,166,1574
550,166,1573
551,166,1558
552,166,1482
553,166,1456
554,166,1295
555,166,1067
556,166,859
557,166,712
558,166,695
559,166,725
560,166,723
561,166,688
562,166,746
563,166,836
564,166,827
565,166,705
566,166,569
567,166,464
568,166,382
569,166,329
570,166,454
571,166,747
572,166,1080
573,166,1481
490,167,343
491,167,468
492,167,632
493,167,851
494,167,1086
495,167,1118
496,167,990
497,167,1049
498,167,1191
499,167,1456
500,167,1488
501,167,1301
502,167,1281
503,167,1448
504,167,1494
505,167,1460
506,167,1767
507,167,2240
508,167,2317
509,167,2036
510,167,1910
511,167,2033
512,167,2264
513,167,2677
514,167,3209
515,167,3672
516,167,3602
517,167,4255
518,167,4432
519,167,4677
520,167,4787
521,167,5394
522,167,5864
523,167,5303
524,167,5251
525,167,5480
526,167,5295
527,167,5851
528,167,6917
529,167,6010
530,167,5622
531,167,5892
532,167,6128
533,167,6097
534,167,5939
535,167,4985
536,167,4620
537,167,4956
538,167,4324
539,167,3962
540,167,3950
541,167,3669
542,167,3811
543,167,3716
544,167,4226
545,167,3552
546,167,3213
547,167,2665
548,167,2100
549,167,1868
550,167,2020
551,167,1973
552,167,1638
553,167,1323
554,167,1249
555,167,1203
556,167,1058
557,167,903
558,167,900
559,167,992
560,167,992
561,167,903
562,167,933
563,167,1092
564,167,1076
565,167,858
566,167,660
567,167,524
568,167,432
569,167,383
570,167,558
571,167,832
572,167,1161
573,167,1539
490,168,343
491,168,442
492,168,577
493,168,740
494,168,886
495,168,924
496,168,884
497,168,953
498,168,1194
499,168,1497
500,168,1551
501,168,1364
502,168,1244
503,168,1308
504,168,1342
505,168,1371
506,168,1684
507,168,2062
508,168,2279
509,168,2356
510,168,2311
511,168,2286
512,168,2684
513,168,3063
514,168,3313
515,168,3853
516,168,3803
517,168,4423
518,168,4553
519,168,5061
520,168,5279
521,168,6281
522,168,5845
523,168,5945
524,168,6144
525,168,6140
526,168,5656
527,168,5867
528,168,6324
529,168,6354
530,168,6716
531,168,6589
532,168,6515
533,168,6387
534,168,6301
535,168,5959
536,168,5543
537,168,5050
538,168,4743
539,168,4954
540,168,4909
541,168,4329
542,168,4741
543,168,4045
544,168,3737
545,168,3451
546,168,3805
547,168,2971
548,168,2277
549,168,2059
550,168,2365
551,168,2310
552,168,1784
553,168,1392
554,168,1456
555,168,1557
556,168,1345
557,168,1100
558,168,1093
559,168,1281
560,168,1279
561,168,1075
562,168,1013
563,168,1148
564,168,1127
565,168,907
566,168,703
567,168,556
568,168,452
569,168,398
570,168,577
571,168,833
572,168,1179
573,168,1734
490,169,321
491,169,391
492,169,500
493,169,616
494,169,711
495,169,755
496,169,776
497,169,886
498,169,1100
499,169,1340
500,169,1480
501,169,1490
502,169,1399
503,169,1490
504,169,1521
505,169,1506
506,169,1686
507,169,2052
508,169,2551
509,169,2800
510,169,2904
511,169,2760
512,169,3214
513,169,3729
514,169,3622
515,169,3815
516,169,4368
517,169,5208
518,169,5053
519,169,5584
520,169,5067
521,169,5565
522,169,6439
523,169,6675
524,169,6993
525,169,6580
526,169,6464
527,169,6661
528,169,6917
529,169,7378
530,169,7895
531,169,6976
532,169,6532
533,169,6598
534,169,6658
535,169,6733
536,169,6595
537,169,6293
538,169,5726
539,169,6030
540,169,5441
541,169,4665
542,169,4648
543,169,4317
544,169,3563
545,169,3142
546,169,3151
547,169,2712
548,169,2186
549,169,1956
550,169,2087
551,169,2015
552,169,1667
553,169,1423
554,169,1626
555,169,1962
556,169,1543
557,169,1197
558,169,1137
559,169,1312
560,169,1309
561,169,1099
562,169,974
563,169,1018
564,169,996
565,169,864
566,169,706
567,169,564
568,169,441
569,169,375
570,169,514
571,169,726
572,169,979
573,169,1313
490,170,127
491,170,298
492,170,423
493,170,525
494,170,607
495,170,660
496,170,713
497,170,843
498,170,1078
499,170,1397
500,170,1733
501,170,1786
502,170,1647
503,170,1866
504,170,1914
505,170,1849
506,170,2018
507,170,2079
508,170,2411
509,170,2899
510,170,3445
511,170,3062
512,170,3346
513,170,3861
514,170,3922
515,170,4455
516,170,4611
517,170,4576
518,170,4507
519,170,4674
520,170,4545
521,170,5038
522,170,5830
523,170,6352
524,170,7442
525,170,7269
526,170,7298
527,170,7542
528,170,7752
529,170,8684
530,170,7762
531,170,7192
532,170,7141
533,170,7469
534,170,7172
535,170,7434
536,170,6732
537,170,6466
538,170,5877
539,170,5505
540,170,5344
541,170,5000
542,170,4755
543,170,4048
544,170,3417
545,170,2937
546,170,2816
547,170,2502
548,170,2117
549,170,1839
550,170,1789
551,170,1672
552,170,1460
553,170,1336
554,170,1473
555,170,1594
556,170,1386
557,170,1128
558,170,1031
559,170,1102
560,170,1107
561,170,1012
562,170,928
563,170,934
564,170,919
565,170,839
566,170,715
567,170,570
568,170,410
569,170,326
570,170,388
571,170,554
572,170,690
573,170,741
490,171,118
491,171,228
492,171,353
493,171,464
494,171,567
495,171,638
496,171,718
497,171,853
498,171,1075
499,171,1394
500,171,1750
501,171,1834
502,171,1800
503,171,2157
504,171,2238
505,171,2231
506,171,2502
507,171,2289
508,171,2211
509,171,2656
510,171,3018
511,171,2938
512,171,3155
513,171,3649
514,171,4458
515,171,4788
516,171,4706
517,171,4288
518,171,4029
519,171,4002
520,171,4021
521,171,4537
522,171,5295
523,171,6350
524,171,7432
525,171,7595
526,171,7716
527,171,8190
528,171,7965
529,171,8431
530,171,8361
531,171,8222
532,171,8165
533,171,8238
534,171,7421
535,171,7770
536,171,6828
537,171,6510
538,171,6065
539,171,5578
540,171,5703
541,171,5001
542,171,4597
543,171,4033
544,171,3690
545,171,3324
546,171,3370
547,171,2950
548,171,2515
549,171,2141
550,171,1901
551,171,1634
552,171,1407
553,171,1290
554,171,1326
555,171,1324
556,171,1190
557,171,1034
558,171,947
559,171,964
560,171,984
561,171,974
562,171,961
563,171,953
564,171,954
565,171,902
566,171,789
567,171,640
568,171,478
569,171,340
570,171,311
571,171,402
572,171,476
573,171,486
490,172,112
491,172,195
492,172,298
493,172,430
494,172,587
495,172,685
496,172,759
497,172,876
498,172,1051
499,172,1288
500,172,1533
501,172,1633
502,172,1655
503,172,1887
504,172,1984
505,172,2179
506,172,2487
507,172,2290
508,172,2222
509,172,2801
510,172,3236
511,172,3132
512,172,3392
513,172,4054
514,172,4737
515,172,5569
516,172,5002
517,172,4728
518,172,4320
519,172,4033
520,172,3982
521,172,4590
522,172,5516
523,172,6605
524,172,7576
525,172,8024
526,172,8407
527,172,8757
528,172,8808
529,172,8514
530,172,8969
531,172,8596
532,172,8359
533,172,7957
534,172,7368
535,172,7412
536,172,6817
537,172,6978
538,172,6198
539,172,5787
540,172,5865
541,172,5196
542,172,5181
543,172,4589
544,172,4311
545,172,3743
546,172,4151
547,172,3388
548,172,3058
549,172,2726
550,172,2328
551,172,1916
552,172,1673
553,172,1523
554,172,1507
555,172,1387
556,172,1194
557,172,1120
558,172,1062
559,172,1032
560,172,1078
561,172,1133
562,172,1121
563,172,1090
564,172,1107
565,172,1055
566,172,912
567,172,727
568,172,548
569,172,389
570,172,268
571,172,266
572,172,305
573,172,310
490,173,114
491,173,217
492,173,355
493,173,539
494,173,699
495,173,806
496,173,877
497,173,965
498,173,1108
499,173,1303
500,173,1580
501,173,1790
502,173,1632
503,173,1516
504,173,1566
505,173,1770
506,173,1988
507,173,2145
508,173,2378
509,173,3055
510,173,3864
511,173,3409
512,173,3607
513,173,4391
514,173,4823
515,173,5505
516,173,5585
517,173,5539
518,173,5090
519,173,4795
520,173,4769
521,173,5327
522,173,6016
523,173,7189
524,173,8413
525,173,8543
526,173,8796
527,173,9703
528,173,9177
529,173,8728
530,173,8738
531,173,8864
532,173,8646
533,173,8257
534,173,7619
535,173,7585
536,173,7460
537,173,7525
538,173,6708
539,173,6513
540,173,6274
541,173,5331
542,173,5265
543,173,4664
544,173,4366
545,173,3618
546,173,3572
547,173,3322
548,173,3217
549,173,3351
550,173,2729
551,173,2413
552,173,2084
553,173,1896
554,173,1942
555,173,1699
556,173,1440
557,173,1418
558,173,1356
559,173,1269
560,173,1328
561,173,1422
562,173,1338
563,173,1257
564,173,1308
565,173,1246
566,173,1033
567,173,792
568,173,581
569,173,403
570,173,243
571,173,184
572,173,167
573,173,104
490,174,116
491,174,283
492,174,481
493,174,675
494,174,843
495,174,976
496,174,1058
497,174,1113
498,174,1266
499,174,1463
500,174,1593
501,174,1745
502,174,1531
503,174,1298
504,174,1231
505,174,1410
506,174,1722
507,174,2129
508,174,2410
509,174,2778
510,174,3206
511,174,3211
512,174,3453
513,174,4184
514,174,4524
515,174,5003
516,174,5535
517,174,5930
518,174,6099
519,174,5768
520,174,5780
521,174,6350
522,174,6757
523,174,7789
524,174,8448
525,174,9088
526,174,9277
527,174,9287
528,174,9243
529,174,9261
530,174,9320
531,174,9513
532,174,9332
533,174,8957
534,174,8336
535,174,8056
536,174,8111
537,174,7750
538,174,7339
539,174,7096
540,174,6459
541,174,5663
542,174,5179
543,174,4540
544,174,4221
545,174,3726
546,174,3375
547,174,3029
548,174,2941
549,174,2960
550,174,2758
551,174,2920
552,174,2399
553,174,2175
554,174,2423
555,174,1954
556,174,1698
557,174,1797
558,174,1726
559,174,1525
560,174,1639
561,174,1742
562,174,1488
563,174,1365
564,174,1453
565,174,1374
566,174,1077
567,174,797
568,174,572
569,174,388
570,174,223
571,174,150
572,174,120
573,174,90
490,175,175
491,175,379
492,175,585
493,175,786
494,175,988
495,175,1178
496,175,1298
497,175,1317
498,175,1429
499,175,1625
500,175,1629
501,175,1441
502,175,1285
503,175,1125
504,175,1114
505,175,1306
506,175,1636
507,175,2002
508,175,2224
509,175,2805
510,175,2877
511,175,3364
512,175,3634
513,175,4169
514,175,4490
515,175,4600
516,175,4877
517,175,5994
518,175,6471
519,175,6528
520,175,6781
521,175,7195
522,175,7389
523,175,7992
524,175,8644
525,175,9278
526,175,9973
527,175,10018
528,175,9751
529,175,10026
530,175,10200
531,175,10345
532,175,10182
533,175,9917
534,175,9353
535,175,8962
536,175,8497
537,175,8047
538,175,7752
539,175,7282
540,175,6596
541,175,6159
542,175,5275
543,175,4481
544,175,4631
545,175,4038
546,175,3783
547,175,3269
548,175,3382
549,175,3094
550,175,2946
551,175,2667
552,175,2398
553,175,2071
554,175,2039
555,175,1812
556,175,1687
557,175,1801
558,175,1727
559,175,1520
560,175,1602
561,175,1512
562,175,1396
563,175,1404
564,175,1333
565,175,1208
566,175,965
567,175,720
568,175,517
569,175,350
570,175,200
571,175,132
572,175,103
573,175,84
490,176,466
491,176,464
492,176,645
493,176,855
494,176,1094
495,176,1358
496,176,1560
497,176,1530
498,176,1629
499,176,1525
500,176,1446
501,176,1266
502,176,1118
503,176,1047
504,176,1103
505,176,1302
506,176,1609
507,176,1913
508,176,1995
509,176,2387
510,176,2653
511,176,3299
512,176,3600
513,176,4144
514,176,4582
515,176,4940
516,176,4921
517,176,5326
518,176,6611
519,176,6849
520,176,6834
521,176,7275
522,176,7336
523,176,8113
524,176,8978
525,176,9535
526,176,9868
527,176,10259
528,176,10455
529,176,10326
530,176,10541
531,176,10661
532,176,10614
533,176,10465
534,176,10423
535,176,9927
536,176,9226
537,176,8740
538,176,7917
539,176,7242
540,176,6389
541,176,5749
542,176,4875
543,176,4239
544,176,4161
545,176,3984
546,176,3796
547,176,3311
548,176,3399
549,176,3076
550,176,2971
551,176,2796
552,176,2570
553,176,2045
554,176,1755
555,176,1676
556,176,1515
557,176,1460
558,176,1373
559,176,1280
560,176,1336
561,176,1354
562,176,1374
563,176,1517
564,176,1248
565,176,991
566,176,784
567,176,595
568,176,431
569,176,289
570,176,171
571,176,118
572,176,95
573,176,82
490,177,517
491,177,557
492,177,693
493,177,878
494,177,1107
495,177,1374
496,177,1596
497,177,1638
498,177,1648
499,177,1465
500,177,1309
501,177,1231
502,177,1197
503,177,1232
504,177,1260
505,177,1408
506,177,1597
507,177,1756
508,177,1949
509,177,2278
510,177,2591
511,177,2964
512,177,3299
513,177,3945
514,177,4524
515,177,4605
516,177,4982
517,177,5332
518,177,5869
519,177,6412
520,177,6910
521,177,7252
522,177,8120
523,177,8686
524,177,9354
525,177,10004
526,177,10356
527,177,10700
528,177,10305
529,177,9291
530,177,9276
531,177,9494
532,177,9556
533,177,9738
534,177,10697
535,177,10812
536,177,9992
537,177,8902
538,177,7928
539,177,7052
540,177,6462
541,177,5730
542,177,4906
543,177,4335
544,177,4036
545,177,3745
546,177,3454
547,177,3236
548,177,3021
549,177,2779
550,177,2834
551,177,2697
552,177,2298
553,177,1881
554,177,1782
555,177,1877
556,177,1589
557,177,1280
558,177,1141
559,177,1133
560,177,1282
561,177,1441
562,177,1309
563,177,1218
564,177,1032
565,177,811
566,177,620
567,177,465
568,177,326
569,177,207
570,177,136
571,177,104
572,177,90
573,177,81
490,178,598
491,178,626
492,178,740
493,178,885
494,178,1054
495,178,1243
496,178,1443
497,178,1519
498,178,1485
499,178,1385
500,178,1432
501,178,1498
502,178,1480
503,178,1602
504,178,1620
505,178,1846
506,178,1925
507,178,1912
508,178,2324
509,178,2845
510,178,3046
511,178,3162
512,178,3571
513,178,3745
514,178,4214
515,178,4937
516,178,5588
517,178,5702
518,178,6153
519,178,7659
520,178,8357
521,178,8397
522,178,9261
523,178,9635
524,178,10170
525,178,10683
526,178,10807
527,178,10514
528,178,9588
529,178,9367
530,178,9814
531,178,10209
532,178,10241
533,178,10051
534,178,10284
535,178,10938
536,178,10499
537,178,9233
538,178,8035
539,178,7048
540,178,6432
541,178,5994
542,178,5396
543,178,4816
544,178,4507
545,178,4209
546,178,3607
547,178,3672
548,178,3241
549,178,3027
550,178,2821
551,178,2581
552,178,2058
553,178,1628
554,178,1668
555,178,1801
556,178,1507
557,178,1155
558,178,1113
559,178,1129
560,178,1199
561,178,1354
562,178,1178
563,178,945
564,178,790
565,178,632
566,178,486
567,178,354
568,178,227
569,178,149
570,178,111
571,178,94
572,178,85
573,178,81
490,179,689
491,179,688
492,179,820
493,179,968
494,179,1070
495,179,1149
496,179,1372
497,179,1604
498,179,1608
499,179,1451
500,179,1634
501,179,1865
502,179,1794
503,179,2044
504,179,1985
505,179,2339
506,179,2388
507,179,2176
508,179,2573
509,179,3285
510,179,3493
511,179,3730
512,179,4283
513,179,4121
514,179,4635
515,179,5360
516,179,6053
517,179,6851
518,179,6790
519,179,8028
520,179,8043
521,179,8350
522,179,8686
523,179,9090
524,179,9874
525,179,10589
526,179,10212
527,179,9459
528,179,9489
529,179,10243
530,179,11135
531,179,11704
532,179,11710
533,179,11156
534,179,10400
535,179,10032
536,179,10003
537,179,9048
538,179,8087
539,179,7006
540,179,6070
541,179,5516
542,179,5306
543,179,4795
544,179,4487
545,179,4162
546,179,3525
547,179,3613
548,179,3167
549,179,3470
550,179,2795
551,179,2247
552,179,1833
553,179,1455
554,179,1383
555,179,1377
556,179,1214
557,179,1021
558,179,1035
559,179,1041
560,179,993
561,179,1031
562,179,928
563,179,758
564,179,605
565,179,486
566,179,376
567,179,269
568,179,170
569,179,120
570,179,98
571,179,87
572,179,82
573,179,80
490,180,723
491,180,753
492,180,923
493,180,1125
494,180,1191
495,180,1153
496,180,1291
497,180,1522
498,180,1536
499,180,1388
500,180,1596
501,180,1845
502,180,1785
503,180,2045
504,180,1996
505,180,2350
506,180,2389
507,180,2139
508,180,2377
509,180,2850
510,180,3095
511,180,3645
512,180,4258
513,180,4152
514,180,5007
515,180,6258
516,180,6899
517,180,6903
518,180,7186
519,180,7564
520,180,8163
521,180,7882
522,180,8310
523,180,8999
524,180,9718
525,180,10050
526,180,8906
527,180,8869
528,180,9799
529,180,11062
530,180,12200
531,180,12885
532,180,12888
533,180,12149
534,180,10865
535,180,9495
536,180,8534
537,180,7948
538,180,7977
539,180,6892
540,180,6048
541,180,5333
542,180,4964
543,180,4573
544,180,4181
545,180,3593
546,180,3051
547,180,2967
548,180,2788
549,180,2849
550,180,2501
551,180,2188
552,180,1955
553,180,1565
554,180,1204
555,180,1064
556,180,961
557,180,896
558,180,931
559,180,926
560,180,856
561,180,802
562,180,714
563,180,598
564,180,482
565,180,379
566,180,283
567,180,192
568,180,134
569,180,106
570,180,92
571,180,85
572,180,80
573,180,76
490,181,677
491,181,760
492,181,968
493,181,1241
494,181,1281
495,181,1115
496,181,1097
497,181,1200
498,181,1209
499,181,1148
500,181,1289
501,181,1419
502,181,1445
503,181,1609
504,181,1675
505,181,1915
506,181,1954
507,181,1841
508,181,1962
509,181,2218
510,181,2438
511,181,2979
512,181,3412
513,181,3650
514,181,4609
515,181,5614
516,181,5992
517,181,6645
518,181,6932
519,181,7420
520,181,7851
521,181,7712
522,181,7888
523,181,8790
524,181,9475
525,181,9675
526,181,8463
527,181,8716
528,181,9894
529,181,11278
530,181,12473
531,181,13188
532,181,13195
533,181,12415
534,181,11009
535,181,9420
536,181,8398
537,181,8521
538,181,8086
539,181,7103
540,181,6010
541,181,5187
542,181,4577
543,181,4208
544,181,3895
545,181,3359
546,181,2840
547,181,2609
548,181,2674
549,181,2621
550,181,2325
551,181,2455
552,181,2322
553,181,1760
554,181,1262
555,181,927
556,181,861
557,181,944
558,181,1066
559,181,1057
560,181,903
561,181,734
562,181,593
563,181,489
564,181,395
565,181,298
566,181,210
567,181,155
568,181,126
569,181,110
570,181,97
571,181,88
572,181,81
573,181,73
490,182,594
491,182,701
492,182,868
493,182,1047
494,182,1072
495,182,950
496,182,867
497,182,901
498,182,905
499,182,887
500,182,973
501,182,1050
502,182,1115
503,182,1270
504,182,1498
505,182,1697
506,182,1683
507,182,1617
508,182,1635
509,182,1756
510,182,1936
511,182,2379
512,182,2830
513,182,3340
514,182,4331
515,182,5085
516,182,5205
517,182,5719
518,182,6498
519,182,6793
520,182,7432
521,182,7951
522,182,8377
523,182,8761
524,182,9388
525,182,9570
526,182,8589
527,182,8536
528,182,9507
529,182,10754
530,182,11843
531,182,12493
532,182,12497
533,182,11784
534,182,10531
535,182,9244
536,182,8623
537,182,8790
538,182,8171
539,182,7122
540,182,6097
541,182,5106
542,182,4417
543,182,4019
544,182,3775
545,182,3508
546,182,3096
547,182,2816
548,182,3049
549,182,2966
550,182,2397
551,182,2438
552,182,2306
553,182,1749
554,182,1258
555,182,925
556,182,896
557,182,1073
558,182,1327
559,182,1313
560,182,1019
561,182,752
562,182,565
563,182,439
564,182,339
565,182,242
566,182,197
567,182,176
568,182,160
569,182,142
570,182,118
571,182,101
572,182,88
573,182,77
490,183,554
491,183,616
492,183,710
493,183,799
494,183,812
495,183,751
496,183,690
497,183,686
498,183,687
499,183,688
500,183,745
501,183,815
502,183,953
503,183,1213
504,183,1591
505,183,1913
506,183,1824
507,183,1837
508,183,1756
509,183,1742
510,183,2020
511,183,2443
512,183,3012
513,183,3503
514,183,4383
515,183,4959
516,183,5285
517,183,5447
518,183,6063
519,183,7272
520,183,8144
521,183,8206
522,183,8385
523,183,8622
524,183,9227
525,183,9764
526,183,9402
527,183,8449
528,183,8860
529,183,9806
530,183,10679
531,183,11195
532,183,11181
533,183,10609
534,183,9763
535,183,9346
536,183,9435
537,183,8911
538,183,8002
539,183,7123
540,183,6514
541,183,5739
542,183,5085
543,183,4501
544,183,4505
545,183,4274
546,183,3623
547,183,3308
548,183,3179
549,183,3032
550,183,2439
551,183,2113
552,183,1935
553,183,1580
554,183,1249
555,183,1034
556,183,955
557,183,1105
558,183,1339
559,183,1310
560,183,1003
561,183,727
562,183,537
563,183,415
564,183,330
565,183,262
566,183,268
567,183,270
568,183,257
569,183,225
570,183,172
571,183,135
572,183,103
573,183,79
490,184,516
491,184,518
492,184,568
493,184,610
494,184,618
495,184,591
496,184,559
497,184,553
498,184,562
499,184,579
500,184,630
501,184,719
502,184,894
503,184,1171
504,184,1555
505,184,1905
506,184,1946
507,184,2254
508,184,2103
509,184,2105
510,184,2474
511,184,2709
512,184,3379
513,184,3721
514,184,4299
515,184,4626
516,184,4557
517,184,5174
518,184,6413
519,184,6972
520,184,7171
521,184,7364
522,184,7474
523,184,8064
524,184,8850
525,184,9318
526,184,9307
527,184,8340
528,184,8609
529,184,9354
530,184,10023
531,184,10393
532,184,10334
533,184,9886
534,184,9471
535,184,9784
536,184,9398
537,184,8521
538,184,8134
539,184,7094
540,184,6250
541,184,5882
542,184,5953
543,184,5046
544,184,5482
545,184,4525
546,184,3683
547,184,3845
548,184,3309
549,184,3116
550,184,2806
551,184,2337
552,184,2136
553,184,1804
554,184,1536
555,184,1282
556,184,1130
557,184,1082
558,184,1118
559,184,1044
560,184,842
561,184,637
562,184,486
563,184,392
564,184,344
565,184,335
566,184,359
567,184,376
568,184,365
569,184,324
570,184,264
571,184,203
572,184,134
573,184,93
490,185,200
491,185,374
492,185,454
493,185,490
494,185,498
495,185,489
496,185,483
497,185,510
498,185,550
499,185,592
500,185,648
501,185,773
502,185,950
503,185,1159
504,185,1376
505,185,1595
506,185,1951
507,185,2381
508,185,2461
509,185,2545
510,185,2953
511,185,3092
512,185,3218
513,185,3408
514,185,3883
515,185,4701
516,185,4548
517,185,5617
518,185,5482
519,185,5500
520,185,6095
521,185,6973
522,185,6944
523,185,7653
524,185,7950
525,185,8654
526,185,8923
527,185,9120
528,185,9721
529,185,10447
530,185,11004
531,185,11285
532,185,11116
533,185,10579
534,185,9871
535,185,9340
536,185,8442
537,185,7472
538,185,7143
539,185,6821
540,185,6208
541,185,5456
542,185,5302
543,185,4894
544,185,4676
545,185,4128
546,185,3457
547,185,3326
548,185,2915
549,185,2676
550,185,2707
551,185,2302
552,185,2581
553,185,2130
554,185,1979
555,185,1715
556,185,1494
557,185,1294
558,185,1058
559,185,851
560,185,679
561,185,532
562,185,424
563,185,365
564,185,365
565,185,404
566,185,466
567,185,513
568,185,505
569,185,440
570,185,352
571,185,264
572,185,169
573,185,98
490,186,181
491,186,314
492,186,401
493,186,442
494,186,452
495,186,455
496,186,479
497,186,538
498,186,622
499,186,705
500,186,769
501,186,928
502,186,1157
503,186,1409
504,186,1494
505,186,1452
506,186,1798
507,186,2331
508,186,2613
509,186,2944
510,186,3134
511,186,3090
512,186,3446
513,186,3758
514,186,4475
515,186,4255
516,186,4627
517,186,5614
518,186,5413
519,186,6058
520,186,5463
521,186,5845
522,186,6100
523,186,7172
524,186,7284
525,186,7275
526,186,7770
527,186,8442
528,186,9146
529,186,9643
530,186,9968
531,186,10129
532,186,9871
533,186,9389
534,186,8740
535,186,8058
536,186,7130
537,186,6456
538,186,6374
539,186,5772
540,186,5222
541,186,4732
542,186,4755
543,186,5426
544,186,4538
545,186,4274
546,186,3724
547,186,3349
548,186,2811
549,186,2329
550,186,2257
551,186,2128
552,186,2222
553,186,2191
554,186,2160
555,186,2078
556,186,1954
557,186,1572
558,186,1142
559,186,814
560,186,581
561,186,450
562,186,365
563,186,349
564,186,390
565,186,475
566,186,596
567,186,706
568,186,700
569,186,579
570,186,441
571,186,325
572,186,219
573,186,114
490,187,297
491,187,403
492,187,462
493,187,488
494,187,491
495,187,495
496,187,521
497,187,613
498,187,763
499,187,922
500,187,987
501,187,1110
502,187,1443
503,187,1676
504,187,1690
505,187,1426
506,187,1555
507,187,2033
508,187,2513
509,187,2956
510,187,3356
511,187,3528
512,187,3959
513,187,4230
514,187,4477
515,187,4906
516,187,5072
517,187,5368
518,187,5182
519,187,5005
520,187,4778
521,187,5390
522,187,5440
523,187,5820
524,187,6027
525,187,6611
526,187,6629
527,187,7124
528,187,7771
529,187,8241
530,187,8386
531,187,8427
532,187,8286
533,187,7892
534,187,7324
535,187,6870
536,187,6367
537,187,6002
538,187,5790
539,187,5935
540,187,4955
541,187,4253
542,187,4203
543,187,4312
544,187,3903
545,187,4181
546,187,4322
547,187,3965
548,187,3014
549,187,2316
550,187,2215
551,187,2353
552,187,2188
553,187,2215
554,187,2155
555,187,1932
556,187,1955
557,187,1577
558,187,1130
559,187,788
560,187,558
561,187,411
562,187,314
563,187,339
564,187,409
565,187,530
566,187,714
567,187,918
568,187,915
569,187,703
570,187,508
571,187,364
572,187,246
573,187,118
490,188,534
491,188,533
492,188,569
493,188,599
494,188,599
495,188,600
496,188,631
497,188,706
498,188,910
499,188,1184
500,188,1227
501,188,1135
502,188,1415
503,188,1502
504,188,1428
505,188,1253
506,188,1322
507,188,1663
508,188,2017
509,188,2435
510,188,2961
511,188,3264
512,188,3797
513,188,4490
514,188,4480
515,188,4992
516,188,5240
517,188,4616
518,188,4463
519,188,4836
520,188,4635
521,188,5711
522,188,5530
523,188,5221
524,188,5272
525,188,5569
526,188,5846
527,188,6119
528,188,6676
529,188,6685
530,188,6798
531,188,7051
532,188,6909
533,188,7009
534,188,6544
535,188,6242
536,188,6554
537,188,5942
538,188,5245
539,188,5015
540,188,5075
541,188,4280
542,188,4179
543,188,4209
544,188,3633
545,188,3573
546,188,3399
547,188,3096
548,188,2604
549,188,2084
550,188,2339
551,188,2881
552,188,2417
553,188,2279
554,188,2135
555,188,1781
556,188,1593
557,188,1318
558,188,995
559,188,727
560,188,540
561,188,413
562,188,347
563,188,353
564,188,416
565,188,536
566,188,721
567,188,927
568,188,925
569,188,714
570,188,519
571,188,373
572,188,251
573,188,118
490,189,562
491,189,625
492,189,696
493,189,769
494,189,774
495,189,769
496,189,814
497,189,801
498,189,930
499,189,1186
500,189,1210
501,189,1039
502,189,1114
503,189,1142
504,189,1093
505,189,1050
506,189,1163
507,189,1505
508,189,1880
509,189,2368
510,189,2850
511,189,3291
512,189,4108
513,189,3908
514,189,4093
515,189,4776
516,189,4249
517,189,3916
518,189,3976
519,189,4061
520,189,4065
521,189,4601
522,189,4571
523,189,4428
524,189,4391
525,189,4756
526,189,5236
527,189,5365
528,189,5452
529,189,5444
530,189,6036
531,189,6648
532,189,6173
533,189,6639
534,189,6895
535,189,6374
536,189,6269
537,189,5803
538,189,5690
539,189,4780
540,189,4347
541,189,3632
542,189,3396
543,189,3207
544,189,3092
545,189,3022
546,189,2547
547,189,2251
548,189,1997
549,189,1760
550,189,2003
551,189,2297
552,189,2372
553,189,2313
554,189,1987
555,189,1790
556,189,1447
557,189,1113
558,189,874
559,189,688
560,189,568
561,189,470
562,189,399
563,189,372
564,189,408
565,189,496
566,189,623
567,189,737
568,189,736
569,189,616
570,189,475
571,189,352
572,189,236
573,189,116
490,190,712
491,190,720
492,190,814
493,190,962
494,190,975
495,190,949
496,190,1052
497,190,913
498,190,809
499,190,930
500,190,946
501,190,861
502,190,860
503,190,886
504,190,899
505,190,976
506,190,1282
507,190,1740
508,190,2244
509,190,2639
510,190,3162
511,190,3024
512,190,3447
513,190,3705
514,190,3743
515,190,3730
516,190,3431
517,190,3379
518,190,3677
519,190,3789
520,190,3905
521,190,4185
522,190,3897
523,190,3909
524,190,4200
525,190,4873
526,190,4412
527,190,4464
528,190,4446
529,190,5014
530,190,5786
531,190,5797
532,190,5382
533,190,5898
534,190,5840
535,190,5624
536,190,5379
537,190,4646
538,190,4639
539,190,4081
540,190,4026
541,190,3253
542,190,2556
543,190,2280
544,190,2605
545,190,2582
546,190,2041
547,190,1641
548,190,1454
549,190,1361
550,190,1516
551,190,1687
552,190,1916
553,190,1969
554,190,2037
555,190,1935
556,190,1469
557,190,1094
558,190,895
559,190,813
560,190,709
561,190,583
562,190,476
563,190,412
564,190,405
565,190,454
566,190,526
567,190,582
568,190,579
569,190,513
570,190,419
571,190,316
572,190,199
573,190,118
490,191,762
491,191,744
492,191,825
493,191,968
494,191,981
495,191,955
496,191,1054
497,191,901
498,191,745
499,191,735
500,191,745
501,191,725
502,191,733
503,191,806
504,191,925
505,191,1077
506,191,1414
507,191,1942
508,191,2571
509,191,2726
510,191,2680
511,191,2694
512,191,3270
513,191,3364
514,191,3078
515,191,2787
516,191,2828
517,191,3335
518,191,3417
519,191,3478
520,191,3807
521,191,4247
522,191,3827
523,191,3957
524,191,4036
525,191,4546
526,191,3967
527,191,3946
528,191,4434
529,191,4990
530,191,5117
531,191,5068
532,191,5091
533,191,5924
534,191,5506
535,191,5263
536,191,4443
537,191,4030
538,191,4221
539,191,3696
540,191,3595
541,191,3292
542,191,2453
543,191,2038
544,191,2318
545,191,2277
546,191,1713
547,191,1295
548,191,1064
549,191,1006
550,191,1099
551,191,1239
552,191,1400
553,191,1478
554,191,1650
555,191,1609
556,191,1314
557,191,1044
558,191,1047
559,191,1068
560,191,936
561,191,741
562,191,577
563,191,473
564,191,428
565,191,446
566,191,488
567,191,515
568,191,508
569,191,459
570,191,386
571,191,294
572,191,180
573,191,113
490,192,704
491,192,686
492,192,725
493,192,789
494,192,794
495,192,789
496,192,825
497,192,760
498,192,667
499,192,628
500,192,663
501,192,709
502,192,784
503,192,951
504,192,1156
505,192,1335
506,192,1503
507,192,1919
508,192,2300
509,192,2357
510,192,2197
511,192,2417
512,192,2687
513,192,2712
514,192,2373
515,192,2237
516,192,2611
517,192,3220
518,192,2906
519,192,3175
520,192,3364
521,192,4034
522,192,3579
523,192,3419
524,192,3481
525,192,4111
526,192,3646
527,192,3687
528,192,4277
529,192,4887
530,192,4472
531,192,4407
532,192,4477
533,192,4999
534,192,5034
535,192,4574
536,192,3901
537,192,3696
538,192,3983
539,192,3453
540,192,3057
541,192,3021
542,192,2386
543,192,2345
544,192,2177
545,192,2057
546,192,1491
547,192,1076
548,192,840
549,192,746
550,192,791
551,192,894
552,192,1000
553,192,1095
554,192,1209
555,192,1204
556,192,1087
557,192,1049
558,192,1230
559,192,1396
560,192,1180
561,192,904
562,192,699
563,192,570
564,192,493
565,192,510
566,192,562
567,192,592
568,192,562
569,192,488
570,192,397
571,192,295
572,192,175
573,192,104
490,193,648
491,193,588
492,193,604
493,193,632
494,193,641
495,193,649
496,193,668
497,193,653
498,193,630
499,193,643
500,193,739
501,193,857
502,193,976
503,193,1168
504,193,1482
505,193,1744
506,193,1745
507,193,2089
508,193,2598
509,193,2217
510,193,2071
511,193,2372
512,193,2438
513,193,2128
514,193,1819
515,193,1826
516,193,2149
517,193,2467
518,193,2377
519,193,2483
520,193,2650
521,193,3036
522,193,2842
523,193,2681
524,193,2919
525,193,3340
526,193,3365
527,193,3171
528,193,3602
529,193,4038
530,193,4115
531,193,4135
532,193,3755
533,193,4228
534,193,4883
535,193,4058
536,193,3351
537,193,3053
538,193,3156
539,193,2995
540,193,2782
541,193,2917
542,193,2524
543,193,2285
544,193,1807
545,193,1601
546,193,1214
547,193,884
548,193,676
549,193,584
550,193,586
551,193,648
552,193,713
553,193,801
554,193,875
555,193,892
556,193,866
557,193,982
558,193,1217
559,193,1414
560,193,1242
561,193,1047
562,193,869
563,193,690
564,193,574
565,193,605
566,193,699
567,193,756
568,193,688
569,193,561
570,193,433
571,193,309
572,193,177
573,193,100
490,194,324
491,194,424
492,194,494
493,194,540
494,194,568
495,194,596
496,194,624
497,194,647
498,194,698
499,194,766
500,194,904
501,194,1098
502,194,1254
503,194,1332
504,194,1710
505,194,2173
506,194,1886
507,194,1957
508,194,2145
509,194,1982
510,194,1927
511,194,2181
512,194,2171
513,194,1820
514,194,1491
515,194,1468
516,194,1687
517,194,1919
518,194,1988
519,194,2045
520,194,2013
521,194,2208
522,194,2139
523,194,2116
524,194,2503
525,194,3147
526,194,3282
527,194,3264
528,194,3479
529,194,4092
530,194,3731
531,194,4139
532,194,3664
533,194,3822
534,194,4000
535,194,3624
536,194,3367
537,194,2953
538,194,3242
539,194,3129
540,194,2504
541,194,2588
542,194,2447
543,194,1788
544,194,1438
545,194,1188
546,194,899
547,194,680
548,194,520
549,194,451
550,194,438
551,194,478
552,194,528
553,194,592
554,194,647
555,194,678
556,194,717
557,194,836
558,194,1003
559,194,1132
560,194,1181
561,194,1257
562,194,1040
563,194,791
564,194,640
565,194,689
566,194,841
567,194,963
568,194,822
569,194,625
570,194,461
571,194,320
572,194,179
573,194,99
490,195,151
491,195,296
492,195,428
493,195,522
494,195,604
495,195,682
496,195,738
497,195,769
498,195,873
499,195,973
500,195,1086
501,195,1344
502,195,1579
503,195,1475
504,195,1553
505,195,1740
506,195,1692
507,195,1967
508,195,2048
509,195,1934
510,195,2033
511,195,2350
512,195,2301
513,195,1780
514,195,1370
515,195,1223
516,195,1465
517,195,1878
518,195,2285
519,195,2316
520,195,1977
521,195,1718
522,195,1719
523,195,2040
524,195,2589
525,195,2900
526,195,3123
527,195,3169
528,195,3090
529,195,3439
530,195,3271
531,195,3587
532,195,3672
533,195,4205
534,195,3752
535,195,3817
536,195,3697
537,195,3001
538,195,2805
539,195,2618
540,195,2145
541,195,2174
542,195,2532
543,195,1877
544,195,1762
545,195,1344
546,195,867
547,195,578
548,195,416
549,195,347
550,195,328
551,195,343
552,195,382
553,195,433
554,195,484
555,195,521
556,195,584
557,195,675
558,195,785
559,195,905
560,195,1085
561,195,1226
562,195,1036
563,195,803
564,195,665
565,195,709
566,195,854
567,195,967
568,195,821
569,195,622
570,195,456
571,195,315
572,195,177
573,195,100
490,196,152
491,196,293
492,196,438
493,196,562
494,196,697
495,196,844
496,196,946
497,196,963
498,196,1104
499,196,1250
500,196,1223
501,196,1377
502,196,1567
503,196,1395
504,196,1243
505,196,1314
506,196,1400
507,196,1630
508,196,1749
509,196,2077
510,196,2008
511,196,2284
512,196,2005
513,196,1601
514,196,1268
515,196,1196
516,196,1468
517,196,1991
518,196,2627
519,196,2636
520,196,2031
521,196,1589
522,196,1552
523,196,1934
524,196,2504
525,196,2786
526,196,3001
527,196,3064
528,196,3028
529,196,3156
530,196,2965
531,196,3221
532,196,3404
533,196,3568
534,196,3469
535,196,3496
536,196,3485
537,196,2906
538,196,2305
539,196,1998
540,196,1660
541,196,1729
542,196,1838
543,196,1562
544,196,1692
545,196,1294
546,196,826
547,196,533
548,196,357
549,196,289
550,196,257
551,196,233
552,196,241
553,196,285
554,196,346
555,196,395
556,196,463
557,196,534
558,196,615
559,196,729
560,196,862
561,196,937
562,196,862
563,196,746
564,196,687
565,196,696
566,196,753
567,196,777
568,196,689
569,196,551
570,196,418
571,196,295
572,196,169
573,196,98
490,197,392
491,197,402
492,197,489
493,197,612
494,197,786
495,197,1011
496,197,1193
497,197,1139
498,197,1265
499,197,1531
500,197,1289
501,197,1188
502,197,1220
503,197,1124
504,197,1001
505,197,999
506,197,1097
507,197,1257
508,197,1452
509,197,1743
510,197,2083
511,197,2175
512,197,1741
513,197,1368
514,197,1150
515,197,1204
516,197,1390
517,197,1811
518,197,2211
519,197,2198
520,197,1781
521,197,1407
522,197,1350
523,197,1645
524,197,2033
525,197,2459
526,197,2570
527,197,2543
528,197,2485
529,197,2438
530,197,2381
531,197,2780
532,197,2904
533,197,2950
534,197,2855
535,197,3090
536,197,3379
537,197,2810
538,197,2103
539,197,1577
540,197,1295
541,197,1270
542,197,1255
543,197,1148
544,197,1195
545,197,977
546,197,751
547,197,527
548,197,369
549,197,282
550,197,236
551,197,204
552,197,178
553,197,189
554,197,218
555,197,262
556,197,340
557,197,408
558,197,486
559,197,573
560,197,657
561,197,706
562,197,709
563,197,731
564,197,793
565,197,793
566,197,721
567,197,647
568,197,567
569,197,469
570,197,365
571,197,258
572,197,156
573,197,96
490,198,454
491,198,473
492,198,523
493,198,634
494,198,807
495,198,1032
496,198,1206
497,198,1124
498,198,1140
499,198,1227
500,198,1101
501,198,957
502,198,922
503,198,867
504,198,803
505,198,797
506,198,886
507,198,1002
508,198,1181
509,198,1456
510,198,1800
511,198,2159
512,198,1732
513,198,1354
514,198,1242
515,198,1408
516,198,1580
517,198,1602
518,198,1684
519,198,1617
520,198,1385
521,198,1158
522,198,1120
523,198,1368
524,198,1791
525,198,2264
526,198,2304
527,198,1990
528,198,1888
529,198,1827
530,198,2094
531,198,2557
532,198,2612
533,198,2475
534,198,2825
535,198,2993
536,198,3363
537,198,2625
538,198,1901
539,198,1361
540,198,1034
541,198,932
542,198,883
543,198,878
544,198,1078
545,198,1209
546,198,925
547,198,604
548,198,398
549,198,286
550,198,229
551,198,194
552,198,155
553,198,149
554,198,160
555,198,183
556,198,226
557,198,287
558,198,366
559,198,445
560,198,510
561,198,565
562,198,640
563,198,778
564,198,949
565,198,949
566,198,775
567,198,618
568,198,500
569,198,406
570,198,304
571,198,204
572,198,137
573,198,94
490,199,573
491,199,549
492,199,552
493,199,636
494,199,776
495,199,940
496,199,1023
497,199,968
498,199,929
499,199,932
500,199,863
501,199,767
502,199,716
503,199,692
504,199,685
505,199,735
506,199,841
507,199,954
508,199,1052
509,199,1230
510,199,1494
511,199,1720
512,199,1621
513,199,1358
514,199,1349
515,199,1668
516,199,1955
517,199,1700
518,199,1381
519,199,1162
520,199,1034
521,199,937
522,199,987
523,199,1216
524,199,1509
525,199,1822
526,199,1809
527,199,1587
528,199,1489
529,199,1720
530,199,2125
531,199,2260
532,199,2109
533,199,2226
534,199,2668
535,199,2810
536,199,2748
537,199,2281
538,199,1697
539,199,1213
540,199,884
541,199,706
542,199,684
543,199,770
544,199,977
545,199,1186
546,199,929
547,199,609
548,199,399
549,199,279
550,199,221
551,199,186
552,199,146
553,199,135
554,199,139
555,199,149
556,199,168
557,199,199
558,199,251
559,199,333
560,199,404
561,199,485
562,199,596
563,199,758
564,199,940
565,199,943
566,199,764
567,199,600
568,199,475
569,199,366
570,199,246
571,199,173
572,199,132
573,199,103
490,200,768
491,200,639
492,200,593
493,200,675
494,200,831
495,200,999
496,200,1024
497,200,897
498,200,779
499,200,732
500,200,682
501,200,626
502,200,592
503,200,600
504,200,656
505,200,775
506,200,949
507,200,1118
508,200,1164
509,200,1131
510,200,1271
511,200,1491
512,200,1507
513,200,1347
514,200,1334
515,200,1665
516,200,1930
517,200,1629
518,200,1233
519,200,947
520,200,796
521,200,809
522,200,990
523,200,1306
524,200,1646
525,200,1728
526,200,1509
527,200,1284
528,200,1313
529,200,1610
530,200,2011
531,200,2071
532,200,1820
533,200,1861
534,200,2147
535,200,2558
536,200,2958
537,200,2290
538,200,1641
539,200,1151
540,200,822
541,200,629
542,200,589
543,200,622
544,200,728
545,200,879
546,200,828
547,200,595
548,200,403
549,200,289
550,200,227
551,200,188
552,200,145
553,200,132
554,200,132
555,200,137
556,200,146
557,200,160
558,200,184
559,200,235
560,200,322
561,200,418
562,200,524
563,200,648
564,200,757
565,200,763
566,200,668
567,200,554
568,200,448
569,200,340
570,200,230
571,200,173
572,200,140
573,200,102
490,201,905
491,201,687
492,201,612
493,201,693
494,201,871
495,201,1093
496,201,1101
497,201,894
498,201,724
499,201,622
500,201,573
501,201,545
502,201,538
503,201,579
504,201,673
505,201,836
506,201,1083
507,201,1359
508,201,1377
509,201,1165
510,201,1100
511,201,1224
512,201,1370
513,201,1536
514,201,1413
515,201,1424
516,201,1471
517,201,1298
518,201,1024
519,201,800
520,201,692
521,201,768
522,201,1005
523,201,1386
524,201,1842
525,201,1864
526,201,1467
527,201,1182
528,201,1182
529,201,1405
530,201,1620
531,201,1668
532,201,1512
533,201,1528
534,201,1875
535,201,2353
536,201,2490
537,201,2015
538,201,1488
539,201,1061
540,201,766
541,201,579
542,201,527
543,201,552
544,201,711
545,201,991
546,201,976
547,201,655
548,201,427
549,201,299
550,201,233
551,201,191
552,201,146
553,201,132
554,201,131
555,201,134
556,201,138
557,201,144
558,201,154
559,201,180
560,201,238
561,201,335
562,201,435
563,201,525
564,201,590
565,201,603
566,201,562
567,201,493
568,201,404
569,201,304
570,201,238
571,201,204
572,201,174
573,201,135
490,202,768
491,202,636
492,202,582
493,202,653
494,202,794
495,202,941
496,202,945
497,202,806
498,202,667
499,202,573
500,202,525
501,202,522
502,202,553
503,202,618
504,202,718
505,202,863
506,202,1098
507,202,1356
508,202,1357
509,202,1114
510,202,962
511,202,1054
512,202,1300
513,202,1526
514,202,1406
515,202,1245
516,202,1094
517,202,988
518,202,817
519,202,676
520,202,639
521,202,758
522,202,994
523,202,1291
524,202,1588
525,202,1561
526,202,1280
527,202,1071
528,202,1176
529,202,1499
530,202,1778
531,202,1589
532,202,1335
533,202,1309
534,202,1597
535,202,2084
536,202,2559
537,202,1992
538,202,1432
539,202,1013
540,202,731
541,202,551
542,202,494
543,202,502
544,202,613
545,202,777
546,202,766
547,202,570
548,202,397
549,202,290
550,202,231
551,202,191
552,202,147
553,202,134
554,202,132
555,202,133
556,202,135
557,202,137
558,202,142
559,202,154
560,202,182
561,202,242
562,202,334
563,202,415
564,202,465
565,202,484
566,202,474
567,202,431
568,202,372
569,202,335
570,202,313
571,202,287
572,202,247
573,202,187
490,203,583
491,203,542
492,203,519
493,203,575
494,203,666
495,203,745
496,203,753
497,203,688
498,203,608
499,203,550
500,203,524
501,203,553
502,203,619
503,203,710
504,203,831
505,203,964
506,203,1046
507,203,1116
508,203,1085
509,203,945
510,203,842
511,203,920
512,203,1118
513,203,1350
514,203,1565
515,203,1279
516,203,1007
517,203,806
518,203,658
519,203,582
520,203,621
521,203,781
522,203,1066
523,203,1414
524,203,1490
525,203,1251
526,203,1033
527,203,922
528,203,1093
529,203,1429
530,203,1700
531,203,1484
532,203,1210
533,203,1116
534,203,1370
535,203,1725
536,203,1951
537,203,1692
538,203,1281
539,203,937
540,203,691
541,203,524
542,203,459
543,203,437
544,203,479
545,203,538
546,203,526
547,203,436
548,203,338
549,203,267
550,203,220
551,203,183
552,203,145
553,203,134
554,203,132
555,203,133
556,203,133
557,203,133
558,203,135
559,203,140
560,203,152
561,203,180
562,203,234
563,203,307
564,203,353
565,203,380
566,203,393
567,203,399
568,203,455
569,203,489
570,203,494
571,203,462
572,203,380
573,203,198
490,204,486
491,204,454
492,204,434
493,204,482
494,204,545
495,204,599
496,204,617
497,204,604
498,204,581
499,204,571
500,204,569
501,204,614
502,204,717
503,204,857
504,204,986
505,204,1150
506,204,1147
507,204,988
508,204,855
509,204,771
510,204,725
511,204,803
512,204,1008
513,204,1298
514,204,1594
515,204,1298
516,204,1007
517,204,781
518,204,631
519,204,567
520,204,619
521,204,780
522,204,1049
523,204,1383
524,204,1380
525,204,1094
526,204,861
527,204,775
528,204,906
529,204,1121
530,204,1253
531,204,1177
532,204,1019
533,204,954
534,204,1124
535,204,1343
536,204,1468
537,204,1363
538,204,1077
539,204,843
540,204,652
541,204,513
542,204,431
543,204,387
544,204,386
545,204,398
546,204,384
547,204,341
548,204,287
549,204,240
550,204,198
551,204,159
552,204,138
553,204,132
554,204,131
555,204,131
556,204,131
557,204,130
558,204,129
559,204,131
560,204,136
561,204,148
562,204,170
563,204,203
564,204,230
565,204,263
566,204,323
567,204,441
568,204,550
569,204,622
570,204,647
571,204,614
572,204,542
573,204,482
490,205,425
491,205,351
492,205,316
493,205,372
494,205,434
495,205,501
496,205,545
497,205,591
498,205,633
499,205,656
500,205,653
501,205,681
502,205,809
503,205,1013
504,205,1192
505,205,1199
506,205,1130
507,205,916
508,205,747
509,205,653
510,205,639
511,205,740
512,205,933
513,205,1184
514,205,1370
515,205,1256
516,205,1068
517,205,843
518,205,665
519,205,580
520,205,628
521,205,788
522,205,1060
523,205,1379
524,205,1149
525,205,888
526,205,714
527,205,631
528,205,709
529,205,832
530,205,916
531,205,911
532,205,827
533,205,815
534,205,923
535,205,1108
536,205,1291
537,205,1346
538,205,1166
539,205,910
540,205,689
541,205,533
542,205,430
543,205,374
544,205,355
545,205,346
546,205,327
547,205,297
548,205,257
549,205,213
550,205,168
551,205,143
552,205,133
553,205,130
554,205,129
555,205,128
556,205,127
557,205,126
558,205,125
559,205,125
560,205,127
561,205,132
562,205,141
563,205,157
564,205,178
565,205,223
566,205,321
567,205,484
568,205,624
569,205,737
570,205,790
571,205,743
572,205,641
573,205,528
490,206,161
491,206,212
492,206,217
493,206,255
494,206,317
495,206,440
496,206,539
497,206,638
498,206,741
499,206,801
500,206,768
501,206,733
502,206,829
503,206,1018
504,206,1171
505,206,1063
506,206,942
507,206,791
508,206,661
509,206,588
510,206,599
511,206,711
512,206,915
513,206,1202
514,206,1512
515,206,1463
516,206,1210
517,206,917
518,206,703
519,206,595
520,206,636
521,206,766
522,206,948
523,206,1068
524,206,947
525,206,758
526,206,610
527,206,536
528,206,573
529,206,677
530,206,799
531,206,871
532,206,848
533,206,816
534,206,893
535,206,1111
536,206,1409
537,206,1617
538,206,1359
539,206,1012
540,206,744
541,206,573
542,206,467
543,206,409
544,206,384
545,206,362
546,206,330
547,206,297
548,206,243
549,206,186
550,206,152
551,206,137
552,206,130
553,206,127
554,206,126
555,206,125
556,206,123
557,206,122
558,206,120
559,206,119
560,206,120
561,206,122
562,206,128
563,206,139
564,206,164
565,206,225
566,206,361
567,206,515
568,206,668
569,206,825
570,206,927
571,206,845
572,206,718
573,206,624
490,207,142
491,207,164
492,207,177
493,207,206
494,207,273
495,207,420
496,207,548
497,207,688
498,207,855
499,207,978
500,207,879
501,207,765
502,207,769
503,207,869
504,207,935
505,207,872
506,207,758
507,207,663
508,207,575
509,207,528
510,207,558
511,207,666
512,207,838
513,207,1058
514,207,1254
515,207,1392
516,207,1178
517,207,901
518,207,701
519,207,612
520,207,668
521,207,803
522,207,946
523,207,961
524,207,825
525,207,679
526,207,555
527,207,500
528,207,556
529,207,700
530,207,907
531,207,1065
532,207,986
533,207,868
534,207,876
535,207,1080
536,207,1385
537,207,1611
538,207,1376
539,207,1048
540,207,780
541,207,644
542,207,548
543,207,494
544,207,476
545,207,449
546,207,403
547,207,341
548,207,252
549,207,183
550,207,151
551,207,136
552,207,129
553,207,125
554,207,122
555,207,121
556,207,119
557,207,117
558,207,116
559,207,115
560,207,115
561,207,116
562,207,121
563,207,131
564,207,155
565,207,219
566,207,360
567,207,502
568,207,650
569,207,807
570,207,914
571,207,838
572,207,723
573,207,643
490,208,136
491,208,148
492,208,163
493,208,190
494,208,256
495,208,402
496,208,536
497,208,680
498,208,849
499,208,972
500,208,866
501,208,732
502,208,670
503,208,706
504,208,729
505,208,696
506,208,625
507,208,551
508,208,487
509,208,454
510,208,506
511,208,599
512,208,723
513,208,863
514,208,1007
515,208,1071
516,208,962
517,208,786
518,208,649
519,208,613
520,208,714
521,208,914
522,208,1151
523,208,1150
524,208,906
525,208,687
526,208,543
527,208,493
528,208,556
529,208,728
530,208,1011
531,208,1329
532,208,1093
533,208,890
534,208,825
535,208,965
536,208,1175
537,208,1322
538,208,1258
539,208,1091
540,208,933
541,208,799
542,208,673
543,208,622
544,208,615
545,208,574
546,208,501
547,208,418
548,208,318
549,208,211
550,208,161
551,208,140
552,208,130
553,208,123
554,208,119
555,208,117
556,208,115
557,208,113
558,208,112
559,208,111
560,208,111
561,208,112
562,208,116
563,208,125
564,208,146
565,208,199
566,208,318
567,208,446
568,208,571
569,208,685
570,208,749
571,208,720
572,208,656
573,208,622
490,209,126
491,209,141
492,209,156
493,209,181
494,209,236
495,209,361
496,209,488
497,209,606
498,209,719
499,209,779
500,209,729
501,209,639
502,209,576
503,209,567
504,209,569
505,209,549
506,209,501
507,209,435
508,209,382
509,209,361
510,209,451
511,209,539
512,209,622
513,209,702
514,209,782
515,209,804
516,209,744
517,209,644
518,209,567
519,209,578
520,209,696
521,209,904
522,209,1141
523,209,1139
524,209,894
525,209,674
526,209,533
527,209,482
528,209,535
529,209,673
530,209,875
531,209,1031
532,209,954
533,209,824
534,209,767
535,209,849
536,209,1041
537,209,1287
538,209,1450
539,209,1277
540,209,1200
541,209,1007
542,209,818
543,209,791
544,209,816
545,209,737
546,209,609
547,209,488
548,209,369
549,209,238
550,209,172
551,209,144
552,209,131
553,209,122
554,209,117
555,209,114
556,209,111
557,209,109
558,209,108
559,209,107
560,209,108
561,209,109
562,209,112
563,209,119
564,209,134
565,209,167
566,209,240
567,209,355
568,209,463
569,209,543
570,209,583
571,209,572
572,209,532
573,209,522
490,210,118
491,210,136
492,210,153
493,210,171
494,210,206
495,210,285
496,210,410
497,210,505
498,210,576
499,210,606
500,210,581
501,210,524
502,210,470
503,210,434
504,210,422
505,210,406
506,210,368
507,210,302
508,210,282
509,210,326
510,210,439
511,210,523
512,210,586
513,210,628
514,210,645
515,210,638
516,210,589
517,210,525
518,210,480
519,210,509
520,210,609
521,210,757
522,210,889
523,210,887
524,210,749
525,210,599
526,210,495
527,210,460
528,210,508
529,210,606
530,210,725
531,210,804
532,210,782
533,210,732
534,210,711
535,210,797
536,210,980
537,210,1232
538,210,1428
539,210,1309
540,210,1474
541,210,1145
542,210,904
543,210,946
544,210,1052
545,210,895
546,210,693
547,210,535
548,210,401
549,210,262
550,210,181
551,210,147
552,210,131
553,210,121
554,210,115
555,210,111
556,210,108
557,210,107
558,210,105
559,210,105
560,210,105
561,210,106
562,210,110
563,210,115
564,210,126
565,210,146
566,210,183
567,210,249
568,210,340
569,210,398
570,210,422
571,210,409
572,210,345
573,210,169
490,211,104
491,211,136
492,211,153
493,211,167
494,211,186
495,211,232
496,211,325
497,211,393
498,211,445
499,211,464
500,211,446
501,211,397
502,211,343
503,211,280
504,211,257
505,211,248
506,211,236
507,211,222
508,211,256
509,211,372
510,211,480
511,211,571
512,211,652
513,211,694
514,211,662
515,211,591
516,211,513
517,211,442
518,211,391
519,211,419
520,211,498
521,211,591
522,211,658
523,211,652
524,211,582
525,211,497
526,211,435
527,211,437
528,211,517
529,211,624
530,211,735
531,211,805
532,211,761
533,211,703
534,211,679
535,211,736
536,211,869
537,211,1027
538,211,1119
539,211,1108
540,211,1161
541,211,1003
542,211,835
543,211,928
544,211,1048
545,211,897
546,211,698
547,211,541
548,211,408
549,211,264
550,211,182
551,211,146
552,211,129
553,211,119
554,211,113
555,211,109
556,211,106
557,211,104
558,211,103
559,211,102
560,211,103
561,211,105
562,211,108
563,211,113
564,211,121
565,211,136
566,211,154
567,211,180
568,211,217
569,211,242
570,211,252
571,211,245
572,211,215
573,211,147
490,212,133
491,212,151
492,212,161
493,212,167
494,212,172
495,212,185
496,212,219
497,212,256
498,212,305
499,212,325
500,212,307
501,212,252
502,212,215
503,212,183
504,212,172
505,212,169
506,212,169
507,212,180
508,212,242
509,212,420
510,212,532
511,212,655
512,212,804
513,212,900
514,212,798
515,212,640
516,212,513
517,212,410
518,212,281
519,212,300
520,212,391
521,212,463
522,212,497
523,212,480
524,212,438
525,212,392
526,212,354
527,212,398
528,212,575
529,212,726
530,212,864
531,212,992
532,212,838
533,212,726
534,212,670
535,212,660
536,212,755
537,212,843
538,212,853
539,212,862
540,212,860
541,212,777
542,212,688
543,212,745
544,212,802
545,212,744
546,212,625
547,212,510
548,212,400
549,212,238
550,212,173
551,212,141
552,212,124
553,212,116
554,212,111
555,212,107
556,212,105
557,212,103
558,212,100
559,212,100
560,212,101
561,212,103
562,212,106
563,212,111
564,212,117
565,212,134
566,212,145
567,212,149
568,212,160
569,212,168
570,212,173
571,212,171
572,212,160
573,212,140
490,213,173
491,213,176
492,213,174
493,213,173
494,213,165
495,213,149
496,213,153
497,213,157
498,213,145
499,213,156
500,213,159
501,213,147
502,213,136
503,213,126
504,213,124
505,213,126
506,213,127
507,213,134
508,213,175
509,213,514
510,213,569
511,213,727
512,213,1021
513,213,1324
514,213,1015
515,213,693
516,213,527
517,213,443
518,213,140
519,213,115
520,213,312
521,213,387
522,213,405
523,213,351
524,213,315
525,213,300
526,213,228
527,213,259
528,213,691
529,213,862
530,213,914
531,213,1138
532,213,791
533,213,718
534,213,663
535,213,535
536,213,674
537,213,759
538,213,623
539,213,673
540,213,631
541,213,563
542,213,501
543,213,534
544,213,580
545,213,597
546,213,534
547,213,469
548,213,430
549,213,169
550,213,159
551,213,132
552,213,113
553,213,111
554,213,109
555,213,104
556,213,103
557,213,103
558,213,96
559,213,97
560,213,100
561,213,100
562,213,102
563,213,111
564,213,106
565,213,145
566,213,152
567,213,130
568,213,131
569,213,132
570,213,134
571,213,139
572,213,136
573,213,127
