xv,yv,rho
490,148,81
491,148,83
492,148,87
493,148,96
494,148,260
495,148,437
496,148,615
497,148,931
498,148,1218
499,148,1187
500,148,874
501,148,608
502,148,410
503,148,413
504,148,439
505,148,427
506,148,384
507,148,341
508,148,140
509,148,132
510,148,111
511,148,136
512,148,388
513,148,590
514,148,660
515,148,725
516,148,753
517,148,725
518,148,660
519,148,516
520,148,426
521,148,170
522,148,264
523,148,253
524,148,321
525,148,520
526,148,791
527,148,1025
528,148,1045
529,148,920
530,148,696
531,148,507
532,148,375
533,148,277
534,148,137
535,148,169
536,148,366
537,148,354
538,148,388
539,148,436
540,148,456
541,148,416
542,148,397
543,148,188
544,148,155
545,148,145
546,148,132
547,148,121
548,148,124
549,148,133
550,148,173
551,148,406
552,148,596
553,148,799
554,148,1404
555,148,2112
556,148,1425
557,148,1023
558,148,839
559,148,827
560,148,581
561,148,503
562,148,445
563,148,176
564,148,165
565,148,226
566,148,224
567,148,221
568,148,170
569,148,166
570,148,165
571,148,149
572,148,137
573,148,138
490,149,120
491,149,116
492,149,129
493,149,178
494,149,305
495,149,470
496,149,672
497,149,947
498,149,1226
499,149,1221
500,149,949
501,149,719
502,149,595
503,149,613
504,149,630
505,149,592
506,149,516
507,149,434
508,149,344
509,149,322
510,149,312
511,149,346
512,149,485
513,149,654
514,149,812
515,149,954
516,149,1016
517,149,951
518,149,805
519,149,634
520,149,496
521,149,372
522,149,371
523,149,414
524,149,542
525,149,791
526,149,1143
527,149,1481
528,149,1501
529,149,1216
530,149,895
531,149,648
532,149,488
533,149,396
534,149,346
535,149,365
536,149,460
537,149,535
538,149,611
539,149,657
540,149,638
541,149,563
542,149,469
543,149,336
544,149,244
545,149,184
546,149,155
547,149,147
548,149,159
549,149,195
550,149,273
551,149,435
552,149,611
553,149,821
554,149,1133
555,149,1360
556,149,1161
557,149,916
558,149,736
559,149,618
560,149,478
561,149,385
562,149,304
563,149,206
564,149,184
565,149,198
566,149,201
567,149,197
568,149,180
569,149,174
570,149,170
571,149,164
572,149,160
573,149,164
490,150,149
491,150,141
492,150,158
493,150,212
494,150,322
495,150,470
496,150,648
497,150,861
498,150,1049
499,150,1057
500,150,898
501,150,762
502,150,758
503,150,843
504,150,891
505,150,815
506,150,682
507,150,573
508,150,530
509,150,509
510,150,488
511,150,497
512,150,595
513,150,770
514,150,1003
515,150,1256
516,150,1387
517,150,1251
518,150,992
519,150,750
520,150,578
521,150,478
522,150,465
523,150,523
524,150,672
525,150,948
526,150,1361
527,150,1829
528,150,1856
529,150,1438
530,150,1053
531,150,771
532,150,602
533,150,542
534,150,517
535,150,523
536,150,612
537,150,749
538,150,895
539,150,968
540,150,904
541,150,754
542,150,591
543,150,442
544,150,319
545,150,223
546,150,178
547,150,177
548,150,209
549,150,268
550,150,353
551,150,482
552,150,615
553,150,751
554,150,898
555,150,973
556,150,892
557,150,746
558,150,598
559,150,465
560,150,350
561,150,277
562,150,226
563,150,190
564,150,180
565,150,184
566,150,188
567,150,187
568,150,182
569,150,180
570,150,179
571,150,179
572,150,178
573,150,168
490,151,157
491,151,165
492,151,192
493,151,244
494,151,332
495,151,454
496,151,592
497,151,738
498,151,850
499,151,866
500,151,803
501,151,779
502,151,893
503,151,1095
504,151,1233
505,151,1081
506,151,866
507,151,743
508,151,753
509,151,740
510,151,690
511,151,660
512,151,727
513,151,896
514,151,1180
515,151,1554
516,151,1812
517,151,1542
518,151,1150
519,151,839
520,151,649
521,151,575
522,151,578
523,151,620
524,151,739
525,151,973
526,151,1318
527,151,1683
528,151,1767
529,151,1518
530,151,1225
531,151,948
532,151,781
533,151,752
534,151,734
535,151,712
536,151,797
537,151,1001
538,151,1257
539,151,1397
540,151,1250
541,151,974
542,151,718
543,151,522
544,151,371
545,151,253
546,151,204
547,151,221
548,151,285
549,151,382
550,151,488
551,151,596
552,151,677
553,151,723
554,151,764
555,151,761
556,151,697
557,151,587
558,151,460
559,151,341
560,151,256
561,151,211
562,151,186
563,151,174
564,151,172
565,151,176
566,151,181
567,151,183
568,151,184
569,151,187
570,151,192
571,151,199
572,151,205
573,151,205
490,152,169
491,152,210
492,152,255
493,152,320
494,152,390
495,152,470
496,152,568
497,152,675
498,152,756
499,152,775
500,152,749
501,152,788
502,152,959
503,152,1252
504,152,1557
505,152,1260
506,152,1006
507,152,975
508,152,1063
509,152,1062
510,152,958
511,152,882
512,152,948
513,152,1039
514,152,1256
515,152,1596
516,152,1841
517,152,1567
518,152,1175
519,152,874
520,152,718
521,152,712
522,152,753
523,152,786
524,152,830
525,152,975
526,152,1236
527,152,1623
528,152,1937
529,152,1880
530,152,1510
531,152,1173
532,152,1050
533,152,1076
534,152,1066
535,152,1000
536,152,1005
537,152,1232
538,152,1602
539,152,1872
540,152,1573
541,152,1146
542,152,804
543,152,567
544,152,398
545,152,273
546,152,235
547,152,282
548,152,384
549,152,512
550,152,648
551,152,773
552,152,843
553,152,834
554,152,771
555,152,677
556,152,582
557,152,465
558,152,345
559,152,256
560,152,204
561,152,178
562,152,167
563,152,164
564,152,166
565,152,171
566,152,177
567,152,182
568,152,188
569,152,196
570,152,208
571,152,224
572,152,240
573,152,236
490,153,333
491,153,306
492,153,350
493,153,422
494,153,490
495,153,549
496,153,634
497,153,760
498,153,869
499,153,884
500,153,815
501,153,782
502,153,898
503,153,1105
504,153,1255
505,153,1138
506,153,1030
507,153,1196
508,153,1443
509,153,1469
510,153,1286
511,153,1199
512,153,1292
513,153,1325
514,153,1302
515,153,1432
516,153,1525
517,153,1369
518,153,1101
519,153,886
520,153,838
521,153,929
522,153,1038
523,153,1077
524,153,1068
525,153,1138
526,153,1324
527,153,1722
528,153,2201
529,153,2191
530,153,1706
531,153,1366
532,153,1393
533,153,1544
534,153,1546
535,153,1387
536,153,1258
537,153,1356
538,153,1654
539,153,1890
540,153,1578
541,153,1145
542,153,801
543,153,565
544,153,400
545,153,286
546,153,273
547,153,355
548,153,483
549,153,645
550,153,836
551,153,1025
552,153,1123
553,153,1052
554,153,890
555,153,716
556,153,558
557,153,403
558,153,282
559,153,212
560,153,177
561,153,162
562,153,156
563,153,157
564,153,161
565,153,168
566,153,175
567,153,183
568,153,191
569,153,204
570,153,224
571,153,256
572,153,297
573,153,315
490,154,443
491,154,388
492,154,446
493,154,544
494,154,634
495,154,685
496,154,742
497,154,904
498,154,1088
499,154,1098
500,154,936
501,154,797
502,154,791
503,154,879
504,154,945
505,154,935
506,154,1012
507,154,1311
508,154,1719
509,154,1795
510,154,1601
511,154,1539
512,154,1733
513,154,1737
514,154,1528
515,154,1436
516,154,1457
517,154,1335
518,154,1124
519,154,965
520,154,1018
521,154,1229
522,154,1461
523,154,1521
524,154,1481
525,154,1472
526,154,1443
527,154,1646
528,154,1938
529,154,1936
530,154,1648
531,154,1489
532,154,1764
533,154,2126
534,154,2156
535,154,1881
536,154,1692
537,154,1470
538,154,1451
539,154,1468
540,154,1270
541,154,972
542,154,709
543,154,516
544,154,379
545,154,293
546,154,316
547,154,427
548,154,575
549,154,778
550,154,1041
551,154,1341
552,154,1521
553,154,1342
554,154,1047
555,154,785
556,154,581
557,154,411
558,154,272
559,154,199
560,154,166
561,154,154
562,154,150
563,154,152
564,154,158
565,154,165
566,154,173
567,154,182
568,154,192
569,154,208
570,154,234
571,154,284
572,154,382
573,154,596
490,155,310
491,155,392
492,155,518
493,155,682
494,155,835
495,155,878
496,155,858
497,155,1007
498,155,1264
499,155,1279
500,155,1034
501,155,833
502,155,722
503,155,720
504,155,737
505,155,765
506,155,913
507,155,1193
508,155,1526
509,155,1729
510,155,1948
511,155,1828
512,155,2060
513,155,2052
514,155,1752
515,155,1797
516,155,1907
517,155,1728
518,155,1423
519,155,1198
520,155,1232
521,155,1536
522,155,1934
523,155,2028
524,155,2005
525,155,1950
526,155,1709
527,155,1614
528,155,1695
529,155,1694
530,155,1589
531,155,1635
532,155,2037
533,155,2591
534,155,2666
535,155,2426
536,155,2234
537,155,1769
538,155,1337
539,155,1128
540,155,951
541,155,756
542,155,580
543,155,441
544,155,340
545,155,298
546,155,366
547,155,500
548,155,684
549,155,929
550,155,1232
551,155,1618
552,155,1940
553,155,1568
554,155,1156
555,155,823
556,155,598
557,155,422
558,155,276
559,155,196
560,155,163
561,155,150
562,155,146
563,155,148
564,155,154
565,155,161
566,155,170
567,155,179
568,155,189
569,155,203
570,155,226
571,155,269
572,155,353
573,155,544
490,156,262
491,156,384
492,156,562
493,156,800
494,156,1050
495,156,1086
496,156,947
497,156,965
498,156,1132
499,156,1185
500,156,1070
501,156,935
502,156,786
503,156,688
504,156,654
505,156,678
506,156,788
507,156,986
508,156,1253
509,156,1615
510,156,1899
511,156,1761
512,156,1816
513,156,1828
514,156,1760
515,156,2142
516,156,2477
517,156,2191
518,156,1795
519,156,1524
520,156,1422
521,156,1710
522,156,2106
523,156,2216
524,156,2390
525,156,2358
526,156,2037
527,156,1983
528,156,1932
529,156,1941
530,156,1906
531,156,1840
532,156,2141
533,156,2556
534,156,2670
535,156,2787
536,156,2614
537,156,1940
538,156,1354
539,156,947
540,156,728
541,156,579
542,156,458
543,156,362
544,156,298
545,156,304
546,156,407
547,156,563
548,156,784
549,156,1097
550,156,1482
551,156,1790
552,156,1749
553,156,1568
554,156,1192
555,156,860
556,156,617
557,156,430
558,156,278
559,156,195
560,156,160
561,156,147
562,156,143
563,156,144
564,156,149
565,156,156
566,156,164
567,156,172
568,156,181
569,156,190
570,156,202
571,156,216
572,156,219
573,156,143
490,157,185
491,157,348
492,157,545
493,157,791
494,157,1044
495,157,1075
496,157,914
497,157,854
498,157,986
499,157,1201
500,157,1317
501,157,1149
502,157,925
503,157,781
504,157,730
505,157,698
506,157,715
507,157,825
508,157,1033
509,157,1283
510,157,1446
511,157,1415
512,157,1444
513,157,1525
514,157,1713
515,157,2169
516,157,2576
517,157,2457
518,157,2286
519,157,1955
520,157,1718
521,157,1934
522,157,2227
523,157,2185
524,157,2325
525,157,2340
526,157,2414
527,157,2623
528,157,2516
529,157,2585
530,157,2557
531,157,2377
532,157,2556
533,157,2993
534,157,2998
535,157,2620
536,157,2306
537,157,1760
538,157,1239
539,157,854
540,157,604
541,157,465
542,157,375
543,157,319
544,157,300
545,157,343
546,157,458
547,157,616
548,157,848
549,157,1194
550,157,1664
551,157,2126
552,157,1757
553,157,1564
554,157,1197
555,157,866
556,157,619
557,157,430
558,157,276
559,157,193
560,157,157
561,157,143
562,157,139
563,157,140
564,157,144
565,157,150
566,157,157
567,157,164
568,157,170
569,157,175
570,157,179
571,157,180
572,157,168
573,157,126
490,158,136
491,158,297
492,158,472
493,158,660
494,158,817
495,158,847
496,158,775
497,158,761
498,158,967
499,158,1292
500,158,1617
501,158,1322
502,158,1069
503,158,989
504,158,941
505,158,848
506,158,766
507,158,766
508,158,858
509,158,984
510,158,1082
511,158,1144
512,158,1294
513,158,1472
514,158,1628
515,158,1940
516,158,2321
517,158,2841
518,158,2848
519,158,2409
520,158,2114
521,158,2246
522,158,2510
523,158,2476
524,158,2623
525,158,2526
526,158,2801
527,158,3341
528,158,3166
529,158,3351
530,158,3326
531,158,2972
532,158,3056
533,158,3363
534,158,3232
535,158,2524
536,158,1910
537,158,1442
538,158,1044
539,158,744
540,158,545
541,158,420
542,158,358
543,158,363
544,158,397
545,158,468
546,158,576
547,158,695
548,158,884
549,158,1151
550,158,1495
551,158,1757
552,158,1666
553,158,1536
554,158,1203
555,158,875
556,158,622
557,158,430
558,158,274
559,158,190
560,158,154
561,158,140
562,158,136
563,158,136
564,158,140
565,158,145
566,158,150
567,158,155
568,158,159
569,158,161
570,158,161
571,158,158
572,158,148
573,158,130
490,159,70
491,159,238
492,159,385
493,159,517
494,159,613
495,159,642
496,159,632
497,159,684
498,159,866
499,159,1119
500,159,1304
501,159,1224
502,159,1189
503,159,1296
504,159,1278
505,159,1105
506,159,941
507,159,858
508,159,818
509,159,845
510,159,927
511,159,1152
512,159,1471
513,159,1788
514,159,1903
515,159,1927
516,159,2303
517,159,2857
518,159,2967
519,159,2779
520,159,2947
521,159,2902
522,159,3244
523,159,3331
524,159,3445
525,159,3155
526,159,2955
527,159,3215
528,159,3743
529,159,3781
530,159,3820
531,159,3625
532,159,3802
533,159,3350
534,159,2939
535,159,2299
536,159,1682
537,159,1195
538,159,879
539,159,666
540,159,532
541,159,452
542,159,430
543,159,474
544,159,555
545,159,654
546,159,784
547,159,919
548,159,1033
549,159,1128
550,159,1304
551,159,1525
552,159,1762
553,159,1676
554,159,1261
555,159,894
556,159,626
557,159,428
558,159,273
559,159,188
560,159,152
561,159,138
562,159,134
563,159,135
564,159,137
565,159,141
566,159,144
567,159,147
568,159,149
569,159,150
570,159,150
571,159,146
572,159,139
573,159,129
490,160,93
491,160,206
492,160,318
493,160,417
494,160,482
495,160,510
496,160,526
497,160,591
498,160,721
499,160,879
500,160,1002
501,160,1075
502,160,1320
503,160,1640
504,160,1666
505,160,1422
506,160,1266
507,160,1115
508,160,1000
509,160,936
510,160,1010
511,160,1283
512,160,1732
513,160,2237
514,160,2328
515,160,2076
516,160,2128
517,160,2482
518,160,2746
519,160,3286
520,160,3796
521,160,3607
522,160,3664
523,160,3749
524,160,4309
525,160,3783
526,160,3387
527,160,3204
528,160,3365
529,160,3570
530,160,3997
531,160,4185
532,160,4184
533,160,3574
534,160,2773
535,160,2118
536,160,1554
537,160,1112
538,160,835
539,160,692
540,160,634
541,160,584
542,160,564
543,160,639
544,160,778
545,160,945
546,160,1110
547,160,1300
548,160,1409
549,160,1379
550,160,1346
551,160,1560
552,160,1753
553,160,1565
554,160,1204
555,160,867
556,160,613
557,160,423
558,160,273
559,160,189
560,160,153
561,160,141
562,160,139
563,160,140
564,160,142
565,160,143
566,160,144
567,160,144
568,160,144
569,160,145
570,160,144
571,160,142
572,160,136
573,160,132
490,161,146
491,161,209
492,161,293
493,161,375
494,161,428
495,161,456
496,161,483
497,161,535
498,161,615
499,161,709
500,161,813
501,161,998
502,161,1311
503,161,1678
504,161,1781
505,161,1749
506,161,1695
507,161,1504
508,161,1341
509,161,1183
510,161,1177
511,161,1395
512,161,1819
513,161,2327
514,161,2464
515,161,2208
516,161,2153
517,161,2469
518,161,2783
519,161,3398
520,161,4029
521,161,4141
522,161,4177
523,161,3928
524,161,4136
525,161,4454
526,161,3991
527,161,3585
528,161,3334
529,161,3567
530,161,4165
531,161,4897
532,161,4610
533,161,3941
534,161,3067
535,161,2353
536,161,1704
537,161,1206
538,161,1010
539,161,940
540,161,890
541,161,825
542,161,777
543,161,871
544,161,1083
545,161,1352
546,161,1575
547,161,1844
548,161,1993
549,161,1811
550,161,1538
551,161,1723
552,161,2059
553,161,1652
554,161,1214
555,161,865
556,161,618
557,161,433
558,161,291
559,161,206
560,161,168
561,161,159
562,161,160
563,161,162
564,161,163
565,161,162
566,161,157
567,161,151
568,161,147
569,161,146
570,161,147
571,161,146
572,161,136
573,161,107
490,162,164
491,162,249
492,162,337
493,162,412
494,162,462
495,162,499
496,162,543
497,162,589
498,162,626
499,162,660
500,162,735
501,162,904
502,162,1158
503,162,1437
504,162,1672
505,162,2002
506,162,2096
507,162,2040
508,162,1785
509,162,1543
510,162,1530
511,162,1567
512,162,1808
513,162,2200
514,162,2647
515,162,2667
516,162,2529
517,162,2935
518,162,3157
519,162,3324
520,162,4037
521,162,4849
522,162,4462
523,162,4163
524,162,4505
525,162,4764
526,162,4447
527,162,4412
528,162,4094
529,162,3896
530,162,4121
531,162,4639
532,162,5306
533,162,4651
534,162,3644
535,162,2708
536,162,1983
537,162,1555
538,162,1399
539,162,1376
540,162,1324
541,162,1208
542,162,1109
543,162,1188
544,162,1470
545,162,1878
546,162,2263
547,162,2472
548,162,2673
549,162,2254
550,162,1765
551,162,1636
552,162,1746
553,162,1558
554,162,1225
555,162,909
556,162,683
557,162,498
558,162,355
559,162,259
560,162,217
561,162,212
562,162,218
563,162,224
564,162,224
565,162,216
566,162,199
567,162,178
568,162,162
569,162,158
570,162,165
571,162,173
572,162,164
573,162,108
490,163,177
491,163,321
492,163,426
493,163,511
494,163,571
495,163,612
496,163,686
497,163,755
498,163,777
499,163,756
500,163,757
501,163,858
502,163,1053
503,163,1306
504,163,1613
505,163,1950
506,163,2175
507,163,2535
508,163,2140
509,163,1993
510,163,2076
511,163,2020
512,163,2118
513,163,2502
514,163,3093
515,163,3181
516,163,2918
517,163,3404
518,163,3649
519,163,3624
520,163,3959
521,163,4630
522,163,4644
523,163,4564
524,163,5302
525,163,5253
526,163,5205
527,163,5415
528,163,4976
529,163,4517
530,163,4562
531,163,4709
532,163,5121
533,163,4885
534,163,3943
535,163,2996
536,163,2314
537,163,2086
538,163,2008
539,163,2032
540,163,1961
541,163,1744
542,163,1553
543,163,1652
544,163,1931
545,163,2424
546,163,2941
547,163,3003
548,163,2814
549,163,2304
550,163,1774
551,163,1520
552,163,1659
553,163,1705
554,163,1464
555,163,1110
556,163,804
557,163,580
558,163,431
559,163,342
560,163,312
561,163,313
562,163,331
563,163,346
564,163,344
565,163,323
566,163,285
567,163,236
568,163,198
569,163,187
570,163,208
571,163,246
572,163,268
573,163,158
490,164,383
491,164,432
492,164,539
493,164,660
494,164,757
495,164,806
496,164,907
497,164,1037
498,164,1055
499,164,959
500,164,890
501,164,954
502,164,1157
503,164,1431
504,164,1801
505,164,2125
506,164,2074
507,164,2198
508,164,2125
509,164,2368
510,164,2699
511,164,2591
512,164,2628
513,164,2723
514,164,3166
515,164,3398
516,164,3190
517,164,3409
518,164,3836
519,164,3938
520,164,4319
521,164,4801
522,164,4848
523,164,4604
524,164,5287
525,164,5546
526,164,5421
527,164,5595
528,164,5364
529,164,4987
530,164,5323
531,164,5474
532,164,5710
533,164,5528
534,164,4472
535,164,3473
536,164,2845
537,164,2833
538,164,2922
539,164,2903
540,164,2781
541,164,2392
542,164,2079
543,164,2217
544,164,2623
545,164,2983
546,164,3175
547,164,3015
548,164,2417
549,164,1997
550,164,1649
551,164,1594
552,164,1883
553,164,2120
554,164,1773
555,164,1294
556,164,913
557,164,659
558,164,513
559,164,460
560,164,441
561,164,441
562,164,473
563,164,502
564,164,499
565,164,458
566,164,394
567,164,322
568,164,259
569,164,239
570,164,290
571,164,407
572,164,570
573,164,776
490,165,355
491,165,487
492,165,649
493,165,845
494,165,1021
495,165,1077
496,165,1144
497,165,1365
498,165,1392
499,165,1209
500,165,1101
501,165,1136
502,165,1373
503,165,1692
504,165,1894
505,165,2122
506,165,2015
507,165,2009
508,165,2114
509,165,2432
510,165,2817
511,165,2986
512,165,3063
513,165,3233
514,165,3771
515,165,4097
516,165,3607
517,165,3517
518,165,3861
519,165,4484
520,165,4933
521,165,5395
522,165,5407
523,165,4928
524,165,5240
525,165,5877
526,165,5498
527,165,5788
528,165,6144
529,165,5658
530,165,5636
531,165,5871
532,165,6055
533,165,5890
534,165,4944
535,165,4003
536,165,3544
537,165,3719
538,165,3976
539,165,3820
540,165,3630
541,165,3023
542,165,2653
543,165,2829
544,165,3352
545,165,3732
546,165,3325
547,165,2719
548,165,2187
549,165,1773
550,165,1580
551,165,1651
552,165,1918
553,165,2139
554,165,1800
555,165,1337
556,165,969
557,165,733
558,165,638
559,165,624
560,165,614
561,165,601
562,165,657
563,165,716
564,165,709
565,165,628
566,165,520
567,165,418
568,165,336
569,165,309
570,165,404
571,165,621
572,165,933
573,165,1441
490,166,370
491,166,524
492,166,730
493,166,1005
494,166,1296
495,166,1343
496,166,1240
497,166,1442
498,166,1510
499,166,1434
500,166,1423
501,166,1357
502,166,1541
503,166,1912
504,166,2001
505,166,1876
506,166,1980
507,166,2325
508,166,2404
509,166,2296
510,166,2429
511,166,2689
512,166,2885
513,166,3293
514,166,3871
515,166,4165
516,166,3915
517,166,4209
518,166,4406
519,166,4683
520,166,5305
521,166,5706
522,166,5759
523,166,5407
524,166,5502
525,166,5902
526,166,5687
527,166,5966
528,166,6495
529,166,5981
530,166,5697
531,166,6160
532,166,6285
533,166,6162
534,166,5502
535,166,4650
536,166,4402
537,166,4620
538,166,5003
539,166,4287
540,166,4026
541,166,3517
542,166,3457
543,166,3647
544,166,4033
545,166,4006
546,166,3468
547,166,2764
548,166,2209
549,166,1903
550,166,1905
551,166,1891
552,166,1802
553,166,1769
554,166,1573
555,166,1291
556,166,1030
557,166,844
558,166,825
559,166,867
560,166,864
561,166,817
562,166,891
563,166,1008
564,166,995
565,166,835
566,166,654
567,166,511
568,166,412
569,166,380
570,166,507
571,166,774
572,166,1117
573,166,1533
490,167,370
491,167,525
492,167,733
493,167,1011
494,167,1303
495,167,1344
496,167,1196
497,167,1278
498,167,1449
499,167,1749
500,167,1777
501,167,1548
502,167,1523
503,167,1724
504,167,1779
505,167,1741
506,167,2106
507,167,2653
508,167,2748
509,167,2435
510,167,2290
511,167,2429
512,167,2688
513,167,3145
514,167,3727
515,167,4225
516,167,4164
517,167,4846
518,167,5061
519,167,5338
520,167,5481
521,167,6103
522,167,6559
523,167,6040
524,167,6012
525,167,6229
526,167,6028
527,167,6563
528,167,7586
529,167,6683
530,167,6275
531,167,6543
532,167,6787
533,167,6765
534,167,6597
535,167,5640
536,167,5266
537,167,5606
538,167,4965
539,167,4577
540,167,4553
541,167,4252
542,167,4414
543,167,4342
544,167,4864
545,167,4177
546,167,3797
547,167,3169
548,167,2517
549,167,2250
550,167,2432
551,167,2380
552,167,1983
553,167,1601
554,167,1512
555,167,1459
556,167,1280
557,167,1087
558,167,1087
559,167,1206
560,167,1205
561,167,1088
562,167,1124
563,167,1322
564,167,1301
565,167,1024
566,167,765
567,167,582
568,167,467
569,167,436
570,167,589
571,167,864
572,167,1219
573,167,1633
490,168,366
491,168,489
492,168,659
493,168,865
494,168,1048
495,168,1092
496,168,1041
497,168,1129
498,168,1424
499,168,1786
500,168,1848
501,168,1621
502,168,1471
503,168,1550
504,168,1591
505,168,1629
506,168,2011
507,168,2470
508,168,2730
509,168,2804
510,168,2739
511,168,2705
512,168,3138
513,168,3555
514,168,3835
515,168,4402
516,168,4375
517,168,5032
518,168,5201
519,168,5726
520,168,5958
521,168,6947
522,168,6588
523,168,6690
524,168,6896
525,168,6881
526,168,6386
527,168,6593
528,168,7048
529,168,7052
530,168,7387
531,168,7250
532,168,7172
533,168,7063
534,168,6988
535,168,6654
536,168,6237
537,168,5736
538,168,5406
539,168,5623
540,168,5573
541,168,4978
542,168,5392
543,168,4694
544,168,4367
545,168,4056
546,168,4400
547,168,3505
548,168,2721
549,168,2473
550,168,2824
551,168,2761
552,168,2152
553,168,1681
554,168,1765
555,168,1891
556,168,1637
557,168,1335
558,168,1329
559,168,1561
560,168,1556
561,168,1298
562,168,1213
563,168,1377
564,168,1348
565,168,1070
566,168,807
567,168,614
568,168,488
569,168,453
570,168,604
571,168,871
572,168,1249
573,168,1850
490,169,338
491,169,423
492,169,555
493,169,698
494,169,815
495,169,866
496,169,889
497,169,1026
498,169,1295
499,169,1594
500,169,1765
501,169,1770
502,169,1658
503,169,1765
504,169,1802
505,169,1790
506,169,2020
507,169,2464
508,169,3029
509,169,3301
510,169,3402
511,169,3240
512,169,3720
513,169,4263
514,169,4167
515,169,4383
516,169,4956
517,169,5811
518,169,5691
519,169,6214
520,169,5729
521,169,6247
522,169,7122
523,169,7392
524,169,7725
525,169,7334
526,169,7182
527,169,7380
528,169,7758
529,169,8082
530,169,8566
531,169,7639
532,169,7185
533,169,7271
534,169,7354
535,169,7451
536,169,7325
537,169,7011
538,169,6426
539,169,6726
540,169,6148
541,169,5351
542,169,5330
543,169,4965
544,169,4157
545,169,3691
546,169,3700
547,169,3211
548,169,2609
549,169,2344
550,169,2502
551,169,2420
552,169,2007
553,169,1715
554,169,1966
555,169,2356
556,169,1875
557,169,1453
558,169,1380
559,169,1593
560,169,1584
561,169,1313
562,169,1142
563,169,1189
564,169,1157
565,169,988
566,169,788
567,169,613
568,169,479
569,169,428
570,169,544
571,169,761
572,169,1045
573,169,1419
490,170,138
491,170,315
492,170,452
493,170,572
494,170,667
495,170,730
496,170,795
497,170,962
498,170,1259
499,170,1656
500,170,2058
501,170,2120
502,170,1959
503,170,2212
504,170,2270
505,170,2201
506,170,2402
507,170,2492
508,170,2870
509,170,3404
510,170,3968
511,170,3572
512,170,3872
513,170,4416
514,170,4497
515,170,5038
516,170,5206
517,170,5180
518,170,5109
519,170,5276
520,170,5147
521,170,5663
522,170,6492
523,170,7069
524,170,8146
525,170,7998
526,170,8013
527,170,8251
528,170,8469
529,170,9367
530,170,8468
531,170,7858
532,170,7798
533,170,8143
534,170,7875
535,170,8146
536,170,7476
537,170,7191
538,170,6574
539,170,6209
540,170,6054
541,170,5688
542,170,5429
543,170,4678
544,170,3984
545,170,3452
546,170,3328
547,170,2977
548,170,2532
549,170,2203
550,170,2143
551,170,2003
552,170,1745
553,170,1597
554,170,1775
555,170,1929
556,170,1680
557,170,1360
558,170,1239
559,170,1325
560,170,1321
561,170,1184
562,170,1057
563,170,1049
564,170,1024
565,170,924
566,170,777
567,170,616
568,170,465
569,170,386
570,170,440
571,170,586
572,170,739
573,170,818
490,171,125
491,171,250
492,171,375
493,171,495
494,171,602
495,171,685
496,171,786
497,171,963
498,171,1248
499,171,1647
500,171,2074
501,171,2176
502,171,2140
503,171,2545
504,171,2644
505,171,2645
506,171,2943
507,171,2718
508,171,2636
509,171,3130
510,171,3529
511,171,3440
512,171,3677
513,171,4219
514,171,5054
515,171,5407
516,171,5310
517,171,4869
518,171,4586
519,171,4549
520,171,4567
521,171,5115
522,171,5927
523,171,7027
524,171,8129
525,171,8314
526,171,8444
527,171,8898
528,171,8689
529,171,9136
530,171,9050
531,171,8886
532,171,8828
533,171,8900
534,171,8112
535,171,8464
536,171,7550
537,171,7222
538,171,6749
539,171,6273
540,171,6409
541,171,5690
542,171,5269
543,171,4666
544,171,4289
545,171,3894
546,171,3951
547,171,3496
548,171,3006
549,171,2567
550,171,2274
551,171,1948
552,171,1671
553,171,1530
554,171,1584
555,171,1590
556,171,1428
557,171,1236
558,171,1124
559,171,1140
560,171,1152
561,171,1121
562,171,1078
563,171,1046
564,171,1040
565,171,979
566,171,851
567,171,685
568,171,516
569,171,389
570,171,359
571,171,428
572,171,505
573,171,530
490,172,116
491,172,220
492,172,341
493,172,479
494,172,620
495,172,726
496,172,821
497,172,978
498,172,1209
499,172,1514
500,172,1820
501,172,1945
502,172,1969
503,172,2235
504,172,2356
505,172,2585
506,172,2936
507,172,2736
508,172,2660
509,172,3287
510,172,3765
511,172,3659
512,172,3940
513,172,4649
514,172,5370
515,172,6195
516,172,5638
517,172,5326
518,172,4884
519,172,4574
520,172,4521
521,172,5167
522,172,6142
523,172,7283
524,172,8283
525,172,8740
526,172,9124
527,172,9479
528,172,9498
529,172,9202
530,172,9619
531,172,9239
532,172,8990
533,172,8586
534,172,8004
535,172,8082
536,172,7512
537,172,7674
538,172,6887
539,172,6488
540,172,6578
541,172,5896
542,172,5879
543,172,5270
544,172,4968
545,172,4372
546,172,4783
547,172,3996
548,172,3629
549,172,3247
550,172,2775
551,172,2285
552,172,1988
553,172,1817
554,172,1809
555,172,1668
556,172,1432
557,172,1344
558,172,1270
559,172,1217
560,172,1269
561,172,1319
562,172,1273
563,172,1206
564,172,1222
565,172,1165
566,172,1001
567,172,789
568,172,585
569,172,417
570,172,309
571,172,300
572,172,326
573,172,334
490,173,120
491,173,245
492,173,395
493,173,570
494,173,734
495,173,859
496,173,953
497,173,1076
498,173,1274
499,173,1534
500,173,1877
501,173,2123
502,173,1939
503,173,1801
504,173,1864
505,173,2124
506,173,2419
507,173,2646
508,173,2888
509,173,3585
510,173,4413
511,173,3963
512,173,4178
513,173,4997
514,173,5464
515,173,6147
516,173,6227
517,173,6167
518,173,5708
519,173,5390
520,173,5360
521,173,5944
522,173,6673
523,173,7882
524,173,9108
525,173,9268
526,173,9527
527,173,10376
528,173,9846
529,173,9355
530,173,9329
531,173,9432
532,173,9202
533,173,8814
534,173,8194
535,173,8217
536,173,8145
537,173,8238
538,173,7428
539,173,7242
540,173,7002
541,173,6044
542,173,5992
543,173,5380
544,173,5048
545,173,4250
546,173,4192
547,173,3919
548,173,3806
549,173,3923
550,173,3238
551,173,2867
552,173,2481
553,173,2272
554,173,2336
555,173,2052
556,173,1741
557,173,1720
558,173,1643
559,173,1525
560,173,1583
561,173,1690
562,173,1547
563,173,1422
564,173,1482
565,173,1414
566,173,1162
567,173,876
568,173,630
569,173,431
570,173,282
571,173,214
572,173,187
573,173,116
490,174,122
491,174,308
492,174,503
493,174,706
494,174,899
495,174,1060
496,174,1168
497,174,1252
498,174,1468
499,174,1731
500,174,1902
501,174,2074
502,174,1820
503,174,1542
504,174,1531
505,174,1769
506,174,2196
507,174,2714
508,174,2999
509,174,3353
510,174,3760
511,174,3759
512,174,4022
513,174,4786
514,174,5149
515,174,5632
516,174,6168
517,174,6580
518,174,6749
519,174,6425
520,174,6438
521,174,7013
522,174,7444
523,174,8484
524,174,9173
525,174,9791
526,174,9975
527,174,9963
528,174,9850
529,174,9792
530,174,9787
531,174,9942
532,174,9754
533,174,9412
534,174,8829
535,174,8633
536,174,8763
537,174,8468
538,174,8074
539,174,7839
540,174,7196
541,174,6393
542,174,5947
543,174,5293
544,174,4931
545,174,4374
546,174,3976
547,174,3588
548,174,3495
549,174,3509
550,174,3278
551,174,3431
552,174,2853
553,174,2606
554,174,2894
555,174,2362
556,174,2063
557,174,2185
558,174,2098
559,174,1851
560,174,1975
561,174,2077
562,174,1749
563,174,1578
564,174,1681
565,174,1592
566,174,1233
567,174,895
568,174,628
569,174,419
570,174,258
571,174,174
572,174,133
573,174,96
490,175,186
491,175,399
492,175,610
493,175,836
494,175,1076
495,175,1308
496,175,1462
497,175,1501
498,175,1667
499,175,1923
500,175,1942
501,175,1723
502,175,1529
503,175,1391
504,175,1482
505,175,1741
506,175,2153
507,175,2620
508,175,2840
509,175,3416
510,175,3441
511,175,3925
512,175,4216
513,175,4782
514,175,5113
515,175,5217
516,175,5507
517,175,6631
518,175,7148
519,175,7218
520,175,7464
521,175,7878
522,175,8082
523,175,8692
524,175,9351
525,175,9960
526,175,10591
527,175,10565
528,175,10185
529,175,10355
530,175,10409
531,175,10477
532,175,10301
533,175,10135
534,175,9654
535,175,9412
536,175,9068
537,175,8711
538,175,8468
539,175,8010
540,175,7318
541,175,6878
542,175,6006
543,175,5198
544,175,5329
545,175,4707
546,175,4407
547,175,3847
548,175,3959
549,175,3654
550,175,3483
551,175,3171
552,175,2870
553,175,2484
554,175,2454
555,175,2196
556,175,2051
557,175,2192
558,175,2103
559,175,1848
560,175,1934
561,175,1814
562,175,1654
563,175,1651
564,175,1560
565,175,1407
566,175,1110
567,175,814
568,175,571
569,175,379
570,175,231
571,175,151
572,175,112
573,175,87
490,176,487
491,176,516
492,176,691
493,176,925
494,176,1210
495,176,1535
496,176,1785
497,176,1763
498,176,1901
499,176,1804
500,176,1719
501,176,1506
502,176,1342
503,176,1316
504,176,1474
505,176,1733
506,176,2108
507,176,2492
508,176,2552
509,176,2933
510,176,3166
511,176,3843
512,176,4176
513,176,4755
514,176,5209
515,176,5549
516,176,5539
517,176,5980
518,176,7272
519,176,7539
520,176,7542
521,176,7970
522,176,8052
523,176,8813
524,176,9648
525,176,10146
526,176,10349
527,176,10555
528,176,10587
529,176,10405
530,176,10453
531,176,10435
532,176,10403
533,176,10388
534,176,10378
535,176,10085
536,176,9617
537,176,9308
538,176,8592
539,176,7928
540,176,7069
541,176,6418
542,176,5516
543,176,4872
544,176,4816
545,176,4623
546,176,4406
547,176,3887
548,176,3972
549,176,3630
550,176,3516
551,176,3336
552,176,3072
553,176,2460
554,176,2122
555,176,2037
556,176,1850
557,176,1784
558,176,1680
559,176,1560
560,176,1620
561,176,1635
562,176,1649
563,176,1811
564,176,1481
565,176,1159
566,176,902
567,176,671
568,176,475
569,176,315
570,176,196
571,176,132
572,176,102
573,176,83
490,177,557
491,177,604
492,177,748
493,177,960
494,177,1234
495,177,1560
496,177,1834
497,177,1894
498,177,1919
499,177,1720
500,177,1549
501,177,1466
502,177,1433
503,177,1491
504,177,1568
505,177,1762
506,177,2011
507,177,2216
508,177,2399
509,177,2741
510,177,3068
511,177,3480
512,177,3853
513,177,4536
514,177,5140
515,177,5233
516,177,5610
517,177,5971
518,177,6544
519,177,7130
520,177,7637
521,177,7992
522,177,8840
523,177,9391
524,177,9998
525,177,10501
526,177,10569
527,177,10627
528,177,10258
529,177,9726
530,177,9711
531,177,9857
532,177,9937
533,177,10079
534,177,10479
535,177,10551
536,177,10068
537,177,9307
538,177,8554
539,177,7737
540,177,7158
541,177,6407
542,177,5547
543,177,4972
544,177,4684
545,177,4359
546,177,4026
547,177,3823
548,177,3565
549,177,3310
550,177,3390
551,177,3239
552,177,2769
553,177,2277
554,177,2167
555,177,2288
556,177,1949
557,177,1576
558,177,1428
559,177,1412
560,177,1573
561,177,1755
562,177,1590
563,177,1470
564,177,1232
565,177,951
566,177,711
567,177,521
568,177,364
569,177,239
570,177,157
571,177,115
572,177,94
573,177,82
490,178,667
491,178,689
492,178,819
493,178,985
494,178,1181
495,178,1408
496,178,1656
497,178,1761
498,178,1734
499,178,1627
500,178,1703
501,178,1799
502,178,1793
503,178,1942
504,178,1964
505,178,2225
506,178,2326
507,178,2316
508,178,2771
509,178,3348
510,178,3574
511,178,3710
512,178,4143
513,178,4337
514,178,4837
515,178,5586
516,178,6253
517,178,6387
518,178,6864
519,178,8366
520,178,9076
521,178,9147
522,178,9974
523,178,10317
524,178,10749
525,178,11029
526,178,10743
527,178,10329
528,178,9843
529,178,9710
530,178,10014
531,178,10329
532,178,10394
533,178,10318
534,178,10424
535,178,10558
536,178,10187
537,178,9374
538,178,8527
539,178,7691
540,178,7121
541,178,6698
542,178,6101
543,178,5527
544,178,5217
545,178,4902
546,178,4229
547,178,4326
548,178,3856
549,178,3618
550,178,3387
551,178,3111
552,178,2498
553,178,1978
554,178,2039
555,178,2206
556,178,1860
557,178,1443
558,178,1454
559,178,1466
560,178,1497
561,178,1661
562,178,1437
563,178,1139
564,178,938
565,178,736
566,178,553
567,178,396
568,178,265
569,178,177
570,178,126
571,178,101
572,178,89
573,178,82
490,179,791
491,179,780
492,179,939
493,179,1114
494,179,1226
495,179,1313
496,179,1590
497,179,1879
498,179,1895
499,179,1721
500,179,1956
501,179,2240
502,179,2182
503,179,2465
504,179,2402
505,179,2786
506,179,2834
507,179,2597
508,179,3043
509,179,3823
510,179,4065
511,179,4327
512,179,4895
513,179,4747
514,179,5285
515,179,6058
516,179,6786
517,179,7561
518,179,7548
519,179,8764
520,179,8827
521,179,9115
522,179,9418
523,179,9743
524,179,10334
525,179,10745
526,179,10139
527,179,9698
528,179,9741
529,179,10286
530,179,11008
531,179,11496
532,179,11514
533,179,11095
534,179,10538
535,179,10116
536,179,9720
537,179,9123
538,179,8542
539,179,7711
540,179,7012
541,179,6446
542,179,6091
543,179,5608
544,179,5256
545,179,4875
546,179,4146
547,179,4265
548,179,3779
549,179,4121
550,179,3371
551,179,2732
552,179,2240
553,179,1778
554,179,1698
555,179,1700
556,179,1507
557,179,1290
558,179,1373
559,179,1372
560,179,1248
561,179,1266
562,179,1126
563,179,904
564,179,706
565,179,556
566,179,420
567,179,299
568,179,199
569,179,139
570,179,108
571,179,92
572,179,85
573,179,81
490,180,844
491,180,874
492,180,1087
493,180,1335
494,180,1405
495,180,1346
496,180,1513
497,180,1797
498,180,1821
499,180,1655
500,180,1916
501,180,2220
502,180,2172
503,180,2466
504,180,2415
505,180,2798
506,180,2830
507,180,2544
508,180,2814
509,180,3351
510,180,3640
511,180,4235
512,180,4875
513,180,4795
514,180,5680
515,180,6952
516,180,7613
517,180,7659
518,180,7949
519,180,8354
520,180,8920
521,180,8674
522,180,9025
523,180,9595
524,180,10068
525,180,10143
526,180,9315
527,180,9202
528,180,9855
529,180,10895
530,180,11888
531,180,12490
532,180,12484
533,180,11843
534,180,10783
535,180,9694
536,180,8897
537,180,8444
538,180,8570
539,180,7671
540,180,6942
541,180,6253
542,180,5926
543,180,5532
544,180,5077
545,180,4327
546,180,3644
547,180,3544
548,180,3355
549,180,3442
550,180,3046
551,180,2672
552,180,2398
553,180,1929
554,180,1485
555,180,1310
556,180,1185
557,180,1121
558,180,1197
559,180,1187
560,180,1063
561,180,972
562,180,851
563,180,699
564,180,550
565,180,422
566,180,315
567,180,223
568,180,158
569,180,120
570,180,100
571,180,89
572,180,83
573,180,77
490,181,781
491,181,888
492,181,1155
493,181,1490
494,181,1532
495,181,1318
496,181,1288
497,181,1417
498,181,1432
499,181,1363
500,181,1544
501,181,1714
502,181,1758
503,181,1959
504,181,2039
505,181,2306
506,181,2335
507,181,2190
508,181,2330
509,181,2637
510,181,2908
511,181,3519
512,181,4004
513,181,4273
514,181,5285
515,181,6333
516,181,6750
517,181,7389
518,181,7709
519,181,8201
520,181,8628
521,181,8507
522,181,8614
523,181,9350
524,181,9742
525,181,9638
526,181,8903
527,181,8967
528,181,9855
529,181,11053
530,181,12123
531,181,12755
532,181,12743
533,181,12041
534,181,10834
535,181,9555
536,181,8730
537,181,8550
538,181,8531
539,181,8028
540,181,6979
541,181,6157
542,181,5552
543,181,5198
544,181,4849
545,181,4162
546,181,3493
547,181,3172
548,181,3247
549,181,3198
550,181,2859
551,181,2997
552,181,2844
553,181,2184
554,181,1568
555,181,1141
556,181,1056
557,181,1171
558,181,1336
559,181,1324
560,181,1114
561,181,885
562,181,695
563,181,559
564,181,439
565,181,332
566,181,245
567,181,185
568,181,148
569,181,125
570,181,108
571,181,95
572,181,85
573,181,75
490,182,663
491,182,809
492,182,1030
493,182,1258
494,182,1284
495,182,1121
496,182,1008
497,182,1049
498,182,1056
499,182,1038
500,182,1151
501,182,1258
502,182,1353
503,182,1559
504,182,1841
505,182,2072
506,182,2038
507,182,1943
508,182,1963
509,182,2125
510,182,2372
511,182,2907
512,182,3431
513,182,3975
514,182,5013
515,182,5808
516,182,5974
517,182,6491
518,182,7268
519,182,7612
520,182,8252
521,182,8726
522,182,9070
523,182,9329
524,182,9689
525,182,9550
526,182,8911
527,182,8815
528,182,9541
529,182,10623
530,182,11605
531,182,12185
532,182,12171
533,182,11531
534,182,10474
535,182,9453
536,182,8883
537,182,8760
538,182,8564
539,182,7890
540,182,6967
541,182,5964
542,182,5252
543,182,4867
544,182,4616
545,182,4252
546,182,3775
547,182,3461
548,182,3712
549,182,3618
550,182,2982
551,182,3008
552,182,2848
553,182,2192
554,182,1581
555,182,1151
556,182,1107
557,182,1336
558,182,1654
559,182,1637
560,182,1264
561,182,914
562,182,663
563,182,496
564,182,376
565,182,285
566,182,235
567,182,209
568,182,188
569,182,165
570,182,138
571,182,114
572,182,95
573,182,79
490,183,593
491,183,692
492,183,824
493,183,944
494,183,958
495,183,873
496,183,789
497,183,783
498,183,786
499,183,790
500,183,869
501,183,969
502,183,1161
503,183,1505
504,183,1971
505,183,2342
506,183,2236
507,183,2234
508,183,2146
509,183,2168
510,183,2537
511,183,3062
512,183,3706
513,183,4214
514,183,5098
515,183,5688
516,183,6014
517,183,6197
518,183,6842
519,183,8018
520,183,8877
521,183,8956
522,183,9089
523,183,9239
524,183,9633
525,183,9799
526,183,9235
527,183,8751
528,183,9100
529,183,9922
530,183,10718
531,183,11186
532,183,11162
533,183,10661
534,183,9957
535,183,9482
536,183,9241
537,183,8953
538,183,8518
539,183,7939
540,183,7422
541,183,6638
542,183,5936
543,183,5317
544,183,5320
545,183,5060
546,183,4384
547,183,4058
548,183,3921
549,183,3745
550,183,3080
551,183,2693
552,183,2470
553,183,2029
554,183,1604
555,183,1312
556,183,1195
557,183,1379
558,183,1669
559,183,1634
560,183,1247
561,183,885
562,183,630
563,183,468
564,183,365
565,183,307
566,183,300
567,183,300
568,183,285
569,183,250
570,183,201
571,183,156
572,183,116
573,183,84
490,184,537
491,184,563
492,184,638
493,184,698
494,184,709
495,184,671
496,184,627
497,184,621
498,184,636
499,184,663
500,184,735
501,184,863
502,184,1104
503,184,1470
504,184,1944
505,184,2348
506,184,2401
507,184,2732
508,184,2590
509,184,2638
510,184,3089
511,184,3411
512,184,4119
513,184,4465
514,184,5022
515,184,5343
516,184,5274
517,184,5894
518,184,7104
519,184,7695
520,184,7947
521,184,8160
522,184,8243
523,184,8755
524,184,9390
525,184,9577
526,184,9307
527,184,8769
528,184,8996
529,184,9644
530,184,10265
531,184,10613
532,184,10552
533,184,10153
534,184,9716
535,184,9554
536,184,9270
537,184,8832
538,184,8818
539,184,7932
540,184,7164
541,184,6808
542,184,6835
543,184,5909
544,184,6308
545,184,5342
546,184,4471
547,184,4624
548,184,4083
549,184,3864
550,184,3513
551,184,2992
552,184,2748
553,184,2345
554,184,1995
555,184,1653
556,184,1432
557,184,1355
558,184,1396
559,184,1301
560,184,1040
561,184,770
562,184,567
563,184,440
564,184,379
565,184,377
566,184,408
567,184,432
568,184,421
569,184,370
570,184,297
571,184,223
572,184,152
573,184,99
490,185,215
491,185,401
492,185,495
493,185,544
494,185,555
495,185,545
496,185,540
497,185,580
498,185,639
499,185,701
500,185,782
501,185,955
502,185,1197
503,185,1477
504,185,1748
505,185,2004
506,185,2407
507,185,2898
508,185,3018
509,185,3153
510,185,3614
511,185,3798
512,185,3957
513,185,4137
514,185,4601
515,185,5376
516,185,5237
517,185,6286
518,185,6204
519,185,6286
520,185,6899
521,185,7747
522,185,7734
523,185,8381
524,185,8596
525,185,9097
526,185,9083
527,185,9136
528,185,9509
529,185,10093
530,185,10580
531,185,10844
532,185,10685
533,185,10238
534,185,9693
535,185,9271
536,185,8671
537,185,8047
538,185,7913
539,185,7673
540,185,7055
541,185,6308
542,185,6145
543,185,5727
544,185,5500
545,185,4917
546,185,4206
547,185,4075
548,185,3640
549,185,3380
550,185,3399
551,185,2970
552,185,3238
553,185,2742
554,185,2534
555,185,2193
556,185,1894
557,185,1625
558,185,1320
559,185,1052
560,185,825
561,185,631
562,185,488
563,185,408
564,185,409
565,185,465
566,185,551
567,185,618
568,185,609
569,185,523
570,185,408
571,185,296
572,185,193
573,185,107
490,186,191
491,186,350
492,186,440
493,186,486
494,186,501
495,186,510
496,186,548
497,186,635
498,186,756
499,186,873
500,186,965
501,186,1179
502,186,1482
503,186,1796
504,186,1899
505,186,1848
506,186,2239
507,186,2856
508,186,3203
509,186,3566
510,186,3795
511,186,3780
512,186,4139
513,186,4454
514,186,5149
515,186,4959
516,186,5329
517,186,6311
518,186,6169
519,186,6783
520,186,6268
521,186,6652
522,186,6895
523,186,7889
524,186,7953
525,186,7831
526,186,8138
527,186,8666
528,186,9252
529,186,9653
530,186,9938
531,186,10120
532,186,9863
533,186,9442
534,186,8906
535,186,8370
536,186,7611
537,186,7134
538,186,7214
539,186,6663
540,186,6095
541,186,5568
542,186,5582
543,186,6223
544,186,5334
545,186,5038
546,186,4461
547,186,4058
548,186,3463
549,186,2933
550,186,2861
551,186,2730
552,186,2833
553,186,2788
554,186,2731
555,186,2607
556,186,2433
557,186,1965
558,186,1426
559,186,1003
560,186,699
561,186,526
562,186,419
563,186,392
564,186,446
565,186,562
566,186,727
567,186,874
568,186,869
569,186,709
570,186,524
571,186,368
572,186,239
573,186,125
490,187,313
491,187,433
492,187,508
493,187,550
494,187,561
495,187,575
496,187,619
497,187,750
498,187,959
499,187,1173
500,187,1266
501,187,1429
502,187,1838
503,187,2119
504,187,2127
505,187,1819
506,187,1970
507,187,2534
508,187,3084
509,187,3561
510,187,3988
511,187,4183
512,187,4629
513,187,4920
514,187,5182
515,187,5605
516,187,5791
517,187,6093
518,187,5937
519,187,5789
520,187,5572
521,187,6166
522,187,6213
523,187,6561
524,187,6731
525,187,7239
526,187,7175
527,187,7594
528,187,8196
529,187,8639
530,187,8780
531,187,8848
532,187,8732
533,187,8375
534,187,7840
535,187,7454
536,187,7053
537,187,6793
538,187,6673
539,187,6850
540,187,5897
541,187,5150
542,187,5062
543,187,5148
544,187,4701
545,187,4955
546,187,5064
547,187,4664
548,187,3638
549,187,2856
550,187,2752
551,187,2917
552,187,2743
553,187,2761
554,187,2682
555,187,2420
556,187,2421
557,187,1965
558,187,1409
559,187,970
560,187,670
561,187,483
562,187,376
563,187,387
564,187,474
565,187,638
566,187,883
567,187,1148
568,187,1145
569,187,872
570,187,611
571,187,418
572,187,268
573,187,131
490,188,560
491,188,581
492,188,647
493,188,703
494,188,715
495,188,729
496,188,780
497,188,888
498,188,1160
499,188,1507
500,188,1568
501,188,1472
502,188,1804
503,188,1913
504,188,1816
505,188,1596
506,188,1676
507,188,2092
508,188,2519
509,188,2992
510,188,3564
511,188,3902
512,188,4472
513,188,5161
514,188,5183
515,188,5697
516,188,5932
517,188,5353
518,188,5229
519,188,5582
520,188,5402
521,188,6428
522,188,6258
523,188,5950
524,188,5986
525,188,6277
526,188,6528
527,188,6766
528,188,7279
529,188,7258
530,188,7388
531,188,7688
532,188,7594
533,188,7748
534,188,7317
535,188,7039
536,188,7366
537,188,6817
538,188,6184
539,188,5998
540,188,6029
541,188,5233
542,188,5090
543,188,5071
544,188,4464
545,188,4355
546,188,4113
547,188,3733
548,188,3157
549,188,2557
550,188,2855
551,188,3453
552,188,2969
553,188,2804
554,188,2625
555,188,2210
556,188,1978
557,188,1637
558,188,1232
559,188,887
560,188,644
561,188,478
562,188,396
563,188,399
564,188,482
565,188,645
566,188,891
567,188,1157
568,188,1155
569,188,882
570,188,622
571,188,426
572,188,273
573,188,131
490,189,599
491,189,699
492,189,817
493,189,934
494,189,958
495,189,965
496,189,1031
497,189,1023
498,189,1191
499,189,1509
500,189,1541
501,189,1336
502,189,1424
503,189,1456
504,189,1385
505,189,1319
506,189,1453
507,189,1873
508,189,2336
509,189,2903
510,189,3446
511,189,3913
512,189,4742
513,189,4581
514,189,4770
515,189,5437
516,189,4943
517,189,4630
518,189,4718
519,189,4813
520,189,4814
521,189,5338
522,189,5297
523,189,5161
524,189,5157
525,189,5547
526,189,5993
527,189,6086
528,189,6126
529,189,6104
530,189,6732
531,189,7371
532,189,6976
533,189,7503
534,189,7765
535,189,7275
536,189,7168
537,189,6702
538,189,6565
539,189,5727
540,189,5317
541,189,4592
542,189,4297
543,189,4068
544,189,3920
545,189,3788
546,189,3192
547,189,2777
548,189,2442
549,189,2152
550,189,2447
551,189,2801
552,189,2892
553,189,2820
554,189,2449
555,189,2204
556,189,1785
557,189,1369
558,189,1068
559,189,830
560,189,678
561,189,550
562,189,457
563,189,420
564,189,468
565,189,587
566,189,756
567,189,907
568,189,904
569,189,745
570,189,558
571,189,396
572,189,256
573,189,127
490,190,754
491,190,812
492,190,972
493,190,1186
494,190,1223
495,190,1206
496,190,1333
497,190,1165
498,190,1035
499,190,1182
500,190,1197
501,190,1085
502,190,1076
503,190,1103
504,190,1111
505,190,1198
506,190,1568
507,190,2124
508,190,2725
509,190,3191
510,190,3747
511,190,3628
512,190,4069
513,190,4330
514,190,4365
515,190,4358
516,190,4088
517,190,4087
518,190,4406
519,190,4522
520,190,4631
521,190,4906
522,190,4630
523,190,4680
524,190,5017
525,190,5677
526,190,5228
527,190,5203
528,190,5148
529,190,5716
530,190,6513
531,190,6575
532,190,6244
533,190,6812
534,190,6782
535,190,6549
536,190,6264
537,190,5526
538,190,5505
539,190,4980
540,190,4942
541,190,4169
542,190,3405
543,190,3082
544,190,3405
545,190,3337
546,190,2647
547,190,2081
548,190,1795
549,190,1661
550,190,1853
551,190,2072
552,190,2347
553,190,2415
554,190,2489
555,190,2361
556,190,1803
557,190,1337
558,190,1089
559,190,989
560,190,860
561,190,697
562,190,556
563,190,469
564,190,460
565,190,523
566,190,618
567,190,692
568,190,687
569,190,599
570,190,477
571,190,350
572,190,226
573,190,126
490,191,803
491,191,836
492,191,983
493,191,1193
494,191,1229
495,191,1211
496,191,1333
497,191,1141
498,191,933
499,191,912
500,191,916
501,191,881
502,191,885
503,191,972
504,191,1117
505,191,1304
506,191,1714
507,191,2346
508,191,3067
509,191,3265
510,191,3234
511,191,3256
512,191,3845
513,191,3941
514,191,3639
515,191,3360
516,191,3463
517,191,4025
518,191,4132
519,191,4195
520,191,4512
521,191,4950
522,191,4560
523,191,4726
524,191,4874
525,191,5373
526,191,4780
527,191,4683
528,191,5142
529,191,5714
530,191,5867
531,191,5848
532,191,5943
533,191,6787
534,191,6426
535,191,6135
536,191,5281
537,191,4831
538,191,5025
539,191,4532
540,191,4476
541,191,4175
542,191,3294
543,191,2839
544,191,3116
545,191,3026
546,191,2305
547,191,1697
548,191,1334
549,191,1223
550,191,1334
551,191,1512
552,191,1713
553,191,1815
554,191,2020
555,191,1970
556,191,1606
557,191,1270
558,191,1280
559,191,1316
560,191,1152
561,191,901
562,191,687
563,191,546
564,191,485
565,191,507
566,191,559
567,191,594
568,191,584
569,191,520
570,191,426
571,191,317
572,191,204
573,191,119
490,192,739
491,192,760
492,192,847
493,192,955
494,192,978
495,192,984
496,192,1032
497,192,943
498,192,810
499,192,750
500,192,787
501,192,838
502,192,929
503,192,1137
504,192,1392
505,192,1613
506,192,1823
507,192,2323
508,192,2777
509,192,2851
510,192,2699
511,192,2953
512,192,3230
513,192,3230
514,192,2860
515,192,2753
516,192,3215
517,192,3874
518,192,3582
519,192,3828
520,192,4020
521,192,4693
522,192,4268
523,192,4158
524,192,4291
525,192,4906
526,192,4424
527,192,4400
528,192,4986
529,192,5605
530,192,5216
531,192,5152
532,192,5274
533,192,5852
534,192,5909
535,192,5415
536,192,4676
537,192,4434
538,192,4732
539,192,4231
540,192,3896
541,192,3892
542,192,3253
543,192,3167
544,192,2974
545,192,2783
546,192,2061
547,192,1456
548,192,1075
549,192,905
550,192,943
551,192,1072
552,192,1206
553,192,1326
554,192,1469
555,192,1462
556,192,1313
557,192,1271
558,192,1508
559,192,1718
560,192,1458
561,192,1111
562,192,844
563,192,671
564,192,567
565,192,586
566,192,654
567,192,691
568,192,651
569,192,554
570,192,438
571,192,317
572,192,198
573,192,110
490,193,673
491,193,638
492,193,683
493,193,739
494,193,760
495,193,778
496,193,805
497,193,781
498,193,742
499,193,751
500,193,868
501,193,1016
502,193,1165
503,193,1404
504,193,1788
505,193,2103
506,193,2116
507,193,2518
508,193,3079
509,193,2691
510,193,2564
511,193,2926
512,193,2985
513,193,2596
514,193,2227
515,193,2271
516,193,2683
517,193,3055
518,193,2957
519,193,3040
520,193,3204
521,193,3615
522,193,3438
523,193,3324
524,193,3637
525,193,4094
526,193,4083
527,193,3853
528,193,4303
529,193,4774
530,193,4829
531,193,4829
532,193,4476
533,193,5024
534,193,5676
535,193,4841
536,193,4062
537,193,3723
538,193,3855
539,193,3719
540,193,3561
541,193,3761
542,193,3386
543,193,3098
544,193,2559
545,193,2256
546,193,1718
547,193,1222
548,193,883
549,193,711
550,193,686
551,193,756
552,193,835
553,193,944
554,193,1037
555,193,1056
556,193,1024
557,193,1179
558,193,1488
559,193,1737
560,193,1536
561,193,1294
562,193,1063
563,193,828
564,193,673
565,193,711
566,193,834
567,193,908
568,193,818
569,193,651
570,193,485
571,193,337
572,193,203
573,193,107
490,194,341
491,194,457
492,194,542
493,194,606
494,194,649
495,194,687
496,194,724
497,194,752
498,194,814
499,194,897
500,194,1073
501,194,1316
502,194,1510
503,194,1612
504,194,2060
505,194,2585
506,194,2287
507,194,2383
508,194,2597
509,194,2415
510,194,2368
511,194,2672
512,194,2653
513,194,2223
514,194,1830
515,194,1827
516,194,2120
517,194,2407
518,194,2482
519,194,2519
520,194,2462
521,194,2673
522,194,2623
523,194,2660
524,194,3139
525,194,3826
526,194,3959
527,194,3930
528,194,4173
529,194,4796
530,194,4440
531,194,4810
532,194,4348
533,194,4577
534,194,4776
535,194,4378
536,194,4065
537,194,3610
538,194,3911
539,194,3809
540,194,3215
541,194,3385
542,194,3277
543,194,2569
544,194,2125
545,194,1761
546,194,1323
547,194,963
548,194,693
549,194,552
550,194,503
551,194,539
552,194,596
553,194,673
554,194,739
555,194,776
556,194,827
557,194,989
558,194,1213
559,194,1388
560,194,1459
561,194,1550
562,194,1281
563,194,959
564,194,759
565,194,821
566,194,1020
567,194,1174
568,194,995
569,194,738
570,194,524
571,194,352
572,194,207
573,194,106
490,195,162
491,195,335
492,195,465
493,195,576
494,195,684
495,195,788
496,195,860
497,195,899
498,195,1031
499,195,1159
500,195,1302
501,195,1620
502,195,1900
503,195,1784
504,195,1877
505,195,2103
506,195,2065
507,195,2386
508,195,2487
509,195,2361
510,195,2467
511,195,2819
512,195,2752
513,195,2151
514,195,1664
515,195,1507
516,195,1823
517,195,2322
518,195,2782
519,195,2806
520,195,2409
521,195,2111
522,195,2137
523,195,2545
524,195,3183
525,195,3539
526,195,3770
527,195,3824
528,195,3776
529,195,4136
530,195,3947
531,195,4248
532,195,4352
533,195,4927
534,195,4511
535,195,4558
536,195,4409
537,195,3662
538,195,3434
539,195,3231
540,195,2762
541,195,2892
542,195,3301
543,195,2633
544,195,2457
545,195,1933
546,195,1292
547,195,847
548,195,571
549,195,433
550,195,379
551,195,381
552,195,420
553,195,476
554,195,531
555,195,572
556,195,654
557,195,779
558,195,929
559,195,1094
560,195,1332
561,195,1510
562,195,1276
563,195,975
564,195,790
565,195,848
566,195,1037
567,195,1181
568,195,996
569,195,736
570,195,519
571,195,348
572,195,205
573,195,108
490,196,164
491,196,333
492,196,478
493,196,627
494,196,802
495,196,993
496,196,1124
497,196,1145
498,196,1322
499,196,1505
500,196,1476
501,196,1662
502,196,1885
503,196,1681
504,196,1499
505,196,1589
506,196,1708
507,196,1993
508,196,2146
509,196,2505
510,196,2442
511,196,2736
512,196,2415
513,196,1932
514,196,1532
515,196,1459
516,196,1803
517,196,2430
518,196,3142
519,196,3149
520,196,2470
521,196,1957
522,196,1935
523,196,2406
524,196,3059
525,196,3381
526,196,3615
527,196,3693
528,196,3678
529,196,3806
530,196,3590
531,196,3845
532,196,4057
533,196,4266
534,196,4174
535,196,4210
536,196,4192
537,196,3543
538,196,2856
539,196,2495
540,196,2147
541,196,2316
542,196,2505
543,196,2232
544,196,2351
545,196,1872
546,196,1250
547,196,800
548,196,504
549,196,369
550,196,304
551,196,275
552,196,282
553,196,320
554,196,371
555,196,424
556,196,502
557,196,596
558,196,707
559,196,864
560,196,1044
561,196,1145
562,196,1050
563,196,898
564,196,819
565,196,830
566,196,905
567,196,936
568,196,822
569,196,642
570,196,470
571,196,321
572,196,193
573,196,105
490,197,416
491,197,434
492,197,533
493,197,690
494,197,916
495,197,1204
496,197,1429
497,197,1368
498,197,1523
499,197,1835
500,197,1554
501,197,1430
502,197,1466
503,197,1344
504,197,1190
505,197,1192
506,197,1326
507,197,1536
508,197,1778
509,197,2122
510,197,2507
511,197,2614
512,197,2114
513,197,1659
514,197,1393
515,197,1468
516,197,1709
517,197,2216
518,197,2678
519,197,2662
520,197,2176
521,197,1731
522,197,1675
523,197,2042
524,197,2507
525,197,2989
526,197,3121
527,197,3102
528,197,3053
529,197,2999
530,197,2926
531,197,3344
532,197,3490
533,197,3568
534,197,3494
535,197,3763
536,197,4063
537,197,3425
538,197,2598
539,197,1970
540,197,1657
541,197,1698
542,197,1749
543,197,1669
544,197,1757
545,197,1501
546,197,1166
547,197,805
548,197,533
549,197,371
550,197,283
551,197,233
552,197,208
553,197,217
554,197,246
555,197,294
556,197,365
557,197,444
558,197,542
559,197,659
560,197,774
561,197,843
562,197,848
563,197,878
564,197,959
565,197,958
566,197,863
567,197,764
568,197,658
569,197,530
570,197,400
571,197,278
572,197,175
573,197,101
490,198,501
491,198,519
492,198,576
493,198,717
494,198,941
495,198,1230
496,198,1445
497,198,1347
498,198,1368
499,198,1475
500,198,1318
501,198,1137
502,198,1089
503,198,1018
504,198,936
505,198,931
506,198,1051
507,198,1206
508,198,1431
509,198,1768
510,198,2185
511,198,2591
512,198,2114
513,198,1656
514,198,1517
515,198,1724
516,198,1938
517,198,1974
518,198,2066
519,198,1979
520,198,1696
521,198,1415
522,198,1374
523,198,1682
524,198,2189
525,198,2731
526,198,2782
527,198,2443
528,198,2332
529,198,2275
530,198,2573
531,198,3076
532,198,3139
533,198,3026
534,198,3427
535,198,3639
536,198,4017
537,198,3206
538,198,2348
539,198,1685
540,198,1296
541,198,1215
542,198,1215
543,198,1277
544,198,1582
545,198,1754
546,198,1390
547,198,923
548,198,586
549,198,386
550,198,279
551,198,218
552,198,177
553,198,166
554,198,178
555,198,207
556,198,254
557,198,318
558,198,401
559,198,493
560,198,578
561,198,653
562,198,755
563,198,938
564,198,1158
565,198,1158
566,198,931
567,198,722
568,198,566
569,198,445
570,198,330
571,198,229
572,198,154
573,198,98
490,199,661
491,199,619
492,199,614
493,199,720
494,199,902
495,199,1114
496,199,1220
497,199,1149
498,199,1098
499,199,1103
500,199,1014
501,199,891
502,199,825
503,199,791
504,199,781
505,199,848
506,199,987
507,199,1135
508,199,1264
509,199,1490
510,199,1831
511,199,2123
512,199,2016
513,199,1685
514,199,1660
515,199,2041
516,199,2372
517,199,2083
518,199,1700
519,199,1426
520,199,1260
521,199,1135
522,199,1198
523,199,1484
524,199,1847
525,199,2216
526,199,2197
527,199,1938
528,199,1834
529,199,2117
530,199,2587
531,199,2745
532,199,2577
533,199,2728
534,199,3237
535,199,3423
536,199,3366
537,199,2811
538,199,2096
539,199,1490
540,199,1078
541,199,878
542,199,908
543,199,1099
544,199,1438
545,199,1719
546,199,1402
547,199,941
548,199,596
549,199,381
550,199,270
551,199,209
552,199,165
553,199,147
554,199,149
555,199,162
556,199,187
557,199,227
558,199,285
559,199,362
560,199,440
561,199,545
562,199,693
563,199,909
564,199,1145
565,199,1147
566,199,914
567,199,693
568,199,527
569,199,394
570,199,278
571,199,197
572,199,144
573,199,106
490,200,916
491,200,737
492,200,669
493,200,771
494,200,973
495,200,1189
496,200,1221
497,200,1058
498,200,904
499,200,844
500,200,780
501,200,708
502,200,662
503,200,671
504,200,744
505,200,900
506,200,1125
507,200,1340
508,200,1402
509,200,1376
510,200,1577
511,200,1874
512,200,1896
513,200,1676
514,200,1645
515,200,2037
516,200,2341
517,200,1994
518,200,1513
519,200,1152
520,200,960
521,200,977
522,200,1205
523,200,1599
524,200,2011
525,200,2109
526,200,1842
527,200,1566
528,200,1609
529,200,1980
530,200,2453
531,200,2520
532,200,2230
533,200,2289
534,200,2644
535,200,3130
536,200,3555
537,200,2805
538,200,2022
539,200,1406
540,200,987
541,200,754
542,200,756
543,200,884
544,200,1110
545,200,1350
546,200,1274
547,200,922
548,200,603
549,200,397
550,200,281
551,200,212
552,200,164
553,200,142
554,200,138
555,200,144
556,200,156
557,200,176
558,200,209
559,200,263
560,200,348
561,200,458
562,200,596
563,200,760
564,200,903
565,200,910
566,200,779
567,200,623
568,200,485
569,200,362
570,200,259
571,200,192
572,200,150
573,200,105
490,201,1095
491,201,800
492,201,694
493,201,796
494,201,1026
495,201,1305
496,201,1315
497,201,1054
498,201,833
499,201,701
500,201,638
501,201,601
502,201,591
503,201,645
504,201,770
505,201,981
506,201,1296
507,201,1636
508,201,1662
509,201,1414
510,201,1358
511,201,1530
512,201,1702
513,201,1877
514,201,1732
515,201,1748
516,201,1799
517,201,1590
518,201,1249
519,201,965
520,201,829
521,201,930
522,201,1236
523,201,1710
524,201,2247
525,201,2268
526,201,1795
527,201,1444
528,201,1455
529,201,1745
530,201,2014
531,201,2057
532,201,1856
533,201,1878
534,201,2305
535,201,2878
536,201,3049
537,201,2492
538,201,1836
539,201,1291
540,201,908
541,201,676
542,201,657
543,201,774
544,201,1060
545,201,1448
546,201,1428
547,201,991
548,201,633
549,201,411
550,201,288
551,201,216
552,201,165
553,201,142
554,201,136
555,201,137
556,201,142
557,201,151
558,201,168
559,201,203
560,201,267
561,201,364
562,201,479
563,201,593
564,201,677
565,201,689
566,201,630
567,201,537
568,201,435
569,201,341
570,201,271
571,201,226
572,201,188
573,201,139
490,202,916
491,202,733
492,202,655
493,202,743
494,202,926
495,202,1115
496,202,1120
497,202,942
498,202,760
499,202,636
500,202,574
501,202,571
502,202,613
503,202,699
504,202,834
505,202,1025
506,202,1323
507,202,1637
508,202,1637
509,202,1343
510,202,1162
511,202,1284
512,202,1586
513,202,1860
514,202,1732
515,202,1532
516,202,1328
517,202,1192
518,202,978
519,202,803
520,202,765
521,202,929
522,202,1241
523,202,1619
524,202,1973
525,202,1928
526,202,1577
527,202,1317
528,202,1455
529,202,1860
530,202,2189
531,202,1962
532,202,1637
533,202,1598
534,202,1962
535,202,2561
536,202,3092
537,202,2451
538,202,1765
539,202,1230
540,202,862
541,202,634
542,202,602
543,202,685
544,202,901
545,202,1153
546,202,1142
547,202,856
548,202,577
549,202,390
550,202,280
551,202,213
552,202,164
553,202,142
554,202,136
555,202,135
556,202,137
557,202,140
558,202,149
559,202,168
560,202,206
561,202,272
562,202,362
563,202,448
564,202,508
565,202,527
566,202,508
567,202,464
568,202,413
569,202,378
570,202,350
571,202,316
572,202,265
573,202,194
490,203,670
491,203,607
492,203,571
493,203,639
494,203,757
495,203,861
496,203,870
497,203,785
498,203,680
499,203,604
500,203,572
501,203,611
502,203,698
503,203,821
504,203,987
505,203,1168
506,203,1276
507,203,1355
508,203,1306
509,203,1125
510,203,996
511,203,1096
512,203,1354
513,203,1664
514,203,1929
515,203,1574
516,203,1216
517,203,954
518,203,765
519,203,679
520,203,747
521,203,974
522,203,1352
523,203,1784
524,203,1872
525,203,1571
526,203,1281
527,203,1137
528,203,1358
529,203,1777
530,203,2095
531,203,1832
532,203,1477
533,203,1348
534,203,1670
535,203,2120
536,203,2396
537,203,2087
538,203,1574
539,203,1131
540,203,810
541,203,596
542,203,543
543,203,572
544,203,679
545,203,790
546,203,778
547,203,634
548,203,469
549,203,342
550,203,257
551,203,200
552,203,159
553,203,141
554,203,135
555,203,134
556,203,134
557,203,135
558,203,138
559,203,147
560,203,167
561,203,203
562,203,260
563,203,325
564,203,372
565,203,401
566,203,418
567,203,436
568,203,477
569,203,507
570,203,510
571,203,474
572,203,387
573,203,211
490,204,532
491,204,490
492,204,468
493,204,520
494,204,599
495,204,667
496,204,690
497,204,673
498,204,643
499,204,631
500,204,629
501,204,688
502,204,825
503,204,1012
504,204,1192
505,204,1408
506,204,1410
507,204,1205
508,204,1020
509,204,901
510,204,838
511,204,937
512,204,1199
513,204,1569
514,204,1925
515,204,1570
516,204,1200
517,204,912
518,204,725
519,204,660
520,204,752
521,204,992
522,204,1364
523,204,1784
524,204,1761
525,204,1386
526,204,1070
527,204,952
528,204,1123
529,204,1399
530,204,1562
531,204,1454
532,204,1232
533,204,1134
534,204,1352
535,204,1638
536,204,1804
537,204,1678
538,204,1316
539,204,1010
540,204,760
541,204,582
542,204,497
543,204,479
544,204,511
545,204,546
546,204,531
547,204,460
548,204,369
549,204,288
550,204,225
551,204,178
552,204,149
553,204,137
554,204,133
555,204,132
556,204,131
557,204,131
558,204,132
559,204,135
560,204,144
561,204,161
562,204,189
563,204,225
564,204,259
565,204,298
566,204,363
567,204,465
568,204,574
569,204,656
570,204,686
571,204,648
572,204,566
573,204,504
490,205,448
491,205,374
492,205,352
493,205,397
494,205,466
495,205,540
496,205,595
497,205,655
498,205,711
499,205,742
500,205,738
501,205,774
502,205,941
503,205,1204
504,205,1439
505,205,1465
506,205,1385
507,205,1111
508,205,881
509,205,747
510,205,723
511,205,847
512,205,1092
513,205,1410
514,205,1644
515,205,1505
516,205,1268
517,205,985
518,205,766
519,205,675
520,205,769
521,205,1018
522,205,1408
523,205,1808
524,205,1510
525,205,1138
526,205,884
527,205,765
528,205,869
529,205,1034
530,205,1142
531,205,1122
532,205,992
533,205,954
534,205,1090
535,205,1335
536,205,1580
537,205,1656
538,205,1430
539,205,1102
540,205,815
541,205,611
542,205,487
543,205,437
544,205,429
545,205,428
546,205,407
547,205,363
548,205,303
549,205,243
550,205,192
551,205,158
552,205,141
553,205,133
554,205,130
555,205,129
556,205,127
557,205,126
558,205,126
559,205,127
560,205,130
561,205,138
562,205,151
563,205,171
564,205,200
565,205,256
566,205,360
567,205,512
568,205,668
569,205,806
570,205,873
571,205,813
572,205,690
573,205,560
490,206,172
491,206,232
492,206,247
493,206,288
494,206,359
495,206,471
496,206,588
497,206,717
498,206,852
499,206,932
500,206,887
501,206,840
502,206,962
503,206,1204
504,206,1400
505,206,1278
506,206,1132
507,206,938
508,206,762
509,206,660
510,206,667
511,206,807
512,206,1063
513,206,1422
514,206,1799
515,206,1750
516,206,1443
517,206,1079
518,206,812
519,206,687
520,206,767
521,206,975
522,206,1251
523,206,1421
524,206,1243
525,206,964
526,206,746
527,206,639
528,206,693
529,206,840
530,206,1003
531,206,1086
532,206,1034
533,206,967
534,206,1056
535,206,1341
536,206,1728
537,206,1986
538,206,1679
539,206,1242
540,206,892
541,206,667
542,206,530
543,206,460
544,206,433
545,206,408
546,206,372
547,206,333
548,206,272
549,206,212
550,206,171
551,206,147
552,206,135
553,206,130
554,206,127
555,206,125
556,206,123
557,206,122
558,206,121
559,206,121
560,206,122
561,206,126
562,206,134
563,206,149
564,206,181
565,206,251
566,206,381
567,206,547
568,206,732
569,206,928
570,206,1056
571,206,948
572,206,785
573,206,663
490,207,148
491,207,175
492,207,193
493,207,232
494,207,311
495,207,447
496,207,600
497,207,782
498,207,1001
499,207,1156
500,207,1030
501,207,881
502,207,882
503,207,1009
504,207,1094
505,207,1016
506,207,876
507,207,755
508,207,643
509,207,580
510,207,613
511,207,745
512,207,963
513,207,1240
514,207,1492
515,207,1662
516,207,1406
517,207,1061
518,207,808
519,207,701
520,207,790
521,207,986
522,207,1191
523,207,1222
524,207,1039
525,207,834
526,207,662
527,207,589
528,207,675
529,207,880
530,207,1156
531,207,1349
532,207,1229
533,207,1049
534,207,1042
535,207,1304
536,207,1699
537,207,1982
538,207,1703
539,207,1290
540,207,943
541,207,765
542,207,637
543,207,567
544,207,543
545,207,506
546,207,446
547,207,371
548,207,283
549,207,208
550,207,165
551,207,143
552,207,132
553,207,127
554,207,123
555,207,121
556,207,119
557,207,117
558,207,116
559,207,116
560,207,116
561,207,118
562,207,124
563,207,138
564,207,171
565,207,243
566,207,375
567,207,535
568,207,716
569,207,913
570,207,1045
571,207,943
572,207,790
573,207,682
490,208,138
491,208,154
492,208,172
493,208,209
494,208,286
495,208,424
496,208,584
497,208,772
498,208,993
499,208,1148
500,208,1014
501,208,837
502,208,752
503,208,796
504,208,824
505,208,780
506,208,690
507,208,601
508,208,527
509,208,493
510,208,546
511,208,660
512,208,815
513,208,995
514,208,1183
515,208,1270
516,208,1138
517,208,916
518,208,743
519,208,703
520,208,843
521,208,1112
522,208,1416
523,208,1419
524,208,1111
525,208,824
526,208,635
527,208,577
528,208,677
529,208,922
530,208,1294
531,208,1667
532,208,1371
533,208,1084
534,208,975
535,208,1154
536,208,1433
537,208,1632
538,208,1560
539,208,1347
540,208,1146
541,208,971
542,208,806
543,208,739
544,208,729
545,208,670
546,208,568
547,208,455
548,208,340
549,208,236
550,208,176
551,208,147
552,208,133
553,208,125
554,208,120
555,208,117
556,208,115
557,208,113
558,208,112
559,208,111
560,208,112
561,208,114
562,208,119
563,208,131
564,208,158
565,208,220
566,208,333
567,208,472
568,208,621
569,208,761
570,208,838
571,208,796
572,208,707
573,208,653
490,209,128
491,209,144
492,209,163
493,209,195
494,209,261
495,209,380
496,209,523
497,209,675
498,209,823
499,209,903
500,209,837
501,209,717
502,209,631
503,209,619
504,209,618
505,209,590
506,209,532
507,209,462
508,209,413
509,209,410
510,209,485
511,209,584
512,209,690
513,209,794
514,209,901
515,209,935
516,209,863
517,209,738
518,209,642
519,209,661
520,209,821
521,209,1096
522,209,1398
523,209,1396
524,209,1087
525,209,800
526,209,615
527,209,557
528,209,644
529,209,845
530,209,1118
531,209,1311
532,209,1193
533,209,994
534,209,893
535,209,997
536,209,1256
537,209,1580
538,209,1786
539,209,1585
540,209,1490
541,209,1246
542,209,1001
543,209,965
544,209,997
545,209,888
546,209,710
547,209,543
548,209,396
549,209,267
550,209,189
551,209,152
552,209,134
553,209,124
554,209,118
555,209,114
556,209,112
557,209,110
558,209,109
559,209,108
560,209,108
561,209,110
562,209,115
563,209,124
564,209,144
565,209,187
566,209,266
567,209,376
568,209,491
569,209,585
570,209,631
571,209,613
572,209,561
573,209,544
490,210,119
491,210,138
492,210,157
493,210,182
494,210,228
495,210,314
496,210,433
497,210,545
498,210,637
499,210,677
500,210,644
501,210,571
502,210,501
503,210,462
504,210,446
505,210,424
506,210,385
507,210,337
508,210,324
509,210,371
510,210,470
511,210,567
512,210,649
513,210,705
514,210,731
515,210,726
516,210,667
517,210,588
518,210,533
519,210,576
520,210,710
521,210,906
522,210,1080
523,210,1077
524,210,899
525,210,700
526,210,562
527,210,521
528,210,596
529,210,742
530,210,912
531,210,1013
532,210,964
533,210,865
534,210,813
535,210,921
536,210,1169
537,210,1504
538,210,1754
539,210,1625
540,210,1814
541,210,1420
542,210,1115
543,210,1168
544,210,1299
545,210,1096
546,210,823
547,210,605
548,210,433
549,210,289
550,210,200
551,210,156
552,210,134
553,210,123
554,210,116
555,210,112
556,210,109
557,210,107
558,210,106
559,210,105
560,210,106
561,210,107
562,210,111
563,210,119
564,210,132
565,210,159
566,210,205
567,210,275
568,210,357
569,210,418
570,210,444
571,210,427
572,210,356
573,210,182
490,211,105
491,211,137
492,211,156
493,211,173
494,211,201
495,211,254
496,211,336
497,211,412
498,211,472
499,211,495
500,211,475
501,211,421
502,211,363
503,211,312
504,211,290
505,211,276
506,211,260
507,211,251
508,211,289
509,211,395
510,211,515
511,211,633
512,211,741
513,211,798
514,211,760
515,211,670
516,211,571
517,211,483
518,211,430
519,211,464
520,211,567
521,211,690
522,211,778
523,211,773
524,211,681
525,211,567
526,211,486
527,211,488
528,211,595
529,211,748
530,211,911
531,211,1007
532,211,935
533,211,825
534,211,767
535,211,835
536,211,1014
537,211,1230
538,211,1361
539,211,1358
540,211,1431
541,211,1234
542,211,1021
543,211,1144
544,211,1293
545,211,1097
546,211,828
547,211,612
548,211,441
549,211,290
550,211,200
551,211,155
552,211,132
553,211,121
554,211,114
555,211,110
556,211,107
557,211,105
558,211,103
559,211,103
560,211,104
561,211,105
562,211,109
563,211,115
564,211,125
565,211,143
566,211,167
567,211,200
568,211,240
569,211,270
570,211,282
571,211,272
572,211,233
573,211,155
490,212,134
491,212,152
492,212,163
493,212,171
494,212,180
495,212,199
496,212,237
497,212,278
498,212,314
499,212,331
500,212,317
501,212,276
502,212,237
503,212,205
504,212,190
505,212,185
506,212,184
507,212,199
508,212,269
509,212,444
510,212,581
511,212,745
512,212,942
513,212,1067
514,212,940
515,212,738
516,212,574
517,212,449
518,212,319
519,212,329
520,212,432
521,212,520
522,212,565
523,212,549
524,212,496
525,212,436
526,212,390
527,212,444
528,212,651
529,212,857
530,212,1072
531,212,1249
532,212,1051
533,212,859
534,212,753
535,212,732
536,212,850
537,212,971
538,212,1003
539,212,1024
540,212,1035
541,212,934
542,212,822
543,212,904
544,212,978
545,212,894
546,212,726
547,212,569
548,212,430
549,212,264
550,212,188
551,212,148
552,212,127
553,212,117
554,212,112
555,212,107
556,212,105
557,212,103
558,212,101
559,212,100
560,212,102
561,212,103
562,212,106
563,212,112
564,212,119
565,212,138
566,212,151
567,212,159
568,212,173
569,212,184
570,212,189
571,212,186
572,212,171
573,212,144
490,213,173
491,213,176
492,213,175
493,213,174
494,213,167
495,213,153
496,213,158
497,213,164
498,213,154
499,213,165
500,213,168
501,213,154
502,213,142
503,213,130
504,213,126
505,213,129
506,213,131
507,213,142
508,213,190
509,213,544
510,213,629
511,213,843
512,213,1225
513,213,1607
514,213,1220
515,213,811
516,213,589
517,213,473
518,213,156
519,213,129
520,213,332
521,213,414
522,213,436
523,213,384
524,213,343
525,213,320
526,213,247
527,213,298
528,213,751
529,213,975
530,213,1146
531,213,1471
532,213,1047
533,213,844
534,213,728
535,213,570
536,213,722
537,213,822
538,213,698
539,213,755
540,213,725
541,213,650
542,213,568
543,213,629
544,213,688
545,213,689
546,213,599
547,213,509
548,213,452
549,213,181
550,213,165
551,213,135
552,213,115
553,213,111
554,213,109
555,213,104
556,213,103
557,213,103
558,213,96
559,213,97
560,213,100
561,213,100
562,213,103
563,213,111
564,213,106
565,213,146
566,213,153
567,213,132
568,213,134
569,213,136
570,213,137
571,213,142
572,213,139
573,213,129
